MultiTargForag_2	Participant_Code = 7
Search_Type = 1	CB_Targets = 1
Trial	Click_Num	Target_Click_Order	Click_X	Click_y	Item_selected	Item_X	Item_Y	Target_Set	RT
1.000000	1.000000	1.000000	706.000000	193.000000	5.000000	698.858169	198.062652	2.000000	2.654789
1.000000	2.000000	2.000000	709.000000	240.000000	15.000000	709.688847	260.165430	2.000000	3.621373
1.000000	3.000000	3.000000	894.000000	233.000000	16.000000	899.185236	242.622633	1.000000	4.468064
1.000000	4.000000	4.000000	981.000000	201.000000	7.000000	990.821780	196.086209	1.000000	4.947116
1.000000	5.000000	5.000000	1164.000000	384.000000	28.000000	1158.171201	399.922107	1.000000	5.923184
1.000000	6.000000	6.000000	1105.000000	280.000000	18.000000	1106.712264	288.359047	1.000000	6.411691
1.000000	7.000000	7.000000	1375.000000	193.000000	10.000000	1375.145621	192.037971	1.000000	7.515707
1.000000	8.000000	8.000000	1419.000000	418.000000	30.000000	1416.419378	433.386488	2.000000	8.563781
1.000000	9.000000	9.000000	1243.000000	249.000000	19.000000	1231.824975	252.192405	2.000000	9.621163
1.000000	10.000000	10.000000	1368.000000	570.000000	40.000000	1366.260716	568.941799	1.000000	10.588110
1.000000	11.000000	11.000000	1385.000000	795.000000	60.000000	1386.331457	788.322112	1.000000	11.645169
1.000000	12.000000	12.000000	1386.000000	1005.000000	80.000000	1381.456039	1002.967844	1.000000	12.844106
1.000000	13.000000	13.000000	1258.000000	773.000000	59.000000	1255.404149	767.977398	1.000000	13.821161
1.000000	14.000000	14.000000	1096.000000	815.000000	58.000000	1090.723722	825.093553	1.000000	14.780978
1.000000	15.000000	15.000000	984.000000	815.000000	57.000000	966.717214	822.717166	1.000000	15.307450
1.000000	16.000000	16.000000	865.000000	778.000000	56.000000	858.014204	770.982349	1.000000	16.036129
1.000000	17.000000	17.000000	819.000000	694.000000	46.000000	828.202109	676.218784	1.000000	16.427191
1.000000	18.000000	18.000000	770.000000	679.000000	45.000000	755.265282	673.245971	1.000000	17.027599
1.000000	19.000000	19.000000	769.000000	803.000000	55.000000	758.196803	814.167929	1.000000	17.675926
1.000000	20.000000	20.000000	607.000000	678.000000	44.000000	594.517463	666.618096	1.000000	18.523274
1.000000	21.000000	21.000000	483.000000	429.000000	23.000000	476.894286	446.148597	2.000000	19.547099
1.000000	22.000000	0.000000	448.000000	474.000000	33.000000	442.223927	499.833999	2.000000	20.117174
1.000000	23.000000	22.000000	449.000000	482.000000	33.000000	442.223927	499.833999	2.000000	20.451788
1.000000	24.000000	23.000000	630.000000	433.000000	24.000000	628.231626	439.621516	2.000000	21.524867
1.000000	25.000000	24.000000	338.000000	534.000000	32.000000	326.923929	529.468963	2.000000	22.517115
1.000000	26.000000	25.000000	233.000000	528.000000	31.000000	239.607250	531.287744	2.000000	23.381049
1.000000	27.000000	26.000000	225.000000	651.000000	41.000000	212.702487	665.027862	2.000000	24.515108
1.000000	28.000000	27.000000	446.000000	615.000000	43.000000	451.190511	620.275477	2.000000	25.436591
1.000000	29.000000	28.000000	254.000000	866.000000	61.000000	246.669398	879.900612	2.000000	26.452967
1.000000	30.000000	29.000000	388.000000	828.000000	52.000000	379.068664	828.696718	2.000000	27.044007
1.000000	31.000000	30.000000	202.000000	768.000000	51.000000	192.567061	762.762376	1.000000	27.733034
1.000000	32.000000	31.000000	478.000000	895.000000	63.000000	464.452934	894.690090	1.000000	28.507772
1.000000	33.000000	32.000000	244.000000	1046.000000	71.000000	236.338066	1065.787762	1.000000	29.411884
1.000000	34.000000	33.000000	364.000000	1054.000000	72.000000	352.336932	1063.979365	2.000000	30.141211
1.000000	35.000000	34.000000	455.000000	1016.000000	73.000000	451.020120	1019.917541	2.000000	30.675779
1.000000	36.000000	35.000000	637.000000	946.000000	64.000000	632.024345	941.990664	2.000000	31.459681
1.000000	37.000000	36.000000	870.000000	927.000000	66.000000	859.041435	926.245358	2.000000	32.340435
1.000000	38.000000	37.000000	1253.000000	696.000000	49.000000	1258.561728	696.384262	2.000000	33.274930
1.000000	39.000000	38.000000	1243.000000	575.000000	39.000000	1251.649673	561.547609	2.000000	33.917063
1.000000	40.000000	39.000000	1128.000000	525.000000	38.000000	1117.395768	519.017504	2.000000	34.660786
1.000000	41.000000	40.000000	254.000000	140.000000	1.000000	250.596639	147.027972	1.000000	36.332743
1.000000	1.000000	1.000000	1284.000000	233.000000	19.000000	1278.634517	242.833356	2.000000	1.647508
1.000000	2.000000	2.000000	1381.000000	325.000000	20.000000	1367.796379	324.854855	2.000000	2.167248
1.000000	3.000000	3.000000	1366.000000	428.000000	30.000000	1364.226930	432.327671	2.000000	2.663394
1.000000	4.000000	4.000000	1280.000000	429.000000	29.000000	1276.441322	436.570023	2.000000	3.031583
1.000000	5.000000	5.000000	1267.000000	126.000000	9.000000	1252.833957	123.938874	1.000000	3.774555
1.000000	6.000000	6.000000	1109.000000	120.000000	8.000000	1113.221306	127.705847	1.000000	4.224572
1.000000	7.000000	7.000000	1131.000000	262.000000	18.000000	1126.850264	268.724335	1.000000	4.951380
1.000000	8.000000	8.000000	1028.000000	369.000000	27.000000	1022.750440	373.053964	1.000000	5.600539
1.000000	9.000000	9.000000	1116.000000	391.000000	28.000000	1108.204025	402.513581	2.000000	6.206689
1.000000	10.000000	10.000000	1116.000000	506.000000	38.000000	1118.331495	517.336175	2.000000	6.847538
1.000000	11.000000	11.000000	976.000000	510.000000	37.000000	975.998561	524.954110	1.000000	7.303468
1.000000	12.000000	12.000000	1243.000000	553.000000	39.000000	1229.038299	549.403569	1.000000	7.864176
1.000000	13.000000	13.000000	1151.000000	641.000000	48.000000	1142.517636	638.370918	1.000000	8.303229
1.000000	14.000000	14.000000	1274.000000	738.000000	59.000000	1271.782559	749.703761	1.000000	8.936841
1.000000	15.000000	15.000000	1407.000000	698.000000	50.000000	1400.027049	699.046251	1.000000	9.479692
1.000000	16.000000	16.000000	1125.000000	781.000000	58.000000	1113.393042	788.762057	1.000000	10.383467
1.000000	17.000000	17.000000	1113.000000	903.000000	68.000000	1121.017591	905.102972	1.000000	11.128141
1.000000	18.000000	18.000000	1117.000000	1053.000000	78.000000	1114.236220	1061.343094	2.000000	11.943917
1.000000	19.000000	19.000000	1023.000000	661.000000	47.000000	1020.545235	671.597090	2.000000	13.480009
1.000000	20.000000	20.000000	854.000000	782.000000	56.000000	842.584493	800.534308	2.000000	14.144066
1.000000	21.000000	21.000000	880.000000	701.000000	46.000000	877.494451	704.339291	1.000000	14.670870
1.000000	22.000000	22.000000	771.000000	700.000000	45.000000	768.834334	705.216705	2.000000	15.248391
1.000000	23.000000	23.000000	819.000000	439.000000	26.000000	831.437982	426.135334	1.000000	16.152354
1.000000	24.000000	24.000000	971.000000	150.000000	7.000000	967.174678	148.219150	2.000000	17.447374
1.000000	25.000000	25.000000	343.000000	137.000000	2.000000	350.737071	146.071844	1.000000	19.367111
1.000000	26.000000	26.000000	462.000000	377.000000	23.000000	456.401922	389.609576	1.000000	20.359190
1.000000	27.000000	27.000000	197.000000	383.000000	21.000000	182.313294	386.554029	2.000000	21.062890
1.000000	28.000000	28.000000	585.000000	202.000000	4.000000	582.105769	196.549471	2.000000	22.048652
1.000000	29.000000	29.000000	508.000000	555.000000	33.000000	512.285114	554.485639	1.000000	22.983099
1.000000	30.000000	30.000000	203.000000	568.000000	31.000000	198.471254	570.468343	1.000000	23.654557
1.000000	31.000000	31.000000	713.000000	415.000000	25.000000	719.654376	411.047450	2.000000	24.367963
1.000000	32.000000	32.000000	608.000000	952.000000	64.000000	591.809159	957.209383	1.000000	25.695312
1.000000	33.000000	33.000000	509.000000	1038.000000	73.000000	507.086337	1046.063959	1.000000	26.295340
1.000000	34.000000	34.000000	385.000000	955.000000	62.000000	370.815954	946.826003	1.000000	26.982684
1.000000	35.000000	35.000000	217.000000	925.000000	61.000000	225.074883	930.215941	2.000000	27.656655
1.000000	36.000000	36.000000	205.000000	794.000000	51.000000	205.638083	781.192434	2.000000	28.088732
1.000000	37.000000	37.000000	322.000000	798.000000	52.000000	339.064566	805.523509	2.000000	28.536166
1.000000	38.000000	38.000000	457.000000	808.000000	53.000000	469.104242	818.152131	2.000000	29.135302
1.000000	39.000000	39.000000	617.000000	653.000000	44.000000	621.900890	628.604010	2.000000	30.454680
1.000000	40.000000	40.000000	882.000000	1082.000000	76.000000	881.007760	1082.079850	2.000000	31.487020
2.000000	1.000000	1.000000	1224.000000	143.000000	9.000000	1223.874384	158.428977	1.000000	1.727352
2.000000	2.000000	2.000000	1212.000000	243.000000	19.000000	1218.347243	244.881164	1.000000	2.134959
2.000000	3.000000	0.000000	1265.000000	359.000000	29.000000	1257.283053	384.159922	1.000000	2.686663
2.000000	4.000000	3.000000	1267.000000	373.000000	29.000000	1257.283053	384.159922	1.000000	2.982089
2.000000	5.000000	4.000000	1420.000000	579.000000	40.000000	1411.245720	577.776017	2.000000	4.167200
2.000000	6.000000	5.000000	1394.000000	642.000000	50.000000	1392.512764	655.912082	2.000000	4.727318
2.000000	7.000000	6.000000	1348.000000	791.000000	60.000000	1347.659425	803.817701	2.000000	5.878965
2.000000	8.000000	7.000000	1260.000000	916.000000	69.000000	1268.040490	924.246579	1.000000	7.118098
2.000000	9.000000	8.000000	1092.000000	930.000000	68.000000	1093.121658	940.196873	2.000000	7.879694
2.000000	10.000000	9.000000	987.000000	876.000000	67.000000	994.886424	878.699086	2.000000	8.432274
2.000000	11.000000	10.000000	1012.000000	840.000000	57.000000	1016.275094	828.883706	1.000000	8.815660
2.000000	12.000000	11.000000	1040.000000	664.000000	47.000000	1028.703232	674.973519	1.000000	9.399255
2.000000	13.000000	12.000000	974.000000	577.000000	37.000000	973.212862	575.530780	1.000000	10.215873
2.000000	14.000000	13.000000	993.000000	414.000000	27.000000	982.289782	425.228029	2.000000	10.990670
2.000000	15.000000	14.000000	1138.000000	417.000000	28.000000	1131.697601	425.087324	2.000000	11.791007
2.000000	16.000000	15.000000	957.000000	266.000000	17.000000	961.904354	273.093419	1.000000	12.998978
2.000000	17.000000	16.000000	1096.000000	1072.000000	78.000000	1091.513690	1081.228614	1.000000	14.279344
2.000000	18.000000	17.000000	866.000000	899.000000	66.000000	856.790060	900.607791	2.000000	15.269861
2.000000	19.000000	18.000000	847.000000	548.000000	36.000000	847.149498	553.817256	2.000000	16.351889
2.000000	20.000000	19.000000	761.000000	519.000000	35.000000	757.496598	524.867433	2.000000	16.807719
2.000000	21.000000	20.000000	838.000000	194.000000	6.000000	841.115118	189.239069	1.000000	17.966572
2.000000	22.000000	21.000000	883.000000	260.000000	16.000000	871.718790	254.402883	1.000000	18.550033
2.000000	23.000000	22.000000	764.000000	439.000000	25.000000	755.102938	447.446529	1.000000	19.352419
2.000000	24.000000	23.000000	619.000000	414.000000	24.000000	612.593534	414.124459	1.000000	19.934806
2.000000	25.000000	24.000000	623.000000	280.000000	14.000000	618.423256	286.854190	2.000000	20.480176
2.000000	26.000000	25.000000	567.000000	579.000000	34.000000	568.915870	572.608784	2.000000	21.359580
2.000000	27.000000	26.000000	485.000000	661.000000	43.000000	495.693111	657.288473	1.000000	21.928127
2.000000	28.000000	27.000000	469.000000	580.000000	33.000000	468.952229	580.055594	2.000000	22.391623
2.000000	29.000000	28.000000	357.000000	696.000000	42.000000	365.173333	695.066722	1.000000	22.863759
2.000000	30.000000	29.000000	333.000000	808.000000	52.000000	328.118336	819.019447	1.000000	23.302109
2.000000	31.000000	30.000000	364.000000	936.000000	62.000000	358.664168	937.973310	1.000000	23.943346
2.000000	32.000000	31.000000	215.000000	895.000000	61.000000	203.991760	894.630417	1.000000	24.526212
2.000000	33.000000	32.000000	371.000000	527.000000	32.000000	372.212079	523.622473	1.000000	25.559809
2.000000	34.000000	33.000000	329.000000	279.000000	12.000000	315.442415	291.085821	1.000000	26.455185
2.000000	35.000000	34.000000	382.000000	166.000000	2.000000	378.498833	161.354832	2.000000	27.408359
2.000000	36.000000	35.000000	493.000000	113.000000	3.000000	497.111010	123.023157	2.000000	28.542769
2.000000	37.000000	36.000000	719.000000	915.000000	65.000000	708.567794	916.430086	2.000000	29.871409
2.000000	38.000000	37.000000	613.000000	1010.000000	74.000000	596.312565	1021.703998	2.000000	30.526244
2.000000	39.000000	38.000000	504.000000	994.000000	73.000000	491.555859	1000.216790	2.000000	30.998307
2.000000	40.000000	39.000000	183.000000	774.000000	51.000000	191.086300	777.491327	2.000000	33.663320
2.000000	41.000000	40.000000	241.000000	685.000000	41.000000	236.390403	684.986276	2.000000	34.119815
3.000000	1.000000	1.000000	1363.000000	137.000000	10.000000	1349.386232	137.421249	2.000000	1.648202
3.000000	2.000000	2.000000	1402.000000	257.000000	20.000000	1400.137833	268.186869	2.000000	2.144224
3.000000	3.000000	3.000000	1373.000000	466.000000	30.000000	1381.943378	452.596811	2.000000	2.646989
3.000000	4.000000	4.000000	1255.000000	947.000000	69.000000	1248.567836	947.639926	2.000000	4.470641
3.000000	5.000000	5.000000	1400.000000	772.000000	60.000000	1394.186882	753.955347	2.000000	5.215098
3.000000	6.000000	6.000000	1271.000000	1065.000000	79.000000	1270.577963	1078.313184	2.000000	6.095236
3.000000	7.000000	7.000000	1217.000000	667.000000	49.000000	1220.906702	670.506378	2.000000	6.807481
3.000000	8.000000	8.000000	1355.000000	521.000000	40.000000	1352.232261	521.315792	1.000000	7.584163
3.000000	9.000000	9.000000	1285.000000	412.000000	29.000000	1282.856791	396.387257	1.000000	8.142024
3.000000	10.000000	0.000000	1381.000000	1037.000000	80.000000	1360.798373	1053.064916	1.000000	9.206280
3.000000	11.000000	10.000000	1372.000000	1053.000000	80.000000	1360.798373	1053.064916	1.000000	9.966523
3.000000	12.000000	11.000000	1140.000000	956.000000	68.000000	1130.563148	947.792359	1.000000	10.566230
3.000000	13.000000	12.000000	1084.000000	1020.000000	78.000000	1097.888668	1011.519390	1.000000	10.982848
3.000000	14.000000	13.000000	909.000000	913.000000	66.000000	901.142716	897.717444	2.000000	11.774282
3.000000	15.000000	14.000000	1092.000000	518.000000	38.000000	1099.579788	504.069019	2.000000	12.736147
3.000000	16.000000	15.000000	1108.000000	427.000000	28.000000	1107.464055	408.273303	1.000000	13.414387
3.000000	17.000000	16.000000	1271.000000	162.000000	9.000000	1252.155986	161.893737	1.000000	14.190235
3.000000	18.000000	17.000000	1166.000000	139.000000	8.000000	1141.762396	144.552685	1.000000	14.615067
3.000000	19.000000	0.000000	1028.000000	156.000000	7.000000	1004.098909	168.239759	1.000000	15.126880
3.000000	20.000000	18.000000	1018.000000	169.000000	7.000000	1004.098909	168.239759	1.000000	15.983591
3.000000	21.000000	19.000000	974.000000	424.000000	27.000000	959.028224	441.515489	1.000000	16.927428
3.000000	22.000000	20.000000	877.000000	446.000000	26.000000	872.394024	454.809572	1.000000	17.374663
3.000000	23.000000	21.000000	900.000000	572.000000	36.000000	893.962331	566.406753	1.000000	18.038379
3.000000	24.000000	22.000000	774.000000	413.000000	25.000000	752.039543	408.226673	1.000000	18.583015
3.000000	25.000000	23.000000	735.000000	275.000000	15.000000	729.400161	276.972740	2.000000	19.143700
3.000000	26.000000	24.000000	748.000000	148.000000	5.000000	739.604086	152.502414	2.000000	19.632213
3.000000	27.000000	25.000000	830.000000	141.000000	6.000000	844.604088	143.168895	2.000000	20.239896
3.000000	28.000000	26.000000	640.000000	169.000000	4.000000	629.926042	174.408832	1.000000	21.318847
3.000000	29.000000	0.000000	491.000000	279.000000	13.000000	467.990342	302.507029	1.000000	22.031752
3.000000	30.000000	27.000000	482.000000	292.000000	13.000000	467.990342	302.507029	1.000000	22.310632
3.000000	31.000000	28.000000	390.000000	421.000000	22.000000	380.699545	428.600617	1.000000	23.423833
3.000000	32.000000	29.000000	437.000000	405.000000	23.000000	443.146815	400.913576	2.000000	23.864091
3.000000	33.000000	30.000000	719.000000	626.000000	45.000000	721.329483	641.381361	2.000000	24.807847
3.000000	34.000000	31.000000	580.000000	676.000000	44.000000	582.930525	673.385952	2.000000	25.550665
3.000000	35.000000	32.000000	639.000000	756.000000	54.000000	642.389992	759.452738	1.000000	26.046223
3.000000	36.000000	33.000000	899.000000	1035.000000	76.000000	896.007804	1051.899042	1.000000	27.990404
3.000000	37.000000	34.000000	453.000000	1013.000000	73.000000	450.235990	1028.523766	2.000000	29.046734
3.000000	38.000000	35.000000	323.000000	820.000000	52.000000	314.556468	813.778516	1.000000	30.471566
3.000000	39.000000	36.000000	318.000000	988.000000	72.000000	313.187886	1002.670719	1.000000	31.087188
3.000000	40.000000	37.000000	241.000000	790.000000	51.000000	244.475427	781.645087	2.000000	31.695118
3.000000	41.000000	38.000000	326.000000	639.000000	42.000000	331.580125	639.328666	2.000000	32.390323
3.000000	42.000000	39.000000	204.000000	551.000000	31.000000	194.826468	554.659715	2.000000	33.110773
3.000000	43.000000	40.000000	250.000000	181.000000	1.000000	240.948413	186.752003	2.000000	34.664215
4.000000	1.000000	1.000000	1250.000000	285.000000	19.000000	1239.296410	286.441161	1.000000	1.518112
4.000000	2.000000	2.000000	1097.000000	192.000000	8.000000	1096.209720	197.557526	1.000000	1.982153
4.000000	3.000000	3.000000	1265.000000	540.000000	39.000000	1251.850077	536.036535	2.000000	4.582413
4.000000	4.000000	4.000000	1150.000000	504.000000	38.000000	1161.005317	505.368246	2.000000	5.358603
4.000000	5.000000	5.000000	1145.000000	459.000000	28.000000	1142.414023	442.537637	2.000000	6.597546
4.000000	6.000000	6.000000	1147.000000	667.000000	48.000000	1139.888524	669.723407	2.000000	7.239170
4.000000	7.000000	7.000000	1242.000000	1056.000000	79.000000	1225.130863	1059.520208	2.000000	8.213181
4.000000	8.000000	8.000000	1234.000000	949.000000	69.000000	1225.561224	939.044759	1.000000	8.597677
4.000000	9.000000	9.000000	1430.000000	878.000000	70.000000	1422.452558	878.055080	1.000000	9.182270
4.000000	10.000000	0.000000	882.000000	581.000000	36.000000	854.727590	570.323422	2.000000	10.222670
4.000000	11.000000	10.000000	864.000000	572.000000	36.000000	854.727590	570.323422	2.000000	10.566534
4.000000	12.000000	0.000000	881.000000	751.000000	56.000000	889.804205	777.180056	1.000000	11.110929
4.000000	13.000000	11.000000	892.000000	766.000000	56.000000	889.804205	777.180056	1.000000	11.349889
4.000000	14.000000	12.000000	993.000000	755.000000	57.000000	993.259238	755.564700	1.000000	11.726324
4.000000	15.000000	13.000000	991.000000	940.000000	67.000000	990.244301	937.822904	1.000000	12.357656
4.000000	16.000000	14.000000	983.000000	1007.000000	77.000000	982.889438	1007.804336	2.000000	12.789997
4.000000	17.000000	15.000000	1034.000000	418.000000	27.000000	1027.703092	414.842550	1.000000	13.685179
4.000000	18.000000	16.000000	856.000000	276.000000	16.000000	835.987847	275.886994	1.000000	14.533072
4.000000	19.000000	17.000000	866.000000	373.000000	26.000000	869.489639	381.833634	2.000000	14.981950
4.000000	20.000000	18.000000	959.000000	339.000000	17.000000	976.919273	331.180222	2.000000	15.358838
4.000000	21.000000	19.000000	973.000000	169.000000	7.000000	980.422954	160.017493	1.000000	16.110314
4.000000	22.000000	20.000000	740.000000	417.000000	25.000000	741.247278	426.031226	2.000000	17.070275
4.000000	23.000000	21.000000	607.000000	413.000000	24.000000	593.234961	417.650614	2.000000	17.493403
4.000000	24.000000	22.000000	585.000000	534.000000	34.000000	592.756412	539.215892	2.000000	17.981600
4.000000	25.000000	23.000000	707.000000	558.000000	35.000000	710.273948	558.076486	1.000000	18.446223
4.000000	26.000000	24.000000	715.000000	171.000000	5.000000	709.234310	180.737748	2.000000	19.309111
4.000000	27.000000	25.000000	478.000000	377.000000	23.000000	462.197129	381.926165	2.000000	19.950735
4.000000	28.000000	26.000000	481.000000	259.000000	13.000000	468.384806	260.133002	2.000000	20.445101
4.000000	29.000000	27.000000	484.000000	158.000000	3.000000	485.660277	168.587939	2.000000	20.901751
4.000000	30.000000	28.000000	446.000000	566.000000	33.000000	443.069892	559.356217	1.000000	21.502005
4.000000	31.000000	29.000000	460.000000	659.000000	43.000000	474.859581	671.242136	1.000000	21.862694
4.000000	32.000000	30.000000	499.000000	791.000000	53.000000	506.158274	803.504035	1.000000	22.663168
4.000000	33.000000	31.000000	510.000000	875.000000	63.000000	492.663216	892.242133	2.000000	23.173099
4.000000	34.000000	32.000000	571.000000	946.000000	64.000000	571.762590	947.680403	1.000000	23.926990
4.000000	35.000000	33.000000	358.000000	941.000000	62.000000	365.810624	941.839056	2.000000	24.503253
4.000000	36.000000	34.000000	378.000000	1061.000000	72.000000	373.907986	1057.630760	1.000000	25.398295
4.000000	37.000000	35.000000	254.000000	1007.000000	71.000000	237.706461	1004.529084	2.000000	25.949416
4.000000	38.000000	36.000000	197.000000	893.000000	61.000000	184.030247	875.849052	1.000000	26.558610
4.000000	39.000000	37.000000	319.000000	798.000000	52.000000	321.609754	796.722512	1.000000	27.190711
4.000000	40.000000	38.000000	349.000000	623.000000	42.000000	346.879227	624.023789	2.000000	27.805081
4.000000	41.000000	39.000000	356.000000	554.000000	32.000000	362.309313	542.351634	1.000000	28.294349
4.000000	42.000000	40.000000	231.000000	432.000000	21.000000	240.981514	433.011994	1.000000	30.062807
5.000000	1.000000	1.000000	1427.000000	193.000000	10.000000	1416.800588	191.272544	2.000000	1.688102
5.000000	2.000000	2.000000	1273.000000	188.000000	9.000000	1261.366344	187.180388	2.000000	2.217592
5.000000	3.000000	3.000000	1252.000000	309.000000	19.000000	1245.077386	311.647012	2.000000	2.769447
5.000000	4.000000	4.000000	1341.000000	501.000000	40.000000	1350.932266	510.967864	2.000000	3.471926
5.000000	5.000000	5.000000	1254.000000	667.000000	49.000000	1258.447552	674.793843	2.000000	4.119867
5.000000	6.000000	6.000000	1095.000000	683.000000	48.000000	1092.664704	681.145234	2.000000	5.040827
5.000000	7.000000	7.000000	1102.000000	553.000000	38.000000	1099.978335	539.420983	1.000000	5.464327
5.000000	8.000000	8.000000	1116.000000	407.000000	28.000000	1122.780620	410.959493	1.000000	5.983757
5.000000	9.000000	9.000000	1027.000000	518.000000	37.000000	1017.133122	530.043596	1.000000	6.568469
5.000000	10.000000	10.000000	960.000000	678.000000	47.000000	963.106391	688.745970	1.000000	7.225127
5.000000	11.000000	11.000000	1015.000000	984.000000	77.000000	1019.637456	1001.120249	1.000000	8.216046
5.000000	12.000000	12.000000	1009.000000	191.000000	7.000000	996.210614	191.990862	1.000000	9.471667
5.000000	13.000000	13.000000	1030.000000	262.000000	17.000000	1030.072096	264.436515	2.000000	9.912345
5.000000	14.000000	14.000000	1107.000000	287.000000	18.000000	1112.586885	298.749494	2.000000	10.320505
5.000000	15.000000	15.000000	904.000000	674.000000	46.000000	897.606601	679.303379	2.000000	11.897905
5.000000	16.000000	16.000000	876.000000	820.000000	56.000000	875.032973	816.077623	2.000000	12.489678
5.000000	17.000000	17.000000	852.000000	933.000000	66.000000	839.708384	932.678477	2.000000	13.399900
5.000000	18.000000	18.000000	746.000000	1068.000000	75.000000	742.137614	1068.400854	2.000000	14.159814
5.000000	19.000000	19.000000	620.000000	996.000000	74.000000	615.950578	995.239296	2.000000	14.673541
5.000000	20.000000	20.000000	632.000000	816.000000	54.000000	620.763764	808.299561	1.000000	15.153329
5.000000	21.000000	21.000000	582.000000	653.000000	44.000000	595.324536	656.656545	1.000000	15.616589
5.000000	22.000000	22.000000	694.000000	533.000000	35.000000	700.676675	512.850036	1.000000	16.361686
5.000000	23.000000	23.000000	732.000000	142.000000	5.000000	737.529464	150.190220	1.000000	17.553038
5.000000	24.000000	24.000000	636.000000	119.000000	4.000000	629.162405	117.584914	1.000000	17.992894
5.000000	25.000000	25.000000	484.000000	991.000000	73.000000	479.274000	994.903624	1.000000	19.096589
5.000000	26.000000	26.000000	435.000000	911.000000	63.000000	441.933308	915.220934	2.000000	19.425748
5.000000	27.000000	27.000000	374.000000	1064.000000	72.000000	374.728908	1055.719192	2.000000	20.265114
5.000000	28.000000	28.000000	302.000000	958.000000	62.000000	308.338748	951.677809	1.000000	20.657212
5.000000	29.000000	29.000000	319.000000	841.000000	52.000000	316.312218	830.338302	1.000000	21.000757
5.000000	30.000000	30.000000	343.000000	688.000000	42.000000	335.034293	701.502701	2.000000	21.704525
5.000000	31.000000	31.000000	235.000000	862.000000	61.000000	230.656907	878.111666	2.000000	22.209081
5.000000	32.000000	32.000000	204.000000	753.000000	51.000000	193.661874	767.917657	2.000000	22.697554
5.000000	33.000000	33.000000	182.000000	693.000000	41.000000	182.835708	707.074047	1.000000	23.008445
5.000000	34.000000	34.000000	193.000000	516.000000	31.000000	202.183292	509.521716	1.000000	23.560821
5.000000	35.000000	35.000000	447.000000	542.000000	33.000000	459.216856	551.534459	1.000000	24.352712
5.000000	36.000000	36.000000	353.000000	269.000000	12.000000	332.201907	281.602001	1.000000	25.136865
5.000000	37.000000	37.000000	195.000000	289.000000	11.000000	183.958792	290.976064	1.000000	26.281298
5.000000	38.000000	0.000000	194.000000	287.000000	21.000000	179.833301	438.743588	3.000000	26.441161
5.000000	39.000000	38.000000	239.000000	135.000000	1.000000	233.686640	123.301124	2.000000	27.056993
5.000000	40.000000	39.000000	436.000000	131.000000	3.000000	439.115562	128.885658	1.000000	27.776437
5.000000	41.000000	40.000000	1281.000000	1066.000000	79.000000	1285.082881	1074.009788	2.000000	31.049424
6.000000	1.000000	1.000000	1397.000000	635.000000	50.000000	1403.224207	647.601537	2.000000	1.191313
6.000000	2.000000	2.000000	1237.000000	562.000000	39.000000	1222.818337	542.250927	2.000000	1.846811
6.000000	3.000000	3.000000	1249.000000	691.000000	49.000000	1244.013162	689.498450	1.000000	2.662452
6.000000	4.000000	4.000000	1279.000000	804.000000	59.000000	1272.179828	788.215342	2.000000	3.094093
6.000000	5.000000	5.000000	1287.000000	976.000000	79.000000	1286.858670	993.416221	1.000000	3.751177
6.000000	6.000000	6.000000	1403.000000	1014.000000	80.000000	1415.187592	1029.936854	1.000000	4.190063
6.000000	7.000000	7.000000	1154.000000	1026.000000	78.000000	1134.271537	1031.690607	1.000000	4.846602
6.000000	8.000000	8.000000	1100.000000	647.000000	48.000000	1092.026378	636.921687	1.000000	5.591074
6.000000	9.000000	9.000000	1157.000000	395.000000	28.000000	1149.839865	376.702614	2.000000	6.190585
6.000000	10.000000	10.000000	1164.000000	166.000000	8.000000	1156.216755	160.116341	1.000000	6.926820
6.000000	11.000000	11.000000	878.000000	315.000000	16.000000	864.314556	323.337419	1.000000	8.302175
6.000000	12.000000	12.000000	859.000000	183.000000	6.000000	846.829980	171.360222	2.000000	8.870436
6.000000	13.000000	13.000000	739.000000	180.000000	5.000000	722.967630	182.061760	2.000000	9.744108
6.000000	14.000000	0.000000	739.000000	234.000000	15.000000	731.006361	260.342015	2.000000	10.735948
6.000000	15.000000	14.000000	737.000000	271.000000	15.000000	731.006361	260.342015	2.000000	11.239629
6.000000	16.000000	15.000000	717.000000	363.000000	25.000000	712.776425	368.383083	1.000000	11.718864
6.000000	17.000000	16.000000	958.000000	620.000000	47.000000	975.761382	622.885636	1.000000	12.431987
6.000000	18.000000	17.000000	872.000000	705.000000	46.000000	876.422897	698.403239	2.000000	13.038251
6.000000	19.000000	18.000000	997.000000	776.000000	57.000000	995.469890	783.216405	2.000000	13.759373
6.000000	20.000000	19.000000	976.000000	882.000000	67.000000	974.893680	885.342505	1.000000	14.744161
6.000000	21.000000	20.000000	829.000000	956.000000	66.000000	839.089657	950.804665	2.000000	15.366622
6.000000	22.000000	21.000000	736.000000	937.000000	65.000000	735.022489	946.789324	2.000000	15.910734
6.000000	23.000000	22.000000	762.000000	1026.000000	75.000000	764.251935	1022.783641	1.000000	16.319240
6.000000	24.000000	23.000000	644.000000	823.000000	54.000000	634.780782	806.966175	1.000000	16.847783
6.000000	25.000000	24.000000	628.000000	623.000000	44.000000	622.669225	617.904103	1.000000	17.334993
6.000000	26.000000	25.000000	498.000000	148.000000	3.000000	488.018752	132.615054	2.000000	18.583334
6.000000	27.000000	26.000000	505.000000	274.000000	13.000000	500.744862	291.004890	2.000000	19.096175
6.000000	28.000000	0.000000	487.000000	374.000000	23.000000	486.808413	403.978471	2.000000	19.527093
6.000000	29.000000	27.000000	496.000000	405.000000	23.000000	486.808413	403.978471	2.000000	19.863379
6.000000	30.000000	28.000000	483.000000	789.000000	53.000000	478.793391	809.925131	1.000000	20.701859
6.000000	31.000000	0.000000	329.000000	780.000000	52.000000	355.695154	792.057458	1.000000	21.104026
6.000000	32.000000	29.000000	346.000000	783.000000	52.000000	355.695154	792.057458	1.000000	21.423538
6.000000	33.000000	30.000000	217.000000	790.000000	51.000000	207.654916	804.035215	1.000000	21.959706
6.000000	34.000000	31.000000	224.000000	661.000000	41.000000	221.059918	650.299765	1.000000	22.535166
6.000000	35.000000	32.000000	367.000000	421.000000	22.000000	369.784710	435.558496	1.000000	23.167992
6.000000	36.000000	33.000000	327.000000	280.000000	12.000000	333.267957	283.212554	1.000000	23.654807
6.000000	37.000000	34.000000	370.000000	510.000000	32.000000	370.935344	519.806138	2.000000	24.302484
6.000000	38.000000	35.000000	184.000000	546.000000	31.000000	182.566122	552.992975	2.000000	24.952242
6.000000	39.000000	36.000000	206.000000	395.000000	21.000000	204.356495	402.767569	2.000000	25.536076
6.000000	40.000000	37.000000	209.000000	1040.000000	71.000000	197.306652	1040.106547	1.000000	26.559797
6.000000	41.000000	38.000000	356.000000	1015.000000	72.000000	352.743178	999.415683	2.000000	27.079847
6.000000	42.000000	39.000000	618.000000	1051.000000	74.000000	599.946080	1058.581894	2.000000	28.230108
6.000000	43.000000	40.000000	717.000000	663.000000	45.000000	719.709387	666.852377	2.000000	29.432230
7.000000	1.000000	1.000000	1285.000000	268.000000	19.000000	1288.223730	254.931510	1.000000	1.425771
7.000000	2.000000	2.000000	1369.000000	394.000000	30.000000	1358.952656	383.191528	1.000000	2.016661
7.000000	3.000000	3.000000	1410.000000	535.000000	40.000000	1410.558737	534.687770	1.000000	2.634073
7.000000	4.000000	4.000000	1375.000000	666.000000	50.000000	1368.285552	666.289780	1.000000	3.216355
7.000000	5.000000	5.000000	1364.000000	831.000000	60.000000	1351.971508	832.316869	1.000000	3.874192
7.000000	6.000000	6.000000	1368.000000	1047.000000	80.000000	1367.369983	1060.163669	1.000000	4.489004
7.000000	7.000000	7.000000	1255.000000	993.000000	79.000000	1247.443274	994.063516	1.000000	5.025191
7.000000	8.000000	8.000000	1158.000000	934.000000	68.000000	1161.073810	926.328131	1.000000	5.480576
7.000000	9.000000	9.000000	1094.000000	992.000000	78.000000	1089.795440	1002.162861	2.000000	6.050102
7.000000	10.000000	10.000000	1267.000000	561.000000	39.000000	1266.061594	569.550391	2.000000	6.777158
7.000000	11.000000	11.000000	1274.000000	457.000000	29.000000	1267.990925	449.171590	2.000000	7.144361
7.000000	12.000000	12.000000	1118.000000	501.000000	38.000000	1125.707885	510.639219	2.000000	7.642408
7.000000	13.000000	13.000000	1111.000000	391.000000	28.000000	1114.305196	388.274737	2.000000	8.097331
7.000000	14.000000	14.000000	1121.000000	245.000000	18.000000	1115.151287	249.492169	2.000000	8.674460
7.000000	15.000000	15.000000	1230.000000	191.000000	9.000000	1225.442931	173.613287	2.000000	9.281103
7.000000	16.000000	16.000000	1031.000000	318.000000	17.000000	1008.776483	318.243762	1.000000	9.986396
7.000000	17.000000	17.000000	1020.000000	467.000000	27.000000	1010.209431	455.692398	1.000000	10.657448
7.000000	18.000000	18.000000	988.000000	704.000000	47.000000	968.896405	706.431225	1.000000	11.320387
7.000000	19.000000	19.000000	885.000000	689.000000	46.000000	878.533615	687.272170	1.000000	11.698546
7.000000	20.000000	20.000000	844.000000	776.000000	56.000000	843.893042	765.819507	1.000000	12.265668
7.000000	21.000000	21.000000	1010.000000	853.000000	67.000000	1003.797428	872.790283	1.000000	13.048672
7.000000	22.000000	22.000000	961.000000	760.000000	57.000000	962.075475	761.603553	2.000000	13.456587
7.000000	23.000000	23.000000	875.000000	1077.000000	76.000000	872.689106	1063.535672	1.000000	14.112519
7.000000	24.000000	24.000000	745.000000	1070.000000	75.000000	734.060989	1072.525387	1.000000	14.586380
7.000000	25.000000	25.000000	478.000000	1007.000000	73.000000	461.325518	994.661597	2.000000	15.345363
7.000000	26.000000	26.000000	605.000000	921.000000	64.000000	616.642067	910.903002	2.000000	15.800345
7.000000	27.000000	27.000000	387.000000	915.000000	62.000000	364.787994	912.853838	2.000000	16.305595
7.000000	28.000000	28.000000	174.000000	1059.000000	71.000000	192.268147	1069.921424	2.000000	16.921662
7.000000	29.000000	29.000000	450.000000	761.000000	53.000000	457.909309	765.772657	2.000000	17.640236
7.000000	30.000000	30.000000	370.000000	733.000000	52.000000	353.822070	746.665550	2.000000	18.017632
7.000000	31.000000	31.000000	450.000000	606.000000	43.000000	443.535956	624.707209	2.000000	18.721111
7.000000	32.000000	0.000000	403.000000	572.000000	32.000000	376.984945	560.088268	2.000000	19.232979
7.000000	33.000000	32.000000	393.000000	561.000000	32.000000	376.984945	560.088268	2.000000	20.537813
7.000000	34.000000	33.000000	582.000000	499.000000	34.000000	590.935905	503.400451	2.000000	21.194294
7.000000	35.000000	34.000000	596.000000	370.000000	24.000000	608.175333	369.360002	2.000000	21.936515
7.000000	36.000000	35.000000	250.000000	521.000000	31.000000	230.958294	523.761479	2.000000	22.761784
7.000000	37.000000	36.000000	185.000000	410.000000	21.000000	182.313731	406.050689	2.000000	23.289649
7.000000	38.000000	37.000000	499.000000	562.000000	33.000000	494.579402	566.557826	1.000000	24.010306
7.000000	39.000000	38.000000	765.000000	439.000000	25.000000	763.852312	432.876058	1.000000	25.049118
7.000000	40.000000	39.000000	630.000000	195.000000	4.000000	620.493137	190.240483	1.000000	25.889951
7.000000	41.000000	40.000000	200.000000	807.000000	51.000000	194.238539	792.008294	1.000000	26.937855
8.000000	1.000000	1.000000	1381.000000	295.000000	20.000000	1380.317346	294.553112	2.000000	1.217293
8.000000	2.000000	2.000000	1291.000000	317.000000	19.000000	1269.308179	327.085321	2.000000	1.561775
8.000000	3.000000	3.000000	1300.000000	459.000000	29.000000	1280.611193	449.552314	4.000000	2.033764
9.000000	1.000000	1.000000	1386.000000	575.000000	40.000000	1376.035293	581.460053	2.000000	1.512957
9.000000	2.000000	2.000000	1406.000000	664.000000	50.000000	1397.080709	655.291948	1.000000	1.889244
9.000000	3.000000	3.000000	1373.000000	408.000000	30.000000	1363.497772	395.208235	1.000000	2.473026
9.000000	4.000000	4.000000	1264.000000	686.000000	49.000000	1252.036835	691.573335	1.000000	3.154498
9.000000	5.000000	5.000000	1258.000000	764.000000	59.000000	1265.237883	763.624374	1.000000	3.426756
9.000000	6.000000	6.000000	1131.000000	273.000000	18.000000	1139.051620	280.859465	1.000000	4.906833
9.000000	7.000000	7.000000	1142.000000	382.000000	28.000000	1137.683668	377.935495	1.000000	5.489786
9.000000	8.000000	8.000000	1157.000000	550.000000	38.000000	1156.912183	553.352915	2.000000	6.409919
9.000000	9.000000	9.000000	1284.000000	385.000000	29.000000	1278.981776	396.514722	2.000000	6.930447
9.000000	10.000000	10.000000	1426.000000	291.000000	20.000000	1422.087935	285.343253	2.000000	7.370436
9.000000	11.000000	11.000000	1366.000000	185.000000	10.000000	1367.395653	176.959675	2.000000	7.809964
9.000000	12.000000	12.000000	1173.000000	204.000000	8.000000	1153.849595	205.009137	2.000000	8.496796
9.000000	13.000000	13.000000	1286.000000	166.000000	9.000000	1270.104796	158.929654	1.000000	9.098826
9.000000	14.000000	14.000000	1115.000000	684.000000	48.000000	1121.302891	674.201768	2.000000	10.369499
9.000000	15.000000	15.000000	1265.000000	945.000000	69.000000	1249.734543	957.069833	2.000000	11.353574
9.000000	16.000000	16.000000	1336.000000	1023.000000	80.000000	1349.202979	1026.314853	2.000000	12.081230
9.000000	17.000000	17.000000	1108.000000	906.000000	68.000000	1093.728691	893.048610	1.000000	12.697886
9.000000	18.000000	18.000000	1116.000000	826.000000	58.000000	1097.666928	820.203905	1.000000	13.033589
9.000000	19.000000	19.000000	780.000000	909.000000	65.000000	767.538361	897.293767	1.000000	14.522691
9.000000	20.000000	20.000000	724.000000	1034.000000	75.000000	730.800455	1029.875739	1.000000	15.354114
9.000000	21.000000	21.000000	1008.000000	314.000000	17.000000	1015.008178	305.459856	2.000000	17.928708
9.000000	22.000000	22.000000	897.000000	318.000000	16.000000	894.651792	323.946633	1.000000	18.434520
9.000000	23.000000	23.000000	762.000000	300.000000	15.000000	745.260665	303.387144	1.000000	18.969025
9.000000	24.000000	24.000000	635.000000	254.000000	14.000000	617.690072	252.978037	1.000000	19.506487
9.000000	25.000000	25.000000	727.000000	137.000000	5.000000	713.333019	120.565685	1.000000	20.353479
9.000000	26.000000	26.000000	503.000000	177.000000	3.000000	511.497155	175.444905	2.000000	21.562375
9.000000	27.000000	27.000000	372.000000	438.000000	22.000000	373.549227	439.104808	2.000000	22.290582
9.000000	28.000000	28.000000	430.000000	392.000000	23.000000	443.334386	385.783674	1.000000	22.650520
9.000000	29.000000	29.000000	359.000000	548.000000	32.000000	354.218652	565.627165	1.000000	23.185826
9.000000	30.000000	30.000000	207.000000	421.000000	21.000000	210.461223	436.297477	2.000000	23.649677
9.000000	31.000000	31.000000	212.000000	502.000000	31.000000	210.998642	497.331591	2.000000	24.034685
9.000000	32.000000	32.000000	246.000000	649.000000	41.000000	237.675942	640.174375	2.000000	24.746221
9.000000	33.000000	33.000000	196.000000	737.000000	51.000000	189.811538	746.831133	2.000000	25.409905
9.000000	34.000000	34.000000	373.000000	749.000000	52.000000	373.599610	757.996353	2.000000	26.041502
9.000000	35.000000	35.000000	488.000000	716.000000	43.000000	479.025288	697.002730	2.000000	26.474394
9.000000	36.000000	0.000000	625.000000	668.000000	44.000000	596.320228	666.144582	2.000000	26.921973
9.000000	37.000000	36.000000	614.000000	668.000000	44.000000	596.320228	666.144582	2.000000	27.218387
9.000000	38.000000	0.000000	506.000000	805.000000	53.000000	482.444611	822.547881	2.000000	27.786739
9.000000	39.000000	37.000000	470.000000	832.000000	53.000000	482.444611	822.547881	2.000000	28.529643
9.000000	40.000000	38.000000	331.000000	1000.000000	72.000000	321.516648	1017.804391	1.000000	29.209402
9.000000	41.000000	39.000000	185.000000	1005.000000	71.000000	185.476931	1010.502237	1.000000	29.681792
9.000000	42.000000	40.000000	984.000000	1033.000000	77.000000	991.484776	1037.122743	1.000000	30.840855
10.000000	1.000000	1.000000	1384.000000	285.000000	20.000000	1384.992951	293.606093	1.000000	1.313419
10.000000	2.000000	2.000000	1382.000000	404.000000	30.000000	1388.430044	405.937603	2.000000	1.809016
10.000000	3.000000	3.000000	1401.000000	524.000000	40.000000	1386.352113	532.799655	2.000000	2.871536
10.000000	4.000000	4.000000	1372.000000	690.000000	50.000000	1352.125411	695.925695	2.000000	3.528964
10.000000	5.000000	5.000000	1261.000000	575.000000	39.000000	1237.243313	576.665386	2.000000	4.143214
10.000000	6.000000	6.000000	1257.000000	461.000000	29.000000	1244.094776	443.478603	1.000000	4.560828
10.000000	7.000000	0.000000	1259.000000	270.000000	19.000000	1253.132423	295.215324	2.000000	5.080523
10.000000	8.000000	7.000000	1255.000000	279.000000	19.000000	1253.132423	295.215324	2.000000	5.599542
10.000000	9.000000	8.000000	1274.000000	176.000000	9.000000	1271.223757	169.880970	1.000000	6.015895
10.000000	10.000000	9.000000	1418.000000	1040.000000	80.000000	1412.217158	1037.084761	2.000000	6.816367
10.000000	11.000000	10.000000	1363.000000	954.000000	70.000000	1349.728744	942.220280	1.000000	7.263822
10.000000	12.000000	0.000000	1043.000000	553.000000	37.000000	1012.278909	540.222151	2.000000	8.799259
10.000000	13.000000	11.000000	1010.000000	549.000000	37.000000	1012.278909	540.222151	2.000000	9.063533
10.000000	14.000000	12.000000	1012.000000	403.000000	27.000000	1010.588360	398.709132	1.000000	9.616578
10.000000	15.000000	13.000000	1031.000000	163.000000	7.000000	1028.192175	166.478582	2.000000	10.504078
10.000000	16.000000	14.000000	839.000000	277.000000	16.000000	847.266556	282.284105	2.000000	11.072956
10.000000	17.000000	15.000000	892.000000	152.000000	6.000000	881.157480	170.700428	1.000000	11.679556
10.000000	18.000000	16.000000	862.000000	360.000000	26.000000	855.052975	376.640306	2.000000	12.328432
10.000000	19.000000	17.000000	772.000000	133.000000	5.000000	770.605451	123.365059	2.000000	12.935707
10.000000	20.000000	18.000000	714.000000	535.000000	35.000000	718.256329	539.543908	2.000000	13.679755
10.000000	21.000000	19.000000	708.000000	456.000000	25.000000	698.456344	448.510439	1.000000	14.321218
10.000000	22.000000	20.000000	769.000000	643.000000	45.000000	767.494333	632.953687	1.000000	14.984984
10.000000	23.000000	21.000000	908.000000	784.000000	56.000000	899.083697	777.608492	1.000000	15.639984
10.000000	24.000000	0.000000	649.000000	540.000000	34.000000	627.521593	525.149935	1.000000	16.344523
10.000000	25.000000	22.000000	573.000000	465.000000	24.000000	567.765390	453.728807	1.000000	17.015458
10.000000	26.000000	23.000000	627.000000	517.000000	34.000000	627.521593	525.149935	1.000000	17.560942
10.000000	27.000000	24.000000	1103.000000	1002.000000	78.000000	1103.372236	1017.287517	2.000000	18.472993
10.000000	28.000000	25.000000	881.000000	1049.000000	76.000000	871.661132	1060.594444	2.000000	19.407206
10.000000	29.000000	26.000000	646.000000	1015.000000	74.000000	633.592593	1012.872337	2.000000	20.328684
10.000000	30.000000	27.000000	517.000000	752.000000	53.000000	504.830056	760.749740	1.000000	21.055921
10.000000	31.000000	28.000000	469.000000	655.000000	43.000000	472.282288	654.939160	1.000000	21.768321
10.000000	32.000000	29.000000	327.000000	811.000000	52.000000	316.875455	801.285247	2.000000	23.745200
10.000000	33.000000	30.000000	331.000000	886.000000	62.000000	333.034126	872.254327	1.000000	24.320666
10.000000	34.000000	31.000000	214.000000	1059.000000	71.000000	221.668872	1076.596241	1.000000	25.007227
10.000000	35.000000	32.000000	199.000000	643.000000	41.000000	193.800654	663.159895	1.000000	25.921232
10.000000	36.000000	33.000000	236.000000	532.000000	31.000000	231.552767	546.869093	1.000000	26.743694
10.000000	37.000000	34.000000	331.000000	557.000000	32.000000	336.210042	571.868758	1.000000	27.478896
10.000000	38.000000	35.000000	376.000000	417.000000	22.000000	375.696893	422.613514	2.000000	28.071317
10.000000	39.000000	36.000000	212.000000	361.000000	21.000000	207.337126	372.425423	1.000000	28.633168
10.000000	40.000000	37.000000	214.000000	268.000000	11.000000	192.003024	267.244513	2.000000	29.616018
10.000000	41.000000	38.000000	385.000000	162.000000	2.000000	382.215743	172.998032	2.000000	30.688176
10.000000	42.000000	39.000000	473.000000	291.000000	13.000000	465.450407	287.962739	1.000000	31.184227
10.000000	43.000000	40.000000	574.000000	131.000000	4.000000	578.916831	119.970415	2.000000	32.168692
11.000000	1.000000	1.000000	1389.000000	204.000000	10.000000	1380.041309	188.695313	1.000000	1.552013
11.000000	2.000000	2.000000	1377.000000	306.000000	20.000000	1369.844306	297.954060	1.000000	1.985849
11.000000	3.000000	3.000000	1381.000000	413.000000	30.000000	1370.200223	420.995935	1.000000	2.425824
11.000000	4.000000	4.000000	1384.000000	542.000000	40.000000	1380.651741	521.950191	2.000000	3.001672
11.000000	5.000000	5.000000	1298.000000	440.000000	29.000000	1284.872134	421.231877	2.000000	3.433959
11.000000	6.000000	6.000000	1290.000000	294.000000	19.000000	1290.731633	271.396375	2.000000	3.864920
11.000000	7.000000	7.000000	1143.000000	113.000000	8.000000	1149.236412	133.219733	1.000000	4.601705
11.000000	8.000000	8.000000	866.000000	183.000000	6.000000	857.298695	182.605364	1.000000	5.329165
11.000000	9.000000	9.000000	725.000000	360.000000	25.000000	717.146363	371.719656	1.000000	5.880798
11.000000	10.000000	10.000000	717.000000	543.000000	35.000000	716.036716	533.801987	1.000000	6.424728
11.000000	11.000000	11.000000	984.000000	627.000000	47.000000	994.616691	635.915136	1.000000	7.161899
11.000000	12.000000	12.000000	1006.000000	525.000000	37.000000	1020.072331	520.569870	2.000000	7.593599
11.000000	13.000000	13.000000	1077.000000	394.000000	28.000000	1093.352467	378.193253	2.000000	8.057353
11.000000	14.000000	14.000000	1156.000000	671.000000	48.000000	1140.018056	654.845666	2.000000	9.113425
11.000000	15.000000	15.000000	1252.000000	796.000000	59.000000	1236.375588	797.740546	1.000000	9.705307
11.000000	16.000000	16.000000	1364.000000	859.000000	70.000000	1359.241741	873.103733	1.000000	10.177459
11.000000	17.000000	17.000000	1276.000000	1061.000000	79.000000	1263.897287	1041.940920	2.000000	11.056163
11.000000	18.000000	0.000000	1111.000000	1015.000000	78.000000	1090.614666	998.665230	2.000000	11.609319
11.000000	19.000000	18.000000	1095.000000	998.000000	78.000000	1090.614666	998.665230	2.000000	12.392839
11.000000	20.000000	0.000000	976.000000	1027.000000	77.000000	985.430387	1053.232534	1.000000	12.777492
11.000000	21.000000	19.000000	986.000000	1038.000000	77.000000	985.430387	1053.232534	1.000000	13.104386
11.000000	22.000000	20.000000	977.000000	945.000000	67.000000	986.273947	942.234091	1.000000	13.560514
11.000000	23.000000	21.000000	834.000000	772.000000	56.000000	833.988904	771.405963	1.000000	14.145750
11.000000	24.000000	22.000000	839.000000	682.000000	46.000000	842.276948	684.431860	2.000000	15.023927
11.000000	25.000000	23.000000	736.000000	749.000000	55.000000	731.747423	766.516689	2.000000	15.609967
11.000000	26.000000	24.000000	710.000000	645.000000	45.000000	708.968498	644.609962	2.000000	16.025384
11.000000	27.000000	25.000000	600.000000	647.000000	44.000000	609.205773	648.319609	2.000000	16.400410
11.000000	28.000000	26.000000	869.000000	423.000000	26.000000	858.257669	433.078718	2.000000	17.009658
11.000000	29.000000	27.000000	763.000000	215.000000	5.000000	750.701190	200.035628	2.000000	17.697774
11.000000	30.000000	28.000000	982.000000	173.000000	7.000000	982.367716	158.660944	2.000000	18.498023
11.000000	31.000000	29.000000	586.000000	280.000000	14.000000	578.190836	266.743593	1.000000	19.584791
11.000000	32.000000	30.000000	363.000000	255.000000	12.000000	338.853157	248.617013	1.000000	20.201291
11.000000	33.000000	31.000000	263.000000	197.000000	1.000000	249.181707	176.557269	2.000000	20.769659
11.000000	34.000000	32.000000	453.000000	189.000000	3.000000	460.053866	194.281678	2.000000	21.393524
11.000000	35.000000	33.000000	214.000000	407.000000	21.000000	228.538674	407.428338	2.000000	22.129970
11.000000	36.000000	34.000000	309.000000	500.000000	32.000000	315.024366	509.019458	2.000000	22.584221
11.000000	37.000000	35.000000	424.000000	655.000000	43.000000	441.922723	638.639184	1.000000	23.216679
11.000000	38.000000	36.000000	391.000000	696.000000	42.000000	375.899561	696.478267	1.000000	23.569775
11.000000	39.000000	37.000000	198.000000	279.000000	11.000000	179.304782	280.497663	1.000000	24.385950
11.000000	40.000000	38.000000	629.000000	951.000000	64.000000	632.138856	937.139528	1.000000	25.561124
11.000000	41.000000	39.000000	596.000000	1024.000000	74.000000	582.567394	1021.737135	1.000000	25.888703
11.000000	42.000000	40.000000	513.000000	1019.000000	73.000000	504.809463	1017.229373	2.000000	26.320113
12.000000	1.000000	1.000000	1283.000000	133.000000	9.000000	1278.592568	151.451660	2.000000	2.193690
12.000000	2.000000	2.000000	1383.000000	282.000000	20.000000	1389.211234	283.221677	1.000000	2.953652
12.000000	3.000000	3.000000	1402.000000	756.000000	60.000000	1386.043035	767.154942	1.000000	3.968098
12.000000	4.000000	4.000000	1251.000000	647.000000	49.000000	1247.851184	632.209396	1.000000	4.441859
12.000000	5.000000	5.000000	1380.000000	937.000000	70.000000	1386.230069	953.192693	2.000000	5.601280
12.000000	6.000000	6.000000	1244.000000	755.000000	59.000000	1241.158431	755.406402	2.000000	6.113149
12.000000	7.000000	7.000000	1137.000000	892.000000	68.000000	1124.307046	901.902328	2.000000	6.689435
12.000000	8.000000	8.000000	1092.000000	787.000000	58.000000	1101.466749	791.104756	2.000000	7.135923
12.000000	9.000000	9.000000	1120.000000	635.000000	48.000000	1124.556869	642.952419	1.000000	7.649279
12.000000	10.000000	10.000000	1022.000000	902.000000	67.000000	1017.837486	912.699440	2.000000	8.361150
12.000000	11.000000	11.000000	1028.000000	1032.000000	77.000000	1027.897113	1050.633481	1.000000	8.840308
12.000000	12.000000	12.000000	974.000000	612.000000	47.000000	978.258880	620.975477	2.000000	9.551432
12.000000	13.000000	13.000000	1005.000000	446.000000	27.000000	998.675372	447.942831	1.000000	10.313283
12.000000	14.000000	14.000000	1114.000000	269.000000	18.000000	1108.998376	262.211807	1.000000	10.736712
12.000000	15.000000	15.000000	1004.000000	258.000000	17.000000	1009.649002	247.246825	1.000000	11.279530
12.000000	16.000000	16.000000	651.000000	198.000000	4.000000	631.690358	202.920293	1.000000	12.368436
12.000000	17.000000	17.000000	631.000000	296.000000	14.000000	617.284947	308.848677	2.000000	12.889475
12.000000	18.000000	18.000000	633.000000	421.000000	24.000000	633.118123	417.442757	2.000000	13.521568
12.000000	19.000000	19.000000	726.000000	425.000000	25.000000	737.108476	432.102395	2.000000	13.889625
12.000000	20.000000	20.000000	510.000000	246.000000	13.000000	504.617599	244.533644	2.000000	14.376546
12.000000	21.000000	21.000000	520.000000	477.000000	33.000000	510.887846	492.586849	2.000000	15.081140
12.000000	22.000000	22.000000	369.000000	169.000000	2.000000	371.111668	173.813428	2.000000	16.073364
12.000000	23.000000	23.000000	213.000000	297.000000	11.000000	209.252091	299.606860	2.000000	16.600142
12.000000	24.000000	24.000000	232.000000	147.000000	1.000000	225.245962	157.143550	1.000000	17.968182
12.000000	25.000000	25.000000	321.000000	440.000000	22.000000	317.547026	442.485141	1.000000	18.657371
12.000000	26.000000	26.000000	327.000000	506.000000	32.000000	317.314320	518.759471	1.000000	19.040609
12.000000	27.000000	27.000000	229.000000	505.000000	31.000000	243.610727	508.603689	1.000000	19.408388
12.000000	28.000000	28.000000	336.000000	724.000000	42.000000	336.741673	701.680466	2.000000	20.304338
12.000000	29.000000	29.000000	221.000000	747.000000	51.000000	204.892139	747.594965	2.000000	20.895568
12.000000	30.000000	30.000000	498.000000	753.000000	53.000000	510.868166	771.863784	1.000000	21.801856
12.000000	31.000000	31.000000	499.000000	915.000000	63.000000	484.091731	905.550500	1.000000	22.353159
12.000000	32.000000	32.000000	463.000000	1044.000000	73.000000	459.094063	1043.721812	1.000000	22.969329
12.000000	33.000000	33.000000	584.000000	1004.000000	74.000000	582.221407	1023.955556	1.000000	23.393035
12.000000	34.000000	34.000000	607.000000	958.000000	64.000000	623.239631	956.169503	2.000000	23.743540
12.000000	35.000000	0.000000	702.000000	933.000000	65.000000	721.324763	950.537999	2.000000	24.111664
12.000000	36.000000	35.000000	713.000000	828.000000	55.000000	707.552421	824.160792	1.000000	24.793645
12.000000	37.000000	36.000000	740.000000	943.000000	65.000000	721.324763	950.537999	2.000000	25.345555
12.000000	38.000000	37.000000	766.000000	1017.000000	75.000000	750.506393	1027.298080	1.000000	25.776150
12.000000	39.000000	38.000000	825.000000	1058.000000	76.000000	828.185182	1075.357211	2.000000	26.168527
12.000000	40.000000	39.000000	739.000000	559.000000	35.000000	729.774292	565.798762	1.000000	27.145620
12.000000	41.000000	40.000000	221.000000	1002.000000	71.000000	215.885811	1018.256468	2.000000	28.928105
13.000000	1.000000	1.000000	1417.000000	211.000000	10.000000	1393.950928	204.113029	2.000000	1.709287
13.000000	2.000000	2.000000	1352.000000	317.000000	20.000000	1353.005293	317.384353	1.000000	2.196299
13.000000	3.000000	3.000000	1245.000000	192.000000	9.000000	1246.550049	198.415820	2.000000	2.699785
13.000000	4.000000	4.000000	1258.000000	323.000000	19.000000	1253.762643	329.900430	1.000000	3.133663
13.000000	5.000000	5.000000	1109.000000	392.000000	28.000000	1094.435528	410.272334	1.000000	3.661563
13.000000	6.000000	6.000000	1019.000000	402.000000	27.000000	1027.168558	404.817050	2.000000	3.973720
13.000000	7.000000	7.000000	1072.000000	584.000000	38.000000	1091.856337	570.516828	2.000000	4.555901
13.000000	8.000000	8.000000	1094.000000	643.000000	48.000000	1106.498608	650.920311	2.000000	4.987723
13.000000	9.000000	9.000000	1238.000000	640.000000	49.000000	1260.963551	648.683169	2.000000	5.436213
13.000000	10.000000	10.000000	1237.000000	580.000000	39.000000	1245.003389	567.929738	2.000000	5.804679
13.000000	11.000000	11.000000	1021.000000	581.000000	37.000000	1004.675776	578.565710	2.000000	6.244910
13.000000	12.000000	12.000000	1353.000000	675.000000	50.000000	1354.299328	690.069102	1.000000	6.900944
13.000000	13.000000	13.000000	1162.000000	826.000000	58.000000	1157.576177	825.045267	1.000000	7.700946
13.000000	14.000000	14.000000	1144.000000	953.000000	68.000000	1130.114717	939.422857	2.000000	8.284717
13.000000	15.000000	15.000000	1151.000000	995.000000	78.000000	1141.251804	1006.952956	2.000000	8.589152
13.000000	16.000000	16.000000	1284.000000	947.000000	69.000000	1283.024497	947.685852	2.000000	9.284928
13.000000	17.000000	17.000000	1355.000000	1014.000000	80.000000	1352.627799	1022.730047	1.000000	10.188945
13.000000	18.000000	18.000000	1005.000000	953.000000	67.000000	1003.456307	957.370735	2.000000	11.365143
13.000000	19.000000	0.000000	918.000000	787.000000	56.000000	891.979359	782.307877	1.000000	12.221283
13.000000	20.000000	19.000000	899.000000	784.000000	56.000000	891.979359	782.307877	1.000000	12.803716
13.000000	21.000000	20.000000	886.000000	1012.000000	76.000000	887.118994	1004.115003	1.000000	13.325096
13.000000	22.000000	21.000000	767.000000	884.000000	65.000000	756.933373	886.358876	1.000000	13.724392
13.000000	23.000000	22.000000	854.000000	619.000000	46.000000	863.264088	620.756191	2.000000	14.285376
13.000000	24.000000	23.000000	846.000000	180.000000	6.000000	836.209118	181.184611	2.000000	15.581660
13.000000	25.000000	24.000000	605.000000	562.000000	34.000000	596.617545	557.412456	2.000000	16.356277
13.000000	26.000000	25.000000	386.000000	546.000000	32.000000	372.595845	550.238292	2.000000	17.004700
13.000000	27.000000	26.000000	329.000000	635.000000	42.000000	311.032342	638.766619	2.000000	17.644761
13.000000	28.000000	27.000000	460.000000	542.000000	33.000000	475.737646	525.820779	1.000000	18.069298
13.000000	29.000000	28.000000	723.000000	436.000000	25.000000	712.473652	440.754624	1.000000	19.237576
13.000000	30.000000	29.000000	767.000000	549.000000	35.000000	763.787936	560.759549	1.000000	19.717864
13.000000	31.000000	30.000000	590.000000	687.000000	44.000000	582.093232	698.441467	1.000000	20.324934
13.000000	32.000000	31.000000	457.000000	748.000000	53.000000	465.384410	751.487152	1.000000	21.027866
13.000000	33.000000	32.000000	445.000000	700.000000	43.000000	453.479322	695.096887	1.000000	21.372132
13.000000	34.000000	33.000000	224.000000	749.000000	51.000000	213.312852	757.693293	1.000000	22.068607
13.000000	35.000000	34.000000	229.000000	383.000000	21.000000	231.473166	378.366065	1.000000	23.517802
13.000000	36.000000	35.000000	571.000000	151.000000	4.000000	572.712617	143.278338	1.000000	24.691552
13.000000	37.000000	36.000000	237.000000	1030.000000	71.000000	243.575072	1011.594388	1.000000	25.885037
13.000000	38.000000	37.000000	378.000000	1005.000000	72.000000	369.619209	1005.060472	2.000000	26.443643
13.000000	39.000000	38.000000	457.000000	943.000000	63.000000	450.095114	930.110203	2.000000	27.124961
13.000000	40.000000	39.000000	501.000000	1050.000000	73.000000	498.214567	1056.256510	1.000000	27.652814
13.000000	41.000000	40.000000	321.000000	194.000000	2.000000	308.600234	205.522148	2.000000	29.989623
14.000000	1.000000	1.000000	1390.000000	126.000000	10.000000	1366.331027	133.522764	2.000000	1.189110
14.000000	2.000000	2.000000	1342.000000	295.000000	20.000000	1353.197331	303.534195	1.000000	1.726831
14.000000	3.000000	3.000000	1425.000000	459.000000	30.000000	1417.720447	447.905006	1.000000	2.222984
14.000000	4.000000	4.000000	1291.000000	538.000000	39.000000	1279.671247	516.389520	1.000000	2.685452
14.000000	5.000000	5.000000	1419.000000	543.000000	40.000000	1408.944826	556.369848	2.000000	3.053157
14.000000	6.000000	6.000000	1416.000000	613.000000	50.000000	1412.954471	625.772231	2.000000	3.397525
14.000000	7.000000	7.000000	1305.000000	807.000000	59.000000	1286.144096	817.102224	2.000000	3.933380
14.000000	8.000000	8.000000	1397.000000	933.000000	70.000000	1391.002444	947.664725	2.000000	4.358952
14.000000	9.000000	9.000000	1368.000000	1068.000000	80.000000	1356.684358	1075.079094	1.000000	4.894533
14.000000	10.000000	10.000000	1288.000000	1018.000000	79.000000	1281.493077	1013.586586	1.000000	5.421322
14.000000	11.000000	11.000000	1133.000000	796.000000	58.000000	1118.187584	782.889843	2.000000	5.998018
14.000000	12.000000	12.000000	1020.000000	760.000000	57.000000	1011.339342	745.508100	2.000000	6.461115
14.000000	13.000000	13.000000	1000.000000	512.000000	37.000000	1016.116021	518.550561	2.000000	7.798103
14.000000	14.000000	14.000000	988.000000	439.000000	27.000000	984.921068	448.581260	1.000000	8.101113
14.000000	15.000000	15.000000	909.000000	539.000000	36.000000	892.700691	547.694300	2.000000	8.590302
14.000000	16.000000	16.000000	845.000000	872.000000	66.000000	830.853166	874.921168	2.000000	9.750754
14.000000	17.000000	17.000000	962.000000	1010.000000	77.000000	960.258598	1011.839419	1.000000	10.830943
14.000000	18.000000	18.000000	877.000000	1044.000000	76.000000	873.589487	1044.238692	1.000000	11.196731
14.000000	19.000000	19.000000	716.000000	925.000000	65.000000	710.281277	931.790461	1.000000	11.765762
14.000000	20.000000	20.000000	747.000000	808.000000	55.000000	743.258800	821.287647	1.000000	12.117696
14.000000	21.000000	21.000000	746.000000	447.000000	25.000000	754.186328	438.869383	1.000000	13.047280
14.000000	22.000000	22.000000	749.000000	233.000000	15.000000	755.082465	246.972489	1.000000	13.782399
14.000000	23.000000	23.000000	826.000000	182.000000	6.000000	837.257372	186.958253	1.000000	14.222417
14.000000	24.000000	24.000000	979.000000	203.000000	7.000000	962.436029	206.884714	2.000000	14.814214
14.000000	25.000000	0.000000	646.000000	248.000000	14.000000	621.093901	252.851993	2.000000	15.455023
14.000000	26.000000	25.000000	606.000000	247.000000	14.000000	621.093901	252.851993	2.000000	16.029090
14.000000	27.000000	26.000000	571.000000	553.000000	34.000000	579.341710	568.370725	2.000000	16.646962
14.000000	28.000000	27.000000	615.000000	673.000000	44.000000	610.693668	674.471804	1.000000	17.197826
14.000000	29.000000	28.000000	602.000000	770.000000	54.000000	600.704777	767.109130	2.000000	17.741943
14.000000	30.000000	29.000000	590.000000	878.000000	64.000000	584.808655	883.514457	2.000000	18.406296
14.000000	31.000000	30.000000	491.000000	866.000000	63.000000	489.184404	874.735657	2.000000	18.854551
14.000000	32.000000	31.000000	507.000000	718.000000	43.000000	497.621993	703.784610	2.000000	19.317106
14.000000	33.000000	32.000000	348.000000	694.000000	42.000000	348.337307	695.374494	2.000000	20.326454
14.000000	34.000000	33.000000	231.000000	921.000000	61.000000	229.481445	914.897701	2.000000	21.382631
14.000000	35.000000	34.000000	469.000000	998.000000	73.000000	464.512157	1016.598749	1.000000	22.358687
14.000000	36.000000	0.000000	277.000000	331.000000	11.000000	248.080636	318.730095	1.000000	23.757293
14.000000	37.000000	35.000000	244.000000	317.000000	11.000000	248.080636	318.730095	1.000000	24.174100
14.000000	38.000000	36.000000	347.000000	317.000000	12.000000	335.056753	324.342771	1.000000	24.557384
14.000000	39.000000	37.000000	331.000000	435.000000	22.000000	326.691878	428.325464	1.000000	24.997297
14.000000	40.000000	0.000000	339.000000	547.000000	32.000000	335.982280	574.466503	1.000000	25.518105
14.000000	41.000000	38.000000	340.000000	559.000000	32.000000	335.982280	574.466503	1.000000	25.846207
14.000000	42.000000	39.000000	496.000000	172.000000	3.000000	491.039949	177.716224	2.000000	26.421465
14.000000	43.000000	40.000000	587.000000	411.000000	24.000000	596.716284	416.608448	1.000000	27.142785
15.000000	1.000000	1.000000	1386.000000	199.000000	10.000000	1388.069252	191.602326	1.000000	1.061522
15.000000	2.000000	2.000000	1385.000000	408.000000	30.000000	1380.964130	417.748483	1.000000	1.606297
15.000000	3.000000	3.000000	1408.000000	578.000000	40.000000	1411.385266	555.356313	1.000000	2.102196
15.000000	4.000000	4.000000	1365.000000	657.000000	50.000000	1354.768125	659.363345	2.000000	2.679056
15.000000	5.000000	5.000000	1241.000000	686.000000	49.000000	1223.549373	690.649246	2.000000	3.133694
15.000000	6.000000	0.000000	1242.000000	826.000000	59.000000	1230.980567	789.711749	1.000000	3.549685
15.000000	7.000000	6.000000	1241.000000	810.000000	59.000000	1230.980567	789.711749	1.000000	3.813307
15.000000	8.000000	7.000000	1336.000000	904.000000	70.000000	1350.465426	914.852600	1.000000	4.406989
15.000000	9.000000	8.000000	1377.000000	1027.000000	80.000000	1380.538938	1037.169765	2.000000	5.301950
15.000000	10.000000	9.000000	1169.000000	994.000000	78.000000	1159.301952	1000.280438	2.000000	5.807058
15.000000	11.000000	10.000000	1105.000000	746.000000	58.000000	1112.914291	748.887444	1.000000	6.470673
15.000000	12.000000	11.000000	998.000000	675.000000	47.000000	984.397326	675.447383	1.000000	6.863023
15.000000	13.000000	12.000000	1006.000000	871.000000	67.000000	997.101625	874.859173	2.000000	7.638045
15.000000	14.000000	13.000000	846.000000	820.000000	56.000000	850.831427	805.418741	2.000000	8.125351
15.000000	15.000000	14.000000	956.000000	405.000000	27.000000	966.396837	419.529530	2.000000	9.493603
15.000000	16.000000	15.000000	1006.000000	182.000000	7.000000	1003.410772	169.407028	2.000000	10.166497
15.000000	17.000000	16.000000	854.000000	271.000000	16.000000	841.029623	275.899154	2.000000	10.694547
15.000000	18.000000	17.000000	854.000000	131.000000	6.000000	833.967307	124.848017	2.000000	11.134207
15.000000	19.000000	18.000000	1129.000000	236.000000	18.000000	1122.946036	249.071238	1.000000	12.133621
15.000000	20.000000	0.000000	735.000000	750.000000	55.000000	710.169513	744.960622	1.000000	13.670928
15.000000	21.000000	19.000000	725.000000	681.000000	45.000000	719.321016	683.294692	2.000000	13.973673
15.000000	22.000000	20.000000	697.000000	745.000000	55.000000	710.169513	744.960622	1.000000	14.397517
15.000000	23.000000	21.000000	696.000000	580.000000	35.000000	699.676562	577.708546	1.000000	14.837370
15.000000	24.000000	0.000000	760.000000	970.000000	75.000000	762.245205	1003.963046	1.000000	15.549672
15.000000	25.000000	22.000000	756.000000	1010.000000	75.000000	762.245205	1003.963046	1.000000	16.134193
15.000000	26.000000	23.000000	624.000000	1010.000000	74.000000	625.746157	1016.280829	1.000000	16.543112
15.000000	27.000000	24.000000	503.000000	1026.000000	73.000000	497.255256	1036.929904	1.000000	17.133575
15.000000	28.000000	25.000000	321.000000	1010.000000	72.000000	317.628028	1009.913050	1.000000	17.750043
15.000000	29.000000	26.000000	370.000000	962.000000	62.000000	366.434687	955.917356	2.000000	18.206226
15.000000	30.000000	27.000000	459.000000	874.000000	63.000000	446.417430	875.581918	2.000000	18.638196
15.000000	31.000000	28.000000	499.000000	767.000000	53.000000	489.942903	771.834785	2.000000	19.061654
15.000000	32.000000	29.000000	367.000000	751.000000	52.000000	380.131115	766.365829	1.000000	19.494600
15.000000	33.000000	30.000000	494.000000	661.000000	43.000000	503.167319	662.259125	1.000000	19.974995
15.000000	34.000000	31.000000	383.000000	658.000000	42.000000	365.594081	671.277711	2.000000	20.702966
15.000000	35.000000	0.000000	270.000000	583.000000	31.000000	241.916164	577.953503	2.000000	21.109159
15.000000	36.000000	32.000000	259.000000	579.000000	31.000000	241.916164	577.953503	2.000000	21.398547
15.000000	37.000000	33.000000	223.000000	422.000000	21.000000	223.280176	433.200427	2.000000	22.046219
15.000000	38.000000	34.000000	336.000000	303.000000	12.000000	343.161437	312.536221	2.000000	22.590699
15.000000	39.000000	35.000000	234.000000	138.000000	1.000000	228.704000	131.998398	1.000000	24.517934
15.000000	40.000000	36.000000	472.000000	167.000000	3.000000	464.256773	168.691293	1.000000	25.070556
15.000000	41.000000	37.000000	578.000000	288.000000	14.000000	573.536648	279.940120	1.000000	25.605787
15.000000	42.000000	38.000000	574.000000	137.000000	4.000000	576.413033	124.772220	2.000000	26.254679
15.000000	43.000000	39.000000	625.000000	497.000000	34.000000	617.821490	494.248744	2.000000	27.166937
15.000000	44.000000	40.000000	328.000000	502.000000	32.000000	315.113066	499.306762	1.000000	27.758890
16.000000	1.000000	1.000000	1406.000000	217.000000	10.000000	1410.402434	204.817458	1.000000	1.207243
16.000000	2.000000	2.000000	1406.000000	299.000000	20.000000	1402.790234	290.468720	1.000000	1.623086
16.000000	3.000000	3.000000	1251.000000	414.000000	29.000000	1245.983970	400.613416	2.000000	2.190403
16.000000	4.000000	4.000000	1300.000000	495.000000	39.000000	1283.438357	500.274762	1.000000	2.543546
16.000000	5.000000	5.000000	1383.000000	708.000000	50.000000	1383.775316	693.299066	1.000000	3.063477
16.000000	6.000000	6.000000	1251.000000	701.000000	49.000000	1265.361248	701.514406	1.000000	3.413808
16.000000	7.000000	7.000000	1385.000000	759.000000	60.000000	1401.609758	775.748293	2.000000	3.847220
16.000000	8.000000	8.000000	1256.000000	871.000000	69.000000	1238.157092	875.937736	2.000000	4.829632
16.000000	9.000000	9.000000	1271.000000	1008.000000	79.000000	1269.312891	1018.794623	2.000000	5.303243
16.000000	10.000000	10.000000	1114.000000	931.000000	68.000000	1113.587475	930.992478	1.000000	5.727434
16.000000	11.000000	11.000000	1132.000000	779.000000	58.000000	1136.108865	784.565629	1.000000	6.151710
16.000000	12.000000	12.000000	1010.000000	657.000000	47.000000	1018.290123	650.478476	2.000000	7.302906
16.000000	13.000000	0.000000	933.000000	554.000000	37.000000	970.599739	552.950710	2.000000	7.655633
16.000000	14.000000	13.000000	950.000000	551.000000	37.000000	970.599739	552.950710	2.000000	7.958690
16.000000	15.000000	14.000000	823.000000	512.000000	36.000000	829.059052	500.725145	2.000000	8.510572
16.000000	16.000000	15.000000	884.000000	376.000000	26.000000	892.239761	381.359531	2.000000	9.199686
16.000000	17.000000	16.000000	880.000000	235.000000	16.000000	884.380199	249.318980	2.000000	9.783066
16.000000	18.000000	17.000000	982.000000	244.000000	17.000000	984.079676	247.960854	2.000000	10.238177
16.000000	19.000000	18.000000	765.000000	239.000000	15.000000	772.293240	243.863880	2.000000	10.790207
16.000000	20.000000	19.000000	725.000000	142.000000	5.000000	713.416903	129.813248	2.000000	11.166517
16.000000	21.000000	20.000000	614.000000	146.000000	4.000000	625.912483	154.281338	2.000000	11.501622
16.000000	22.000000	21.000000	355.000000	360.000000	22.000000	350.793006	373.496294	2.000000	12.767676
16.000000	23.000000	22.000000	239.000000	151.000000	1.000000	238.223809	156.597399	2.000000	13.719578
16.000000	24.000000	23.000000	334.000000	255.000000	12.000000	342.853272	242.882833	1.000000	14.183917
16.000000	25.000000	0.000000	802.000000	120.000000	6.000000	830.225386	117.721719	1.000000	15.182553
16.000000	26.000000	24.000000	826.000000	122.000000	6.000000	830.225386	117.721719	1.000000	15.469985
16.000000	27.000000	25.000000	751.000000	439.000000	25.000000	761.106104	455.451353	1.000000	16.231521
16.000000	28.000000	26.000000	754.000000	535.000000	35.000000	740.361478	548.982208	1.000000	16.607417
16.000000	29.000000	27.000000	607.000000	537.000000	34.000000	588.478625	536.490163	1.000000	16.967177
16.000000	30.000000	28.000000	583.000000	422.000000	24.000000	585.042596	424.561365	1.000000	17.295560
16.000000	31.000000	29.000000	597.000000	682.000000	44.000000	596.213500	685.194665	1.000000	18.046320
16.000000	32.000000	30.000000	863.000000	812.000000	56.000000	867.751507	812.890771	1.000000	18.846294
16.000000	33.000000	31.000000	978.000000	785.000000	57.000000	970.833272	790.121041	1.000000	19.174364
16.000000	34.000000	32.000000	901.000000	942.000000	66.000000	885.989301	941.404922	2.000000	19.757597
16.000000	35.000000	33.000000	859.000000	1097.000000	76.000000	848.297774	1077.342053	1.000000	20.229603
16.000000	36.000000	34.000000	1155.000000	318.000000	18.000000	1153.807105	311.125598	1.000000	21.422585
16.000000	37.000000	35.000000	1159.000000	440.000000	28.000000	1157.398724	448.146078	1.000000	21.998747
16.000000	38.000000	36.000000	473.000000	961.000000	63.000000	476.774611	957.255895	2.000000	23.134112
16.000000	39.000000	37.000000	323.000000	1031.000000	72.000000	335.399467	1043.367644	2.000000	23.622327
16.000000	40.000000	38.000000	218.000000	1000.000000	71.000000	216.301743	1001.022018	2.000000	23.974456
16.000000	41.000000	39.000000	232.000000	797.000000	51.000000	229.763028	774.448791	1.000000	24.535672
16.000000	42.000000	40.000000	365.000000	758.000000	52.000000	370.775345	748.677684	2.000000	25.022158
17.000000	1.000000	1.000000	1351.000000	286.000000	20.000000	1358.624032	298.889791	2.000000	1.444068
17.000000	2.000000	2.000000	1219.000000	156.000000	9.000000	1221.266069	157.111796	2.000000	2.012810
17.000000	3.000000	3.000000	1128.000000	292.000000	18.000000	1124.494922	291.575123	2.000000	2.708591
17.000000	4.000000	4.000000	1132.000000	605.000000	48.000000	1128.280150	622.915467	2.000000	3.516369
17.000000	5.000000	5.000000	1423.000000	571.000000	40.000000	1414.047565	561.508839	2.000000	4.181508
17.000000	6.000000	0.000000	1149.000000	927.000000	68.000000	1138.094723	903.366925	2.000000	4.868385
17.000000	7.000000	6.000000	1275.000000	1020.000000	79.000000	1291.660149	1036.647688	2.000000	5.475907
17.000000	8.000000	7.000000	1150.000000	903.000000	68.000000	1138.094723	903.366925	2.000000	6.075771
17.000000	9.000000	0.000000	1260.000000	881.000000	69.000000	1231.379646	874.759883	1.000000	6.436328
17.000000	10.000000	8.000000	1245.000000	875.000000	69.000000	1231.379646	874.759883	1.000000	6.685248
17.000000	11.000000	9.000000	1287.000000	793.000000	59.000000	1273.154793	801.347662	1.000000	7.003652
17.000000	12.000000	10.000000	1378.000000	769.000000	60.000000	1377.009145	754.643829	1.000000	7.339526
17.000000	13.000000	11.000000	1124.000000	1027.000000	78.000000	1103.792671	1036.414881	1.000000	8.012994
17.000000	14.000000	12.000000	900.000000	1014.000000	76.000000	896.418116	1008.429559	1.000000	8.781722
17.000000	15.000000	13.000000	852.000000	873.000000	66.000000	836.537886	870.712189	1.000000	9.132456
17.000000	16.000000	14.000000	741.000000	869.000000	65.000000	751.321681	868.308586	2.000000	9.436831
17.000000	17.000000	15.000000	754.000000	1011.000000	75.000000	764.896792	1024.712561	2.000000	9.853637
17.000000	18.000000	16.000000	635.000000	742.000000	54.000000	631.370416	756.506112	1.000000	10.676628
17.000000	19.000000	0.000000	465.000000	808.000000	53.000000	450.180473	830.400392	1.000000	11.133103
17.000000	20.000000	17.000000	851.000000	562.000000	36.000000	853.625113	553.441320	2.000000	11.972612
17.000000	21.000000	18.000000	941.000000	559.000000	37.000000	964.433850	567.096124	1.000000	12.301719
17.000000	22.000000	0.000000	738.000000	459.000000	25.000000	713.680192	451.693974	2.000000	12.692304
17.000000	23.000000	19.000000	718.000000	449.000000	25.000000	713.680192	451.693974	2.000000	13.116106
17.000000	24.000000	20.000000	697.000000	528.000000	35.000000	697.751940	505.897111	2.000000	13.355503
17.000000	25.000000	21.000000	638.000000	409.000000	24.000000	634.724961	388.408063	1.000000	13.876079
17.000000	26.000000	22.000000	625.000000	330.000000	14.000000	612.009328	319.737541	2.000000	14.629718
17.000000	27.000000	23.000000	714.000000	167.000000	5.000000	713.326897	159.264188	1.000000	15.148042
17.000000	28.000000	24.000000	990.000000	267.000000	17.000000	1014.146536	272.512475	1.000000	16.213627
17.000000	29.000000	25.000000	978.000000	214.000000	7.000000	971.094155	202.662658	2.000000	16.732203
17.000000	30.000000	26.000000	877.000000	174.000000	6.000000	879.868365	158.636410	2.000000	17.195907
17.000000	31.000000	27.000000	1141.000000	197.000000	8.000000	1140.401868	199.983893	1.000000	17.845431
17.000000	32.000000	28.000000	1281.000000	257.000000	19.000000	1285.775866	254.654730	1.000000	18.645679
17.000000	33.000000	29.000000	1414.000000	157.000000	10.000000	1411.033814	171.950492	1.000000	19.213681
17.000000	34.000000	30.000000	1419.000000	458.000000	30.000000	1409.979725	441.827886	1.000000	20.141087
17.000000	35.000000	31.000000	467.000000	844.000000	53.000000	450.180473	830.400392	1.000000	22.349646
17.000000	36.000000	32.000000	612.000000	655.000000	44.000000	603.790825	667.001628	2.000000	22.925460
17.000000	37.000000	0.000000	306.000000	598.000000	42.000000	331.018990	621.347133	1.000000	23.507381
17.000000	38.000000	33.000000	330.000000	622.000000	42.000000	331.018990	621.347133	1.000000	24.013395
17.000000	39.000000	34.000000	247.000000	748.000000	51.000000	223.781961	751.959130	1.000000	24.589429
17.000000	40.000000	35.000000	236.000000	534.000000	31.000000	226.853294	523.017075	2.000000	26.180614
17.000000	41.000000	0.000000	400.000000	441.000000	23.000000	438.902824	436.440002	2.000000	26.725629
17.000000	42.000000	36.000000	431.000000	437.000000	23.000000	438.902824	436.440002	2.000000	27.171898
17.000000	43.000000	37.000000	456.000000	262.000000	13.000000	450.971552	262.076507	1.000000	27.781220
17.000000	44.000000	38.000000	262.000000	323.000000	11.000000	247.127633	315.847480	1.000000	28.307568
17.000000	45.000000	39.000000	223.000000	141.000000	1.000000	223.953858	150.094532	2.000000	28.748457
17.000000	46.000000	40.000000	334.000000	1005.000000	72.000000	330.115282	1010.225177	2.000000	30.227990
18.000000	1.000000	1.000000	1418.000000	120.000000	10.000000	1403.175404	129.918834	1.000000	1.365693
18.000000	2.000000	2.000000	1272.000000	177.000000	9.000000	1275.778019	192.737173	2.000000	1.919495
18.000000	3.000000	0.000000	1284.000000	324.000000	19.000000	1289.003899	291.929257	1.000000	2.367384
18.000000	4.000000	3.000000	1295.000000	296.000000	19.000000	1289.003899	291.929257	1.000000	2.701849
18.000000	5.000000	4.000000	1409.000000	288.000000	20.000000	1398.588372	279.575426	1.000000	3.183262
18.000000	6.000000	5.000000	1368.000000	391.000000	30.000000	1357.261191	396.602710	1.000000	3.606137
18.000000	7.000000	6.000000	1279.000000	400.000000	29.000000	1270.583421	408.115938	2.000000	3.967532
18.000000	8.000000	7.000000	1165.000000	301.000000	18.000000	1146.017005	291.070663	2.000000	4.462823
18.000000	9.000000	8.000000	1347.000000	710.000000	50.000000	1348.570029	690.613752	2.000000	5.359163
18.000000	10.000000	9.000000	1411.000000	743.000000	60.000000	1421.985913	751.762065	1.000000	5.703075
18.000000	11.000000	10.000000	1362.000000	987.000000	80.000000	1347.536242	997.420417	2.000000	6.477538
18.000000	12.000000	11.000000	1271.000000	986.000000	79.000000	1289.081899	994.183497	2.000000	6.774377
18.000000	13.000000	12.000000	1134.000000	1027.000000	78.000000	1128.357856	1036.896786	2.000000	7.327669
18.000000	14.000000	13.000000	1031.000000	1002.000000	77.000000	1020.351306	1012.602132	2.000000	7.615609
18.000000	15.000000	14.000000	1089.000000	810.000000	58.000000	1090.091518	803.277570	1.000000	8.014196
18.000000	16.000000	15.000000	1112.000000	712.000000	48.000000	1112.994554	704.967554	1.000000	8.318348
18.000000	17.000000	16.000000	1025.000000	679.000000	47.000000	1007.994104	677.698917	2.000000	8.654236
18.000000	18.000000	0.000000	999.000000	604.000000	37.000000	1010.093626	580.137621	2.000000	9.109732
18.000000	19.000000	17.000000	1025.000000	569.000000	37.000000	1010.093626	580.137621	2.000000	9.831274
18.000000	20.000000	0.000000	1106.000000	389.000000	28.000000	1093.248039	410.927471	1.000000	10.461747
18.000000	21.000000	18.000000	1090.000000	411.000000	28.000000	1093.248039	410.927471	1.000000	11.069687
18.000000	22.000000	19.000000	1010.000000	271.000000	17.000000	1018.844112	280.350164	1.000000	11.502563
18.000000	23.000000	20.000000	971.000000	181.000000	7.000000	971.834386	189.556082	2.000000	12.079303
18.000000	24.000000	21.000000	868.000000	285.000000	16.000000	858.027913	286.778583	2.000000	12.582665
18.000000	25.000000	22.000000	761.000000	240.000000	15.000000	767.445547	254.085583	2.000000	13.079524
18.000000	26.000000	23.000000	512.000000	173.000000	3.000000	495.005398	163.546348	1.000000	13.783172
18.000000	27.000000	24.000000	356.000000	152.000000	2.000000	373.820189	157.382261	1.000000	14.718856
18.000000	28.000000	25.000000	430.000000	433.000000	23.000000	439.117957	426.172037	1.000000	15.527404
18.000000	29.000000	26.000000	376.000000	433.000000	22.000000	364.513018	447.168214	2.000000	15.807216
18.000000	30.000000	27.000000	490.000000	290.000000	13.000000	490.559604	280.466893	2.000000	16.349689
18.000000	31.000000	28.000000	373.000000	495.000000	32.000000	364.256429	499.937498	1.000000	17.079599
18.000000	32.000000	29.000000	376.000000	646.000000	42.000000	364.828183	640.591014	1.000000	17.534992
18.000000	33.000000	30.000000	601.000000	679.000000	44.000000	602.182856	684.845869	1.000000	18.182179
18.000000	34.000000	0.000000	495.000000	734.000000	53.000000	468.482921	744.846102	2.000000	18.654674
18.000000	35.000000	31.000000	465.000000	742.000000	53.000000	468.482921	744.846102	2.000000	19.150174
18.000000	36.000000	32.000000	634.000000	558.000000	34.000000	630.656843	561.086264	2.000000	19.743678
18.000000	37.000000	33.000000	209.000000	709.000000	41.000000	203.051157	704.408028	2.000000	20.438401
18.000000	38.000000	34.000000	578.000000	944.000000	64.000000	584.192872	952.286579	2.000000	21.775363
18.000000	39.000000	35.000000	494.000000	905.000000	63.000000	482.868377	905.604771	1.000000	22.183016
18.000000	40.000000	36.000000	348.000000	1038.000000	72.000000	336.318836	1042.210623	1.000000	22.863668
18.000000	41.000000	37.000000	702.000000	824.000000	55.000000	715.651156	828.487988	1.000000	23.615442
18.000000	42.000000	38.000000	736.000000	927.000000	65.000000	731.035443	926.135438	1.000000	24.015385
18.000000	43.000000	39.000000	762.000000	1000.000000	75.000000	753.858446	1005.602212	2.000000	24.423614
18.000000	44.000000	40.000000	846.000000	1002.000000	76.000000	843.693687	1009.348871	1.000000	24.789712
19.000000	1.000000	1.000000	241.000000	133.000000	1.000000	223.066660	129.846713	1.000000	1.190782
19.000000	2.000000	2.000000	461.000000	121.000000	3.000000	470.705988	124.081590	1.000000	1.728737
19.000000	3.000000	3.000000	639.000000	129.000000	4.000000	633.830650	139.886288	2.000000	2.160441
19.000000	4.000000	4.000000	737.000000	117.000000	5.000000	756.194836	128.834534	1.000000	2.528688
19.000000	5.000000	5.000000	831.000000	141.000000	6.000000	831.327828	142.358071	1.000000	2.856897
19.000000	6.000000	6.000000	355.000000	278.000000	12.000000	349.458045	284.256610	2.000000	3.559535
19.000000	7.000000	7.000000	455.000000	314.000000	13.000000	460.623099	330.393750	1.000000	3.887673
19.000000	8.000000	8.000000	436.000000	428.000000	23.000000	440.042571	411.586554	1.000000	4.224612
19.000000	9.000000	9.000000	493.000000	506.000000	33.000000	505.283726	518.527101	1.000000	4.536065
19.000000	10.000000	10.000000	323.000000	525.000000	32.000000	315.169906	539.220132	1.000000	5.047076
19.000000	11.000000	11.000000	215.000000	283.000000	11.000000	200.195174	286.356738	1.000000	5.639132
19.000000	12.000000	12.000000	189.000000	575.000000	31.000000	178.496708	577.416643	2.000000	6.294589
19.000000	13.000000	13.000000	192.000000	689.000000	41.000000	192.194434	703.848178	2.000000	6.752734
19.000000	14.000000	14.000000	466.000000	661.000000	43.000000	447.182212	663.553448	1.000000	7.766903
19.000000	15.000000	15.000000	367.000000	764.000000	52.000000	361.082969	742.730657	1.000000	8.144252
19.000000	16.000000	16.000000	437.000000	781.000000	53.000000	449.818810	778.034245	2.000000	8.535008
19.000000	17.000000	0.000000	550.000000	704.000000	44.000000	572.901519	675.858577	2.000000	8.919609
19.000000	18.000000	17.000000	568.000000	685.000000	44.000000	572.901519	675.858577	2.000000	9.360233
19.000000	19.000000	18.000000	479.000000	867.000000	63.000000	469.380287	881.956697	1.000000	9.879176
19.000000	20.000000	19.000000	646.000000	784.000000	54.000000	641.266774	784.921900	1.000000	10.350845
19.000000	21.000000	20.000000	615.000000	960.000000	64.000000	614.890299	945.287423	1.000000	10.935590
19.000000	22.000000	21.000000	697.000000	1020.000000	75.000000	698.640845	1031.411161	1.000000	11.384651
19.000000	23.000000	22.000000	746.000000	670.000000	45.000000	746.984448	657.078885	1.000000	12.087324
19.000000	24.000000	23.000000	853.000000	744.000000	56.000000	843.025004	751.164805	1.000000	12.655875
19.000000	25.000000	24.000000	912.000000	640.000000	46.000000	898.586526	660.365306	2.000000	12.984159
19.000000	26.000000	25.000000	861.000000	560.000000	36.000000	863.305731	547.053492	2.000000	13.447324
19.000000	27.000000	26.000000	851.000000	366.000000	26.000000	867.190792	376.369758	2.000000	14.086949
19.000000	28.000000	0.000000	961.000000	374.000000	27.000000	983.582955	396.143340	2.000000	14.454844
19.000000	29.000000	27.000000	1001.000000	388.000000	27.000000	983.582955	396.143340	2.000000	15.022606
19.000000	30.000000	28.000000	1119.000000	388.000000	28.000000	1105.935164	397.131566	2.000000	15.502720
19.000000	31.000000	29.000000	1268.000000	386.000000	29.000000	1276.429751	397.100134	2.000000	16.031046
19.000000	32.000000	30.000000	1037.000000	561.000000	37.000000	1025.346177	561.520910	2.000000	16.656514
19.000000	33.000000	31.000000	1267.000000	532.000000	39.000000	1250.652476	537.947005	1.000000	19.119421
19.000000	34.000000	32.000000	1403.000000	446.000000	30.000000	1413.846268	447.998134	1.000000	19.566853
19.000000	35.000000	33.000000	1253.000000	637.000000	49.000000	1258.837025	645.861946	2.000000	20.079900
19.000000	36.000000	34.000000	1270.000000	863.000000	69.000000	1255.084416	870.030492	2.000000	20.879924
19.000000	37.000000	35.000000	1117.000000	920.000000	68.000000	1124.290928	916.691530	2.000000	21.383899
19.000000	38.000000	36.000000	1025.000000	777.000000	57.000000	1028.217629	779.474124	1.000000	22.215063
19.000000	39.000000	37.000000	850.000000	898.000000	66.000000	835.363409	885.935638	2.000000	22.784523
19.000000	40.000000	38.000000	361.000000	941.000000	62.000000	359.597316	954.331034	2.000000	23.910734
19.000000	41.000000	39.000000	347.000000	1031.000000	72.000000	351.939508	1021.070640	2.000000	24.304534
19.000000	42.000000	40.000000	198.000000	928.000000	61.000000	180.237385	921.650430	2.000000	24.774577
20.000000	1.000000	1.000000	1299.000000	174.000000	9.000000	1287.040158	174.862783	1.000000	1.484128
20.000000	2.000000	2.000000	1393.000000	370.000000	30.000000	1395.495112	372.146357	2.000000	2.259984
20.000000	3.000000	3.000000	1350.000000	555.000000	40.000000	1353.984935	558.930363	2.000000	2.781329
20.000000	4.000000	4.000000	1384.000000	645.000000	50.000000	1377.903538	644.699464	2.000000	3.140012
20.000000	5.000000	5.000000	1375.000000	790.000000	60.000000	1378.228426	797.693318	2.000000	3.636474
20.000000	6.000000	6.000000	1105.000000	670.000000	48.000000	1101.239894	663.064657	2.000000	5.044757
20.000000	7.000000	7.000000	1140.000000	769.000000	58.000000	1143.000034	766.343639	1.000000	5.964666
20.000000	8.000000	8.000000	1124.000000	588.000000	38.000000	1122.270475	572.662638	2.000000	6.548354
20.000000	9.000000	9.000000	1273.000000	508.000000	39.000000	1277.444685	512.310081	1.000000	7.068592
20.000000	10.000000	10.000000	1109.000000	1002.000000	78.000000	1105.354787	1003.802217	1.000000	8.037634
20.000000	11.000000	11.000000	991.000000	1053.000000	77.000000	992.593966	1052.883629	2.000000	8.579605
20.000000	12.000000	12.000000	909.000000	909.000000	66.000000	897.918891	897.794841	2.000000	9.211929
20.000000	13.000000	13.000000	873.000000	778.000000	56.000000	870.621692	767.097975	2.000000	9.659734
20.000000	14.000000	14.000000	978.000000	767.000000	57.000000	974.090289	771.187404	2.000000	10.285725
20.000000	15.000000	15.000000	840.000000	660.000000	46.000000	848.767011	644.132985	1.000000	10.933137
20.000000	16.000000	16.000000	860.000000	578.000000	36.000000	843.806007	582.261871	1.000000	11.285423
20.000000	17.000000	17.000000	870.000000	423.000000	26.000000	853.722145	431.299988	1.000000	11.885332
20.000000	18.000000	18.000000	870.000000	308.000000	16.000000	870.040882	321.506062	2.000000	12.404211
20.000000	19.000000	19.000000	871.000000	118.000000	6.000000	867.393352	135.669587	2.000000	13.116308
20.000000	20.000000	20.000000	1016.000000	205.000000	7.000000	1015.358873	205.856667	2.000000	13.853520
20.000000	21.000000	21.000000	1095.000000	269.000000	18.000000	1089.899750	257.877506	2.000000	14.212211
20.000000	22.000000	22.000000	1108.000000	185.000000	8.000000	1100.776535	176.678182	1.000000	14.589162
20.000000	23.000000	23.000000	733.000000	172.000000	5.000000	723.297179	163.158742	1.000000	15.220438
20.000000	24.000000	24.000000	614.000000	445.000000	24.000000	611.639851	440.760136	2.000000	15.925281
20.000000	25.000000	25.000000	772.000000	535.000000	35.000000	765.947498	533.381541	2.000000	16.748826
20.000000	26.000000	26.000000	239.000000	186.000000	1.000000	218.094918	177.446443	2.000000	18.459550
20.000000	27.000000	27.000000	212.000000	298.000000	11.000000	206.266514	307.287283	1.000000	18.939348
20.000000	28.000000	28.000000	195.000000	408.000000	21.000000	191.266802	424.268809	2.000000	19.357086
20.000000	29.000000	29.000000	447.000000	374.000000	23.000000	440.655370	379.583688	1.000000	20.109443
20.000000	30.000000	30.000000	329.000000	576.000000	32.000000	322.918746	562.000644	1.000000	20.764229
20.000000	31.000000	31.000000	229.000000	559.000000	31.000000	233.410252	570.580818	1.000000	21.165531
20.000000	32.000000	32.000000	216.000000	632.000000	41.000000	205.501407	630.624685	2.000000	21.468691
20.000000	33.000000	33.000000	337.000000	691.000000	42.000000	353.051195	682.445854	1.000000	21.885136
20.000000	34.000000	34.000000	205.000000	817.000000	51.000000	208.860407	824.031402	1.000000	22.444488
20.000000	35.000000	35.000000	379.000000	887.000000	62.000000	379.724138	895.055083	1.000000	22.965516
20.000000	36.000000	36.000000	345.000000	1046.000000	72.000000	331.715203	1061.366660	1.000000	23.685128
20.000000	37.000000	0.000000	481.000000	954.000000	63.000000	456.090902	944.989804	2.000000	24.181353
20.000000	38.000000	37.000000	467.000000	950.000000	63.000000	456.090902	944.989804	2.000000	24.941003
20.000000	39.000000	38.000000	592.000000	869.000000	64.000000	581.116952	874.867314	1.000000	25.420036
20.000000	40.000000	39.000000	770.000000	905.000000	65.000000	751.792841	908.714875	1.000000	26.027736
20.000000	41.000000	40.000000	861.000000	1042.000000	76.000000	859.260085	1042.863493	1.000000	26.645488
21.000000	1.000000	1.000000	1357.000000	420.000000	30.000000	1357.041364	412.653339	1.000000	1.321868
21.000000	2.000000	2.000000	1250.000000	331.000000	19.000000	1250.443752	314.179897	1.000000	1.898252
21.000000	3.000000	3.000000	1130.000000	406.000000	28.000000	1133.284659	400.816373	1.000000	2.379878
21.000000	4.000000	4.000000	1091.000000	269.000000	18.000000	1109.225029	285.086496	1.000000	3.139613
21.000000	5.000000	0.000000	1338.000000	639.000000	50.000000	1358.977954	668.495468	1.000000	4.123004
21.000000	6.000000	5.000000	1361.000000	675.000000	50.000000	1358.977954	668.495468	1.000000	4.395069
21.000000	7.000000	6.000000	1246.000000	661.000000	49.000000	1258.415651	660.465409	2.000000	4.819686
21.000000	8.000000	7.000000	1361.000000	801.000000	60.000000	1356.061608	792.796311	2.000000	5.387982
21.000000	9.000000	8.000000	1283.000000	809.000000	59.000000	1289.213335	799.873137	1.000000	5.739238
21.000000	10.000000	9.000000	1395.000000	932.000000	70.000000	1392.283446	926.770247	2.000000	6.307562
21.000000	11.000000	10.000000	1343.000000	1003.000000	80.000000	1351.636868	1008.424370	2.000000	6.667438
21.000000	12.000000	11.000000	1131.000000	790.000000	58.000000	1125.619663	785.043435	1.000000	7.347633
21.000000	13.000000	12.000000	871.000000	899.000000	66.000000	850.968465	887.966096	1.000000	8.241614
21.000000	14.000000	13.000000	882.000000	849.000000	56.000000	896.718791	831.180537	2.000000	8.610254
21.000000	15.000000	14.000000	1005.000000	876.000000	67.000000	1013.287832	868.732488	2.000000	9.075679
21.000000	16.000000	0.000000	917.000000	1016.000000	76.000000	900.523190	1036.281467	2.000000	9.707295
21.000000	17.000000	15.000000	894.000000	1029.000000	76.000000	900.523190	1036.281467	2.000000	10.563704
21.000000	18.000000	16.000000	754.000000	1033.000000	75.000000	739.724541	1050.640436	2.000000	11.131819
21.000000	19.000000	17.000000	623.000000	801.000000	54.000000	621.074616	795.800764	1.000000	11.970883
21.000000	20.000000	18.000000	504.000000	897.000000	63.000000	487.488033	889.455637	1.000000	12.699795
21.000000	21.000000	19.000000	361.000000	940.000000	62.000000	351.871793	944.122443	1.000000	13.490296
21.000000	22.000000	20.000000	496.000000	1062.000000	73.000000	483.818299	1065.586966	2.000000	14.033943
21.000000	23.000000	21.000000	200.000000	943.000000	61.000000	188.596539	954.718771	2.000000	14.587191
21.000000	24.000000	22.000000	319.000000	812.000000	52.000000	325.997821	807.941068	1.000000	15.100002
21.000000	25.000000	23.000000	191.000000	790.000000	51.000000	192.804178	780.849121	2.000000	15.489896
21.000000	26.000000	0.000000	204.000000	1053.000000	71.000000	192.244843	1075.771775	1.000000	16.217812
21.000000	27.000000	24.000000	200.000000	1064.000000	71.000000	192.244843	1075.771775	1.000000	16.819356
21.000000	28.000000	25.000000	319.000000	648.000000	42.000000	321.495920	649.287046	2.000000	17.818370
21.000000	29.000000	26.000000	511.000000	632.000000	43.000000	511.790616	628.196360	2.000000	18.587297
21.000000	30.000000	27.000000	561.000000	637.000000	44.000000	571.850103	645.685638	2.000000	18.995622
21.000000	31.000000	0.000000	601.000000	501.000000	34.000000	604.762445	526.390191	2.000000	19.747871
21.000000	32.000000	28.000000	620.000000	527.000000	34.000000	604.762445	526.390191	2.000000	20.003819
21.000000	33.000000	29.000000	727.000000	647.000000	45.000000	730.248325	644.723781	2.000000	20.619821
21.000000	34.000000	0.000000	601.000000	437.000000	24.000000	575.402843	412.905459	1.000000	21.202053
21.000000	35.000000	30.000000	590.000000	421.000000	24.000000	575.402843	412.905459	1.000000	21.545761
21.000000	36.000000	31.000000	705.000000	339.000000	15.000000	714.054977	330.855220	1.000000	22.786515
21.000000	37.000000	32.000000	437.000000	407.000000	23.000000	446.558433	411.613564	1.000000	23.435791
21.000000	38.000000	33.000000	458.000000	274.000000	13.000000	447.723907	294.281346	1.000000	23.890678
21.000000	39.000000	34.000000	364.000000	263.000000	12.000000	373.697168	282.660574	2.000000	24.258577
21.000000	40.000000	35.000000	347.000000	152.000000	2.000000	357.276153	157.347895	2.000000	24.699831
21.000000	41.000000	36.000000	364.000000	446.000000	22.000000	351.558648	452.236879	1.000000	25.378482
21.000000	42.000000	37.000000	188.000000	525.000000	31.000000	210.270671	528.115339	1.000000	25.763705
21.000000	43.000000	38.000000	251.000000	316.000000	11.000000	240.934583	301.376588	1.000000	26.187697
21.000000	44.000000	39.000000	982.000000	137.000000	7.000000	981.787382	124.026651	2.000000	27.954375
21.000000	45.000000	40.000000	1237.000000	172.000000	9.000000	1241.282344	164.554415	2.000000	28.778319
