MultiTargForag_2	Participant_Code = 65b
Search_Type = 1	CB_Targets = 1
Trial	Click_Num	Target_Click_Order	Click_X	Click_y	Item_selected	Item_X	Item_Y	Target_Set	RT
1.000000	1.000000	1.000000	737.000000	331.000000	26.000000	738.555143	331.415288	1.000000	1.199174
1.000000	2.000000	2.000000	620.000000	330.000000	25.000000	620.004168	338.398556	1.000000	1.821207
1.000000	3.000000	3.000000	346.000000	260.000000	12.000000	336.844460	251.608539	1.000000	2.380479
1.000000	4.000000	4.000000	310.000000	408.000000	22.000000	305.037492	390.987430	1.000000	2.981098
1.000000	5.000000	5.000000	304.000000	440.000000	32.000000	287.645461	451.566889	1.000000	3.261433
1.000000	6.000000	6.000000	192.000000	483.000000	31.000000	195.284155	491.260723	1.000000	3.619764
1.000000	7.000000	7.000000	391.000000	484.000000	33.000000	398.607948	495.594904	1.000000	4.076682
1.000000	8.000000	8.000000	209.000000	715.000000	51.000000	223.219113	702.342739	1.000000	4.659452
1.000000	9.000000	9.000000	333.000000	683.000000	52.000000	322.875340	680.779495	2.000000	5.469518
1.000000	10.000000	10.000000	429.000000	590.000000	43.000000	433.236097	596.104941	2.000000	5.867842
1.000000	11.000000	11.000000	336.000000	791.000000	62.000000	333.917781	796.302815	2.000000	6.491202
1.000000	12.000000	12.000000	405.000000	794.000000	63.000000	404.379985	802.780931	2.000000	6.756814
1.000000	13.000000	13.000000	513.000000	778.000000	64.000000	521.386034	784.796997	2.000000	7.099229
1.000000	14.000000	14.000000	557.000000	662.000000	54.000000	560.890262	651.426225	1.000000	8.219269
1.000000	15.000000	15.000000	655.000000	825.000000	65.000000	655.959939	823.580617	1.000000	8.819310
1.000000	16.000000	16.000000	730.000000	864.000000	76.000000	738.398265	869.992870	1.000000	9.173335
1.000000	17.000000	17.000000	875.000000	873.000000	77.000000	869.748579	867.184093	2.000000	10.221184
1.000000	18.000000	18.000000	1079.000000	871.000000	79.000000	1087.105930	879.624705	2.000000	10.731489
1.000000	19.000000	19.000000	1083.000000	666.000000	59.000000	1076.393167	682.571551	2.000000	11.444656
1.000000	20.000000	20.000000	1211.000000	719.000000	60.000000	1201.784535	718.914989	1.000000	11.891599
1.000000	21.000000	21.000000	1196.000000	590.000000	50.000000	1196.024803	597.151436	1.000000	12.283398
1.000000	22.000000	22.000000	1065.000000	593.000000	49.000000	1069.814596	596.230220	1.000000	12.739355
1.000000	23.000000	23.000000	866.000000	649.000000	57.000000	851.232559	655.109376	2.000000	13.508996
1.000000	24.000000	24.000000	633.000000	556.000000	45.000000	629.241936	566.923502	1.000000	14.451251
1.000000	25.000000	25.000000	497.000000	460.000000	34.000000	521.133330	465.778525	2.000000	15.259485
1.000000	26.000000	26.000000	562.000000	352.000000	24.000000	556.300456	368.805471	2.000000	16.092681
1.000000	27.000000	27.000000	559.000000	261.000000	14.000000	561.047618	258.977875	2.000000	16.587271
1.000000	28.000000	28.000000	533.000000	168.000000	4.000000	520.976766	172.347035	2.000000	17.204639
1.000000	29.000000	29.000000	219.000000	180.000000	1.000000	214.052384	181.210717	2.000000	17.859746
1.000000	30.000000	30.000000	196.000000	364.000000	21.000000	206.921670	372.137240	2.000000	18.404503
1.000000	31.000000	31.000000	732.000000	130.000000	6.000000	745.223492	129.555242	1.000000	19.123310
1.000000	32.000000	32.000000	862.000000	114.000000	7.000000	867.359852	126.785461	1.000000	19.939182
1.000000	33.000000	33.000000	887.000000	270.000000	17.000000	881.358114	278.333404	2.000000	20.837327
1.000000	34.000000	34.000000	995.000000	335.000000	28.000000	986.293172	330.280260	1.000000	21.357308
1.000000	35.000000	35.000000	1064.000000	372.000000	29.000000	1064.122807	391.340475	2.000000	21.707382
1.000000	36.000000	36.000000	1080.000000	456.000000	39.000000	1096.333427	467.978015	2.000000	22.132506
1.000000	37.000000	37.000000	1179.000000	387.000000	30.000000	1186.486475	381.547295	2.000000	22.700889
1.000000	38.000000	38.000000	1186.000000	280.000000	20.000000	1190.578512	275.871882	1.000000	23.124525
1.000000	39.000000	39.000000	1110.000000	231.000000	19.000000	1104.623748	225.528701	2.000000	23.523158
1.000000	40.000000	40.000000	772.000000	482.000000	36.000000	767.028454	465.116303	1.000000	24.539941
1.000000	1.000000	1.000000	540.000000	229.000000	14.000000	533.245521	248.636061	2.000000	0.986949
1.000000	2.000000	2.000000	553.000000	193.000000	4.000000	553.309597	180.519874	1.000000	1.395037
1.000000	3.000000	3.000000	651.000000	182.000000	5.000000	655.318101	186.252695	1.000000	1.843213
1.000000	4.000000	0.000000	472.000000	133.000000	3.000000	445.099558	120.391876	2.000000	2.330608
1.000000	5.000000	4.000000	446.000000	124.000000	3.000000	445.099558	120.391876	2.000000	2.818990
1.000000	6.000000	5.000000	305.000000	131.000000	2.000000	304.342219	140.260084	1.000000	3.484449
1.000000	7.000000	0.000000	255.000000	140.000000	1.000000	228.046225	162.907932	2.000000	3.779629
1.000000	8.000000	6.000000	243.000000	150.000000	1.000000	228.046225	162.907932	2.000000	4.138807
1.000000	9.000000	7.000000	349.000000	356.000000	22.000000	341.561475	364.332444	2.000000	4.923329
1.000000	10.000000	0.000000	229.000000	427.000000	31.000000	213.179424	447.301139	2.000000	5.402494
1.000000	11.000000	8.000000	221.000000	462.000000	31.000000	213.179424	447.301139	2.000000	5.994617
1.000000	12.000000	9.000000	221.000000	569.000000	41.000000	216.168546	575.791445	2.000000	6.844685
1.000000	13.000000	10.000000	427.000000	540.000000	43.000000	441.994780	542.805246	2.000000	7.468580
1.000000	14.000000	11.000000	505.000000	580.000000	44.000000	508.595323	588.946020	2.000000	7.868515
1.000000	15.000000	12.000000	638.000000	488.000000	35.000000	626.840756	485.469726	2.000000	8.364067
1.000000	16.000000	13.000000	650.000000	288.000000	15.000000	647.927831	290.227452	1.000000	9.284524
1.000000	17.000000	14.000000	751.000000	474.000000	36.000000	760.282701	471.298461	1.000000	10.099682
1.000000	18.000000	0.000000	642.000000	565.000000	45.000000	633.162786	593.686828	2.000000	10.539181
1.000000	19.000000	15.000000	646.000000	580.000000	45.000000	633.162786	593.686828	2.000000	11.106685
1.000000	20.000000	16.000000	342.000000	687.000000	52.000000	335.975748	696.752923	2.000000	11.708854
1.000000	21.000000	17.000000	192.000000	761.000000	61.000000	181.736017	764.483966	1.000000	12.716584
1.000000	22.000000	18.000000	428.000000	896.000000	73.000000	420.536095	914.294175	1.000000	13.548489
1.000000	23.000000	19.000000	626.000000	800.000000	65.000000	638.232870	805.843147	2.000000	14.074489
1.000000	24.000000	20.000000	654.000000	876.000000	75.000000	646.711777	887.940195	2.000000	14.451174
1.000000	25.000000	21.000000	783.000000	867.000000	76.000000	771.937318	872.655184	1.000000	14.747833
1.000000	26.000000	22.000000	849.000000	896.000000	77.000000	850.622821	909.056671	2.000000	15.067316
1.000000	27.000000	23.000000	778.000000	701.000000	56.000000	769.081232	706.237938	1.000000	15.602655
1.000000	28.000000	24.000000	973.000000	869.000000	78.000000	976.589927	891.736315	1.000000	16.283738
1.000000	29.000000	25.000000	1189.000000	879.000000	80.000000	1189.480637	888.739046	2.000000	17.442574
1.000000	30.000000	26.000000	1232.000000	752.000000	70.000000	1221.233352	762.089544	2.000000	17.979866
1.000000	31.000000	27.000000	1229.000000	709.000000	60.000000	1211.329221	697.782897	1.000000	18.419349
1.000000	32.000000	28.000000	1081.000000	706.000000	59.000000	1078.275972	711.089913	1.000000	18.859379
1.000000	33.000000	29.000000	995.000000	675.000000	58.000000	985.957376	661.073441	1.000000	19.180078
1.000000	34.000000	30.000000	954.000000	595.000000	48.000000	950.627771	587.193189	2.000000	19.531032
1.000000	35.000000	31.000000	912.000000	592.000000	47.000000	892.242638	577.012090	1.000000	19.780197
1.000000	36.000000	32.000000	1215.000000	565.000000	50.000000	1219.724876	566.395528	1.000000	20.555639
1.000000	37.000000	33.000000	1167.000000	457.000000	40.000000	1187.370194	459.736881	1.000000	20.883163
1.000000	38.000000	34.000000	1089.000000	466.000000	39.000000	1107.009554	474.694825	1.000000	21.163325
1.000000	39.000000	35.000000	1183.000000	402.000000	30.000000	1194.589768	386.061578	1.000000	21.484263
1.000000	40.000000	36.000000	1113.000000	384.000000	29.000000	1103.289106	369.090059	2.000000	21.780399
1.000000	41.000000	37.000000	998.000000	383.000000	28.000000	979.926589	382.839406	2.000000	22.092252
1.000000	42.000000	38.000000	959.000000	247.000000	18.000000	959.852950	259.969461	1.000000	22.796106
1.000000	43.000000	39.000000	856.000000	272.000000	17.000000	844.423221	280.314490	1.000000	23.274568
1.000000	44.000000	40.000000	875.000000	142.000000	7.000000	871.094770	136.471314	2.000000	23.643717
2.000000	1.000000	1.000000	888.000000	168.000000	7.000000	892.152327	164.636644	1.000000	1.336615
2.000000	2.000000	2.000000	1060.000000	172.000000	9.000000	1071.525752	181.482130	1.000000	1.833493
2.000000	3.000000	3.000000	1082.000000	291.000000	19.000000	1087.392124	292.137724	1.000000	2.672532
2.000000	4.000000	4.000000	1066.000000	321.000000	29.000000	1059.311925	337.450581	2.000000	3.000561
2.000000	5.000000	0.000000	913.000000	329.000000	27.000000	872.721486	331.789724	1.000000	3.609009
2.000000	6.000000	5.000000	887.000000	328.000000	27.000000	872.721486	331.789724	1.000000	3.983422
2.000000	7.000000	6.000000	983.000000	384.000000	28.000000	965.970651	390.072407	2.000000	4.463850
2.000000	8.000000	7.000000	1224.000000	375.000000	30.000000	1218.216553	372.129123	1.000000	5.017157
2.000000	9.000000	8.000000	770.000000	343.000000	26.000000	760.142358	334.665128	2.000000	6.361639
2.000000	10.000000	9.000000	768.000000	273.000000	16.000000	763.388605	287.931229	1.000000	6.623585
2.000000	11.000000	10.000000	1162.000000	486.000000	40.000000	1174.525287	497.162741	2.000000	7.481224
2.000000	12.000000	11.000000	1201.000000	527.000000	50.000000	1201.519945	544.787895	2.000000	7.888434
2.000000	13.000000	12.000000	981.000000	598.000000	48.000000	977.203568	613.554671	2.000000	8.552044
2.000000	14.000000	0.000000	860.000000	594.000000	47.000000	884.958580	587.322131	2.000000	8.921179
2.000000	15.000000	13.000000	883.000000	587.000000	47.000000	884.958580	587.322131	2.000000	10.031987
2.000000	16.000000	14.000000	879.000000	676.000000	57.000000	872.977449	693.535296	2.000000	10.504733
2.000000	17.000000	0.000000	941.000000	739.000000	68.000000	952.668378	761.267261	1.000000	11.255599
2.000000	18.000000	15.000000	966.000000	763.000000	68.000000	952.668378	761.267261	1.000000	11.720979
2.000000	19.000000	16.000000	993.000000	846.000000	78.000000	986.100797	865.187399	2.000000	12.120972
2.000000	20.000000	17.000000	1085.000000	921.000000	79.000000	1092.439563	924.638866	1.000000	12.560243
2.000000	21.000000	18.000000	849.000000	911.000000	77.000000	852.579427	901.785052	1.000000	13.232926
2.000000	22.000000	19.000000	757.000000	889.000000	76.000000	767.924955	886.057111	2.000000	13.616971
2.000000	23.000000	20.000000	661.000000	875.000000	75.000000	646.602671	862.946586	1.000000	14.249593
2.000000	24.000000	0.000000	564.000000	891.000000	74.000000	538.304784	893.105510	2.000000	14.615614
2.000000	25.000000	21.000000	529.000000	873.000000	74.000000	538.304784	893.105510	2.000000	15.167746
2.000000	26.000000	22.000000	523.000000	825.000000	64.000000	526.559078	824.905873	1.000000	15.432727
2.000000	27.000000	23.000000	396.000000	904.000000	73.000000	417.354620	910.560998	1.000000	15.992520
2.000000	28.000000	24.000000	334.000000	885.000000	72.000000	324.234460	875.034800	2.000000	16.369050
2.000000	29.000000	25.000000	194.000000	852.000000	71.000000	195.750216	872.377704	1.000000	17.352745
2.000000	30.000000	26.000000	202.000000	758.000000	61.000000	216.853910	756.675863	1.000000	17.649161
2.000000	31.000000	27.000000	178.000000	686.000000	51.000000	193.477031	690.546664	2.000000	17.896710
2.000000	32.000000	0.000000	429.000000	568.000000	43.000000	420.816195	591.782805	2.000000	18.673769
2.000000	33.000000	0.000000	368.000000	571.000000	42.000000	335.660899	569.045311	1.000000	19.008289
2.000000	34.000000	28.000000	357.000000	567.000000	42.000000	335.660899	569.045311	1.000000	19.360396
2.000000	35.000000	29.000000	419.000000	584.000000	43.000000	420.816195	591.782805	2.000000	19.665625
2.000000	36.000000	30.000000	500.000000	593.000000	44.000000	516.109575	611.900863	1.000000	20.080890
2.000000	37.000000	31.000000	662.000000	632.000000	55.000000	658.840894	650.889528	2.000000	20.705202
2.000000	38.000000	32.000000	530.000000	496.000000	34.000000	526.080135	489.834296	2.000000	21.209068
2.000000	39.000000	33.000000	213.000000	546.000000	41.000000	204.499944	559.145455	1.000000	21.872353
2.000000	40.000000	34.000000	736.000000	449.000000	36.000000	751.073143	455.222251	1.000000	22.592099
2.000000	41.000000	0.000000	647.000000	406.000000	25.000000	622.081034	394.663185	1.000000	22.928586
2.000000	42.000000	35.000000	617.000000	385.000000	25.000000	622.081034	394.663185	1.000000	23.399746
2.000000	43.000000	36.000000	533.000000	360.000000	24.000000	530.950906	361.433425	2.000000	23.768497
2.000000	44.000000	37.000000	385.000000	261.000000	13.000000	400.137704	259.019462	1.000000	24.351872
2.000000	45.000000	38.000000	300.000000	263.000000	12.000000	300.966349	268.335074	2.000000	24.720750
2.000000	46.000000	39.000000	230.000000	281.000000	11.000000	214.004067	291.579296	2.000000	25.031699
2.000000	47.000000	40.000000	395.000000	143.000000	3.000000	406.466685	135.778186	2.000000	25.783539
3.000000	1.000000	1.000000	196.000000	134.000000	1.000000	193.804376	128.320841	1.000000	1.031011
3.000000	2.000000	2.000000	304.000000	298.000000	12.000000	299.864720	287.856217	1.000000	1.649092
3.000000	3.000000	3.000000	435.000000	345.000000	23.000000	443.351924	350.682734	2.000000	2.111531
3.000000	4.000000	4.000000	535.000000	266.000000	14.000000	541.165766	277.425479	1.000000	2.505034
3.000000	5.000000	5.000000	435.000000	480.000000	33.000000	444.624315	479.143961	2.000000	3.111249
3.000000	6.000000	6.000000	307.000000	481.000000	32.000000	307.986454	485.904733	2.000000	3.566858
3.000000	7.000000	7.000000	300.000000	610.000000	42.000000	296.286155	610.365078	1.000000	4.240550
3.000000	8.000000	8.000000	212.000000	612.000000	41.000000	198.744178	612.391361	1.000000	4.519964
3.000000	9.000000	9.000000	411.000000	602.000000	43.000000	406.280078	597.000124	1.000000	5.024637
3.000000	10.000000	10.000000	294.000000	687.000000	52.000000	289.874764	698.615985	1.000000	5.384510
3.000000	11.000000	11.000000	216.000000	690.000000	51.000000	198.391104	694.218493	2.000000	5.632342
3.000000	12.000000	12.000000	199.000000	753.000000	61.000000	207.749594	760.174444	1.000000	5.998987
3.000000	13.000000	0.000000	379.000000	748.000000	62.000000	335.676284	763.695686	1.000000	6.320933
3.000000	14.000000	13.000000	337.000000	756.000000	62.000000	335.676284	763.695686	1.000000	6.585137
3.000000	15.000000	14.000000	415.000000	803.000000	63.000000	413.383379	823.617344	2.000000	7.055676
3.000000	16.000000	15.000000	540.000000	906.000000	74.000000	536.987293	889.817117	1.000000	7.903918
3.000000	17.000000	16.000000	512.000000	710.000000	54.000000	508.949189	700.314674	2.000000	8.735793
3.000000	18.000000	0.000000	651.000000	700.000000	55.000000	629.424238	676.852788	1.000000	9.103604
3.000000	19.000000	17.000000	643.000000	683.000000	55.000000	629.424238	676.852788	1.000000	9.320063
3.000000	20.000000	18.000000	660.000000	597.000000	45.000000	639.501290	595.763390	2.000000	9.671753
3.000000	21.000000	19.000000	537.000000	571.000000	44.000000	534.908279	563.953847	2.000000	10.015912
3.000000	22.000000	0.000000	524.000000	532.000000	34.000000	520.615276	498.247911	2.000000	10.465108
3.000000	23.000000	0.000000	524.000000	525.000000	34.000000	520.615276	498.247911	2.000000	10.895806
3.000000	24.000000	20.000000	520.000000	515.000000	34.000000	520.615276	498.247911	2.000000	11.391226
3.000000	25.000000	21.000000	757.000000	694.000000	56.000000	760.258658	695.044064	1.000000	12.376612
3.000000	26.000000	22.000000	785.000000	768.000000	66.000000	779.792256	787.499546	1.000000	12.783144
3.000000	27.000000	23.000000	887.000000	658.000000	57.000000	881.364362	669.564975	1.000000	13.233209
3.000000	28.000000	24.000000	1002.000000	807.000000	68.000000	996.953333	818.112855	2.000000	14.087767
3.000000	29.000000	25.000000	1104.000000	753.000000	69.000000	1089.968121	756.971797	2.000000	14.431097
3.000000	30.000000	26.000000	1097.000000	723.000000	59.000000	1083.025619	713.898233	2.000000	14.768525
3.000000	31.000000	27.000000	969.000000	892.000000	78.000000	970.158180	883.287495	1.000000	15.607221
3.000000	32.000000	28.000000	1201.000000	865.000000	80.000000	1191.003662	870.311993	1.000000	16.225002
3.000000	33.000000	29.000000	1222.000000	748.000000	70.000000	1212.425249	756.195625	1.000000	16.520600
3.000000	34.000000	30.000000	1195.000000	653.000000	60.000000	1183.630881	661.711677	2.000000	16.824258
3.000000	35.000000	31.000000	950.000000	559.000000	48.000000	969.861950	557.889662	2.000000	17.497005
3.000000	36.000000	32.000000	1200.000000	456.000000	40.000000	1197.841919	458.420459	1.000000	18.439071
3.000000	37.000000	0.000000	1224.000000	351.000000	30.000000	1213.332233	379.380674	2.000000	18.735612
3.000000	38.000000	33.000000	1224.000000	302.000000	20.000000	1214.978255	284.620501	2.000000	19.199973
3.000000	39.000000	34.000000	1217.000000	382.000000	30.000000	1213.332233	379.380674	2.000000	19.551863
3.000000	40.000000	35.000000	1061.000000	376.000000	29.000000	1073.268247	373.568140	2.000000	19.920604
3.000000	41.000000	36.000000	1014.000000	377.000000	28.000000	989.202088	378.904745	2.000000	20.214984
3.000000	42.000000	0.000000	1107.000000	273.000000	19.000000	1072.716160	263.402440	2.000000	20.591448
3.000000	43.000000	37.000000	1074.000000	266.000000	19.000000	1072.716160	263.402440	2.000000	20.960916
3.000000	44.000000	38.000000	875.000000	255.000000	17.000000	866.742491	255.283883	1.000000	21.833038
3.000000	45.000000	39.000000	775.000000	265.000000	16.000000	754.673324	272.593246	2.000000	22.257198
3.000000	46.000000	40.000000	619.000000	391.000000	25.000000	621.594371	396.009928	1.000000	22.913068
4.000000	1.000000	0.000000	232.000000	173.000000	1.000000	205.406304	174.325690	1.000000	0.959149
4.000000	2.000000	1.000000	211.000000	218.000000	11.000000	200.212656	230.658994	1.000000	1.237438
4.000000	3.000000	2.000000	207.000000	189.000000	1.000000	205.406304	174.325690	1.000000	1.447180
4.000000	4.000000	3.000000	432.000000	158.000000	3.000000	423.617226	155.000863	1.000000	2.103154
4.000000	5.000000	0.000000	490.000000	139.000000	4.000000	528.268285	125.827962	1.000000	2.383297
4.000000	6.000000	4.000000	512.000000	132.000000	4.000000	528.268285	125.827962	1.000000	2.693709
4.000000	7.000000	5.000000	544.000000	247.000000	14.000000	552.041691	258.332693	1.000000	3.359491
4.000000	8.000000	6.000000	671.000000	283.000000	15.000000	664.868203	280.641733	2.000000	3.806572
4.000000	9.000000	0.000000	320.000000	355.000000	22.000000	293.776735	364.927357	2.000000	4.550945
4.000000	10.000000	7.000000	306.000000	358.000000	22.000000	293.776735	364.927357	2.000000	4.783629
4.000000	11.000000	8.000000	222.000000	368.000000	21.000000	218.765219	373.959376	1.000000	5.175585
4.000000	12.000000	9.000000	228.000000	442.000000	31.000000	215.149603	456.392696	1.000000	5.478646
4.000000	13.000000	10.000000	207.000000	597.000000	41.000000	198.648369	588.352432	1.000000	6.063313
4.000000	14.000000	11.000000	222.000000	655.000000	51.000000	215.234000	669.049778	2.000000	6.430182
4.000000	15.000000	12.000000	315.000000	655.000000	52.000000	302.165035	657.114262	2.000000	6.733778
4.000000	16.000000	0.000000	185.000000	805.000000	61.000000	215.685973	769.036050	1.000000	7.118097
4.000000	17.000000	13.000000	218.000000	779.000000	61.000000	215.685973	769.036050	1.000000	7.390960
4.000000	18.000000	14.000000	224.000000	846.000000	71.000000	220.266927	868.494116	2.000000	7.837501
4.000000	19.000000	15.000000	409.000000	877.000000	73.000000	408.304623	893.555534	2.000000	8.613877
4.000000	20.000000	16.000000	405.000000	553.000000	43.000000	409.074015	558.287619	1.000000	9.567558
4.000000	21.000000	17.000000	629.000000	465.000000	35.000000	626.433349	464.216888	1.000000	10.199115
4.000000	22.000000	0.000000	633.000000	514.000000	45.000000	632.910194	545.507502	1.000000	10.575195
4.000000	23.000000	18.000000	634.000000	527.000000	45.000000	632.910194	545.507502	1.000000	10.830095
4.000000	24.000000	19.000000	543.000000	595.000000	44.000000	533.455998	609.460548	2.000000	11.431595
4.000000	25.000000	20.000000	532.000000	700.000000	54.000000	522.755866	712.081566	2.000000	11.830993
4.000000	26.000000	21.000000	528.000000	917.000000	74.000000	523.667501	928.267907	2.000000	12.742691
4.000000	27.000000	22.000000	731.000000	871.000000	76.000000	727.761822	868.390154	2.000000	13.341941
4.000000	28.000000	23.000000	745.000000	764.000000	66.000000	754.771644	765.186279	1.000000	13.694508
4.000000	29.000000	24.000000	879.000000	925.000000	77.000000	865.120818	923.079138	2.000000	14.735450
4.000000	30.000000	25.000000	1001.000000	805.000000	68.000000	994.375712	802.809424	1.000000	15.397644
4.000000	31.000000	26.000000	1061.000000	770.000000	69.000000	1072.373937	756.859512	1.000000	15.703628
4.000000	32.000000	27.000000	1211.000000	834.000000	70.000000	1198.907467	825.801392	2.000000	16.486278
4.000000	33.000000	28.000000	1202.000000	861.000000	80.000000	1190.827107	876.273438	2.000000	16.742324
4.000000	34.000000	29.000000	1207.000000	682.000000	60.000000	1203.194898	683.264738	1.000000	17.398451
4.000000	35.000000	30.000000	1163.000000	584.000000	50.000000	1174.543234	582.718648	1.000000	17.943205
4.000000	36.000000	31.000000	1080.000000	587.000000	49.000000	1091.361051	597.670013	2.000000	18.278517
4.000000	37.000000	32.000000	976.000000	678.000000	58.000000	987.152050	686.099476	2.000000	19.038207
4.000000	38.000000	33.000000	979.000000	546.000000	48.000000	978.902492	552.006226	2.000000	19.559040
4.000000	39.000000	0.000000	922.000000	546.000000	47.000000	882.488506	568.095890	2.000000	19.903311
4.000000	40.000000	34.000000	884.000000	560.000000	47.000000	882.488506	568.095890	2.000000	20.239478
4.000000	41.000000	35.000000	999.000000	467.000000	38.000000	997.547023	449.340186	2.000000	20.957804
4.000000	42.000000	36.000000	1077.000000	381.000000	29.000000	1092.926807	372.324474	2.000000	21.334844
4.000000	43.000000	37.000000	1215.000000	342.000000	30.000000	1208.868792	342.283812	1.000000	22.031405
4.000000	44.000000	38.000000	1235.000000	262.000000	20.000000	1218.752126	257.328988	1.000000	22.278701
4.000000	45.000000	39.000000	1228.000000	168.000000	10.000000	1222.453771	145.238773	1.000000	22.631109
4.000000	46.000000	40.000000	897.000000	269.000000	17.000000	876.244257	279.080372	2.000000	23.470934
5.000000	1.000000	1.000000	404.000000	124.000000	3.000000	399.944800	118.062814	1.000000	1.071596
5.000000	2.000000	2.000000	313.000000	122.000000	2.000000	306.323135	125.368430	1.000000	1.415434
5.000000	3.000000	0.000000	267.000000	136.000000	1.000000	227.381399	149.540590	1.000000	1.800588
5.000000	4.000000	0.000000	256.000000	140.000000	1.000000	227.381399	149.540590	1.000000	2.160835
5.000000	5.000000	3.000000	245.000000	143.000000	1.000000	227.381399	149.540590	1.000000	2.496890
5.000000	6.000000	4.000000	231.000000	338.000000	21.000000	223.093210	345.021846	2.000000	3.112424
5.000000	7.000000	5.000000	427.000000	295.000000	13.000000	435.913552	294.601913	1.000000	3.535866
5.000000	8.000000	6.000000	407.000000	463.000000	33.000000	397.838671	478.850484	2.000000	4.464290
5.000000	9.000000	7.000000	171.000000	506.000000	31.000000	180.820330	505.773273	2.000000	5.120439
5.000000	10.000000	8.000000	241.000000	612.000000	41.000000	225.286068	609.015105	2.000000	5.815632
5.000000	11.000000	9.000000	284.000000	645.000000	52.000000	299.374182	664.267739	2.000000	6.153114
5.000000	12.000000	10.000000	402.000000	609.000000	43.000000	401.255472	597.693620	2.000000	6.713264
5.000000	13.000000	11.000000	201.000000	769.000000	61.000000	194.070243	772.074740	1.000000	7.208006
5.000000	14.000000	12.000000	222.000000	918.000000	71.000000	218.113248	927.917695	2.000000	7.720087
5.000000	15.000000	13.000000	344.000000	888.000000	72.000000	333.030701	876.015253	1.000000	8.241183
5.000000	16.000000	14.000000	550.000000	867.000000	74.000000	540.621385	886.514347	2.000000	8.688724
5.000000	17.000000	15.000000	548.000000	823.000000	64.000000	547.510251	822.885964	2.000000	8.961051
5.000000	18.000000	16.000000	646.000000	915.000000	75.000000	638.166754	909.847075	2.000000	9.239235
5.000000	19.000000	17.000000	739.000000	899.000000	76.000000	742.822356	895.505756	2.000000	9.543812
5.000000	20.000000	18.000000	766.000000	822.000000	66.000000	762.178757	815.556054	2.000000	9.815750
5.000000	21.000000	19.000000	694.000000	691.000000	55.000000	671.551716	695.807984	1.000000	10.215373
5.000000	22.000000	20.000000	583.000000	670.000000	54.000000	562.136345	664.328918	1.000000	10.639319
5.000000	23.000000	21.000000	961.000000	671.000000	58.000000	964.923946	662.188955	1.000000	11.647233
5.000000	24.000000	22.000000	996.000000	906.000000	78.000000	984.057561	892.904318	1.000000	12.223570
5.000000	25.000000	23.000000	1081.000000	867.000000	79.000000	1061.025192	862.044160	1.000000	12.663871
5.000000	26.000000	24.000000	1194.000000	930.000000	80.000000	1200.041299	923.383107	1.000000	13.072210
5.000000	27.000000	25.000000	1113.000000	550.000000	49.000000	1102.032881	561.420482	2.000000	13.936955
5.000000	28.000000	26.000000	1124.000000	486.000000	39.000000	1108.989241	479.039727	2.000000	14.192117
5.000000	29.000000	0.000000	1206.000000	491.000000	40.000000	1170.052816	496.581799	2.000000	14.417072
5.000000	30.000000	27.000000	1166.000000	490.000000	40.000000	1170.052816	496.581799	2.000000	14.815705
5.000000	31.000000	28.000000	1012.000000	481.000000	38.000000	991.925031	480.615446	1.000000	15.288327
5.000000	32.000000	29.000000	848.000000	477.000000	37.000000	841.181030	482.228065	1.000000	15.665023
5.000000	33.000000	0.000000	759.000000	590.000000	46.000000	732.194064	593.364099	2.000000	16.537363
5.000000	34.000000	30.000000	751.000000	584.000000	46.000000	732.194064	593.364099	2.000000	16.919883
5.000000	35.000000	31.000000	988.000000	400.000000	28.000000	968.885344	393.339872	1.000000	17.599771
5.000000	36.000000	32.000000	750.000000	291.000000	16.000000	728.830922	294.111365	1.000000	18.496445
5.000000	37.000000	33.000000	648.000000	238.000000	15.000000	635.069613	232.413097	2.000000	18.984097
5.000000	38.000000	34.000000	745.000000	172.000000	6.000000	747.853654	166.707120	1.000000	19.359487
5.000000	39.000000	35.000000	859.000000	247.000000	17.000000	856.006742	230.819856	1.000000	19.784598
5.000000	40.000000	36.000000	962.000000	273.000000	18.000000	982.411856	280.646116	2.000000	20.424834
5.000000	41.000000	37.000000	1052.000000	216.000000	19.000000	1071.279418	227.689680	1.000000	21.192011
5.000000	42.000000	38.000000	1103.000000	167.000000	9.000000	1097.296890	155.052073	1.000000	21.568276
5.000000	43.000000	39.000000	1163.000000	166.000000	10.000000	1173.321088	173.967481	2.000000	21.825160
5.000000	44.000000	40.000000	1181.000000	327.000000	30.000000	1180.426609	332.299286	2.000000	22.480403
6.000000	1.000000	1.000000	189.000000	263.000000	11.000000	188.255061	253.855174	2.000000	1.203117
6.000000	2.000000	2.000000	189.000000	148.000000	1.000000	186.124673	154.126231	1.000000	1.457946
6.000000	3.000000	0.000000	223.000000	347.000000	21.000000	224.748848	379.282985	1.000000	2.017982
6.000000	4.000000	3.000000	222.000000	384.000000	21.000000	224.748848	379.282985	1.000000	2.514008
6.000000	5.000000	4.000000	218.000000	459.000000	31.000000	203.331773	461.345544	1.000000	2.834035
6.000000	6.000000	5.000000	307.000000	455.000000	32.000000	316.976914	441.121221	1.000000	3.282673
6.000000	7.000000	6.000000	414.000000	282.000000	13.000000	423.385463	280.993038	2.000000	3.762791
6.000000	8.000000	0.000000	491.000000	337.000000	24.000000	511.084611	358.802830	2.000000	4.234805
6.000000	9.000000	7.000000	503.000000	341.000000	24.000000	511.084611	358.802830	2.000000	4.499266
6.000000	10.000000	8.000000	677.000000	292.000000	15.000000	663.685557	283.890558	1.000000	4.962222
6.000000	11.000000	9.000000	732.000000	351.000000	26.000000	746.649331	358.580110	1.000000	5.393772
6.000000	12.000000	10.000000	672.000000	381.000000	25.000000	671.429029	396.136750	2.000000	5.720836
6.000000	13.000000	11.000000	515.000000	492.000000	34.000000	527.854468	495.501721	2.000000	6.274554
6.000000	14.000000	12.000000	440.000000	633.000000	53.000000	438.119058	652.792684	1.000000	7.066929
6.000000	15.000000	13.000000	363.000000	684.000000	52.000000	339.124367	685.865358	1.000000	7.377832
6.000000	16.000000	14.000000	335.000000	785.000000	62.000000	326.090766	788.796336	1.000000	8.266503
6.000000	17.000000	15.000000	326.000000	855.000000	72.000000	317.601101	865.728193	1.000000	8.554431
6.000000	18.000000	16.000000	193.000000	912.000000	71.000000	189.863937	914.160544	1.000000	9.088802
6.000000	19.000000	17.000000	528.000000	835.000000	64.000000	537.035482	824.528586	2.000000	9.786860
6.000000	20.000000	0.000000	684.000000	793.000000	65.000000	654.373507	789.758882	2.000000	10.331343
6.000000	21.000000	18.000000	666.000000	785.000000	65.000000	654.373507	789.758882	2.000000	10.627107
6.000000	22.000000	19.000000	619.000000	931.000000	75.000000	620.327419	926.994316	2.000000	11.226336
6.000000	23.000000	20.000000	766.000000	812.000000	66.000000	768.661732	820.745214	2.000000	11.634946
6.000000	24.000000	0.000000	882.000000	869.000000	77.000000	872.165943	897.923319	2.000000	12.122968
6.000000	25.000000	21.000000	877.000000	876.000000	77.000000	872.165943	897.923319	2.000000	12.505351
6.000000	26.000000	22.000000	803.000000	704.000000	56.000000	782.430446	696.446628	2.000000	12.987098
6.000000	27.000000	0.000000	667.000000	697.000000	55.000000	620.717881	701.735282	1.000000	13.411261
6.000000	28.000000	23.000000	620.000000	695.000000	55.000000	620.717881	701.735282	1.000000	13.714200
6.000000	29.000000	24.000000	652.000000	577.000000	45.000000	657.863711	580.396131	2.000000	14.058302
6.000000	30.000000	25.000000	755.000000	584.000000	46.000000	756.401725	595.047770	2.000000	14.370236
6.000000	31.000000	26.000000	858.000000	555.000000	47.000000	876.483526	545.593265	2.000000	14.938082
6.000000	32.000000	27.000000	881.000000	446.000000	37.000000	881.313316	454.310426	1.000000	15.802131
6.000000	33.000000	28.000000	981.000000	437.000000	38.000000	995.350422	447.972406	1.000000	16.146694
6.000000	34.000000	29.000000	987.000000	712.000000	58.000000	984.519168	709.098597	1.000000	16.746883
6.000000	35.000000	30.000000	1096.000000	669.000000	59.000000	1099.437725	659.777768	2.000000	17.113802
6.000000	36.000000	31.000000	1115.000000	797.000000	69.000000	1109.845837	801.105413	2.000000	17.499051
6.000000	37.000000	32.000000	1077.000000	887.000000	79.000000	1081.276585	878.507981	1.000000	17.945305
6.000000	38.000000	33.000000	1213.000000	884.000000	80.000000	1199.958730	883.104840	1.000000	18.322934
6.000000	39.000000	34.000000	1181.000000	775.000000	70.000000	1174.228924	755.396698	2.000000	18.905388
6.000000	40.000000	35.000000	1103.000000	343.000000	29.000000	1099.972922	344.652823	1.000000	19.762773
6.000000	41.000000	0.000000	1225.000000	363.000000	30.000000	1190.251329	373.245107	1.000000	20.066896
6.000000	42.000000	36.000000	1185.000000	359.000000	30.000000	1190.251329	373.245107	1.000000	20.473133
6.000000	43.000000	37.000000	1181.000000	266.000000	20.000000	1171.894811	266.028986	2.000000	20.810038
6.000000	44.000000	38.000000	1060.000000	247.000000	19.000000	1064.774780	247.668247	2.000000	21.154860
6.000000	45.000000	0.000000	903.000000	324.000000	27.000000	880.687884	341.910108	2.000000	21.755267
6.000000	46.000000	39.000000	884.000000	335.000000	27.000000	880.687884	341.910108	2.000000	22.113301
6.000000	47.000000	40.000000	972.000000	152.000000	8.000000	988.086526	146.116122	1.000000	22.682080
7.000000	1.000000	1.000000	200.000000	117.000000	1.000000	193.622158	121.695105	2.000000	0.975617
7.000000	2.000000	2.000000	548.000000	122.000000	4.000000	558.746121	131.571092	2.000000	1.577389
7.000000	3.000000	3.000000	642.000000	125.000000	5.000000	661.237164	140.819652	1.000000	2.072014
7.000000	4.000000	0.000000	387.000000	223.000000	13.000000	409.850389	248.013920	2.000000	2.711907
7.000000	5.000000	4.000000	395.000000	242.000000	13.000000	409.850389	248.013920	2.000000	3.248599
7.000000	6.000000	5.000000	322.000000	265.000000	12.000000	341.420783	261.512846	2.000000	3.552740
7.000000	7.000000	6.000000	196.000000	364.000000	21.000000	181.477325	377.291794	2.000000	4.320729
7.000000	8.000000	0.000000	327.000000	388.000000	22.000000	293.702533	398.104559	1.000000	4.697269
7.000000	9.000000	7.000000	310.000000	390.000000	22.000000	293.702533	398.104559	1.000000	4.959129
7.000000	10.000000	8.000000	459.000000	344.000000	23.000000	450.208355	356.171263	2.000000	5.559660
7.000000	11.000000	9.000000	495.000000	387.000000	24.000000	509.652688	399.498605	2.000000	5.872165
7.000000	12.000000	10.000000	525.000000	436.000000	34.000000	528.540471	445.626018	2.000000	6.199965
7.000000	13.000000	0.000000	375.000000	475.000000	33.000000	408.964424	497.373713	2.000000	6.545072
7.000000	14.000000	11.000000	396.000000	481.000000	33.000000	408.964424	497.373713	2.000000	7.153270
7.000000	15.000000	12.000000	336.000000	489.000000	32.000000	334.139286	492.787644	2.000000	7.409504
7.000000	16.000000	13.000000	220.000000	665.000000	51.000000	208.763467	684.727541	2.000000	8.199218
7.000000	17.000000	14.000000	189.000000	882.000000	71.000000	188.976546	887.689725	2.000000	8.968448
7.000000	18.000000	15.000000	325.000000	796.000000	62.000000	322.572779	815.969618	1.000000	9.496334
7.000000	19.000000	0.000000	471.000000	741.000000	63.000000	437.973241	758.987365	2.000000	9.881329
7.000000	20.000000	16.000000	454.000000	746.000000	63.000000	437.973241	758.987365	2.000000	10.143159
7.000000	21.000000	0.000000	563.000000	840.000000	74.000000	553.519865	864.843920	1.000000	10.640248
7.000000	22.000000	17.000000	562.000000	849.000000	74.000000	553.519865	864.843920	1.000000	10.895761
7.000000	23.000000	18.000000	644.000000	857.000000	75.000000	623.643292	862.590410	2.000000	11.688865
7.000000	24.000000	19.000000	821.000000	783.000000	67.000000	837.583510	783.259302	2.000000	12.407368
7.000000	25.000000	20.000000	851.000000	703.000000	57.000000	864.605124	691.014700	2.000000	12.863180
7.000000	26.000000	0.000000	726.000000	697.000000	56.000000	750.740029	685.167222	1.000000	13.215362
7.000000	27.000000	21.000000	760.000000	691.000000	56.000000	750.740029	685.167222	1.000000	13.489111
7.000000	28.000000	22.000000	962.000000	754.000000	68.000000	964.604150	768.996169	1.000000	14.071360
7.000000	29.000000	23.000000	1086.000000	788.000000	69.000000	1087.001304	804.828097	2.000000	14.751733
7.000000	30.000000	24.000000	1187.000000	804.000000	70.000000	1188.928978	821.431250	1.000000	15.200911
7.000000	31.000000	25.000000	1097.000000	727.000000	59.000000	1096.602704	717.852677	2.000000	15.551930
7.000000	32.000000	26.000000	1166.000000	681.000000	60.000000	1173.136773	672.035329	1.000000	15.832176
7.000000	33.000000	27.000000	1207.000000	568.000000	50.000000	1205.485749	576.314051	1.000000	16.199258
7.000000	34.000000	28.000000	1173.000000	492.000000	40.000000	1167.991042	481.262545	1.000000	16.616128
7.000000	35.000000	0.000000	986.000000	580.000000	48.000000	993.017437	604.841765	1.000000	17.151589
7.000000	36.000000	29.000000	981.000000	593.000000	48.000000	993.017437	604.841765	1.000000	17.593323
7.000000	37.000000	30.000000	880.000000	543.000000	47.000000	881.562796	553.145231	1.000000	17.968155
7.000000	38.000000	31.000000	660.000000	545.000000	45.000000	665.039253	550.800100	2.000000	18.631494
7.000000	39.000000	32.000000	745.000000	490.000000	36.000000	753.594629	488.812070	1.000000	18.985293
7.000000	40.000000	33.000000	859.000000	448.000000	37.000000	882.869871	454.299773	1.000000	19.713277
7.000000	41.000000	34.000000	941.000000	457.000000	38.000000	961.963792	459.560357	1.000000	20.153249
7.000000	42.000000	0.000000	873.000000	364.000000	27.000000	881.235623	335.672988	1.000000	20.617100
7.000000	43.000000	35.000000	873.000000	342.000000	27.000000	881.235623	335.672988	1.000000	21.095682
7.000000	44.000000	0.000000	744.000000	353.000000	26.000000	775.598846	357.827412	1.000000	21.401045
7.000000	45.000000	36.000000	774.000000	351.000000	26.000000	775.598846	357.827412	1.000000	21.841280
7.000000	46.000000	37.000000	875.000000	250.000000	17.000000	880.650068	261.607100	1.000000	22.688184
7.000000	47.000000	38.000000	1098.000000	349.000000	29.000000	1108.815072	369.990884	2.000000	23.273081
7.000000	48.000000	39.000000	1201.000000	360.000000	30.000000	1183.602434	366.365424	1.000000	23.624688
7.000000	49.000000	40.000000	1200.000000	268.000000	20.000000	1189.023044	265.862611	1.000000	23.976392
8.000000	1.000000	1.000000	419.000000	127.000000	3.000000	407.149135	133.368629	1.000000	1.255399
8.000000	2.000000	2.000000	334.000000	181.000000	2.000000	330.057836	175.539386	2.000000	1.727700
8.000000	3.000000	3.000000	325.000000	257.000000	12.000000	320.641924	238.146307	1.000000	1.968680
8.000000	4.000000	4.000000	393.000000	236.000000	13.000000	399.812398	230.807278	2.000000	2.247174
8.000000	5.000000	5.000000	187.000000	238.000000	11.000000	196.203782	241.344422	2.000000	2.551263
8.000000	6.000000	6.000000	516.000000	255.000000	14.000000	537.029474	262.734615	2.000000	3.239668
8.000000	7.000000	7.000000	625.000000	140.000000	5.000000	632.347182	144.526999	2.000000	3.792781
8.000000	8.000000	8.000000	536.000000	348.000000	24.000000	525.513600	369.282358	2.000000	4.335686
8.000000	9.000000	9.000000	653.000000	349.000000	25.000000	632.566609	357.748880	2.000000	4.615015
8.000000	10.000000	10.000000	658.000000	478.000000	35.000000	652.688059	482.658362	2.000000	5.287069
8.000000	11.000000	11.000000	510.000000	603.000000	44.000000	517.260365	605.369179	2.000000	5.856791
8.000000	12.000000	12.000000	207.000000	566.000000	41.000000	198.303098	555.953102	2.000000	6.519921
8.000000	13.000000	13.000000	291.000000	700.000000	52.000000	289.311766	701.917525	2.000000	7.152647
8.000000	14.000000	14.000000	200.000000	795.000000	61.000000	184.984867	797.320066	2.000000	7.767234
8.000000	15.000000	0.000000	207.000000	905.000000	71.000000	211.202805	930.702148	1.000000	8.128809
8.000000	16.000000	15.000000	222.000000	921.000000	71.000000	211.202805	930.702148	1.000000	8.680068
8.000000	17.000000	16.000000	327.000000	795.000000	62.000000	333.798899	799.774326	1.000000	9.294872
8.000000	18.000000	17.000000	439.000000	874.000000	73.000000	439.425611	870.243135	1.000000	9.929118
8.000000	19.000000	18.000000	429.000000	697.000000	53.000000	429.263440	683.689748	1.000000	10.400446
8.000000	20.000000	19.000000	537.000000	698.000000	54.000000	545.368694	697.016275	2.000000	10.790909
8.000000	21.000000	0.000000	562.000000	731.000000	64.000000	556.240078	760.511310	1.000000	11.080870
8.000000	22.000000	20.000000	551.000000	746.000000	64.000000	556.240078	760.511310	1.000000	11.512755
8.000000	23.000000	21.000000	646.000000	695.000000	55.000000	657.051120	700.177555	1.000000	12.215558
8.000000	24.000000	22.000000	671.000000	854.000000	75.000000	669.127909	870.171197	1.000000	12.855116
8.000000	25.000000	23.000000	838.000000	861.000000	77.000000	837.598659	874.516229	1.000000	13.423873
8.000000	26.000000	24.000000	794.000000	699.000000	56.000000	782.111910	700.403656	1.000000	13.888694
8.000000	27.000000	25.000000	903.000000	698.000000	57.000000	879.073445	694.390403	1.000000	14.191248
8.000000	28.000000	26.000000	941.000000	698.000000	58.000000	957.037575	699.885001	1.000000	14.480517
8.000000	29.000000	27.000000	988.000000	811.000000	68.000000	988.879809	798.463141	1.000000	14.839898
8.000000	30.000000	0.000000	961.000000	830.000000	78.000000	952.004448	867.467248	2.000000	15.183516
8.000000	31.000000	28.000000	957.000000	869.000000	78.000000	952.004448	867.467248	2.000000	15.999944
8.000000	32.000000	29.000000	1185.000000	785.000000	70.000000	1180.842504	785.061398	2.000000	16.696086
8.000000	33.000000	30.000000	1208.000000	691.000000	60.000000	1205.076581	703.237021	2.000000	17.023306
8.000000	34.000000	0.000000	1208.000000	596.000000	50.000000	1211.792413	570.812872	1.000000	17.497049
8.000000	35.000000	31.000000	1208.000000	573.000000	50.000000	1211.792413	570.812872	1.000000	18.200668
8.000000	36.000000	32.000000	1055.000000	573.000000	49.000000	1061.271947	585.735200	1.000000	18.719283
8.000000	37.000000	33.000000	1016.000000	558.000000	48.000000	999.440048	554.140888	2.000000	19.039783
8.000000	38.000000	34.000000	889.000000	344.000000	27.000000	874.549015	350.737562	2.000000	20.295216
8.000000	39.000000	35.000000	768.000000	231.000000	16.000000	779.950351	235.234708	1.000000	20.896567
8.000000	40.000000	36.000000	853.000000	190.000000	7.000000	852.285021	176.972705	1.000000	21.241022
8.000000	41.000000	37.000000	933.000000	182.000000	8.000000	950.923374	187.654203	1.000000	21.583593
8.000000	42.000000	38.000000	1170.000000	364.000000	30.000000	1176.759492	364.817974	1.000000	22.279708
8.000000	43.000000	0.000000	1186.000000	204.000000	20.000000	1172.551288	226.847978	2.000000	22.952813
8.000000	44.000000	39.000000	1195.000000	156.000000	10.000000	1211.537412	152.570300	2.000000	23.295030
8.000000	45.000000	40.000000	1184.000000	237.000000	20.000000	1172.551288	226.847978	2.000000	23.760332
9.000000	1.000000	0.000000	1098.000000	263.000000	19.000000	1070.249587	273.635145	2.000000	1.278540
9.000000	2.000000	1.000000	1067.000000	295.000000	19.000000	1070.249587	273.635145	2.000000	1.758319
9.000000	3.000000	2.000000	1083.000000	344.000000	29.000000	1082.196476	342.814654	2.000000	2.214481
9.000000	4.000000	3.000000	977.000000	376.000000	28.000000	983.241107	367.351244	2.000000	2.615132
9.000000	5.000000	4.000000	875.000000	226.000000	17.000000	879.497487	228.337279	2.000000	3.280019
9.000000	6.000000	5.000000	1183.000000	164.000000	10.000000	1183.357658	153.775096	1.000000	3.879259
9.000000	7.000000	6.000000	1095.000000	421.000000	39.000000	1092.391579	436.520376	1.000000	4.472466
9.000000	8.000000	7.000000	1003.000000	454.000000	38.000000	988.706235	461.396146	2.000000	4.783012
9.000000	9.000000	8.000000	1221.000000	553.000000	50.000000	1216.349043	562.959000	1.000000	5.336311
9.000000	10.000000	9.000000	1110.000000	606.000000	49.000000	1106.202156	604.468397	1.000000	6.072418
9.000000	11.000000	10.000000	1101.000000	656.000000	59.000000	1085.433724	667.544992	1.000000	6.358585
9.000000	12.000000	11.000000	1187.000000	652.000000	60.000000	1183.228994	663.824102	2.000000	6.606921
9.000000	13.000000	12.000000	1184.000000	785.000000	70.000000	1187.987348	788.943612	1.000000	6.998399
9.000000	14.000000	13.000000	1125.000000	808.000000	69.000000	1109.323793	811.568301	1.000000	7.479878
9.000000	15.000000	14.000000	939.000000	792.000000	68.000000	947.997836	798.556950	1.000000	8.103675
9.000000	16.000000	15.000000	875.000000	785.000000	67.000000	874.542404	781.878418	1.000000	8.358329
9.000000	17.000000	16.000000	860.000000	882.000000	77.000000	847.077162	890.607160	2.000000	8.839383
9.000000	18.000000	17.000000	963.000000	694.000000	58.000000	961.365508	690.220050	2.000000	9.406805
9.000000	19.000000	18.000000	853.000000	675.000000	57.000000	849.458979	663.162055	2.000000	9.710347
9.000000	20.000000	19.000000	867.000000	608.000000	47.000000	863.575891	595.575471	2.000000	9.983034
9.000000	21.000000	20.000000	644.000000	686.000000	55.000000	628.565610	682.079132	1.000000	10.646514
9.000000	22.000000	21.000000	643.000000	869.000000	75.000000	633.600758	865.376121	1.000000	11.286703
9.000000	23.000000	22.000000	572.000000	774.000000	64.000000	550.524886	775.736843	1.000000	11.672445
9.000000	24.000000	23.000000	456.000000	871.000000	73.000000	440.432101	862.031852	1.000000	12.126463
9.000000	25.000000	24.000000	281.000000	874.000000	72.000000	296.831198	876.299980	2.000000	12.560446
9.000000	26.000000	25.000000	223.000000	877.000000	71.000000	226.521518	878.897229	2.000000	12.903298
9.000000	27.000000	26.000000	193.000000	713.000000	51.000000	194.102402	719.121802	2.000000	13.638933
9.000000	28.000000	27.000000	349.000000	680.000000	52.000000	325.550225	684.124108	1.000000	14.030524
9.000000	29.000000	28.000000	403.000000	671.000000	53.000000	419.763094	673.566862	2.000000	14.494939
9.000000	30.000000	29.000000	495.000000	672.000000	54.000000	515.006091	681.675288	1.000000	14.840449
9.000000	31.000000	30.000000	559.000000	596.000000	44.000000	551.844104	596.859139	1.000000	15.207407
9.000000	32.000000	31.000000	565.000000	511.000000	34.000000	560.170714	505.303705	2.000000	15.623645
9.000000	33.000000	32.000000	619.000000	453.000000	35.000000	624.957904	469.132236	1.000000	16.302453
9.000000	34.000000	33.000000	652.000000	359.000000	25.000000	664.645498	343.373376	2.000000	16.832179
9.000000	35.000000	34.000000	515.000000	370.000000	24.000000	513.124876	380.039530	1.000000	17.254730
9.000000	36.000000	35.000000	324.000000	452.000000	32.000000	318.522063	449.084302	2.000000	18.160461
9.000000	37.000000	36.000000	324.000000	353.000000	22.000000	315.279394	361.460985	2.000000	18.520187
9.000000	38.000000	37.000000	219.000000	460.000000	31.000000	219.671655	446.806408	1.000000	18.999426
9.000000	39.000000	38.000000	210.000000	252.000000	11.000000	204.352296	251.655889	2.000000	19.678834
9.000000	40.000000	39.000000	347.000000	185.000000	2.000000	337.330367	172.019393	2.000000	20.398310
9.000000	41.000000	40.000000	431.000000	139.000000	3.000000	427.097177	144.333040	1.000000	21.134319
10.000000	1.000000	1.000000	410.000000	149.000000	3.000000	399.209688	152.864267	2.000000	1.311637
10.000000	2.000000	2.000000	223.000000	178.000000	1.000000	231.705277	184.101563	2.000000	2.158711
10.000000	3.000000	3.000000	290.000000	264.000000	12.000000	289.226012	261.279290	2.000000	2.870409
10.000000	4.000000	4.000000	292.000000	425.000000	32.000000	302.082119	440.667939	1.000000	3.671717
10.000000	5.000000	5.000000	183.000000	443.000000	31.000000	187.094539	452.486382	1.000000	4.031582
10.000000	6.000000	6.000000	420.000000	442.000000	33.000000	421.535649	443.539147	2.000000	4.639699
10.000000	7.000000	7.000000	328.000000	534.000000	42.000000	330.257096	545.165114	2.000000	5.326320
10.000000	8.000000	0.000000	186.000000	556.000000	41.000000	181.964203	580.908196	2.000000	5.710242
10.000000	9.000000	8.000000	186.000000	585.000000	41.000000	181.964203	580.908196	2.000000	6.333762
10.000000	10.000000	9.000000	319.000000	685.000000	52.000000	320.189251	691.387679	1.000000	6.782368
10.000000	11.000000	10.000000	201.000000	765.000000	61.000000	191.925877	769.884390	2.000000	7.230156
10.000000	12.000000	11.000000	306.000000	817.000000	62.000000	291.842116	820.325910	2.000000	7.671585
10.000000	13.000000	12.000000	528.000000	778.000000	64.000000	527.316369	771.472617	1.000000	8.286836
10.000000	14.000000	13.000000	540.000000	863.000000	74.000000	539.355173	870.526661	1.000000	8.550090
10.000000	15.000000	14.000000	776.000000	880.000000	76.000000	766.871235	894.744787	2.000000	9.301722
10.000000	16.000000	15.000000	777.000000	808.000000	66.000000	777.886833	786.913431	2.000000	9.621562
10.000000	17.000000	16.000000	874.000000	759.000000	67.000000	856.993154	759.764963	2.000000	10.005753
10.000000	18.000000	17.000000	981.000000	809.000000	68.000000	962.064915	795.340652	2.000000	10.334226
10.000000	19.000000	18.000000	954.000000	920.000000	78.000000	948.456095	931.312081	2.000000	10.733705
10.000000	20.000000	19.000000	856.000000	929.000000	77.000000	854.646323	926.273725	1.000000	11.054636
10.000000	21.000000	0.000000	866.000000	725.000000	57.000000	839.779133	704.324085	1.000000	11.485591
10.000000	22.000000	20.000000	842.000000	707.000000	57.000000	839.779133	704.324085	1.000000	11.831587
10.000000	23.000000	21.000000	986.000000	671.000000	58.000000	994.979589	668.562691	1.000000	12.437994
10.000000	24.000000	22.000000	1084.000000	667.000000	59.000000	1108.779844	668.087481	1.000000	12.798668
10.000000	25.000000	23.000000	1161.000000	772.000000	70.000000	1170.277285	765.294910	1.000000	13.277749
10.000000	26.000000	0.000000	995.000000	576.000000	48.000000	970.366484	588.663423	2.000000	13.742969
10.000000	27.000000	24.000000	987.000000	573.000000	48.000000	970.366484	588.663423	2.000000	14.247583
10.000000	28.000000	0.000000	1061.000000	553.000000	49.000000	1089.188274	554.909477	2.000000	14.629715
10.000000	29.000000	25.000000	1078.000000	518.000000	39.000000	1074.828333	505.778956	1.000000	14.910190
10.000000	30.000000	26.000000	1083.000000	538.000000	49.000000	1089.188274	554.909477	2.000000	15.302853
10.000000	31.000000	27.000000	1202.000000	537.000000	50.000000	1198.389866	554.107169	1.000000	15.701624
10.000000	32.000000	28.000000	966.000000	325.000000	28.000000	958.066461	343.691877	2.000000	16.567603
10.000000	33.000000	29.000000	992.000000	279.000000	18.000000	983.303581	290.482076	2.000000	16.791704
10.000000	34.000000	30.000000	954.000000	173.000000	8.000000	963.933328	177.550573	1.000000	17.390659
10.000000	35.000000	31.000000	1211.000000	130.000000	10.000000	1194.883310	136.624699	2.000000	18.054941
10.000000	36.000000	32.000000	859.000000	253.000000	17.000000	854.220592	267.187540	1.000000	18.951174
10.000000	37.000000	33.000000	847.000000	343.000000	27.000000	844.975976	344.300787	2.000000	19.269741
10.000000	38.000000	34.000000	749.000000	346.000000	26.000000	746.464310	357.613166	1.000000	19.670298
10.000000	39.000000	35.000000	676.000000	300.000000	15.000000	671.307514	294.059307	1.000000	19.982818
10.000000	40.000000	36.000000	745.000000	163.000000	6.000000	768.125676	155.388985	1.000000	20.398976
10.000000	41.000000	37.000000	548.000000	144.000000	4.000000	551.545341	137.351688	1.000000	20.997612
10.000000	42.000000	38.000000	525.000000	276.000000	14.000000	512.327991	292.387797	1.000000	21.543619
10.000000	43.000000	39.000000	641.000000	364.000000	25.000000	648.278550	378.047397	2.000000	22.341925
10.000000	44.000000	40.000000	626.000000	586.000000	45.000000	625.637039	576.954118	1.000000	23.197888
11.000000	1.000000	1.000000	210.000000	270.000000	11.000000	209.897720	293.360172	2.000000	0.995483
11.000000	2.000000	2.000000	221.000000	344.000000	21.000000	226.147550	344.918216	2.000000	1.281651
11.000000	3.000000	3.000000	314.000000	470.000000	32.000000	306.163461	461.446454	1.000000	2.035974
11.000000	4.000000	4.000000	227.000000	507.000000	31.000000	220.784606	506.182833	2.000000	2.315031
11.000000	5.000000	5.000000	172.000000	566.000000	41.000000	189.171956	557.140207	2.000000	2.554510
11.000000	6.000000	6.000000	311.000000	633.000000	52.000000	313.564358	651.032241	2.000000	3.314867
11.000000	7.000000	0.000000	385.000000	595.000000	43.000000	406.826895	570.834813	2.000000	3.643389
11.000000	8.000000	7.000000	395.000000	572.000000	43.000000	406.826895	570.834813	2.000000	4.035267
11.000000	9.000000	8.000000	345.000000	808.000000	62.000000	336.503452	800.999629	1.000000	4.842352
11.000000	10.000000	9.000000	451.000000	801.000000	63.000000	435.481243	793.334986	2.000000	5.131842
11.000000	11.000000	10.000000	540.000000	807.000000	64.000000	547.220716	811.329906	2.000000	5.418935
11.000000	12.000000	11.000000	539.000000	928.000000	74.000000	547.861432	925.986151	1.000000	5.777955
11.000000	13.000000	12.000000	646.000000	808.000000	65.000000	650.445864	825.251720	1.000000	6.371579
11.000000	14.000000	13.000000	543.000000	677.000000	54.000000	527.544596	679.323334	1.000000	6.857797
11.000000	15.000000	14.000000	795.000000	716.000000	56.000000	775.143102	715.927241	2.000000	7.345645
11.000000	16.000000	15.000000	759.000000	892.000000	76.000000	754.803957	897.937812	2.000000	7.865770
11.000000	17.000000	16.000000	876.000000	688.000000	57.000000	864.814502	693.114387	1.000000	8.298159
11.000000	18.000000	17.000000	966.000000	773.000000	68.000000	979.223461	768.523467	1.000000	8.811090
11.000000	19.000000	18.000000	1001.000000	849.000000	78.000000	998.860290	871.920152	2.000000	9.483407
11.000000	20.000000	19.000000	1186.000000	773.000000	70.000000	1179.376565	779.769582	1.000000	10.147101
11.000000	21.000000	20.000000	1204.000000	898.000000	80.000000	1213.891467	915.399115	1.000000	10.547700
11.000000	22.000000	21.000000	1072.000000	645.000000	59.000000	1059.988108	649.311169	1.000000	11.241682
11.000000	23.000000	22.000000	1116.000000	596.000000	49.000000	1104.659524	581.052332	1.000000	11.507746
11.000000	24.000000	23.000000	947.000000	602.000000	48.000000	970.100420	594.590743	1.000000	11.866974
11.000000	25.000000	24.000000	880.000000	573.000000	47.000000	871.455040	557.264213	1.000000	12.226958
11.000000	26.000000	25.000000	892.000000	501.000000	37.000000	882.601457	486.055714	1.000000	12.473999
11.000000	27.000000	26.000000	734.000000	529.000000	46.000000	744.564585	549.530640	2.000000	12.897784
11.000000	28.000000	27.000000	767.000000	505.000000	36.000000	771.767643	495.252288	1.000000	13.233844
11.000000	29.000000	28.000000	551.000000	456.000000	34.000000	547.503614	448.480601	1.000000	14.081689
11.000000	30.000000	29.000000	422.000000	424.000000	23.000000	415.443393	400.055219	1.000000	14.530722
11.000000	31.000000	30.000000	524.000000	288.000000	14.000000	536.863766	288.880717	1.000000	15.034920
11.000000	32.000000	31.000000	632.000000	328.000000	25.000000	623.367007	331.435232	2.000000	15.355388
11.000000	33.000000	32.000000	656.000000	241.000000	15.000000	668.226991	241.511434	1.000000	15.914737
11.000000	34.000000	0.000000	717.000000	269.000000	16.000000	743.563874	293.707383	2.000000	16.209625
11.000000	35.000000	33.000000	733.000000	273.000000	16.000000	743.563874	293.707383	2.000000	16.659380
11.000000	36.000000	34.000000	741.000000	186.000000	6.000000	756.162309	178.779091	2.000000	17.043384
11.000000	37.000000	35.000000	851.000000	244.000000	17.000000	840.559460	253.557373	2.000000	17.387438
11.000000	38.000000	36.000000	843.000000	397.000000	27.000000	840.816016	400.681034	2.000000	17.858771
11.000000	39.000000	37.000000	962.000000	377.000000	28.000000	961.088596	381.077385	2.000000	18.218665
11.000000	40.000000	38.000000	1164.000000	264.000000	20.000000	1169.085076	257.129425	2.000000	19.074858
11.000000	41.000000	0.000000	975.000000	120.000000	8.000000	989.001493	150.889968	1.000000	19.513720
11.000000	42.000000	39.000000	989.000000	145.000000	8.000000	989.001493	150.889968	1.000000	19.771490
11.000000	43.000000	40.000000	1166.000000	125.000000	10.000000	1187.789188	129.557163	2.000000	20.321917
12.000000	1.000000	1.000000	1191.000000	236.000000	20.000000	1184.371624	239.693241	2.000000	0.989018
12.000000	2.000000	2.000000	1061.000000	259.000000	19.000000	1073.408488	267.477039	2.000000	1.334307
12.000000	3.000000	3.000000	970.000000	241.000000	18.000000	962.073486	243.093323	2.000000	1.629605
12.000000	4.000000	4.000000	879.000000	251.000000	17.000000	860.967243	249.466474	1.000000	1.949250
12.000000	5.000000	5.000000	864.000000	326.000000	27.000000	858.704537	332.626215	2.000000	2.222906
12.000000	6.000000	0.000000	750.000000	306.000000	16.000000	753.866131	277.948727	2.000000	2.533853
12.000000	7.000000	6.000000	751.000000	280.000000	16.000000	753.866131	277.948727	2.000000	2.966736
12.000000	8.000000	7.000000	675.000000	239.000000	15.000000	669.392784	233.004417	1.000000	3.261593
12.000000	9.000000	8.000000	567.000000	175.000000	4.000000	556.859814	178.859317	1.000000	3.702096
12.000000	10.000000	0.000000	458.000000	168.000000	3.000000	436.686995	182.319246	1.000000	4.382505
12.000000	11.000000	9.000000	414.000000	187.000000	3.000000	436.686995	182.319246	1.000000	4.830686
12.000000	12.000000	10.000000	324.000000	226.000000	12.000000	315.564860	245.659439	1.000000	5.357620
12.000000	13.000000	11.000000	311.000000	135.000000	2.000000	302.321245	138.309788	2.000000	5.678860
12.000000	14.000000	12.000000	232.000000	147.000000	1.000000	220.943353	162.147943	1.000000	5.932754
12.000000	15.000000	13.000000	189.000000	212.000000	11.000000	183.054378	227.881478	2.000000	6.277694
12.000000	16.000000	14.000000	552.000000	346.000000	24.000000	558.633044	340.954736	1.000000	6.901484
12.000000	17.000000	15.000000	624.000000	388.000000	25.000000	627.193754	391.128337	1.000000	7.174176
12.000000	18.000000	0.000000	531.000000	437.000000	34.000000	517.810212	466.722669	1.000000	7.510831
12.000000	19.000000	16.000000	529.000000	454.000000	34.000000	517.810212	466.722669	1.000000	7.989226
12.000000	20.000000	17.000000	337.000000	439.000000	32.000000	330.264257	446.777772	1.000000	8.471005
12.000000	21.000000	18.000000	217.000000	550.000000	41.000000	213.601337	545.206060	2.000000	9.284929
12.000000	22.000000	19.000000	464.000000	573.000000	43.000000	445.654710	581.775554	1.000000	9.828950
12.000000	23.000000	20.000000	215.000000	666.000000	51.000000	200.703763	684.419020	1.000000	10.789960
12.000000	24.000000	21.000000	299.000000	788.000000	62.000000	295.435350	793.854401	2.000000	11.709148
12.000000	25.000000	22.000000	187.000000	885.000000	71.000000	189.982916	897.005539	1.000000	12.428905
12.000000	26.000000	23.000000	511.000000	898.000000	74.000000	534.722629	893.263935	1.000000	13.084816
12.000000	27.000000	24.000000	638.000000	910.000000	75.000000	654.490172	916.128987	1.000000	13.812726
12.000000	28.000000	25.000000	647.000000	799.000000	65.000000	640.415667	780.482928	1.000000	14.268910
12.000000	29.000000	26.000000	524.000000	678.000000	54.000000	518.512848	666.651248	2.000000	14.916803
12.000000	30.000000	27.000000	749.000000	569.000000	46.000000	746.410071	560.364767	2.000000	15.829032
12.000000	31.000000	28.000000	783.000000	456.000000	36.000000	778.802854	469.582247	2.000000	16.133159
12.000000	32.000000	29.000000	757.000000	404.000000	26.000000	756.127443	381.005284	2.000000	16.404793
12.000000	33.000000	30.000000	961.000000	367.000000	28.000000	961.967153	374.365184	2.000000	17.334208
12.000000	34.000000	31.000000	1093.000000	380.000000	29.000000	1078.761223	400.279130	2.000000	17.669459
12.000000	35.000000	32.000000	1202.000000	363.000000	30.000000	1209.901689	372.165145	1.000000	18.110377
12.000000	36.000000	33.000000	1073.000000	556.000000	49.000000	1069.900476	574.214052	1.000000	18.726978
12.000000	37.000000	34.000000	985.000000	557.000000	48.000000	968.704994	549.495186	1.000000	19.238533
12.000000	38.000000	35.000000	1210.000000	672.000000	60.000000	1203.277303	670.043561	2.000000	19.988691
12.000000	39.000000	36.000000	847.000000	682.000000	57.000000	855.168679	683.132464	2.000000	20.653659
12.000000	40.000000	37.000000	849.000000	866.000000	77.000000	840.120153	866.444954	2.000000	21.454903
12.000000	41.000000	38.000000	1077.000000	823.000000	69.000000	1079.286226	813.933654	2.000000	22.005640
12.000000	42.000000	39.000000	1112.000000	854.000000	79.000000	1105.312574	863.479845	2.000000	22.214673
12.000000	43.000000	40.000000	1187.000000	875.000000	80.000000	1187.245689	882.387431	1.000000	22.613964
13.000000	1.000000	1.000000	195.000000	261.000000	11.000000	186.588632	266.757458	2.000000	1.106523
13.000000	2.000000	2.000000	421.000000	259.000000	13.000000	433.330274	254.550558	1.000000	1.786630
13.000000	3.000000	3.000000	401.000000	330.000000	23.000000	398.959742	346.782918	1.000000	2.107502
13.000000	4.000000	4.000000	516.000000	262.000000	14.000000	530.466615	258.074158	2.000000	2.402706
13.000000	5.000000	5.000000	548.000000	340.000000	24.000000	542.564747	345.911277	2.000000	2.667351
13.000000	6.000000	6.000000	655.000000	230.000000	15.000000	666.627977	228.760242	1.000000	3.331390
13.000000	7.000000	7.000000	643.000000	341.000000	25.000000	645.196630	360.115393	1.000000	3.730850
13.000000	8.000000	8.000000	868.000000	350.000000	27.000000	857.036211	370.729206	2.000000	4.594441
13.000000	9.000000	0.000000	1014.000000	333.000000	28.000000	976.892253	336.991575	2.000000	4.962141
13.000000	10.000000	9.000000	985.000000	329.000000	28.000000	976.892253	336.991575	2.000000	5.250290
13.000000	11.000000	10.000000	980.000000	257.000000	18.000000	975.380999	257.049978	1.000000	5.507520
13.000000	12.000000	11.000000	895.000000	154.000000	7.000000	880.877374	138.262743	2.000000	5.867298
13.000000	13.000000	12.000000	1084.000000	227.000000	19.000000	1082.400326	237.260325	1.000000	6.634522
13.000000	14.000000	13.000000	1065.000000	179.000000	9.000000	1072.446226	177.066572	2.000000	6.953709
13.000000	15.000000	14.000000	1169.000000	337.000000	30.000000	1170.352456	349.423405	2.000000	7.571494
13.000000	16.000000	15.000000	1002.000000	467.000000	38.000000	994.784789	471.595972	2.000000	8.235057
13.000000	17.000000	16.000000	873.000000	492.000000	37.000000	882.094350	501.787987	1.000000	8.778191
13.000000	18.000000	17.000000	880.000000	542.000000	47.000000	878.337845	564.792155	1.000000	9.073630
13.000000	19.000000	18.000000	973.000000	586.000000	48.000000	966.484109	598.972768	1.000000	9.409218
13.000000	20.000000	19.000000	985.000000	687.000000	58.000000	992.204147	689.857484	1.000000	10.161639
13.000000	21.000000	20.000000	1196.000000	678.000000	60.000000	1175.980805	679.692206	2.000000	10.698740
13.000000	22.000000	21.000000	1103.000000	894.000000	79.000000	1087.129673	892.143904	2.000000	11.314764
13.000000	23.000000	22.000000	895.000000	784.000000	67.000000	882.173046	781.534074	2.000000	11.882528
13.000000	24.000000	23.000000	867.000000	710.000000	57.000000	860.953946	704.855216	1.000000	12.298194
13.000000	25.000000	24.000000	544.000000	814.000000	64.000000	535.517085	814.021959	2.000000	13.659523
13.000000	26.000000	25.000000	423.000000	799.000000	63.000000	427.077717	783.841872	2.000000	14.067167
13.000000	27.000000	26.000000	320.000000	901.000000	72.000000	318.018803	898.459771	2.000000	14.619444
13.000000	28.000000	27.000000	309.000000	785.000000	62.000000	308.548928	791.033303	1.000000	14.929705
13.000000	29.000000	0.000000	236.000000	794.000000	61.000000	194.898032	803.503887	2.000000	15.217639
13.000000	30.000000	0.000000	203.000000	772.000000	61.000000	194.898032	803.503887	2.000000	15.642127
13.000000	31.000000	28.000000	202.000000	789.000000	61.000000	194.898032	803.503887	2.000000	15.889425
13.000000	32.000000	0.000000	449.000000	683.000000	53.000000	421.796140	691.248290	1.000000	16.547061
13.000000	33.000000	29.000000	435.000000	688.000000	53.000000	421.796140	691.248290	1.000000	16.890473
13.000000	34.000000	30.000000	515.000000	653.000000	54.000000	521.149563	655.239491	1.000000	17.321500
13.000000	35.000000	31.000000	647.000000	646.000000	55.000000	645.311885	652.862349	2.000000	17.689607
13.000000	36.000000	32.000000	637.000000	572.000000	45.000000	637.957256	561.902879	1.000000	18.138590
13.000000	37.000000	33.000000	547.000000	550.000000	44.000000	551.842341	552.805671	1.000000	18.515043
13.000000	38.000000	34.000000	550.000000	476.000000	34.000000	532.454408	466.092165	1.000000	18.907445
13.000000	39.000000	35.000000	401.000000	482.000000	33.000000	404.250252	493.908602	1.000000	19.329872
13.000000	40.000000	0.000000	316.000000	470.000000	32.000000	293.984712	450.340446	2.000000	19.761984
13.000000	41.000000	36.000000	292.000000	449.000000	32.000000	293.984712	450.340446	2.000000	20.162738
13.000000	42.000000	37.000000	328.000000	559.000000	42.000000	317.133296	564.771690	1.000000	20.731580
13.000000	43.000000	0.000000	249.000000	574.000000	41.000000	229.642717	592.240949	2.000000	21.105386
13.000000	44.000000	38.000000	242.000000	581.000000	41.000000	229.642717	592.240949	2.000000	21.419434
13.000000	45.000000	39.000000	309.000000	659.000000	52.000000	300.177420	660.630931	2.000000	21.922468
13.000000	46.000000	40.000000	201.000000	656.000000	51.000000	192.025144	668.197183	1.000000	22.419509
14.000000	1.000000	1.000000	412.000000	127.000000	3.000000	406.193140	123.027561	1.000000	1.079622
14.000000	2.000000	2.000000	291.000000	127.000000	2.000000	307.769005	133.539440	2.000000	1.382767
14.000000	3.000000	0.000000	247.000000	154.000000	1.000000	229.613038	174.827116	2.000000	1.847924
14.000000	4.000000	3.000000	239.000000	167.000000	1.000000	229.613038	174.827116	2.000000	2.150303
14.000000	5.000000	4.000000	240.000000	237.000000	11.000000	227.397767	233.702811	1.000000	2.767181
14.000000	6.000000	5.000000	321.000000	278.000000	12.000000	331.306911	293.748525	1.000000	3.230757
14.000000	7.000000	6.000000	340.000000	373.000000	22.000000	332.953593	364.355206	1.000000	3.664243
14.000000	8.000000	7.000000	553.000000	259.000000	14.000000	543.957799	269.038694	1.000000	4.224179
14.000000	9.000000	8.000000	535.000000	122.000000	4.000000	523.531269	124.326022	1.000000	4.631482
14.000000	10.000000	9.000000	559.000000	359.000000	24.000000	555.853216	381.268888	1.000000	5.239051
14.000000	11.000000	10.000000	752.000000	137.000000	6.000000	740.641622	145.799540	1.000000	6.256308
14.000000	12.000000	11.000000	888.000000	258.000000	17.000000	889.480573	261.609192	1.000000	6.734866
14.000000	13.000000	12.000000	983.000000	265.000000	18.000000	991.950517	271.007475	1.000000	7.086880
14.000000	14.000000	0.000000	989.000000	111.000000	8.000000	988.734333	141.874184	1.000000	7.374161
14.000000	15.000000	13.000000	995.000000	140.000000	8.000000	988.734333	141.874184	1.000000	7.910207
14.000000	16.000000	14.000000	1090.000000	139.000000	9.000000	1082.684931	149.843891	2.000000	8.247696
14.000000	17.000000	15.000000	1092.000000	224.000000	19.000000	1098.762463	237.199032	2.000000	8.623033
14.000000	18.000000	16.000000	1195.000000	176.000000	10.000000	1191.975507	186.348182	1.000000	9.222977
14.000000	19.000000	17.000000	770.000000	437.000000	36.000000	763.910796	442.676492	2.000000	10.280201
14.000000	20.000000	18.000000	648.000000	458.000000	35.000000	649.123679	454.542357	2.000000	10.638223
14.000000	21.000000	19.000000	443.000000	466.000000	33.000000	439.318553	457.941709	2.000000	11.223428
14.000000	22.000000	20.000000	401.000000	572.000000	43.000000	405.447843	571.600570	2.000000	11.862424
14.000000	23.000000	21.000000	304.000000	591.000000	42.000000	293.778686	582.406902	2.000000	12.151424
14.000000	24.000000	22.000000	209.000000	481.000000	31.000000	207.340496	489.993632	2.000000	12.606549
14.000000	25.000000	23.000000	320.000000	763.000000	62.000000	309.781213	760.209494	2.000000	13.534754
14.000000	26.000000	24.000000	339.000000	723.000000	52.000000	337.933819	709.326686	1.000000	13.854527
14.000000	27.000000	25.000000	427.000000	790.000000	63.000000	423.966326	783.015931	2.000000	14.271164
14.000000	28.000000	0.000000	525.000000	802.000000	64.000000	545.065542	825.470514	2.000000	14.734793
14.000000	29.000000	26.000000	545.000000	811.000000	64.000000	545.065542	825.470514	2.000000	14.984084
14.000000	30.000000	27.000000	624.000000	764.000000	65.000000	629.955174	771.645769	1.000000	15.414946
14.000000	31.000000	28.000000	634.000000	729.000000	55.000000	635.718475	714.605245	2.000000	15.735608
14.000000	32.000000	29.000000	580.000000	710.000000	54.000000	560.935279	704.441708	2.000000	16.079593
14.000000	33.000000	30.000000	552.000000	598.000000	44.000000	553.441970	610.817319	1.000000	16.416364
14.000000	34.000000	0.000000	783.000000	714.000000	56.000000	757.614380	707.860782	2.000000	17.040251
14.000000	35.000000	31.000000	766.000000	710.000000	56.000000	757.614380	707.860782	2.000000	17.519278
14.000000	36.000000	32.000000	871.000000	796.000000	67.000000	878.610982	813.207085	2.000000	18.008218
14.000000	37.000000	33.000000	888.000000	872.000000	77.000000	877.032001	875.860844	2.000000	18.382815
14.000000	38.000000	34.000000	1006.000000	799.000000	68.000000	1001.151089	794.767638	1.000000	19.216265
14.000000	39.000000	35.000000	1117.000000	913.000000	79.000000	1105.068679	930.879930	1.000000	20.023343
14.000000	40.000000	36.000000	1201.000000	879.000000	80.000000	1193.768414	891.672284	2.000000	20.399612
14.000000	41.000000	37.000000	1177.000000	839.000000	70.000000	1170.863423	823.239545	2.000000	20.687626
14.000000	42.000000	38.000000	837.000000	551.000000	47.000000	839.251175	543.871204	1.000000	21.544295
14.000000	43.000000	39.000000	973.000000	493.000000	38.000000	988.164437	503.136324	1.000000	22.088309
14.000000	44.000000	40.000000	1064.000000	493.000000	39.000000	1077.378639	495.695219	1.000000	22.510254
15.000000	1.000000	1.000000	201.000000	230.000000	11.000000	191.983994	230.348057	1.000000	1.158649
15.000000	2.000000	2.000000	310.000000	489.000000	32.000000	294.574178	490.404223	1.000000	2.013463
15.000000	3.000000	3.000000	204.000000	663.000000	51.000000	209.542158	653.454485	2.000000	2.972768
15.000000	4.000000	4.000000	338.000000	667.000000	52.000000	335.008474	668.583177	1.000000	3.366234
15.000000	5.000000	5.000000	392.000000	594.000000	43.000000	398.008786	604.130387	2.000000	3.653248
15.000000	6.000000	6.000000	403.000000	701.000000	53.000000	414.166039	701.335623	2.000000	4.053079
15.000000	7.000000	7.000000	413.000000	784.000000	63.000000	417.775471	790.355521	2.000000	4.725106
15.000000	8.000000	8.000000	306.000000	795.000000	62.000000	306.319366	786.624329	2.000000	5.165816
15.000000	9.000000	9.000000	302.000000	846.000000	72.000000	294.646282	867.238641	2.000000	5.716924
15.000000	10.000000	10.000000	572.000000	806.000000	64.000000	556.913244	809.973565	2.000000	6.270732
15.000000	11.000000	11.000000	623.000000	808.000000	65.000000	631.522277	808.613756	2.000000	6.582217
15.000000	12.000000	12.000000	452.000000	462.000000	33.000000	440.644047	451.504821	2.000000	7.260663
15.000000	13.000000	13.000000	545.000000	438.000000	34.000000	555.010190	436.998784	2.000000	8.134231
15.000000	14.000000	14.000000	536.000000	344.000000	24.000000	537.296104	343.648530	2.000000	8.510275
15.000000	15.000000	15.000000	662.000000	385.000000	25.000000	667.489282	384.865134	1.000000	9.325632
15.000000	16.000000	16.000000	627.000000	218.000000	15.000000	630.042451	228.234058	1.000000	9.693138
15.000000	17.000000	17.000000	626.000000	107.000000	5.000000	634.942323	128.403038	1.000000	9.973133
15.000000	18.000000	18.000000	740.000000	121.000000	6.000000	762.039101	128.840649	1.000000	10.388787
15.000000	19.000000	19.000000	863.000000	223.000000	17.000000	869.684387	246.259337	1.000000	11.054722
15.000000	20.000000	20.000000	799.000000	381.000000	26.000000	779.997289	387.785529	1.000000	11.596734
15.000000	21.000000	21.000000	986.000000	163.000000	8.000000	978.953217	168.232972	2.000000	12.286108
15.000000	22.000000	22.000000	1170.000000	266.000000	20.000000	1167.987975	267.938800	2.000000	12.949094
15.000000	23.000000	23.000000	1204.000000	126.000000	10.000000	1209.665564	136.561996	2.000000	13.614466
15.000000	24.000000	24.000000	742.000000	559.000000	46.000000	750.669424	568.557494	1.000000	14.717267
15.000000	25.000000	25.000000	625.000000	557.000000	45.000000	620.622064	545.003508	1.000000	15.005129
15.000000	26.000000	26.000000	509.000000	590.000000	44.000000	523.595341	589.885669	1.000000	15.316632
15.000000	27.000000	27.000000	768.000000	680.000000	56.000000	756.955873	685.349758	1.000000	16.069314
15.000000	28.000000	28.000000	761.000000	756.000000	66.000000	769.435966	777.386711	1.000000	16.340852
15.000000	29.000000	29.000000	439.000000	914.000000	73.000000	425.176852	902.735634	1.000000	17.149433
15.000000	30.000000	30.000000	844.000000	896.000000	77.000000	847.012528	915.451805	1.000000	18.061101
15.000000	31.000000	31.000000	857.000000	803.000000	67.000000	859.263011	790.791965	1.000000	18.526727
15.000000	32.000000	32.000000	982.000000	942.000000	78.000000	986.610465	931.773260	2.000000	19.045262
15.000000	33.000000	33.000000	1073.000000	839.000000	69.000000	1067.342648	819.519971	2.000000	19.413950
15.000000	34.000000	34.000000	1075.000000	846.000000	79.000000	1079.603359	861.906617	2.000000	19.853648
15.000000	35.000000	35.000000	1185.000000	893.000000	80.000000	1184.101797	905.226423	2.000000	20.341098
15.000000	36.000000	36.000000	1184.000000	799.000000	70.000000	1174.258776	798.747573	1.000000	20.702277
15.000000	37.000000	37.000000	1196.000000	719.000000	60.000000	1203.412051	708.903242	1.000000	21.022768
15.000000	38.000000	38.000000	1193.000000	614.000000	50.000000	1181.697739	609.955995	2.000000	21.509366
15.000000	39.000000	39.000000	995.000000	665.000000	58.000000	984.606611	680.864943	1.000000	22.158735
15.000000	40.000000	40.000000	887.000000	589.000000	47.000000	890.555467	584.957895	2.000000	22.582714
16.000000	1.000000	1.000000	209.000000	248.000000	11.000000	213.979105	234.979346	2.000000	0.822504
16.000000	2.000000	2.000000	297.000000	394.000000	22.000000	289.176597	388.626491	2.000000	1.366682
16.000000	3.000000	3.000000	322.000000	457.000000	32.000000	323.746073	466.158873	1.000000	1.660610
16.000000	4.000000	4.000000	291.000000	544.000000	42.000000	289.232716	566.721891	1.000000	2.213147
16.000000	5.000000	5.000000	208.000000	554.000000	41.000000	184.769375	555.773599	2.000000	2.518096
16.000000	6.000000	0.000000	296.000000	621.000000	52.000000	300.218650	658.619543	1.000000	2.884868
16.000000	7.000000	6.000000	302.000000	657.000000	52.000000	300.218650	658.619543	1.000000	3.404866
16.000000	8.000000	0.000000	244.000000	727.000000	61.000000	231.870902	756.661118	1.000000	3.764646
16.000000	9.000000	7.000000	249.000000	763.000000	61.000000	231.870902	756.661118	1.000000	4.157683
16.000000	10.000000	8.000000	302.000000	776.000000	62.000000	300.644977	777.118613	2.000000	4.925318
16.000000	11.000000	9.000000	330.000000	909.000000	72.000000	321.408479	915.696335	2.000000	5.446300
16.000000	12.000000	10.000000	517.000000	809.000000	64.000000	512.060913	806.782562	1.000000	5.990042
16.000000	13.000000	11.000000	435.000000	767.000000	63.000000	431.773004	762.349036	1.000000	6.310275
16.000000	14.000000	12.000000	433.000000	712.000000	53.000000	433.065037	691.405202	1.000000	6.565683
16.000000	15.000000	13.000000	628.000000	875.000000	75.000000	626.948318	878.548835	1.000000	7.261886
16.000000	16.000000	14.000000	569.000000	675.000000	54.000000	554.395493	662.697941	2.000000	7.749082
16.000000	17.000000	15.000000	780.000000	743.000000	66.000000	773.861917	758.412929	2.000000	8.285605
16.000000	18.000000	16.000000	844.000000	780.000000	67.000000	852.068499	782.286172	2.000000	8.605054
16.000000	19.000000	17.000000	876.000000	730.000000	57.000000	872.065965	715.488168	2.000000	8.886276
16.000000	20.000000	18.000000	772.000000	913.000000	76.000000	772.892367	925.418558	2.000000	9.390415
16.000000	21.000000	19.000000	1055.000000	778.000000	69.000000	1067.273032	777.543349	2.000000	10.566798
16.000000	22.000000	20.000000	1077.000000	714.000000	59.000000	1073.429003	701.507003	2.000000	10.860649
16.000000	23.000000	21.000000	1164.000000	787.000000	70.000000	1168.413740	796.624279	1.000000	11.350310
16.000000	24.000000	22.000000	989.000000	898.000000	78.000000	983.187949	900.732495	1.000000	12.222440
16.000000	25.000000	23.000000	758.000000	670.000000	56.000000	758.006952	656.549409	1.000000	12.972901
16.000000	26.000000	24.000000	870.000000	601.000000	47.000000	866.867816	603.071846	1.000000	13.630326
16.000000	27.000000	25.000000	843.000000	448.000000	37.000000	843.759155	446.537120	1.000000	14.301251
16.000000	28.000000	26.000000	849.000000	397.000000	27.000000	856.554311	380.038928	2.000000	14.534797
16.000000	29.000000	27.000000	780.000000	395.000000	26.000000	780.098688	398.434160	2.000000	14.828577
16.000000	30.000000	28.000000	745.000000	432.000000	36.000000	735.524169	454.395313	2.000000	15.109329
16.000000	31.000000	0.000000	640.000000	440.000000	35.000000	664.584868	447.324034	2.000000	15.405323
16.000000	32.000000	29.000000	675.000000	439.000000	35.000000	664.584868	447.324034	2.000000	15.806794
16.000000	33.000000	0.000000	574.000000	453.000000	34.000000	551.497627	471.012116	1.000000	16.246898
16.000000	34.000000	30.000000	548.000000	457.000000	34.000000	551.497627	471.012116	1.000000	16.694243
16.000000	35.000000	31.000000	454.000000	369.000000	23.000000	440.677905	360.212010	1.000000	17.126814
16.000000	36.000000	32.000000	657.000000	343.000000	25.000000	662.880790	346.809308	2.000000	17.694120
16.000000	37.000000	33.000000	674.000000	289.000000	15.000000	663.843484	294.112463	2.000000	17.948772
16.000000	38.000000	34.000000	543.000000	246.000000	14.000000	545.824478	231.025680	1.000000	18.717722
16.000000	39.000000	35.000000	645.000000	182.000000	5.000000	638.094076	169.929637	1.000000	19.301262
16.000000	40.000000	36.000000	884.000000	117.000000	7.000000	882.836841	123.042783	1.000000	20.118082
16.000000	41.000000	37.000000	1084.000000	179.000000	9.000000	1065.219967	188.658373	1.000000	20.837329
16.000000	42.000000	38.000000	975.000000	259.000000	18.000000	989.618573	276.750925	2.000000	21.445785
16.000000	43.000000	39.000000	1184.000000	144.000000	10.000000	1173.051506	143.628524	1.000000	22.037597
16.000000	44.000000	40.000000	1093.000000	427.000000	39.000000	1080.109883	436.416529	2.000000	22.582218
17.000000	1.000000	1.000000	1206.000000	294.000000	20.000000	1201.830038	285.188225	1.000000	0.758473
17.000000	2.000000	2.000000	1202.000000	349.000000	30.000000	1203.526731	344.723561	1.000000	1.014933
17.000000	3.000000	3.000000	1082.000000	377.000000	29.000000	1095.255656	373.432286	2.000000	1.404893
17.000000	4.000000	4.000000	1068.000000	157.000000	9.000000	1061.103839	163.028121	2.000000	1.886142
17.000000	5.000000	5.000000	985.000000	186.000000	8.000000	994.413012	186.966636	1.000000	2.222931
17.000000	6.000000	6.000000	1002.000000	373.000000	28.000000	1000.681581	388.558532	2.000000	2.846580
17.000000	7.000000	7.000000	1005.000000	447.000000	38.000000	998.985355	463.226632	2.000000	3.126502
17.000000	8.000000	0.000000	922.000000	469.000000	37.000000	891.833591	475.543532	2.000000	3.422862
17.000000	9.000000	8.000000	1008.000000	577.000000	48.000000	994.898045	580.947832	2.000000	4.269893
17.000000	10.000000	9.000000	1087.000000	606.000000	49.000000	1074.078944	600.500408	1.000000	4.517418
17.000000	11.000000	10.000000	1093.000000	650.000000	59.000000	1096.810688	653.961959	1.000000	5.020948
17.000000	12.000000	11.000000	1203.000000	678.000000	60.000000	1197.264843	692.647331	2.000000	5.636881
17.000000	13.000000	12.000000	1076.000000	782.000000	69.000000	1091.679458	780.957903	2.000000	6.406210
17.000000	14.000000	13.000000	1185.000000	906.000000	80.000000	1190.961470	919.657960	2.000000	6.974894
17.000000	15.000000	14.000000	865.000000	791.000000	67.000000	873.409917	793.987794	2.000000	7.829919
17.000000	16.000000	15.000000	747.000000	783.000000	66.000000	739.170326	793.016508	1.000000	8.261871
17.000000	17.000000	16.000000	650.000000	934.000000	75.000000	662.114918	916.295276	1.000000	8.684926
17.000000	18.000000	17.000000	565.000000	936.000000	74.000000	543.432272	932.306285	1.000000	9.013455
17.000000	19.000000	18.000000	497.000000	787.000000	64.000000	510.753480	781.421676	2.000000	9.542001
17.000000	20.000000	0.000000	465.000000	793.000000	63.000000	425.880301	808.665438	2.000000	9.830822
17.000000	21.000000	19.000000	420.000000	819.000000	63.000000	425.880301	808.665438	2.000000	10.110591
17.000000	22.000000	20.000000	310.000000	916.000000	72.000000	313.689777	911.500112	1.000000	10.716915
17.000000	23.000000	21.000000	216.000000	878.000000	71.000000	216.623791	873.350588	1.000000	11.046967
17.000000	24.000000	22.000000	401.000000	688.000000	53.000000	406.977150	679.553851	1.000000	11.662752
17.000000	25.000000	23.000000	519.000000	676.000000	54.000000	533.160386	664.209345	1.000000	12.028629
17.000000	26.000000	24.000000	566.000000	598.000000	44.000000	560.913219	603.579235	2.000000	12.356762
17.000000	27.000000	25.000000	725.000000	564.000000	46.000000	735.091088	563.555873	2.000000	12.942884
17.000000	28.000000	26.000000	841.000000	571.000000	47.000000	852.251110	579.192996	2.000000	13.588888
17.000000	29.000000	27.000000	895.000000	480.000000	37.000000	891.833591	475.543532	2.000000	13.925704
17.000000	30.000000	28.000000	842.000000	354.000000	27.000000	842.826916	373.082640	1.000000	14.573901
17.000000	31.000000	29.000000	862.000000	295.000000	17.000000	867.503392	290.855414	1.000000	14.820999
17.000000	32.000000	30.000000	768.000000	132.000000	6.000000	767.228614	147.882797	1.000000	15.284903
17.000000	33.000000	31.000000	670.000000	232.000000	15.000000	656.910437	246.670030	1.000000	15.902268
17.000000	34.000000	32.000000	658.000000	453.000000	35.000000	655.211166	468.762114	1.000000	16.622240
17.000000	35.000000	33.000000	562.000000	159.000000	4.000000	553.185304	153.630624	2.000000	17.254397
17.000000	36.000000	34.000000	455.000000	151.000000	3.000000	448.457838	136.604928	1.000000	17.606039
17.000000	37.000000	35.000000	308.000000	252.000000	12.000000	289.656259	254.321795	2.000000	18.125035
17.000000	38.000000	36.000000	422.000000	366.000000	23.000000	398.977502	364.954436	2.000000	18.613468
17.000000	39.000000	37.000000	335.000000	452.000000	32.000000	337.059853	446.859996	2.000000	19.118614
17.000000	40.000000	38.000000	424.000000	528.000000	43.000000	435.970913	545.214410	2.000000	19.828806
17.000000	41.000000	39.000000	353.000000	588.000000	42.000000	332.054239	599.732184	1.000000	20.141622
17.000000	42.000000	0.000000	241.000000	585.000000	41.000000	211.954973	584.277084	1.000000	20.470364
17.000000	43.000000	40.000000	227.000000	581.000000	41.000000	211.954973	584.277084	1.000000	20.901494
18.000000	1.000000	0.000000	218.000000	127.000000	1.000000	187.354220	123.195926	1.000000	1.103705
18.000000	2.000000	1.000000	202.000000	122.000000	1.000000	187.354220	123.195926	1.000000	1.536207
18.000000	3.000000	2.000000	279.000000	160.000000	2.000000	293.080552	162.964428	2.000000	1.897018
18.000000	4.000000	3.000000	431.000000	140.000000	3.000000	449.032900	140.847434	1.000000	2.247629
18.000000	5.000000	4.000000	409.000000	252.000000	13.000000	424.004327	261.308776	1.000000	2.615376
18.000000	6.000000	5.000000	317.000000	393.000000	22.000000	301.843758	396.941542	1.000000	3.103546
18.000000	7.000000	6.000000	244.000000	375.000000	21.000000	224.024234	375.926678	2.000000	3.367604
18.000000	8.000000	7.000000	209.000000	434.000000	31.000000	209.863671	437.840251	1.000000	3.608811
18.000000	9.000000	8.000000	396.000000	480.000000	33.000000	402.754303	496.045497	1.000000	4.103585
18.000000	10.000000	0.000000	345.000000	566.000000	42.000000	319.208727	571.516031	2.000000	4.800085
18.000000	11.000000	9.000000	330.000000	567.000000	42.000000	319.208727	571.516031	2.000000	5.215270
18.000000	12.000000	10.000000	387.000000	588.000000	43.000000	400.156380	591.201680	1.000000	5.511657
18.000000	13.000000	0.000000	516.000000	501.000000	34.000000	542.298250	499.999050	1.000000	6.112961
18.000000	14.000000	11.000000	554.000000	488.000000	34.000000	542.298250	499.999050	1.000000	6.744106
18.000000	15.000000	12.000000	422.000000	770.000000	63.000000	413.992715	774.096916	2.000000	7.447706
18.000000	16.000000	13.000000	315.000000	814.000000	62.000000	296.447609	814.882336	2.000000	8.111673
18.000000	17.000000	14.000000	508.000000	772.000000	64.000000	517.018928	769.303317	2.000000	8.577157
18.000000	18.000000	15.000000	604.000000	761.000000	65.000000	618.706034	757.457972	1.000000	9.047705
18.000000	19.000000	0.000000	621.000000	930.000000	75.000000	641.924564	911.620844	1.000000	9.480828
18.000000	20.000000	16.000000	645.000000	911.000000	75.000000	641.924564	911.620844	1.000000	10.080549
18.000000	21.000000	0.000000	830.000000	905.000000	77.000000	860.297064	902.818276	2.000000	10.552991
18.000000	22.000000	17.000000	854.000000	902.000000	77.000000	860.297064	902.818276	2.000000	10.831653
18.000000	23.000000	18.000000	781.000000	871.000000	76.000000	767.449318	863.238100	2.000000	11.168048
18.000000	24.000000	0.000000	676.000000	706.000000	55.000000	649.624450	704.758214	2.000000	11.631951
18.000000	25.000000	19.000000	668.000000	703.000000	55.000000	649.624450	704.758214	2.000000	12.031325
18.000000	26.000000	20.000000	744.000000	698.000000	56.000000	753.767366	697.594674	1.000000	12.401173
18.000000	27.000000	21.000000	765.000000	605.000000	46.000000	774.780970	595.875320	2.000000	13.152977
18.000000	28.000000	22.000000	1091.000000	593.000000	49.000000	1085.192751	590.616170	1.000000	13.968171
18.000000	29.000000	23.000000	1208.000000	599.000000	50.000000	1213.103499	594.748261	1.000000	14.303990
18.000000	30.000000	24.000000	1170.000000	703.000000	60.000000	1173.810965	714.666715	1.000000	14.751660
18.000000	31.000000	25.000000	1090.000000	875.000000	79.000000	1079.222941	870.864349	2.000000	15.240877
18.000000	32.000000	26.000000	979.000000	565.000000	48.000000	983.463595	561.535035	2.000000	15.847852
18.000000	33.000000	0.000000	1041.000000	410.000000	39.000000	1095.618715	441.811283	3.000000	16.192349
18.000000	34.000000	27.000000	984.000000	445.000000	38.000000	984.546596	451.899488	1.000000	16.737363
18.000000	35.000000	0.000000	1083.000000	387.000000	29.000000	1111.464861	400.685124	1.000000	17.176142
18.000000	36.000000	28.000000	1110.000000	392.000000	29.000000	1111.464861	400.685124	1.000000	17.487734
18.000000	37.000000	29.000000	1195.000000	355.000000	30.000000	1213.297147	366.824862	2.000000	17.919533
18.000000	38.000000	30.000000	993.000000	345.000000	28.000000	971.372862	352.294209	1.000000	18.504215
18.000000	39.000000	31.000000	884.000000	340.000000	27.000000	877.242162	337.103701	2.000000	18.792413
18.000000	40.000000	32.000000	865.000000	432.000000	37.000000	868.631818	445.314773	2.000000	19.111389
18.000000	41.000000	33.000000	1085.000000	125.000000	9.000000	1083.432113	125.114578	2.000000	20.039927
18.000000	42.000000	0.000000	1223.000000	155.000000	10.000000	1190.622572	165.198530	1.000000	20.408120
18.000000	43.000000	34.000000	1203.000000	159.000000	10.000000	1190.622572	165.198530	1.000000	20.824921
18.000000	44.000000	35.000000	774.000000	156.000000	6.000000	755.003575	160.399294	2.000000	22.119911
18.000000	45.000000	36.000000	763.000000	233.000000	16.000000	752.065301	237.694914	1.000000	22.401192
18.000000	46.000000	37.000000	758.000000	394.000000	26.000000	757.894609	388.312132	2.000000	23.128260
18.000000	47.000000	38.000000	757.000000	430.000000	36.000000	755.115872	441.787170	1.000000	23.383891
18.000000	48.000000	39.000000	615.000000	442.000000	35.000000	629.663188	459.079200	2.000000	23.713414
18.000000	49.000000	40.000000	614.000000	371.000000	25.000000	629.969492	361.673063	2.000000	24.031952
19.000000	1.000000	1.000000	656.000000	385.000000	25.000000	660.987391	395.343365	1.000000	0.663973
19.000000	2.000000	2.000000	652.000000	453.000000	35.000000	656.304522	456.984622	2.000000	0.960835
19.000000	3.000000	3.000000	747.000000	348.000000	26.000000	770.834416	346.195933	1.000000	1.569029
19.000000	4.000000	4.000000	856.000000	397.000000	27.000000	865.751203	397.600144	2.000000	2.064464
19.000000	5.000000	5.000000	883.000000	257.000000	17.000000	892.456928	261.248480	1.000000	2.424436
19.000000	6.000000	6.000000	980.000000	273.000000	18.000000	998.683935	272.999110	2.000000	2.960757
19.000000	7.000000	0.000000	1045.000000	317.000000	29.000000	1073.979368	338.424410	1.000000	3.256774
19.000000	8.000000	7.000000	1071.000000	321.000000	29.000000	1073.979368	338.424410	1.000000	3.696483
19.000000	9.000000	8.000000	1101.000000	234.000000	19.000000	1094.936537	230.338474	2.000000	4.017845
19.000000	10.000000	9.000000	1175.000000	343.000000	30.000000	1187.629322	346.395484	1.000000	4.465272
19.000000	11.000000	10.000000	1205.000000	222.000000	20.000000	1198.969285	244.924499	1.000000	4.768961
19.000000	12.000000	0.000000	1203.000000	165.000000	10.000000	1184.230260	133.219772	2.000000	5.113699
19.000000	13.000000	11.000000	1192.000000	135.000000	10.000000	1184.230260	133.219772	2.000000	5.441567
19.000000	14.000000	12.000000	1093.000000	456.000000	39.000000	1093.300345	452.578686	2.000000	6.170086
19.000000	15.000000	13.000000	1055.000000	550.000000	49.000000	1059.106115	547.987884	2.000000	6.737847
19.000000	16.000000	14.000000	984.000000	507.000000	38.000000	981.086131	502.329228	1.000000	7.025269
19.000000	17.000000	15.000000	1088.000000	667.000000	59.000000	1101.526147	661.527463	1.000000	7.737106
19.000000	18.000000	16.000000	1198.000000	904.000000	80.000000	1199.489600	918.477386	2.000000	8.330013
19.000000	19.000000	17.000000	1076.000000	908.000000	79.000000	1086.576730	906.822943	1.000000	8.682081
19.000000	20.000000	18.000000	768.000000	763.000000	66.000000	747.987225	766.329611	2.000000	9.424865
19.000000	21.000000	19.000000	772.000000	675.000000	56.000000	781.104080	678.256228	1.000000	9.736686
19.000000	22.000000	0.000000	805.000000	591.000000	47.000000	837.968597	581.422317	2.000000	10.071887
19.000000	23.000000	20.000000	766.000000	576.000000	46.000000	772.581609	567.116558	1.000000	10.329243
19.000000	24.000000	21.000000	831.000000	574.000000	47.000000	837.968597	581.422317	2.000000	10.608362
19.000000	25.000000	22.000000	842.000000	505.000000	37.000000	858.261467	492.195695	1.000000	10.912047
19.000000	26.000000	23.000000	642.000000	714.000000	55.000000	652.289783	709.305338	2.000000	11.480335
19.000000	27.000000	24.000000	634.000000	771.000000	65.000000	630.312773	775.751141	2.000000	11.808329
19.000000	28.000000	25.000000	646.000000	875.000000	75.000000	629.249762	876.101159	1.000000	12.081259
19.000000	29.000000	26.000000	491.000000	866.000000	74.000000	507.945249	871.319244	2.000000	12.802004
19.000000	30.000000	27.000000	508.000000	818.000000	64.000000	522.535843	810.788675	2.000000	13.152949
19.000000	31.000000	0.000000	526.000000	691.000000	54.000000	546.027745	708.054589	1.000000	13.432189
19.000000	32.000000	28.000000	461.000000	743.000000	63.000000	446.818552	757.679609	1.000000	13.881713
19.000000	33.000000	29.000000	525.000000	715.000000	54.000000	546.027745	708.054589	1.000000	14.225426
19.000000	34.000000	30.000000	427.000000	663.000000	53.000000	447.689206	657.581742	2.000000	14.608984
19.000000	35.000000	31.000000	358.000000	669.000000	52.000000	334.407745	671.294177	2.000000	14.913771
19.000000	36.000000	32.000000	168.000000	676.000000	51.000000	182.099247	681.500301	1.000000	16.032231
19.000000	37.000000	33.000000	216.000000	808.000000	61.000000	198.820332	821.923499	1.000000	16.538025
19.000000	38.000000	0.000000	423.000000	346.000000	23.000000	398.368173	356.371327	1.000000	17.512120
19.000000	39.000000	34.000000	412.000000	345.000000	23.000000	398.368173	356.371327	1.000000	18.201966
19.000000	40.000000	35.000000	429.000000	261.000000	13.000000	414.957549	266.075757	2.000000	18.537431
19.000000	41.000000	0.000000	232.000000	264.000000	11.000000	206.250865	269.250852	1.000000	19.153735
19.000000	42.000000	36.000000	213.000000	257.000000	11.000000	206.250865	269.250852	1.000000	19.809684
19.000000	43.000000	37.000000	390.000000	170.000000	3.000000	398.755989	178.744276	1.000000	20.209958
19.000000	44.000000	38.000000	497.000000	152.000000	4.000000	509.550050	151.763289	2.000000	20.473917
19.000000	45.000000	39.000000	636.000000	159.000000	5.000000	630.492041	177.483795	2.000000	20.746025
19.000000	46.000000	0.000000	702.000000	153.000000	6.000000	760.472610	154.411851	2.000000	21.112008
19.000000	47.000000	40.000000	742.000000	153.000000	6.000000	760.472610	154.411851	2.000000	21.456251
20.000000	1.000000	1.000000	174.000000	115.000000	1.000000	180.754632	117.792757	1.000000	1.187539
20.000000	2.000000	0.000000	322.000000	182.000000	2.000000	301.157863	166.449706	1.000000	1.554686
20.000000	3.000000	2.000000	314.000000	173.000000	2.000000	301.157863	166.449706	1.000000	1.819141
20.000000	4.000000	3.000000	310.000000	262.000000	12.000000	315.457613	271.877603	1.000000	2.187362
20.000000	5.000000	4.000000	222.000000	317.000000	21.000000	211.756131	330.645853	1.000000	2.626094
20.000000	6.000000	5.000000	409.000000	308.000000	13.000000	413.602541	288.539064	2.000000	3.074745
20.000000	7.000000	6.000000	286.000000	457.000000	32.000000	291.199712	453.252797	1.000000	3.786700
20.000000	8.000000	7.000000	168.000000	516.000000	31.000000	189.146200	503.885276	1.000000	4.345741
20.000000	9.000000	8.000000	286.000000	595.000000	42.000000	289.126513	592.634790	2.000000	5.273693
20.000000	10.000000	9.000000	326.000000	696.000000	52.000000	326.624612	717.848459	1.000000	5.722198
20.000000	11.000000	10.000000	447.000000	923.000000	73.000000	435.376388	932.222455	2.000000	6.737875
20.000000	12.000000	11.000000	445.000000	561.000000	43.000000	438.366890	567.108741	2.000000	7.449572
20.000000	13.000000	12.000000	565.000000	560.000000	44.000000	542.884461	561.617965	1.000000	7.810748
20.000000	14.000000	13.000000	537.000000	484.000000	34.000000	537.972017	484.372279	2.000000	8.169747
20.000000	15.000000	14.000000	749.000000	560.000000	46.000000	739.714035	577.383009	2.000000	8.914195
20.000000	16.000000	15.000000	848.000000	588.000000	47.000000	867.574707	596.617810	2.000000	9.283072
20.000000	17.000000	16.000000	756.000000	467.000000	36.000000	773.952842	466.734172	1.000000	9.618984
20.000000	18.000000	17.000000	735.000000	902.000000	76.000000	729.905506	925.537231	1.000000	10.385583
20.000000	19.000000	18.000000	891.000000	879.000000	77.000000	879.099709	883.489742	1.000000	10.818662
20.000000	20.000000	19.000000	850.000000	794.000000	67.000000	845.962748	782.604437	1.000000	11.155487
20.000000	21.000000	20.000000	1193.000000	926.000000	80.000000	1191.314510	932.369424	2.000000	11.953921
20.000000	22.000000	21.000000	1003.000000	675.000000	58.000000	1002.090633	671.749126	2.000000	12.530431
20.000000	23.000000	22.000000	1077.000000	672.000000	59.000000	1070.086679	668.661150	1.000000	12.779702
20.000000	24.000000	23.000000	1175.000000	608.000000	50.000000	1182.135703	594.448167	2.000000	13.194571
20.000000	25.000000	24.000000	1179.000000	470.000000	40.000000	1184.145000	491.514903	2.000000	13.971751
20.000000	26.000000	25.000000	996.000000	465.000000	38.000000	980.270319	469.112186	2.000000	14.642678
20.000000	27.000000	26.000000	960.000000	559.000000	48.000000	956.717695	559.891048	1.000000	14.938162
20.000000	28.000000	27.000000	844.000000	449.000000	37.000000	857.048715	449.250246	2.000000	15.387542
20.000000	29.000000	28.000000	977.000000	393.000000	28.000000	958.307295	393.605460	1.000000	15.802153
20.000000	30.000000	29.000000	1106.000000	380.000000	29.000000	1091.345999	377.306379	2.000000	16.154077
20.000000	31.000000	30.000000	1201.000000	355.000000	30.000000	1208.337175	347.316200	2.000000	16.443299
20.000000	32.000000	31.000000	1222.000000	265.000000	20.000000	1206.064520	281.757608	1.000000	16.723643
20.000000	33.000000	32.000000	1053.000000	241.000000	19.000000	1058.866289	234.790466	2.000000	17.098763
20.000000	34.000000	0.000000	974.000000	104.000000	8.000000	952.658906	119.630870	1.000000	17.586394
20.000000	35.000000	0.000000	922.000000	114.000000	8.000000	952.658906	119.630870	1.000000	17.947155
20.000000	36.000000	33.000000	957.000000	115.000000	8.000000	952.658906	119.630870	1.000000	18.210344
20.000000	37.000000	34.000000	882.000000	118.000000	7.000000	860.407233	118.944450	2.000000	18.803419
20.000000	38.000000	35.000000	757.000000	265.000000	16.000000	735.343484	264.611743	2.000000	19.523212
20.000000	39.000000	36.000000	648.000000	243.000000	15.000000	660.197145	231.545393	2.000000	19.851339
20.000000	40.000000	37.000000	581.000000	342.000000	24.000000	559.112708	343.816692	2.000000	20.465775
20.000000	41.000000	38.000000	643.000000	341.000000	25.000000	665.070900	349.033094	1.000000	20.770268
20.000000	42.000000	39.000000	731.000000	338.000000	26.000000	754.202474	340.386180	1.000000	21.074796
20.000000	43.000000	40.000000	821.000000	300.000000	17.000000	840.448664	287.885027	1.000000	21.338371
