MultiTargForag_2	Participant_Code = 65
Search_Type = 2	CB_Targets = 4
Trial	Click_Num	Target_Click_Order	Click_X	Click_y	Item_selected	Item_X	Item_Y	Target_Set	RT
1.000000	1.000000	1.000000	441.000000	384.000000	23.000000	437.994390	388.649509	1.000000	4.259859
1.000000	2.000000	2.000000	415.000000	300.000000	13.000000	413.989915	292.528857	1.000000	5.619543
1.000000	3.000000	3.000000	512.000000	242.000000	14.000000	507.894529	250.036114	1.000000	7.594755
1.000000	4.000000	4.000000	670.000000	167.000000	5.000000	671.768315	162.297692	1.000000	8.425652
1.000000	5.000000	5.000000	781.000000	129.000000	6.000000	779.279123	132.682462	1.000000	9.170711
1.000000	6.000000	6.000000	1095.000000	256.000000	19.000000	1091.288516	274.617582	1.000000	10.697614
1.000000	7.000000	7.000000	1209.000000	284.000000	20.000000	1205.657453	287.933515	1.000000	11.289830
1.000000	8.000000	8.000000	1209.000000	379.000000	30.000000	1206.697613	395.301444	1.000000	12.394337
1.000000	9.000000	9.000000	947.000000	374.000000	28.000000	949.579815	375.840201	1.000000	13.321535
1.000000	10.000000	10.000000	969.000000	554.000000	48.000000	967.326112	563.990180	1.000000	14.499045
1.000000	11.000000	11.000000	869.000000	562.000000	47.000000	865.649315	570.729264	1.000000	15.291239
1.000000	12.000000	12.000000	643.000000	498.000000	35.000000	643.588450	494.925489	1.000000	16.105911
1.000000	13.000000	13.000000	648.000000	545.000000	45.000000	655.686040	562.170446	1.000000	16.481877
1.000000	14.000000	14.000000	621.000000	657.000000	55.000000	625.912540	665.677499	1.000000	17.130986
1.000000	15.000000	15.000000	545.000000	795.000000	64.000000	538.613404	805.680991	1.000000	18.155409
1.000000	16.000000	16.000000	429.000000	691.000000	53.000000	426.835965	685.937426	1.000000	18.874334
1.000000	17.000000	17.000000	329.000000	661.000000	52.000000	321.658105	662.905396	1.000000	19.570932
1.000000	18.000000	18.000000	1110.000000	656.000000	59.000000	1112.137631	664.860347	1.000000	21.522419
1.000000	19.000000	19.000000	1188.000000	743.000000	70.000000	1188.298288	757.556586	1.000000	22.986479
1.000000	20.000000	0.000000	1015.000000	777.000000	68.000000	991.690452	786.609567	1.000000	23.906787
1.000000	21.000000	20.000000	1005.000000	779.000000	68.000000	991.690452	786.609567	1.000000	24.723471
1.000000	22.000000	21.000000	860.000000	875.000000	77.000000	855.506157	887.325927	2.000000	29.418931
1.000000	23.000000	22.000000	222.000000	821.000000	61.000000	216.199290	818.656437	2.000000	31.867202
1.000000	24.000000	23.000000	511.000000	657.000000	54.000000	514.312656	650.649311	2.000000	33.185900
1.000000	25.000000	24.000000	402.000000	613.000000	43.000000	407.345166	611.363864	2.000000	33.755210
1.000000	26.000000	25.000000	337.000000	392.000000	22.000000	340.405387	384.467807	2.000000	35.050888
1.000000	27.000000	26.000000	302.000000	254.000000	12.000000	301.397808	255.732671	2.000000	36.227177
1.000000	28.000000	27.000000	230.000000	262.000000	11.000000	213.100800	278.922857	2.000000	36.849547
1.000000	29.000000	28.000000	222.000000	158.000000	1.000000	211.859250	141.587553	2.000000	37.514248
1.000000	30.000000	29.000000	506.000000	357.000000	24.000000	512.807115	366.514736	2.000000	38.747415
1.000000	31.000000	30.000000	622.000000	270.000000	15.000000	625.386045	263.039878	2.000000	39.674590
1.000000	32.000000	31.000000	764.000000	244.000000	16.000000	759.238694	237.270910	2.000000	40.929943
1.000000	33.000000	32.000000	762.000000	337.000000	26.000000	752.271999	354.601959	2.000000	41.410731
1.000000	34.000000	33.000000	863.000000	183.000000	7.000000	868.415764	173.384079	2.000000	42.363268
1.000000	35.000000	34.000000	989.000000	127.000000	8.000000	984.306202	131.637826	2.000000	43.451588
1.000000	36.000000	35.000000	1085.000000	135.000000	9.000000	1071.919330	140.108386	2.000000	44.306071
1.000000	37.000000	36.000000	998.000000	269.000000	18.000000	988.554982	272.321135	2.000000	45.034612
1.000000	38.000000	37.000000	1088.000000	439.000000	39.000000	1079.256393	440.594475	2.000000	46.297582
1.000000	39.000000	38.000000	858.000000	476.000000	37.000000	855.650489	485.372803	2.000000	47.657826
1.000000	40.000000	39.000000	1221.000000	453.000000	40.000000	1216.398472	459.016306	2.000000	48.881468
1.000000	41.000000	0.000000	1213.000000	540.000000	50.000000	1211.012939	568.813346	2.000000	49.475018
1.000000	42.000000	40.000000	1212.000000	547.000000	50.000000	1211.012939	568.813346	2.000000	49.746581
1.000000	1.000000	1.000000	991.000000	675.000000	58.000000	981.421109	685.482052	1.000000	1.996416
1.000000	2.000000	2.000000	1101.000000	557.000000	49.000000	1098.432351	545.236690	1.000000	2.685128
1.000000	3.000000	3.000000	1074.000000	483.000000	39.000000	1066.415944	474.186093	1.000000	3.227780
1.000000	4.000000	4.000000	1102.000000	375.000000	29.000000	1099.646445	390.310826	1.000000	3.925356
1.000000	5.000000	5.000000	980.000000	354.000000	28.000000	974.881755	362.332685	1.000000	4.507737
1.000000	6.000000	6.000000	994.000000	268.000000	18.000000	996.427461	265.067339	1.000000	5.261062
1.000000	7.000000	7.000000	659.000000	166.000000	5.000000	647.872774	169.651799	1.000000	6.485159
1.000000	8.000000	8.000000	663.000000	247.000000	15.000000	668.371988	260.166002	1.000000	7.139763
1.000000	9.000000	9.000000	425.000000	345.000000	23.000000	420.133899	350.015850	1.000000	8.213044
1.000000	10.000000	10.000000	340.000000	246.000000	12.000000	327.816040	245.585974	1.000000	8.949698
1.000000	11.000000	11.000000	212.000000	331.000000	21.000000	211.506083	337.580743	1.000000	9.852054
1.000000	12.000000	12.000000	319.000000	487.000000	32.000000	320.902849	503.814700	1.000000	10.629540
1.000000	13.000000	13.000000	345.000000	701.000000	52.000000	331.086526	708.645247	1.000000	11.564724
1.000000	14.000000	14.000000	206.000000	783.000000	61.000000	213.246640	778.060473	1.000000	12.733799
1.000000	15.000000	15.000000	406.000000	908.000000	73.000000	403.583607	924.228151	1.000000	13.829002
1.000000	16.000000	16.000000	754.000000	826.000000	66.000000	753.476577	816.583557	1.000000	15.220980
1.000000	17.000000	17.000000	767.000000	718.000000	56.000000	774.796241	712.082072	1.000000	15.837155
1.000000	18.000000	18.000000	681.000000	668.000000	55.000000	663.485329	668.379657	1.000000	16.500638
1.000000	19.000000	19.000000	1006.000000	806.000000	68.000000	992.524703	813.087441	1.000000	17.581229
1.000000	20.000000	20.000000	985.000000	898.000000	78.000000	972.308350	907.147503	1.000000	19.588535
1.000000	21.000000	21.000000	1170.000000	749.000000	70.000000	1171.722531	756.860635	2.000000	20.916084
1.000000	22.000000	22.000000	1105.000000	717.000000	59.000000	1096.379522	712.720905	2.000000	21.571796
1.000000	23.000000	23.000000	1226.000000	252.000000	20.000000	1217.025609	250.628528	2.000000	23.005269
1.000000	24.000000	24.000000	1120.000000	261.000000	19.000000	1109.217296	270.045432	2.000000	24.045017
1.000000	25.000000	25.000000	889.000000	166.000000	7.000000	884.235478	163.689891	2.000000	25.101210
1.000000	26.000000	26.000000	841.000000	221.000000	17.000000	842.511257	228.693306	2.000000	26.027559
1.000000	27.000000	27.000000	783.000000	283.000000	16.000000	770.288050	290.184345	2.000000	26.739546
1.000000	28.000000	28.000000	558.000000	190.000000	4.000000	543.983110	184.048588	2.000000	27.740598
1.000000	29.000000	29.000000	548.000000	270.000000	14.000000	557.250307	291.189136	2.000000	28.421632
1.000000	30.000000	0.000000	576.000000	356.000000	24.000000	561.175469	379.809553	2.000000	29.252740
1.000000	31.000000	30.000000	571.000000	362.000000	24.000000	561.175469	379.809553	2.000000	29.901140
1.000000	32.000000	31.000000	420.000000	136.000000	3.000000	409.507172	123.034588	2.000000	30.717005
1.000000	33.000000	32.000000	303.000000	132.000000	2.000000	294.819183	128.881633	2.000000	31.261271
1.000000	34.000000	33.000000	452.000000	535.000000	43.000000	445.757694	552.985082	2.000000	32.741031
1.000000	35.000000	34.000000	212.000000	599.000000	41.000000	208.250635	603.432002	2.000000	33.621669
1.000000	36.000000	35.000000	210.000000	691.000000	51.000000	199.311100	706.311512	2.000000	34.661231
1.000000	37.000000	0.000000	222.000000	833.000000	71.000000	217.068701	862.862177	2.000000	35.636377
1.000000	38.000000	36.000000	221.000000	846.000000	71.000000	217.068701	862.862177	2.000000	36.325489
1.000000	39.000000	37.000000	336.000000	897.000000	72.000000	334.368754	914.621711	2.000000	37.404502
1.000000	40.000000	38.000000	843.000000	661.000000	57.000000	849.732320	661.021615	2.000000	38.940967
1.000000	41.000000	39.000000	674.000000	568.000000	45.000000	665.500405	560.293036	2.000000	39.643670
1.000000	42.000000	40.000000	556.000000	558.000000	44.000000	546.006440	555.159323	2.000000	40.597542
2.000000	1.000000	1.000000	768.000000	123.000000	6.000000	758.974670	139.405125	1.000000	2.151019
2.000000	2.000000	2.000000	989.000000	121.000000	8.000000	989.098966	127.558227	1.000000	2.741859
2.000000	3.000000	3.000000	1099.000000	162.000000	9.000000	1097.590219	171.178250	1.000000	3.245778
2.000000	4.000000	4.000000	1177.000000	364.000000	30.000000	1182.507778	369.013903	1.000000	4.397157
2.000000	5.000000	5.000000	993.000000	444.000000	38.000000	980.682207	438.986863	1.000000	5.182075
2.000000	6.000000	6.000000	992.000000	549.000000	48.000000	987.011557	552.281226	1.000000	5.934161
2.000000	7.000000	7.000000	1068.000000	567.000000	49.000000	1076.677724	582.394973	1.000000	6.583118
2.000000	8.000000	8.000000	1231.000000	603.000000	50.000000	1218.395222	612.569186	1.000000	7.494504
2.000000	9.000000	9.000000	1100.000000	696.000000	59.000000	1104.737555	697.613340	1.000000	8.358527
2.000000	10.000000	10.000000	1199.000000	880.000000	80.000000	1196.623064	877.969554	1.000000	9.764892
2.000000	11.000000	11.000000	1088.000000	900.000000	79.000000	1078.856953	912.186613	1.000000	10.382981
2.000000	12.000000	12.000000	852.000000	824.000000	67.000000	847.618361	820.269679	1.000000	11.462392
2.000000	13.000000	13.000000	659.000000	854.000000	75.000000	656.275658	868.782156	1.000000	12.733964
2.000000	14.000000	14.000000	538.000000	693.000000	54.000000	526.009948	685.200474	1.000000	13.478269
2.000000	15.000000	15.000000	184.000000	554.000000	41.000000	188.903710	558.004390	1.000000	15.807007
2.000000	16.000000	16.000000	186.000000	381.000000	21.000000	194.986441	378.683368	1.000000	16.933943
2.000000	17.000000	17.000000	556.000000	424.000000	34.000000	548.682670	438.496862	1.000000	17.942778
2.000000	18.000000	18.000000	353.000000	292.000000	12.000000	333.625671	294.983617	1.000000	18.742570
2.000000	19.000000	19.000000	413.000000	274.000000	13.000000	430.574203	276.746359	1.000000	19.389038
2.000000	20.000000	20.000000	738.000000	335.000000	26.000000	736.035443	341.774821	1.000000	20.549086
2.000000	21.000000	21.000000	851.000000	188.000000	7.000000	848.478663	184.227676	2.000000	21.839057
2.000000	22.000000	22.000000	850.000000	205.000000	17.000000	845.509626	227.402046	2.000000	22.253124
2.000000	23.000000	23.000000	1204.000000	266.000000	20.000000	1213.790882	268.401809	2.000000	23.525794
2.000000	24.000000	24.000000	1084.000000	401.000000	29.000000	1078.477976	394.374918	2.000000	24.213043
2.000000	25.000000	25.000000	1090.000000	441.000000	39.000000	1078.088105	456.253869	2.000000	24.533129
2.000000	26.000000	26.000000	1176.000000	450.000000	40.000000	1188.569892	467.064747	2.000000	25.022494
2.000000	27.000000	27.000000	956.000000	691.000000	58.000000	954.421193	690.728877	2.000000	26.893699
2.000000	28.000000	28.000000	895.000000	603.000000	47.000000	885.920119	606.080878	2.000000	27.478617
2.000000	29.000000	29.000000	1098.000000	792.000000	69.000000	1099.984888	803.483104	2.000000	28.164886
2.000000	30.000000	30.000000	1165.000000	767.000000	70.000000	1171.259152	772.166018	2.000000	29.774065
2.000000	31.000000	31.000000	742.000000	872.000000	76.000000	738.151412	870.831959	2.000000	31.774602
2.000000	32.000000	32.000000	543.000000	777.000000	64.000000	532.898467	758.604969	2.000000	32.790133
2.000000	33.000000	0.000000	642.000000	769.000000	65.000000	667.742584	759.776835	2.000000	33.509442
2.000000	34.000000	33.000000	652.000000	768.000000	65.000000	667.742584	759.776835	2.000000	33.796992
2.000000	35.000000	34.000000	614.000000	661.000000	55.000000	621.997649	650.717076	2.000000	34.630142
2.000000	36.000000	35.000000	756.000000	665.000000	56.000000	770.476299	661.132335	2.000000	35.893996
2.000000	37.000000	36.000000	342.000000	604.000000	42.000000	339.050098	601.843370	2.000000	39.727111
2.000000	38.000000	37.000000	331.000000	492.000000	32.000000	328.256700	497.949929	2.000000	40.909551
2.000000	39.000000	38.000000	550.000000	369.000000	24.000000	546.073292	369.615760	2.000000	42.941071
2.000000	40.000000	39.000000	552.000000	164.000000	4.000000	553.061415	163.184891	2.000000	44.839149
2.000000	41.000000	40.000000	667.000000	449.000000	35.000000	659.822737	469.327317	2.000000	46.638196
3.000000	1.000000	1.000000	659.000000	174.000000	5.000000	640.329820	187.969876	1.000000	1.847942
3.000000	2.000000	2.000000	523.000000	344.000000	24.000000	519.916312	355.145993	1.000000	2.895254
3.000000	3.000000	3.000000	466.000000	345.000000	23.000000	450.908171	348.989832	1.000000	3.502427
3.000000	4.000000	4.000000	437.000000	470.000000	33.000000	434.749327	475.730718	1.000000	4.246540
3.000000	5.000000	5.000000	542.000000	469.000000	34.000000	540.680774	470.158223	1.000000	4.760494
3.000000	6.000000	6.000000	406.000000	579.000000	43.000000	409.771393	577.622838	1.000000	5.320017
3.000000	7.000000	7.000000	527.000000	662.000000	54.000000	517.482012	683.415533	1.000000	6.208599
3.000000	8.000000	8.000000	429.000000	763.000000	63.000000	423.752580	766.965988	1.000000	7.128191
3.000000	9.000000	9.000000	189.000000	768.000000	61.000000	185.888630	774.403429	1.000000	7.816524
3.000000	10.000000	10.000000	186.000000	890.000000	71.000000	179.258210	902.857325	1.000000	8.583576
3.000000	11.000000	11.000000	877.000000	885.000000	77.000000	880.889378	886.375522	1.000000	9.839783
3.000000	12.000000	12.000000	776.000000	773.000000	66.000000	756.595581	767.672385	1.000000	10.520470
3.000000	13.000000	13.000000	1191.000000	806.000000	70.000000	1181.120377	813.706348	1.000000	11.414566
3.000000	14.000000	14.000000	1184.000000	672.000000	60.000000	1175.235546	681.403383	1.000000	12.030541
3.000000	15.000000	15.000000	754.000000	532.000000	46.000000	759.070025	544.647755	1.000000	13.159615
3.000000	16.000000	16.000000	676.000000	489.000000	35.000000	665.968017	488.077985	1.000000	13.727786
3.000000	17.000000	17.000000	852.000000	496.000000	37.000000	845.759326	484.994902	1.000000	14.406542
3.000000	18.000000	18.000000	878.000000	368.000000	27.000000	882.558770	367.792617	1.000000	15.327561
3.000000	19.000000	19.000000	871.000000	290.000000	17.000000	876.031499	292.625929	1.000000	16.039345
3.000000	20.000000	20.000000	1099.000000	144.000000	9.000000	1102.579464	138.080604	1.000000	17.127638
3.000000	21.000000	21.000000	984.000000	235.000000	18.000000	963.220204	246.474936	2.000000	19.111446
3.000000	22.000000	0.000000	977.000000	429.000000	38.000000	961.784246	450.715038	2.000000	19.823891
3.000000	23.000000	22.000000	974.000000	436.000000	38.000000	961.784246	450.715038	2.000000	20.767478
3.000000	24.000000	23.000000	1098.000000	477.000000	39.000000	1083.962487	486.376680	2.000000	21.326376
3.000000	25.000000	24.000000	1000.000000	563.000000	48.000000	990.170200	569.326361	2.000000	22.094658
3.000000	26.000000	25.000000	957.000000	793.000000	68.000000	951.616390	783.080357	2.000000	23.831180
3.000000	27.000000	26.000000	960.000000	886.000000	78.000000	956.571691	890.950149	2.000000	24.504581
3.000000	28.000000	27.000000	753.000000	920.000000	76.000000	750.958686	929.848900	2.000000	25.464167
3.000000	29.000000	28.000000	672.000000	795.000000	65.000000	648.780941	788.177940	2.000000	26.184173
3.000000	30.000000	29.000000	646.000000	676.000000	55.000000	637.683914	664.380950	2.000000	26.982965
3.000000	31.000000	30.000000	346.000000	902.000000	72.000000	335.209501	916.033092	2.000000	28.384581
3.000000	32.000000	31.000000	301.000000	727.000000	52.000000	304.286514	714.140786	2.000000	29.334703
3.000000	33.000000	32.000000	192.000000	693.000000	51.000000	188.925443	686.590276	2.000000	29.879498
3.000000	34.000000	33.000000	308.000000	571.000000	42.000000	302.153287	566.339207	2.000000	31.407750
3.000000	35.000000	34.000000	202.000000	396.000000	21.000000	187.724681	385.933595	2.000000	32.631778
3.000000	36.000000	35.000000	197.000000	258.000000	11.000000	182.327347	240.813657	2.000000	33.518961
3.000000	37.000000	36.000000	210.000000	118.000000	1.000000	215.750481	120.928062	2.000000	34.032326
3.000000	38.000000	37.000000	408.000000	134.000000	3.000000	420.858096	131.762158	2.000000	34.766752
3.000000	39.000000	38.000000	419.000000	246.000000	13.000000	404.946296	262.167282	2.000000	35.320596
3.000000	40.000000	39.000000	553.000000	243.000000	14.000000	539.929265	255.140359	2.000000	35.759460
3.000000	41.000000	40.000000	736.000000	374.000000	26.000000	731.012196	367.012955	2.000000	36.734457
4.000000	1.000000	1.000000	1110.000000	138.000000	9.000000	1088.225391	127.923915	1.000000	1.772331
4.000000	2.000000	2.000000	1202.000000	158.000000	10.000000	1180.842311	163.981357	1.000000	2.123283
4.000000	3.000000	3.000000	1159.000000	222.000000	20.000000	1172.784535	231.769222	1.000000	2.499445
4.000000	4.000000	4.000000	1084.000000	550.000000	49.000000	1067.206999	559.227948	1.000000	4.027762
4.000000	5.000000	5.000000	1191.000000	553.000000	50.000000	1182.097193	544.546539	1.000000	4.555932
4.000000	6.000000	6.000000	1104.000000	799.000000	69.000000	1089.530754	807.082519	1.000000	5.516772
4.000000	7.000000	7.000000	1201.000000	865.000000	80.000000	1190.504141	879.235450	1.000000	6.093250
4.000000	8.000000	8.000000	897.000000	766.000000	67.000000	880.542238	756.370024	1.000000	6.876646
4.000000	9.000000	9.000000	860.000000	677.000000	57.000000	844.387356	660.262196	1.000000	7.332126
4.000000	10.000000	10.000000	755.000000	873.000000	76.000000	763.100035	879.115292	1.000000	8.269301
4.000000	11.000000	11.000000	542.000000	803.000000	64.000000	526.310737	793.094144	1.000000	9.197161
4.000000	12.000000	12.000000	343.000000	666.000000	52.000000	339.187544	659.970857	1.000000	10.100355
4.000000	13.000000	0.000000	267.000000	685.000000	51.000000	229.776430	695.602697	1.000000	10.556686
4.000000	14.000000	13.000000	245.000000	692.000000	51.000000	229.776430	695.602697	1.000000	11.243752
4.000000	15.000000	14.000000	240.000000	489.000000	31.000000	231.572527	469.786064	1.000000	11.900809
4.000000	16.000000	15.000000	306.000000	479.000000	32.000000	303.963422	469.959144	1.000000	12.235798
4.000000	17.000000	16.000000	657.000000	507.000000	35.000000	658.458964	504.279648	1.000000	13.459496
4.000000	18.000000	17.000000	526.000000	348.000000	24.000000	529.644220	354.964667	1.000000	15.181151
4.000000	19.000000	18.000000	874.000000	278.000000	17.000000	884.891019	285.483653	1.000000	16.348173
4.000000	20.000000	19.000000	852.000000	350.000000	27.000000	839.020155	365.924010	1.000000	16.771926
4.000000	21.000000	20.000000	855.000000	432.000000	37.000000	847.734437	443.438700	1.000000	17.189186
4.000000	22.000000	21.000000	796.000000	138.000000	6.000000	776.464473	132.062734	2.000000	18.436207
4.000000	23.000000	22.000000	545.000000	119.000000	4.000000	522.745516	117.972992	2.000000	19.500961
4.000000	24.000000	23.000000	307.000000	170.000000	2.000000	294.738047	187.593810	2.000000	20.099312
4.000000	25.000000	24.000000	303.000000	343.000000	22.000000	294.552582	336.257661	2.000000	21.165361
4.000000	26.000000	25.000000	397.000000	494.000000	33.000000	400.439813	500.994891	2.000000	22.053464
4.000000	27.000000	26.000000	184.000000	913.000000	71.000000	179.819862	919.283376	2.000000	24.988571
4.000000	28.000000	27.000000	296.000000	780.000000	62.000000	295.853070	793.123414	2.000000	25.557490
4.000000	29.000000	28.000000	404.000000	799.000000	63.000000	400.296490	804.099351	2.000000	25.923441
4.000000	30.000000	29.000000	528.000000	710.000000	54.000000	538.638622	702.725513	2.000000	26.499385
4.000000	31.000000	30.000000	624.000000	765.000000	65.000000	632.562902	775.237688	2.000000	27.172182
4.000000	32.000000	0.000000	664.000000	689.000000	55.000000	661.565472	661.931362	2.000000	27.812616
4.000000	33.000000	31.000000	665.000000	676.000000	55.000000	661.565472	661.931362	2.000000	28.333136
4.000000	34.000000	32.000000	998.000000	921.000000	78.000000	1001.141866	924.948733	2.000000	29.500623
4.000000	35.000000	33.000000	995.000000	777.000000	68.000000	991.782863	760.352732	2.000000	29.908814
4.000000	36.000000	34.000000	967.000000	664.000000	58.000000	969.951713	671.465464	2.000000	30.604729
4.000000	37.000000	35.000000	1168.000000	671.000000	60.000000	1180.442504	680.577610	2.000000	31.219403
4.000000	38.000000	36.000000	967.000000	579.000000	48.000000	961.441442	589.271040	2.000000	31.803920
4.000000	39.000000	37.000000	1208.000000	515.000000	40.000000	1206.635735	506.322088	2.000000	32.565362
4.000000	40.000000	38.000000	1202.000000	400.000000	30.000000	1202.953037	389.167733	2.000000	32.932897
4.000000	41.000000	0.000000	793.000000	353.000000	26.000000	765.191648	342.761746	2.000000	34.005297
4.000000	42.000000	39.000000	743.000000	352.000000	26.000000	765.191648	342.761746	2.000000	34.483771
4.000000	43.000000	40.000000	692.000000	392.000000	25.000000	670.244740	399.516563	2.000000	35.036781
5.000000	1.000000	0.000000	333.000000	155.000000	2.000000	305.756258	145.055789	1.000000	1.824485
5.000000	2.000000	1.000000	314.000000	147.000000	2.000000	305.756258	145.055789	1.000000	2.256156
5.000000	3.000000	2.000000	219.000000	449.000000	31.000000	206.094019	440.122319	1.000000	3.304091
5.000000	4.000000	3.000000	329.000000	472.000000	32.000000	325.755201	462.188263	1.000000	3.904333
5.000000	5.000000	4.000000	390.000000	497.000000	33.000000	399.099876	504.286354	1.000000	4.190904
5.000000	6.000000	5.000000	522.000000	358.000000	24.000000	529.115147	364.072300	1.000000	4.760120
5.000000	7.000000	6.000000	455.000000	577.000000	43.000000	437.959217	593.338026	1.000000	5.519123
5.000000	8.000000	7.000000	317.000000	694.000000	52.000000	306.213483	703.089109	1.000000	6.327607
5.000000	9.000000	0.000000	235.000000	756.000000	61.000000	207.341895	756.090216	1.000000	6.710733
5.000000	10.000000	8.000000	209.000000	756.000000	61.000000	207.341895	756.090216	1.000000	7.263556
5.000000	11.000000	9.000000	443.000000	790.000000	63.000000	438.125654	806.760676	1.000000	7.976145
5.000000	12.000000	10.000000	647.000000	794.000000	65.000000	643.370670	804.965172	1.000000	8.944281
5.000000	13.000000	11.000000	674.000000	884.000000	75.000000	669.636101	897.104179	1.000000	9.288518
5.000000	14.000000	12.000000	740.000000	909.000000	76.000000	754.028879	923.520463	1.000000	9.584437
5.000000	15.000000	0.000000	832.000000	893.000000	77.000000	858.630115	890.235092	1.000000	9.968001
5.000000	16.000000	13.000000	851.000000	870.000000	77.000000	858.630115	890.235092	1.000000	10.479825
5.000000	17.000000	14.000000	873.000000	774.000000	67.000000	871.544192	759.572180	1.000000	11.007617
5.000000	18.000000	15.000000	655.000000	659.000000	55.000000	638.849406	656.067977	1.000000	11.631492
5.000000	19.000000	16.000000	725.000000	454.000000	36.000000	729.992837	443.293820	1.000000	14.152022
5.000000	20.000000	17.000000	760.000000	298.000000	16.000000	774.506965	281.306765	1.000000	15.056271
5.000000	21.000000	0.000000	941.000000	328.000000	28.000000	962.640951	347.225830	1.000000	15.639909
5.000000	22.000000	18.000000	966.000000	337.000000	28.000000	962.640951	347.225830	1.000000	16.039904
5.000000	23.000000	19.000000	1241.000000	300.000000	20.000000	1219.929825	291.804536	1.000000	16.951996
5.000000	24.000000	20.000000	1183.000000	132.000000	10.000000	1175.679574	142.880961	1.000000	17.703643
5.000000	25.000000	21.000000	1074.000000	178.000000	9.000000	1073.057286	181.869598	2.000000	18.287235
5.000000	26.000000	22.000000	1006.000000	131.000000	8.000000	989.752224	138.923547	2.000000	18.622293
5.000000	27.000000	0.000000	873.000000	164.000000	7.000000	844.647250	179.814748	2.000000	19.280058
5.000000	28.000000	23.000000	871.000000	212.000000	17.000000	871.366878	225.372817	2.000000	19.710472
5.000000	29.000000	24.000000	857.000000	180.000000	7.000000	844.647250	179.814748	2.000000	20.015883
5.000000	30.000000	25.000000	652.000000	218.000000	15.000000	642.766213	238.222194	2.000000	20.974366
5.000000	31.000000	26.000000	526.000000	230.000000	14.000000	511.856500	229.267420	2.000000	21.744500
5.000000	32.000000	27.000000	241.000000	373.000000	21.000000	230.053234	376.680499	2.000000	23.070991
5.000000	33.000000	28.000000	756.000000	347.000000	26.000000	762.524414	338.930276	2.000000	23.902976
5.000000	34.000000	29.000000	880.000000	363.000000	27.000000	883.761241	371.659526	2.000000	24.479816
5.000000	35.000000	30.000000	1062.000000	340.000000	29.000000	1064.779237	332.930415	2.000000	24.943222
5.000000	36.000000	31.000000	883.000000	467.000000	37.000000	872.736813	475.229745	2.000000	25.544528
5.000000	37.000000	32.000000	954.000000	553.000000	48.000000	952.501488	561.154132	2.000000	26.344448
5.000000	38.000000	33.000000	1052.000000	595.000000	49.000000	1073.221963	589.666011	2.000000	27.488076
5.000000	39.000000	34.000000	774.000000	798.000000	66.000000	778.514959	803.481935	2.000000	28.566305
5.000000	40.000000	35.000000	749.000000	716.000000	56.000000	747.584281	698.356770	2.000000	28.903021
5.000000	41.000000	0.000000	577.000000	753.000000	64.000000	551.697461	757.370528	2.000000	29.447096
5.000000	42.000000	36.000000	559.000000	761.000000	64.000000	551.697461	757.370528	2.000000	30.120428
5.000000	43.000000	37.000000	532.000000	898.000000	74.000000	519.561616	889.185925	2.000000	30.664008
5.000000	44.000000	38.000000	207.000000	873.000000	71.000000	197.206874	864.065608	2.000000	31.495546
5.000000	45.000000	39.000000	216.000000	687.000000	51.000000	214.278700	664.725217	2.000000	32.303873
5.000000	46.000000	40.000000	728.000000	570.000000	46.000000	727.508879	552.932433	2.000000	33.727000
6.000000	1.000000	1.000000	757.000000	139.000000	6.000000	745.658231	132.401306	1.000000	1.313658
6.000000	2.000000	2.000000	894.000000	140.000000	7.000000	879.415902	129.237971	1.000000	1.793117
6.000000	3.000000	3.000000	978.000000	163.000000	8.000000	986.712411	172.151682	1.000000	2.415805
6.000000	4.000000	4.000000	985.000000	254.000000	18.000000	995.659367	274.015389	1.000000	2.945720
6.000000	5.000000	5.000000	1123.000000	355.000000	29.000000	1111.019425	369.220329	1.000000	3.816078
6.000000	6.000000	6.000000	1200.000000	331.000000	30.000000	1180.660822	342.495564	1.000000	4.232026
6.000000	7.000000	0.000000	1191.000000	467.000000	40.000000	1177.578307	489.599452	1.000000	4.849100
6.000000	8.000000	7.000000	1189.000000	481.000000	40.000000	1177.578307	489.599452	1.000000	5.471685
6.000000	9.000000	8.000000	1185.000000	593.000000	50.000000	1180.379214	611.774365	1.000000	6.079675
6.000000	10.000000	9.000000	1004.000000	560.000000	48.000000	992.328303	569.220037	1.000000	6.815715
6.000000	11.000000	10.000000	1066.000000	793.000000	69.000000	1062.017389	787.528884	1.000000	7.785576
6.000000	12.000000	0.000000	1089.000000	835.000000	79.000000	1094.385970	866.474034	1.000000	8.185383
6.000000	13.000000	11.000000	1099.000000	856.000000	79.000000	1094.385970	866.474034	1.000000	8.663917
6.000000	14.000000	12.000000	1167.000000	885.000000	80.000000	1177.275779	904.958940	1.000000	9.120364
6.000000	15.000000	13.000000	863.000000	794.000000	67.000000	847.460486	781.306775	1.000000	9.921778
6.000000	16.000000	14.000000	526.000000	893.000000	74.000000	538.409162	899.365622	1.000000	10.873660
6.000000	17.000000	15.000000	227.000000	897.000000	71.000000	226.047643	910.142100	1.000000	11.640522
6.000000	18.000000	16.000000	671.000000	484.000000	35.000000	672.497935	482.409654	1.000000	12.896467
6.000000	19.000000	17.000000	721.000000	475.000000	36.000000	731.868567	468.673758	1.000000	13.239980
6.000000	20.000000	18.000000	657.000000	265.000000	15.000000	646.851737	273.047271	1.000000	14.257344
6.000000	21.000000	19.000000	711.000000	248.000000	16.000000	730.180123	252.320224	1.000000	14.649756
6.000000	22.000000	20.000000	235.000000	158.000000	1.000000	220.704064	169.738032	1.000000	16.729194
6.000000	23.000000	21.000000	549.000000	164.000000	4.000000	548.140722	167.238789	2.000000	17.936840
6.000000	24.000000	22.000000	512.000000	236.000000	14.000000	517.768140	238.431988	2.000000	18.487782
6.000000	25.000000	23.000000	318.000000	338.000000	22.000000	304.226285	343.901784	2.000000	19.209726
6.000000	26.000000	24.000000	452.000000	363.000000	23.000000	446.428064	371.808053	2.000000	19.952614
6.000000	27.000000	25.000000	186.000000	548.000000	41.000000	183.456147	561.670233	2.000000	21.065582
6.000000	28.000000	26.000000	207.000000	816.000000	61.000000	196.066125	802.042668	2.000000	22.097180
6.000000	29.000000	27.000000	316.000000	934.000000	72.000000	309.086753	923.975374	2.000000	23.521614
6.000000	30.000000	28.000000	458.000000	901.000000	73.000000	439.364200	895.913591	2.000000	24.168356
6.000000	31.000000	29.000000	446.000000	778.000000	63.000000	444.726112	771.889304	2.000000	24.671650
6.000000	32.000000	30.000000	409.000000	688.000000	53.000000	419.667543	681.327980	2.000000	25.201700
6.000000	33.000000	31.000000	510.000000	692.000000	54.000000	522.948955	676.351218	2.000000	26.409725
6.000000	34.000000	32.000000	522.000000	796.000000	64.000000	539.720479	793.309817	2.000000	26.825201
6.000000	35.000000	33.000000	886.000000	873.000000	77.000000	877.039516	895.154855	2.000000	27.913029
6.000000	36.000000	34.000000	865.000000	598.000000	47.000000	851.054413	599.201311	2.000000	28.608153
6.000000	37.000000	35.000000	784.000000	564.000000	46.000000	767.605464	559.810173	2.000000	28.911873
6.000000	38.000000	0.000000	823.000000	529.000000	37.000000	873.462975	502.917979	2.000000	29.263902
6.000000	39.000000	0.000000	847.000000	521.000000	37.000000	873.462975	502.917979	2.000000	29.537148
6.000000	40.000000	36.000000	854.000000	500.000000	37.000000	873.462975	502.917979	2.000000	30.231635
6.000000	41.000000	37.000000	1069.000000	486.000000	39.000000	1079.568638	486.071878	2.000000	31.096685
6.000000	42.000000	38.000000	1110.000000	664.000000	59.000000	1106.440146	680.539050	2.000000	31.695947
6.000000	43.000000	39.000000	864.000000	226.000000	17.000000	857.331152	238.511683	2.000000	33.081711
6.000000	44.000000	40.000000	1059.000000	269.000000	19.000000	1073.403396	267.750326	2.000000	33.585663
7.000000	1.000000	1.000000	644.000000	236.000000	15.000000	649.331593	236.163314	1.000000	1.054449
7.000000	2.000000	2.000000	458.000000	106.000000	3.000000	443.721600	117.539135	1.000000	1.886985
7.000000	3.000000	3.000000	420.000000	332.000000	23.000000	405.725185	330.164390	1.000000	4.264057
7.000000	4.000000	4.000000	306.000000	383.000000	22.000000	308.780474	392.581185	1.000000	7.269994
7.000000	5.000000	5.000000	335.000000	491.000000	32.000000	341.641898	502.262275	1.000000	8.191553
7.000000	6.000000	0.000000	217.000000	578.000000	41.000000	190.934561	583.737736	1.000000	8.831717
7.000000	7.000000	6.000000	189.000000	577.000000	41.000000	190.934561	583.737736	1.000000	9.399312
7.000000	8.000000	7.000000	338.000000	591.000000	42.000000	319.800749	598.268318	1.000000	11.255162
7.000000	9.000000	8.000000	422.000000	590.000000	43.000000	434.384716	601.805770	1.000000	11.670070
7.000000	10.000000	9.000000	311.000000	813.000000	62.000000	312.489233	813.497061	1.000000	12.518804
7.000000	11.000000	10.000000	448.000000	821.000000	63.000000	442.500363	825.517572	1.000000	12.949794
7.000000	12.000000	11.000000	669.000000	800.000000	65.000000	657.886810	795.551961	1.000000	14.134905
7.000000	13.000000	12.000000	839.000000	805.000000	67.000000	845.384116	803.441574	1.000000	14.583565
7.000000	14.000000	13.000000	856.000000	700.000000	57.000000	862.904099	702.946652	1.000000	14.974666
7.000000	15.000000	14.000000	999.000000	689.000000	58.000000	1002.434341	696.430867	1.000000	15.390728
7.000000	16.000000	0.000000	990.000000	586.000000	48.000000	987.672728	560.979932	1.000000	15.846638
7.000000	17.000000	15.000000	977.000000	562.000000	48.000000	987.672728	560.979932	1.000000	16.407350
7.000000	18.000000	16.000000	1200.000000	590.000000	50.000000	1198.921439	603.381854	1.000000	17.301665
7.000000	19.000000	17.000000	1053.000000	383.000000	29.000000	1057.857941	384.261678	1.000000	20.831056
7.000000	20.000000	18.000000	759.000000	375.000000	26.000000	755.657172	383.248627	1.000000	21.502760
7.000000	21.000000	19.000000	1088.000000	228.000000	19.000000	1090.187890	238.790385	1.000000	22.181845
7.000000	22.000000	20.000000	1202.000000	111.000000	10.000000	1189.747986	126.352014	1.000000	23.399063
7.000000	23.000000	21.000000	724.000000	164.000000	6.000000	728.943485	168.063653	2.000000	24.655628
7.000000	24.000000	22.000000	528.000000	123.000000	4.000000	548.394482	136.634273	2.000000	25.495886
7.000000	25.000000	23.000000	448.000000	246.000000	13.000000	446.921882	247.889547	2.000000	26.543903
7.000000	26.000000	24.000000	229.000000	266.000000	11.000000	226.775414	280.069159	2.000000	27.381877
7.000000	27.000000	25.000000	213.000000	487.000000	31.000000	210.430689	498.765705	2.000000	27.942185
7.000000	28.000000	26.000000	552.000000	441.000000	34.000000	547.438936	445.876001	2.000000	28.918442
7.000000	29.000000	27.000000	676.000000	373.000000	25.000000	656.930287	375.533722	2.000000	29.334728
7.000000	30.000000	28.000000	740.000000	496.000000	36.000000	728.930963	501.204232	2.000000	29.918817
7.000000	31.000000	29.000000	636.000000	552.000000	45.000000	624.662823	558.135261	2.000000	30.391948
7.000000	32.000000	30.000000	342.000000	894.000000	72.000000	342.424753	878.141062	2.000000	31.352014
7.000000	33.000000	31.000000	409.000000	861.000000	73.000000	420.066029	868.777585	2.000000	31.782797
7.000000	34.000000	32.000000	616.000000	883.000000	75.000000	625.982172	898.065329	2.000000	32.542653
7.000000	35.000000	0.000000	729.000000	753.000000	66.000000	754.118174	763.724353	2.000000	33.279887
7.000000	36.000000	33.000000	742.000000	756.000000	66.000000	754.118174	763.724353	2.000000	33.575475
7.000000	37.000000	34.000000	757.000000	912.000000	76.000000	758.068962	931.611805	2.000000	34.102536
7.000000	38.000000	35.000000	1000.000000	916.000000	78.000000	996.455021	926.471259	2.000000	35.342126
7.000000	39.000000	36.000000	1068.000000	921.000000	79.000000	1080.812701	930.164997	2.000000	35.991712
7.000000	40.000000	37.000000	1191.000000	818.000000	70.000000	1188.771436	820.384031	2.000000	36.615377
7.000000	41.000000	38.000000	1068.000000	771.000000	69.000000	1067.786093	759.980620	2.000000	37.174691
7.000000	42.000000	39.000000	977.000000	770.000000	68.000000	957.551055	774.581937	2.000000	37.599913
7.000000	43.000000	40.000000	1093.000000	439.000000	39.000000	1105.132777	443.310506	2.000000	38.998888
8.000000	1.000000	1.000000	642.000000	143.000000	5.000000	631.869160	146.703330	1.000000	1.264315
8.000000	2.000000	2.000000	350.000000	144.000000	2.000000	327.670027	155.053780	1.000000	1.905328
8.000000	3.000000	3.000000	332.000000	349.000000	22.000000	331.668897	367.532588	1.000000	2.729505
8.000000	4.000000	4.000000	229.000000	496.000000	31.000000	216.369379	493.321724	1.000000	3.712943
8.000000	5.000000	5.000000	408.000000	556.000000	43.000000	420.891216	569.312718	1.000000	4.463941
8.000000	6.000000	6.000000	546.000000	341.000000	24.000000	542.322400	357.856259	1.000000	5.223573
8.000000	7.000000	7.000000	251.000000	802.000000	61.000000	229.957998	811.326174	1.000000	6.313518
8.000000	8.000000	8.000000	309.000000	801.000000	62.000000	294.882216	807.212196	1.000000	6.656025
8.000000	9.000000	9.000000	216.000000	923.000000	71.000000	222.890083	916.073406	1.000000	7.304957
8.000000	10.000000	10.000000	542.000000	772.000000	64.000000	546.889034	764.521004	1.000000	8.328023
8.000000	11.000000	11.000000	653.000000	772.000000	65.000000	649.153714	757.026719	1.000000	8.809750
8.000000	12.000000	12.000000	644.000000	882.000000	75.000000	634.545552	878.566041	1.000000	9.335955
8.000000	13.000000	13.000000	837.000000	787.000000	67.000000	839.570868	782.487768	1.000000	10.024103
8.000000	14.000000	14.000000	837.000000	889.000000	77.000000	843.029233	902.185944	1.000000	10.529113
8.000000	15.000000	15.000000	964.000000	567.000000	48.000000	967.559651	575.383653	1.000000	12.088810
8.000000	16.000000	16.000000	1061.000000	479.000000	39.000000	1063.615578	478.713211	1.000000	12.545598
8.000000	17.000000	17.000000	754.000000	483.000000	36.000000	740.489679	495.499817	1.000000	13.241178
8.000000	18.000000	18.000000	874.000000	256.000000	17.000000	887.333579	245.313842	1.000000	14.279667
8.000000	19.000000	19.000000	982.000000	140.000000	8.000000	985.290323	137.342494	1.000000	14.824880
8.000000	20.000000	20.000000	1179.000000	166.000000	10.000000	1179.485000	175.100693	1.000000	16.872730
8.000000	21.000000	21.000000	856.000000	117.000000	7.000000	842.239990	128.386978	2.000000	18.208249
8.000000	22.000000	22.000000	560.000000	154.000000	4.000000	554.352537	163.399480	2.000000	19.247720
8.000000	23.000000	23.000000	215.000000	399.000000	21.000000	203.730456	388.868052	2.000000	20.008162
8.000000	24.000000	24.000000	304.000000	585.000000	42.000000	296.509909	581.910531	2.000000	21.032198
8.000000	25.000000	25.000000	527.000000	503.000000	34.000000	529.901071	497.033196	2.000000	21.688503
8.000000	26.000000	26.000000	524.000000	657.000000	54.000000	517.792433	660.925132	2.000000	22.279654
8.000000	27.000000	27.000000	461.000000	685.000000	53.000000	448.564099	702.165805	2.000000	22.599848
8.000000	28.000000	0.000000	451.000000	762.000000	63.000000	450.489557	799.388434	2.000000	22.937526
8.000000	29.000000	28.000000	458.000000	795.000000	63.000000	450.489557	799.388434	2.000000	23.648191
8.000000	30.000000	29.000000	320.000000	882.000000	72.000000	308.125814	887.779718	2.000000	24.312522
8.000000	31.000000	30.000000	517.000000	907.000000	74.000000	527.649170	927.139332	2.000000	25.001244
8.000000	32.000000	31.000000	749.000000	876.000000	76.000000	746.353487	883.297276	2.000000	25.825287
8.000000	33.000000	32.000000	769.000000	814.000000	66.000000	773.046074	815.584431	2.000000	26.081552
8.000000	34.000000	33.000000	935.000000	920.000000	78.000000	955.706389	918.366094	2.000000	26.663859
8.000000	35.000000	34.000000	1217.000000	889.000000	80.000000	1217.066389	881.159855	2.000000	27.641186
8.000000	36.000000	35.000000	737.000000	578.000000	46.000000	739.162523	580.259405	2.000000	28.711948
8.000000	37.000000	36.000000	839.000000	421.000000	37.000000	851.689288	436.420798	2.000000	29.440346
8.000000	38.000000	37.000000	841.000000	345.000000	27.000000	856.756249	357.865117	2.000000	29.696309
8.000000	39.000000	38.000000	770.000000	350.000000	26.000000	774.379694	358.995255	2.000000	30.008639
8.000000	40.000000	0.000000	707.000000	365.000000	25.000000	666.955732	391.329243	2.000000	30.247671
8.000000	41.000000	39.000000	686.000000	378.000000	25.000000	666.955732	391.329243	2.000000	30.617617
8.000000	42.000000	40.000000	1199.000000	446.000000	40.000000	1200.482414	464.592602	2.000000	31.456043
9.000000	1.000000	1.000000	535.000000	133.000000	4.000000	518.454004	133.316738	1.000000	1.320677
9.000000	2.000000	2.000000	334.000000	126.000000	2.000000	317.618976	135.896605	1.000000	1.993799
9.000000	3.000000	0.000000	236.000000	163.000000	1.000000	220.461723	188.110874	1.000000	2.833296
9.000000	4.000000	3.000000	231.000000	169.000000	1.000000	220.461723	188.110874	1.000000	3.297586
9.000000	5.000000	4.000000	521.000000	220.000000	14.000000	530.184708	234.288366	1.000000	4.193614
9.000000	6.000000	5.000000	415.000000	480.000000	33.000000	408.502067	471.905211	1.000000	5.505069
9.000000	7.000000	6.000000	333.000000	601.000000	42.000000	313.833878	612.347020	1.000000	6.385699
9.000000	8.000000	0.000000	431.000000	682.000000	53.000000	413.032145	700.860162	1.000000	7.113542
9.000000	9.000000	7.000000	409.000000	682.000000	53.000000	413.032145	700.860162	1.000000	7.640390
9.000000	10.000000	8.000000	526.000000	566.000000	44.000000	536.338126	560.064805	1.000000	8.200756
9.000000	11.000000	9.000000	626.000000	596.000000	45.000000	624.265238	610.056713	1.000000	8.624516
9.000000	12.000000	10.000000	541.000000	702.000000	54.000000	541.559393	708.611845	1.000000	9.320897
9.000000	13.000000	11.000000	214.000000	670.000000	51.000000	207.094272	665.750809	1.000000	10.001355
9.000000	14.000000	12.000000	322.000000	853.000000	72.000000	312.440774	863.065511	1.000000	10.689349
9.000000	15.000000	13.000000	624.000000	799.000000	65.000000	635.000313	808.170052	1.000000	11.904188
9.000000	16.000000	14.000000	849.000000	800.000000	67.000000	860.336086	807.896919	1.000000	12.505173
9.000000	17.000000	0.000000	856.000000	898.000000	77.000000	858.072840	926.056554	1.000000	13.224384
9.000000	18.000000	15.000000	860.000000	905.000000	77.000000	858.072840	926.056554	1.000000	13.511734
9.000000	19.000000	16.000000	1199.000000	770.000000	70.000000	1186.204431	783.292302	1.000000	14.673550
9.000000	20.000000	17.000000	1208.000000	582.000000	50.000000	1213.035579	586.643598	1.000000	15.240835
9.000000	21.000000	18.000000	1226.000000	402.000000	30.000000	1214.577103	396.140598	1.000000	16.008143
9.000000	22.000000	19.000000	1116.000000	224.000000	19.000000	1105.492673	223.785560	1.000000	16.592748
9.000000	23.000000	20.000000	796.000000	380.000000	26.000000	780.820039	384.675060	1.000000	17.832713
9.000000	24.000000	21.000000	772.000000	170.000000	6.000000	749.164489	179.794255	2.000000	19.289210
9.000000	25.000000	22.000000	649.000000	128.000000	5.000000	654.564230	134.236083	2.000000	19.751774
9.000000	26.000000	0.000000	485.000000	127.000000	3.000000	450.723430	142.705155	2.000000	20.145377
9.000000	27.000000	23.000000	456.000000	135.000000	3.000000	450.723430	142.705155	2.000000	20.416456
9.000000	28.000000	24.000000	219.000000	219.000000	11.000000	219.320208	227.609689	2.000000	21.047691
9.000000	29.000000	25.000000	892.000000	140.000000	7.000000	889.848906	132.567688	2.000000	22.009149
9.000000	30.000000	26.000000	1215.000000	171.000000	10.000000	1219.313520	178.990105	2.000000	23.183582
9.000000	31.000000	27.000000	967.000000	346.000000	28.000000	955.584288	362.057962	2.000000	24.337118
9.000000	32.000000	28.000000	534.000000	358.000000	24.000000	520.289891	364.521452	2.000000	25.439935
9.000000	33.000000	0.000000	430.000000	529.000000	43.000000	418.022893	563.275762	2.000000	26.287854
9.000000	34.000000	0.000000	430.000000	538.000000	43.000000	418.022893	563.275762	2.000000	26.751994
9.000000	35.000000	29.000000	421.000000	553.000000	43.000000	418.022893	563.275762	2.000000	27.168368
9.000000	36.000000	30.000000	561.000000	502.000000	34.000000	557.455380	505.086263	2.000000	27.601196
9.000000	37.000000	0.000000	874.000000	539.000000	47.000000	878.802320	566.795066	2.000000	28.391908
9.000000	38.000000	31.000000	891.000000	548.000000	47.000000	878.802320	566.795066	2.000000	28.793357
9.000000	39.000000	32.000000	1068.000000	554.000000	49.000000	1067.250196	565.558464	2.000000	29.697653
9.000000	40.000000	0.000000	1076.000000	639.000000	59.000000	1078.236216	671.206022	2.000000	30.432790
9.000000	41.000000	33.000000	1076.000000	648.000000	59.000000	1078.236216	671.206022	2.000000	30.761709
9.000000	42.000000	34.000000	860.000000	662.000000	57.000000	866.818981	673.536471	2.000000	31.465819
9.000000	43.000000	35.000000	658.000000	701.000000	55.000000	644.038292	716.127457	2.000000	32.351753
9.000000	44.000000	36.000000	321.000000	738.000000	62.000000	317.276942	757.295645	2.000000	33.167725
9.000000	45.000000	37.000000	221.000000	604.000000	41.000000	197.543656	605.408434	2.000000	33.745494
9.000000	46.000000	38.000000	1060.000000	786.000000	69.000000	1069.500321	801.321715	2.000000	34.663953
9.000000	47.000000	39.000000	1075.000000	858.000000	79.000000	1083.651559	872.983075	2.000000	35.159732
9.000000	48.000000	40.000000	541.000000	895.000000	74.000000	527.995548	900.914283	2.000000	36.024626
10.000000	1.000000	1.000000	636.000000	179.000000	5.000000	637.190104	182.469761	1.000000	1.719080
10.000000	2.000000	2.000000	1072.000000	133.000000	9.000000	1060.730739	139.242669	1.000000	2.710660
10.000000	3.000000	3.000000	1075.000000	236.000000	19.000000	1075.542569	233.813010	1.000000	3.111443
10.000000	4.000000	4.000000	954.000000	224.000000	18.000000	960.647625	223.958434	1.000000	3.504630
10.000000	5.000000	5.000000	857.000000	275.000000	17.000000	847.380219	290.677033	1.000000	3.992126
10.000000	6.000000	6.000000	980.000000	474.000000	38.000000	976.714811	473.724908	1.000000	5.392402
10.000000	7.000000	7.000000	1102.000000	475.000000	39.000000	1108.506430	478.712280	1.000000	5.951421
10.000000	8.000000	8.000000	524.000000	460.000000	34.000000	532.983665	452.935475	1.000000	7.192227
10.000000	9.000000	0.000000	475.000000	482.000000	33.000000	444.819421	471.275154	1.000000	7.488410
10.000000	10.000000	9.000000	440.000000	455.000000	33.000000	444.819421	471.275154	1.000000	8.023273
10.000000	11.000000	10.000000	309.000000	253.000000	12.000000	306.210122	249.815038	1.000000	8.854576
10.000000	12.000000	11.000000	229.000000	372.000000	21.000000	207.506075	364.946953	1.000000	9.456324
10.000000	13.000000	12.000000	231.000000	453.000000	31.000000	230.674854	474.523600	1.000000	9.864113
10.000000	14.000000	13.000000	229.000000	584.000000	41.000000	229.760394	581.519841	1.000000	10.647192
10.000000	15.000000	14.000000	769.000000	668.000000	56.000000	770.041521	688.376086	1.000000	11.944457
10.000000	16.000000	15.000000	632.000000	710.000000	55.000000	627.363833	715.578340	1.000000	12.422771
10.000000	17.000000	16.000000	515.000000	792.000000	64.000000	508.457658	798.184768	1.000000	13.271676
10.000000	18.000000	17.000000	432.000000	866.000000	73.000000	424.250790	879.517672	1.000000	14.014525
10.000000	19.000000	18.000000	215.000000	799.000000	61.000000	209.113837	793.100179	1.000000	14.990584
10.000000	20.000000	19.000000	213.000000	860.000000	71.000000	196.134960	868.455282	1.000000	15.334894
10.000000	21.000000	20.000000	987.000000	786.000000	68.000000	976.987499	783.074076	1.000000	16.806441
10.000000	22.000000	21.000000	1112.000000	703.000000	59.000000	1105.273503	695.205780	2.000000	18.263083
10.000000	23.000000	22.000000	1075.000000	615.000000	49.000000	1058.575643	612.094070	2.000000	18.688509
10.000000	24.000000	23.000000	965.000000	696.000000	58.000000	954.940343	705.676436	2.000000	19.118982
10.000000	25.000000	0.000000	909.000000	750.000000	67.000000	891.880628	772.030368	2.000000	19.455083
10.000000	26.000000	24.000000	900.000000	764.000000	67.000000	891.880628	772.030368	2.000000	19.912161
10.000000	27.000000	25.000000	1215.000000	556.000000	50.000000	1213.938330	550.012022	2.000000	20.583630
10.000000	28.000000	26.000000	1218.000000	377.000000	30.000000	1214.363593	356.650377	2.000000	21.343183
10.000000	29.000000	27.000000	1179.000000	178.000000	10.000000	1174.859249	182.727941	2.000000	22.062714
10.000000	30.000000	28.000000	952.000000	131.000000	8.000000	959.274533	127.871003	2.000000	22.998777
10.000000	31.000000	29.000000	883.000000	160.000000	7.000000	891.137451	150.591052	2.000000	23.328495
10.000000	32.000000	0.000000	818.000000	147.000000	6.000000	774.929111	147.735615	2.000000	23.720255
10.000000	33.000000	30.000000	776.000000	146.000000	6.000000	774.929111	147.735615	2.000000	23.990571
10.000000	34.000000	31.000000	421.000000	131.000000	3.000000	422.879135	137.886147	2.000000	24.960487
10.000000	35.000000	32.000000	351.000000	127.000000	2.000000	338.990809	122.671416	2.000000	25.320254
10.000000	36.000000	33.000000	412.000000	212.000000	13.000000	412.878178	232.640153	2.000000	25.831407
10.000000	37.000000	34.000000	760.000000	372.000000	26.000000	745.589912	370.394630	2.000000	27.416462
10.000000	38.000000	35.000000	670.000000	481.000000	35.000000	655.944324	473.698805	2.000000	28.030496
10.000000	39.000000	36.000000	555.000000	545.000000	44.000000	543.074298	556.282159	2.000000	28.808019
10.000000	40.000000	37.000000	448.000000	592.000000	43.000000	436.548897	596.387651	2.000000	29.207935
10.000000	41.000000	38.000000	230.000000	674.000000	51.000000	215.662184	690.089980	2.000000	30.103297
10.000000	42.000000	39.000000	299.000000	811.000000	62.000000	296.345184	822.753983	2.000000	31.039306
10.000000	43.000000	0.000000	315.000000	876.000000	72.000000	307.759546	902.736485	2.000000	31.400025
10.000000	44.000000	40.000000	314.000000	885.000000	72.000000	307.759546	902.736485	2.000000	31.862547
11.000000	1.000000	1.000000	318.000000	166.000000	2.000000	327.675345	160.312470	1.000000	1.434780
11.000000	2.000000	2.000000	201.000000	216.000000	11.000000	207.143338	233.690281	1.000000	2.050723
11.000000	3.000000	3.000000	224.000000	549.000000	41.000000	223.109020	546.951381	1.000000	3.122885
11.000000	4.000000	4.000000	349.000000	572.000000	42.000000	341.657425	573.482812	1.000000	3.540156
11.000000	5.000000	5.000000	649.000000	870.000000	75.000000	641.144409	890.912475	1.000000	4.612674
11.000000	6.000000	6.000000	650.000000	603.000000	45.000000	635.719664	612.258481	1.000000	5.356388
11.000000	7.000000	7.000000	774.000000	661.000000	56.000000	752.168168	660.624482	1.000000	5.796970
11.000000	8.000000	8.000000	847.000000	592.000000	47.000000	851.127168	573.223220	1.000000	6.476505
11.000000	9.000000	9.000000	882.000000	666.000000	57.000000	886.420956	684.048727	1.000000	7.036309
11.000000	10.000000	10.000000	1006.000000	778.000000	68.000000	999.102818	795.153511	1.000000	7.555738
11.000000	11.000000	11.000000	1191.000000	901.000000	80.000000	1169.877435	899.526671	1.000000	8.331821
11.000000	12.000000	12.000000	1225.000000	748.000000	70.000000	1210.917279	756.095409	1.000000	8.690855
11.000000	13.000000	13.000000	1209.000000	665.000000	60.000000	1208.386934	657.032084	1.000000	9.003963
11.000000	14.000000	0.000000	1198.000000	575.000000	50.000000	1208.328979	547.734326	1.000000	9.532023
11.000000	15.000000	14.000000	1201.000000	558.000000	50.000000	1208.328979	547.734326	1.000000	10.226891
11.000000	16.000000	15.000000	1068.000000	588.000000	49.000000	1079.917666	597.323528	1.000000	10.739017
11.000000	17.000000	0.000000	964.000000	554.000000	48.000000	999.326614	551.949181	1.000000	11.171252
11.000000	18.000000	16.000000	992.000000	551.000000	48.000000	999.326614	551.949181	1.000000	11.819317
11.000000	19.000000	17.000000	870.000000	478.000000	37.000000	879.952913	479.327580	1.000000	12.315767
11.000000	20.000000	18.000000	1091.000000	393.000000	29.000000	1081.901144	391.967214	1.000000	13.388791
11.000000	21.000000	19.000000	774.000000	149.000000	6.000000	776.417019	155.424517	1.000000	14.402944
11.000000	22.000000	20.000000	755.000000	250.000000	16.000000	747.034212	252.127763	1.000000	15.844714
11.000000	23.000000	21.000000	447.000000	183.000000	3.000000	431.162467	183.935465	2.000000	16.722779
11.000000	24.000000	22.000000	230.000000	470.000000	31.000000	225.694814	492.580685	2.000000	17.788908
11.000000	25.000000	23.000000	287.000000	474.000000	32.000000	290.628188	483.210383	2.000000	18.179829
11.000000	26.000000	0.000000	461.000000	502.000000	33.000000	436.594287	507.453634	2.000000	19.108588
11.000000	27.000000	24.000000	434.000000	518.000000	33.000000	436.594287	507.453634	2.000000	19.578871
11.000000	28.000000	0.000000	431.000000	575.000000	43.000000	426.144736	607.369421	2.000000	19.963236
11.000000	29.000000	25.000000	434.000000	598.000000	43.000000	426.144736	607.369421	2.000000	20.267292
11.000000	30.000000	26.000000	539.000000	668.000000	54.000000	536.814865	678.866767	2.000000	20.730962
11.000000	31.000000	27.000000	272.000000	826.000000	62.000000	290.123858	825.351571	2.000000	21.668057
11.000000	32.000000	28.000000	241.000000	870.000000	71.000000	231.024640	865.400995	2.000000	22.090819
11.000000	33.000000	29.000000	299.000000	893.000000	72.000000	289.068511	909.752687	2.000000	22.378957
11.000000	34.000000	30.000000	550.000000	891.000000	74.000000	539.345624	903.982714	2.000000	23.316010
11.000000	35.000000	31.000000	779.000000	920.000000	76.000000	767.357563	929.733163	2.000000	24.411648
11.000000	36.000000	32.000000	1070.000000	782.000000	69.000000	1087.749703	774.970894	2.000000	25.307048
11.000000	37.000000	33.000000	985.000000	476.000000	38.000000	981.774231	473.255152	2.000000	26.586829
11.000000	38.000000	34.000000	987.000000	344.000000	28.000000	991.331445	339.100670	2.000000	27.002819
11.000000	39.000000	35.000000	986.000000	292.000000	18.000000	980.084669	274.664956	2.000000	27.252837
11.000000	40.000000	36.000000	1076.000000	242.000000	19.000000	1079.909701	240.301783	2.000000	27.612280
11.000000	41.000000	0.000000	1073.000000	178.000000	9.000000	1094.391762	161.950084	2.000000	28.268195
11.000000	42.000000	37.000000	1079.000000	167.000000	9.000000	1094.391762	161.950084	2.000000	28.708971
11.000000	43.000000	38.000000	749.000000	369.000000	26.000000	730.293348	358.925874	2.000000	29.524191
11.000000	44.000000	39.000000	643.000000	374.000000	25.000000	638.130753	379.791866	2.000000	29.859850
11.000000	45.000000	40.000000	576.000000	472.000000	34.000000	559.657935	479.493602	2.000000	30.379142
12.000000	1.000000	1.000000	660.000000	279.000000	15.000000	660.087771	260.603263	1.000000	1.065615
12.000000	2.000000	2.000000	650.000000	339.000000	25.000000	647.856278	354.854481	1.000000	1.530877
12.000000	3.000000	3.000000	756.000000	249.000000	16.000000	760.814374	246.597118	1.000000	1.977555
12.000000	4.000000	4.000000	865.000000	165.000000	7.000000	875.300411	164.902045	1.000000	2.731544
12.000000	5.000000	5.000000	875.000000	282.000000	17.000000	876.749128	292.155591	1.000000	3.283190
12.000000	6.000000	6.000000	1080.000000	100.000000	9.000000	1072.951915	117.554587	1.000000	4.002101
12.000000	7.000000	0.000000	1003.000000	327.000000	28.000000	984.791614	349.194454	1.000000	4.657489
12.000000	8.000000	7.000000	1009.000000	355.000000	28.000000	984.791614	349.194454	1.000000	5.817855
12.000000	9.000000	8.000000	1059.000000	380.000000	29.000000	1078.626637	382.661675	1.000000	6.305592
12.000000	10.000000	9.000000	1179.000000	484.000000	40.000000	1181.254301	492.796270	1.000000	7.010375
12.000000	11.000000	10.000000	1182.000000	933.000000	80.000000	1184.264100	927.616076	1.000000	8.089659
12.000000	12.000000	11.000000	985.000000	822.000000	68.000000	980.447173	820.781084	1.000000	8.955655
12.000000	13.000000	12.000000	982.000000	703.000000	58.000000	984.640158	714.120019	1.000000	9.435228
12.000000	14.000000	13.000000	660.000000	584.000000	45.000000	644.963852	588.303964	1.000000	10.834029
12.000000	15.000000	14.000000	546.000000	407.000000	24.000000	539.049045	398.837465	1.000000	12.354245
12.000000	16.000000	15.000000	530.000000	437.000000	34.000000	517.706539	437.751399	1.000000	12.635022
12.000000	17.000000	16.000000	466.000000	455.000000	33.000000	446.178186	455.631450	1.000000	13.250662
12.000000	18.000000	17.000000	326.000000	320.000000	22.000000	337.672141	341.347032	1.000000	14.306851
12.000000	19.000000	18.000000	311.000000	285.000000	12.000000	300.341635	286.156895	1.000000	14.650431
12.000000	20.000000	19.000000	421.000000	235.000000	13.000000	425.366753	230.682629	1.000000	15.371176
12.000000	21.000000	20.000000	555.000000	165.000000	4.000000	556.497238	167.762453	1.000000	16.883571
12.000000	22.000000	21.000000	776.000000	161.000000	6.000000	761.517890	160.102294	2.000000	18.841630
12.000000	23.000000	22.000000	954.000000	239.000000	18.000000	958.928931	250.778672	2.000000	19.961605
12.000000	24.000000	23.000000	1163.000000	142.000000	10.000000	1174.118528	137.100755	2.000000	21.402765
12.000000	25.000000	24.000000	1198.000000	387.000000	30.000000	1190.254768	377.027753	2.000000	21.963531
12.000000	26.000000	25.000000	1214.000000	673.000000	60.000000	1198.211135	682.838280	2.000000	23.249788
12.000000	27.000000	26.000000	1120.000000	865.000000	79.000000	1111.924856	861.909611	2.000000	24.513476
12.000000	28.000000	27.000000	888.000000	599.000000	47.000000	891.568847	598.625225	2.000000	25.521338
12.000000	29.000000	28.000000	878.000000	439.000000	37.000000	867.594223	454.982359	2.000000	26.115517
12.000000	30.000000	29.000000	861.000000	388.000000	27.000000	845.352900	389.766821	2.000000	26.466546
12.000000	31.000000	30.000000	758.000000	487.000000	36.000000	740.850061	488.705214	2.000000	27.066075
12.000000	32.000000	31.000000	779.000000	652.000000	56.000000	772.190598	661.110977	2.000000	27.730059
12.000000	33.000000	32.000000	840.000000	692.000000	57.000000	845.901351	713.195393	2.000000	28.193621
12.000000	34.000000	33.000000	668.000000	916.000000	75.000000	649.748527	919.405516	2.000000	29.514678
12.000000	35.000000	34.000000	637.000000	812.000000	65.000000	630.495662	825.945649	2.000000	29.874603
12.000000	36.000000	35.000000	423.000000	850.000000	73.000000	412.314750	863.141913	2.000000	31.042302
12.000000	37.000000	36.000000	187.000000	908.000000	71.000000	201.485879	916.137661	2.000000	31.802388
12.000000	38.000000	37.000000	306.000000	693.000000	52.000000	328.666300	697.324424	2.000000	32.489801
12.000000	39.000000	38.000000	184.000000	671.000000	51.000000	179.194365	662.757694	2.000000	32.914261
12.000000	40.000000	39.000000	334.000000	595.000000	42.000000	323.986880	579.137239	2.000000	33.370855
12.000000	41.000000	40.000000	439.000000	601.000000	43.000000	447.865035	598.644052	2.000000	34.098759
13.000000	1.000000	1.000000	664.000000	139.000000	5.000000	667.171254	135.959395	1.000000	1.539984
13.000000	2.000000	0.000000	720.000000	125.000000	6.000000	751.016757	125.146263	1.000000	1.923189
13.000000	3.000000	2.000000	769.000000	124.000000	6.000000	751.016757	125.146263	1.000000	2.218903
13.000000	4.000000	3.000000	836.000000	128.000000	7.000000	837.890444	130.580043	1.000000	2.619421
13.000000	5.000000	0.000000	867.000000	212.000000	17.000000	878.322138	240.906812	1.000000	3.074144
13.000000	6.000000	4.000000	872.000000	225.000000	17.000000	878.322138	240.906812	1.000000	3.362850
13.000000	7.000000	5.000000	1181.000000	334.000000	30.000000	1168.380984	334.159282	1.000000	4.587082
13.000000	8.000000	6.000000	1079.000000	396.000000	29.000000	1061.761758	400.927055	1.000000	5.339044
13.000000	9.000000	7.000000	1114.000000	465.000000	39.000000	1108.758526	477.927004	1.000000	6.690679
13.000000	10.000000	8.000000	784.000000	383.000000	26.000000	777.668184	385.095303	1.000000	7.426345
13.000000	11.000000	9.000000	639.000000	549.000000	45.000000	632.353760	555.511237	1.000000	8.306447
13.000000	12.000000	10.000000	736.000000	576.000000	46.000000	741.165587	584.738838	1.000000	8.674348
13.000000	13.000000	11.000000	892.000000	652.000000	57.000000	884.688611	663.720616	1.000000	9.362367
13.000000	14.000000	12.000000	1066.000000	698.000000	59.000000	1066.206602	714.978884	1.000000	10.299232
13.000000	15.000000	13.000000	996.000000	761.000000	68.000000	991.324622	776.605405	1.000000	10.763594
13.000000	16.000000	14.000000	1062.000000	899.000000	79.000000	1062.880409	901.173398	1.000000	11.915946
13.000000	17.000000	15.000000	534.000000	908.000000	74.000000	538.591418	913.962191	1.000000	13.129998
13.000000	18.000000	16.000000	539.000000	803.000000	64.000000	546.814679	809.981847	1.000000	13.513939
13.000000	19.000000	17.000000	429.000000	715.000000	53.000000	418.185225	713.427025	1.000000	14.275044
13.000000	20.000000	18.000000	310.000000	676.000000	52.000000	307.888980	670.908024	1.000000	14.739515
13.000000	21.000000	19.000000	449.000000	334.000000	23.000000	451.254833	330.729951	1.000000	16.171123
13.000000	22.000000	20.000000	405.000000	264.000000	13.000000	404.656528	258.604293	2.000000	16.932025
13.000000	23.000000	21.000000	431.000000	145.000000	3.000000	442.402021	144.919241	2.000000	17.267577
13.000000	24.000000	22.000000	532.000000	148.000000	4.000000	549.372101	152.962359	2.000000	17.666050
13.000000	25.000000	23.000000	744.000000	254.000000	16.000000	744.967587	274.546376	2.000000	18.474772
13.000000	26.000000	24.000000	629.000000	352.000000	25.000000	619.528444	352.133442	2.000000	19.458182
13.000000	27.000000	25.000000	206.000000	345.000000	21.000000	187.042367	341.194142	2.000000	20.243160
13.000000	28.000000	26.000000	228.000000	445.000000	31.000000	226.423206	450.929914	2.000000	20.851749
13.000000	29.000000	27.000000	392.000000	567.000000	43.000000	404.870361	571.497090	2.000000	21.459423
13.000000	30.000000	28.000000	544.000000	488.000000	34.000000	546.796055	481.694986	2.000000	21.994570
13.000000	31.000000	29.000000	553.000000	579.000000	44.000000	562.323975	578.923636	2.000000	22.602209
13.000000	32.000000	30.000000	646.000000	703.000000	55.000000	633.647385	689.337046	2.000000	23.323610
13.000000	33.000000	31.000000	188.000000	809.000000	61.000000	191.884940	802.881577	2.000000	24.452229
13.000000	34.000000	32.000000	870.000000	890.000000	77.000000	864.308938	888.151091	2.000000	26.284125
13.000000	35.000000	33.000000	1176.000000	657.000000	60.000000	1180.176142	663.945953	2.000000	27.145902
13.000000	36.000000	34.000000	1047.000000	593.000000	49.000000	1058.649596	597.825550	2.000000	27.579051
13.000000	37.000000	35.000000	998.000000	498.000000	38.000000	978.796045	487.141719	2.000000	28.163965
13.000000	38.000000	36.000000	1234.000000	488.000000	40.000000	1214.826668	478.348469	2.000000	28.729778
13.000000	39.000000	37.000000	1092.000000	147.000000	9.000000	1079.296826	155.895297	2.000000	29.987096
13.000000	40.000000	38.000000	1160.000000	144.000000	10.000000	1178.042774	143.938087	2.000000	30.283249
13.000000	41.000000	39.000000	861.000000	579.000000	47.000000	857.001078	582.327660	2.000000	31.963229
13.000000	42.000000	40.000000	308.000000	791.000000	62.000000	301.521456	799.398164	1.000000	38.386280
14.000000	1.000000	1.000000	328.000000	105.000000	2.000000	324.935707	117.696937	1.000000	1.528930
14.000000	2.000000	2.000000	542.000000	264.000000	14.000000	549.588595	268.974105	1.000000	2.200250
14.000000	3.000000	3.000000	647.000000	333.000000	25.000000	637.431612	347.210475	1.000000	2.744275
14.000000	4.000000	4.000000	850.000000	251.000000	17.000000	852.564289	252.672386	1.000000	3.520312
14.000000	5.000000	5.000000	866.000000	150.000000	7.000000	851.575008	149.736033	1.000000	3.945413
14.000000	6.000000	6.000000	985.000000	338.000000	28.000000	993.351961	339.205754	1.000000	4.592747
14.000000	7.000000	7.000000	1190.000000	269.000000	20.000000	1179.832852	255.274277	1.000000	5.488346
14.000000	8.000000	8.000000	1077.000000	580.000000	49.000000	1078.322464	578.534465	1.000000	6.536667
14.000000	9.000000	9.000000	745.000000	446.000000	36.000000	732.009007	450.326165	1.000000	7.945097
14.000000	10.000000	10.000000	420.000000	595.000000	43.000000	427.474307	593.594388	1.000000	9.191646
14.000000	11.000000	11.000000	421.000000	641.000000	53.000000	417.107508	649.805128	1.000000	9.503646
14.000000	12.000000	12.000000	557.000000	575.000000	44.000000	546.830697	586.210854	1.000000	9.896310
14.000000	13.000000	13.000000	658.000000	669.000000	55.000000	651.000182	685.761856	1.000000	10.608834
14.000000	14.000000	14.000000	613.000000	781.000000	65.000000	618.884783	769.590886	1.000000	11.249708
14.000000	15.000000	15.000000	536.000000	807.000000	64.000000	546.980220	803.621317	1.000000	11.729702
14.000000	16.000000	16.000000	224.000000	789.000000	61.000000	225.632750	777.625729	1.000000	12.647811
14.000000	17.000000	17.000000	309.000000	885.000000	72.000000	302.984574	870.450793	1.000000	13.231535
14.000000	18.000000	18.000000	773.000000	709.000000	56.000000	779.015104	706.915425	1.000000	14.256342
14.000000	19.000000	19.000000	881.000000	702.000000	57.000000	886.114514	706.935739	1.000000	15.329566
14.000000	20.000000	20.000000	882.000000	745.000000	67.000000	885.188829	766.962989	1.000000	15.864851
14.000000	21.000000	21.000000	1177.000000	794.000000	70.000000	1168.362291	793.782953	2.000000	16.848234
14.000000	22.000000	0.000000	867.000000	864.000000	77.000000	839.783730	871.478215	2.000000	17.577352
14.000000	23.000000	22.000000	828.000000	877.000000	77.000000	839.783730	871.478215	2.000000	18.040662
14.000000	24.000000	23.000000	776.000000	904.000000	76.000000	763.793755	901.222638	2.000000	18.479602
14.000000	25.000000	24.000000	773.000000	831.000000	66.000000	769.225448	815.295345	2.000000	18.833210
14.000000	26.000000	25.000000	1085.000000	670.000000	59.000000	1072.294648	658.350034	2.000000	19.625592
14.000000	27.000000	26.000000	415.000000	763.000000	63.000000	399.810545	771.516320	2.000000	21.111733
14.000000	28.000000	27.000000	513.000000	693.000000	54.000000	514.829843	686.625445	2.000000	22.127907
14.000000	29.000000	28.000000	342.000000	576.000000	42.000000	329.392106	587.226645	2.000000	22.944423
14.000000	30.000000	0.000000	208.000000	490.000000	31.000000	180.438248	485.503873	2.000000	23.505245
14.000000	31.000000	29.000000	181.000000	483.000000	31.000000	180.438248	485.503873	2.000000	23.977355
14.000000	32.000000	0.000000	781.000000	524.000000	46.000000	777.619565	550.826908	2.000000	24.720282
14.000000	33.000000	30.000000	770.000000	544.000000	46.000000	777.619565	550.826908	2.000000	25.449594
14.000000	34.000000	31.000000	975.000000	475.000000	38.000000	972.230262	478.578589	2.000000	26.152124
14.000000	35.000000	32.000000	1171.000000	471.000000	40.000000	1177.199012	466.341348	2.000000	26.719624
14.000000	36.000000	33.000000	1006.000000	247.000000	18.000000	989.519300	245.575336	2.000000	28.079665
14.000000	37.000000	34.000000	1071.000000	175.000000	9.000000	1067.459741	157.872709	2.000000	28.560637
14.000000	38.000000	35.000000	763.000000	144.000000	6.000000	742.614137	144.119070	2.000000	29.175660
14.000000	39.000000	36.000000	660.000000	178.000000	5.000000	659.774887	182.844214	2.000000	29.632146
14.000000	40.000000	37.000000	743.000000	275.000000	16.000000	761.428089	286.323957	2.000000	30.144073
14.000000	41.000000	38.000000	510.000000	340.000000	24.000000	517.504651	345.543137	2.000000	31.433782
14.000000	42.000000	39.000000	447.000000	179.000000	3.000000	426.787503	184.249779	2.000000	32.055702
14.000000	43.000000	40.000000	186.000000	242.000000	11.000000	187.852865	245.932473	2.000000	33.031732
15.000000	1.000000	1.000000	539.000000	364.000000	24.000000	525.752554	361.174425	1.000000	1.168039
15.000000	2.000000	2.000000	343.000000	133.000000	2.000000	327.512032	140.485869	1.000000	2.048862
15.000000	3.000000	0.000000	628.000000	142.000000	5.000000	655.986178	140.959368	1.000000	2.751648
15.000000	4.000000	3.000000	646.000000	141.000000	5.000000	655.986178	140.959368	1.000000	3.008320
15.000000	5.000000	4.000000	840.000000	246.000000	17.000000	844.398439	255.631858	1.000000	4.510674
15.000000	6.000000	5.000000	1009.000000	263.000000	18.000000	1002.102824	255.279375	1.000000	5.118894
15.000000	7.000000	6.000000	1066.000000	146.000000	9.000000	1066.084864	145.224249	1.000000	5.752393
15.000000	8.000000	0.000000	905.000000	336.000000	27.000000	888.406501	358.945754	1.000000	6.486728
15.000000	9.000000	7.000000	894.000000	362.000000	27.000000	888.406501	358.945754	1.000000	7.088621
15.000000	10.000000	8.000000	967.000000	455.000000	38.000000	958.321270	449.440903	1.000000	7.639819
15.000000	11.000000	9.000000	513.000000	538.000000	44.000000	513.709615	543.059493	1.000000	8.904079
15.000000	12.000000	10.000000	661.000000	579.000000	45.000000	641.661834	582.389977	1.000000	9.416483
15.000000	13.000000	11.000000	648.000000	686.000000	55.000000	654.184430	699.473581	1.000000	10.232555
15.000000	14.000000	12.000000	552.000000	709.000000	54.000000	544.249212	713.038300	1.000000	10.678995
15.000000	15.000000	13.000000	428.000000	805.000000	63.000000	415.737251	806.599491	1.000000	11.552535
15.000000	16.000000	14.000000	190.000000	493.000000	31.000000	182.125453	500.247741	1.000000	12.600715
15.000000	17.000000	15.000000	192.000000	894.000000	71.000000	185.885809	910.539786	1.000000	13.392417
15.000000	18.000000	16.000000	297.000000	898.000000	72.000000	298.185126	910.769119	1.000000	13.895956
15.000000	19.000000	17.000000	660.000000	912.000000	75.000000	652.664139	914.869973	1.000000	14.728900
15.000000	20.000000	18.000000	991.000000	763.000000	68.000000	996.976812	763.614331	1.000000	16.247363
15.000000	21.000000	19.000000	1179.000000	780.000000	70.000000	1178.178719	788.337409	1.000000	16.864052
15.000000	22.000000	20.000000	1202.000000	603.000000	50.000000	1198.197479	610.508981	1.000000	18.015987
15.000000	23.000000	21.000000	1196.000000	345.000000	30.000000	1179.017201	337.941169	2.000000	20.071829
15.000000	24.000000	0.000000	1187.000000	308.000000	20.000000	1179.790928	273.174344	2.000000	20.471321
15.000000	25.000000	22.000000	1191.000000	290.000000	20.000000	1179.790928	273.174344	2.000000	20.744973
15.000000	26.000000	23.000000	1058.000000	353.000000	29.000000	1058.688804	359.285476	2.000000	21.502811
15.000000	27.000000	24.000000	1206.000000	128.000000	10.000000	1218.000672	128.764805	2.000000	22.752105
15.000000	28.000000	25.000000	851.000000	181.000000	7.000000	843.991142	186.650482	2.000000	23.671803
15.000000	29.000000	26.000000	772.000000	147.000000	6.000000	776.949893	132.331520	2.000000	24.070877
15.000000	30.000000	27.000000	540.000000	125.000000	4.000000	529.615454	119.552447	2.000000	24.831007
15.000000	31.000000	28.000000	468.000000	157.000000	3.000000	446.399157	163.486282	2.000000	25.222857
15.000000	32.000000	29.000000	458.000000	209.000000	13.000000	448.275722	224.044992	2.000000	25.559975
15.000000	33.000000	30.000000	345.000000	224.000000	12.000000	327.048065	233.726159	2.000000	26.007060
15.000000	34.000000	0.000000	232.000000	385.000000	21.000000	206.692874	398.003779	2.000000	26.944853
15.000000	35.000000	31.000000	205.000000	393.000000	21.000000	206.692874	398.003779	2.000000	27.432042
15.000000	36.000000	32.000000	418.000000	444.000000	33.000000	428.782962	443.846604	2.000000	28.159777
15.000000	37.000000	33.000000	496.000000	486.000000	34.000000	509.293233	506.977911	2.000000	28.616975
15.000000	38.000000	34.000000	646.000000	379.000000	25.000000	645.896089	390.857740	2.000000	29.200945
15.000000	39.000000	35.000000	230.000000	702.000000	51.000000	225.579198	697.552937	2.000000	30.383984
15.000000	40.000000	36.000000	311.000000	687.000000	52.000000	300.423088	692.484825	2.000000	30.736149
15.000000	41.000000	0.000000	379.000000	696.000000	53.000000	437.304349	709.988264	2.000000	31.071743
15.000000	42.000000	37.000000	428.000000	701.000000	53.000000	437.304349	709.988264	2.000000	31.896387
15.000000	43.000000	0.000000	413.000000	850.000000	73.000000	409.284938	877.442656	2.000000	32.488438
15.000000	44.000000	38.000000	423.000000	866.000000	73.000000	409.284938	877.442656	2.000000	33.246953
15.000000	45.000000	39.000000	727.000000	866.000000	76.000000	734.648302	867.131135	2.000000	33.934915
15.000000	46.000000	40.000000	863.000000	683.000000	57.000000	860.065432	678.944238	2.000000	35.135638
16.000000	1.000000	1.000000	230.000000	261.000000	11.000000	230.968809	260.710222	1.000000	1.533337
16.000000	2.000000	2.000000	331.000000	342.000000	22.000000	339.116794	336.895962	1.000000	1.948752
16.000000	3.000000	0.000000	403.000000	363.000000	23.000000	424.117843	387.678388	1.000000	2.365730
16.000000	4.000000	0.000000	433.000000	364.000000	23.000000	424.117843	387.678388	1.000000	2.661459
16.000000	5.000000	3.000000	430.000000	372.000000	23.000000	424.117843	387.678388	1.000000	2.957908
16.000000	6.000000	4.000000	528.000000	233.000000	14.000000	527.626102	247.994646	1.000000	3.636494
16.000000	7.000000	5.000000	660.000000	336.000000	25.000000	665.934679	331.345132	1.000000	4.294025
16.000000	8.000000	6.000000	730.000000	240.000000	16.000000	727.879885	246.036955	1.000000	5.717475
16.000000	9.000000	7.000000	957.000000	351.000000	28.000000	973.475468	367.465558	1.000000	6.453113
16.000000	10.000000	8.000000	1189.000000	441.000000	40.000000	1195.791314	448.023813	1.000000	8.411770
16.000000	11.000000	9.000000	1155.000000	579.000000	50.000000	1174.198796	587.386479	1.000000	9.276496
16.000000	12.000000	10.000000	1098.000000	594.000000	49.000000	1091.524478	588.035478	1.000000	9.612710
16.000000	13.000000	11.000000	1013.000000	583.000000	48.000000	998.875016	580.231669	1.000000	10.051933
16.000000	14.000000	12.000000	650.000000	587.000000	45.000000	666.768592	589.060883	1.000000	11.180104
16.000000	15.000000	13.000000	457.000000	665.000000	53.000000	450.631275	668.940248	1.000000	11.955940
16.000000	16.000000	14.000000	198.000000	710.000000	51.000000	190.809222	712.818717	1.000000	12.660933
16.000000	17.000000	15.000000	509.000000	787.000000	64.000000	508.668805	804.843297	1.000000	13.429637
16.000000	18.000000	16.000000	437.000000	919.000000	73.000000	439.053575	926.399385	1.000000	14.276477
16.000000	19.000000	17.000000	660.000000	904.000000	75.000000	669.002122	902.966249	1.000000	14.908140
16.000000	20.000000	18.000000	774.000000	812.000000	66.000000	765.665104	822.168041	1.000000	15.877635
16.000000	21.000000	19.000000	732.000000	709.000000	56.000000	731.780530	717.838387	1.000000	16.277472
16.000000	22.000000	20.000000	992.000000	759.000000	68.000000	987.043169	765.922051	1.000000	17.109196
16.000000	23.000000	21.000000	854.000000	880.000000	77.000000	847.240009	888.977598	2.000000	18.324025
16.000000	24.000000	0.000000	547.000000	886.000000	74.000000	520.174067	883.000222	2.000000	20.004998
16.000000	25.000000	22.000000	525.000000	875.000000	74.000000	520.174067	883.000222	2.000000	20.524753
16.000000	26.000000	23.000000	613.000000	777.000000	65.000000	629.403062	758.480076	2.000000	21.013797
16.000000	27.000000	24.000000	531.000000	680.000000	54.000000	535.160695	667.700200	2.000000	21.540663
16.000000	28.000000	25.000000	310.000000	874.000000	72.000000	304.633595	874.119354	2.000000	22.141689
16.000000	29.000000	26.000000	236.000000	807.000000	61.000000	222.853827	810.862090	2.000000	22.534091
16.000000	30.000000	27.000000	311.000000	713.000000	52.000000	324.403234	713.706895	2.000000	23.163926
16.000000	31.000000	28.000000	294.000000	586.000000	42.000000	295.205960	590.786533	2.000000	24.275824
16.000000	32.000000	29.000000	451.000000	468.000000	33.000000	446.663887	470.725084	2.000000	24.789161
16.000000	33.000000	30.000000	771.000000	553.000000	46.000000	769.289155	561.585174	2.000000	25.508172
16.000000	34.000000	31.000000	862.000000	573.000000	47.000000	865.804831	571.582221	2.000000	25.844024
16.000000	35.000000	32.000000	1196.000000	683.000000	60.000000	1185.939034	689.933732	2.000000	28.861742
16.000000	36.000000	0.000000	1130.000000	472.000000	39.000000	1110.158964	447.447076	2.000000	29.491877
16.000000	37.000000	33.000000	1108.000000	457.000000	39.000000	1110.158964	447.447076	2.000000	30.187914
16.000000	38.000000	34.000000	175.000000	356.000000	21.000000	192.941867	349.416770	2.000000	31.716173
16.000000	39.000000	35.000000	427.000000	176.000000	3.000000	421.437829	165.779518	2.000000	32.741968
16.000000	40.000000	36.000000	512.000000	125.000000	4.000000	532.427090	137.781078	2.000000	33.061066
16.000000	41.000000	37.000000	608.000000	173.000000	5.000000	619.257457	181.138708	2.000000	33.459723
16.000000	42.000000	38.000000	965.000000	225.000000	18.000000	953.790203	224.316785	2.000000	34.444534
16.000000	43.000000	39.000000	1084.000000	153.000000	9.000000	1074.311743	153.796858	2.000000	34.917087
16.000000	44.000000	40.000000	1184.000000	218.000000	20.000000	1187.900048	224.288544	2.000000	35.452795
17.000000	1.000000	1.000000	1095.000000	226.000000	19.000000	1092.646365	235.941359	2.000000	2.059315
17.000000	2.000000	2.000000	1077.000000	178.000000	9.000000	1078.015065	185.467485	2.000000	2.325177
17.000000	3.000000	3.000000	984.000000	170.000000	8.000000	984.118515	166.514388	2.000000	2.645069
17.000000	4.000000	4.000000	962.000000	285.000000	18.000000	954.690550	287.489856	2.000000	3.179790
17.000000	5.000000	5.000000	856.000000	174.000000	7.000000	858.136796	182.484267	2.000000	3.764064
17.000000	6.000000	6.000000	767.000000	241.000000	16.000000	760.297987	262.127291	2.000000	4.556440
17.000000	7.000000	7.000000	641.000000	253.000000	15.000000	624.476379	267.664657	2.000000	5.021150
17.000000	8.000000	8.000000	421.000000	142.000000	3.000000	411.465468	143.413930	2.000000	5.667565
17.000000	9.000000	9.000000	842.000000	351.000000	27.000000	843.907888	369.351084	2.000000	6.316473
17.000000	10.000000	10.000000	1233.000000	356.000000	30.000000	1221.415619	366.035516	2.000000	7.132617
17.000000	11.000000	11.000000	329.000000	484.000000	32.000000	333.614188	485.020327	2.000000	8.339776
17.000000	12.000000	12.000000	324.000000	594.000000	42.000000	321.345359	585.748042	2.000000	9.100048
17.000000	13.000000	13.000000	419.000000	592.000000	43.000000	401.251636	601.438553	2.000000	9.484919
17.000000	14.000000	14.000000	649.000000	663.000000	55.000000	633.966909	672.798520	2.000000	10.339583
17.000000	15.000000	15.000000	574.000000	701.000000	54.000000	561.948885	719.183303	2.000000	10.875952
17.000000	16.000000	16.000000	425.000000	701.000000	53.000000	410.986435	699.486176	2.000000	11.404534
17.000000	17.000000	17.000000	878.000000	680.000000	57.000000	873.283837	667.877545	2.000000	12.148728
17.000000	18.000000	18.000000	880.000000	805.000000	67.000000	887.799612	805.666529	2.000000	12.604960
17.000000	19.000000	19.000000	850.000000	859.000000	77.000000	841.923339	878.955377	2.000000	13.475226
17.000000	20.000000	20.000000	638.000000	886.000000	75.000000	634.742421	894.038897	2.000000	16.492533
17.000000	21.000000	21.000000	957.000000	879.000000	78.000000	956.591261	873.881857	1.000000	17.403506
17.000000	22.000000	22.000000	203.000000	911.000000	71.000000	190.990328	904.595703	1.000000	18.420477
17.000000	23.000000	23.000000	316.000000	659.000000	52.000000	322.424642	663.925518	1.000000	19.084112
17.000000	24.000000	24.000000	513.000000	583.000000	44.000000	510.294650	579.641116	1.000000	19.716362
17.000000	25.000000	25.000000	202.000000	569.000000	41.000000	201.465559	575.295353	1.000000	20.324348
17.000000	26.000000	26.000000	192.000000	490.000000	31.000000	192.661072	481.229342	1.000000	20.683400
17.000000	27.000000	27.000000	526.000000	449.000000	34.000000	547.118407	440.861999	1.000000	21.316367
17.000000	28.000000	28.000000	564.000000	368.000000	24.000000	559.047152	373.026398	1.000000	21.836322
17.000000	29.000000	29.000000	666.000000	365.000000	25.000000	662.953080	369.548067	1.000000	22.292223
17.000000	30.000000	30.000000	733.000000	355.000000	26.000000	743.772211	352.378839	1.000000	23.011436
17.000000	31.000000	31.000000	856.000000	459.000000	37.000000	860.486946	477.555015	1.000000	24.045225
17.000000	32.000000	32.000000	965.000000	471.000000	38.000000	947.933265	472.552796	1.000000	24.483836
17.000000	33.000000	33.000000	1077.000000	503.000000	39.000000	1091.255481	507.263777	1.000000	25.092332
17.000000	34.000000	34.000000	1010.000000	541.000000	48.000000	1002.141873	564.732153	1.000000	25.444487
17.000000	35.000000	35.000000	1101.000000	559.000000	49.000000	1104.910490	574.097493	1.000000	25.851908
17.000000	36.000000	36.000000	1087.000000	360.000000	29.000000	1083.842174	353.544284	1.000000	26.436867
17.000000	37.000000	37.000000	642.000000	185.000000	5.000000	638.304750	177.735590	1.000000	27.596000
17.000000	38.000000	0.000000	363.000000	171.000000	2.000000	336.310627	175.253890	1.000000	28.325062
17.000000	39.000000	38.000000	346.000000	170.000000	2.000000	336.310627	175.253890	1.000000	28.732513
17.000000	40.000000	39.000000	430.000000	240.000000	13.000000	427.172041	249.993887	1.000000	29.213002
17.000000	41.000000	40.000000	167.000000	260.000000	11.000000	180.034161	252.871017	1.000000	29.717445
18.000000	1.000000	1.000000	557.000000	180.000000	4.000000	548.113838	183.245994	1.000000	1.438161
18.000000	2.000000	0.000000	218.000000	213.000000	11.000000	200.386115	233.584754	1.000000	2.133801
18.000000	3.000000	2.000000	202.000000	250.000000	11.000000	200.386115	233.584754	1.000000	2.565627
18.000000	4.000000	3.000000	207.000000	326.000000	21.000000	216.360929	333.947606	1.000000	2.950009
18.000000	5.000000	4.000000	436.000000	482.000000	33.000000	441.838795	470.628488	1.000000	4.005989
18.000000	6.000000	5.000000	318.000000	692.000000	52.000000	310.331634	678.400819	1.000000	4.926493
18.000000	7.000000	6.000000	517.000000	689.000000	54.000000	526.365286	689.363321	1.000000	5.629514
18.000000	8.000000	7.000000	460.000000	796.000000	63.000000	452.354425	804.678441	1.000000	6.135277
18.000000	9.000000	8.000000	208.000000	867.000000	71.000000	197.684848	875.264334	1.000000	7.406324
18.000000	10.000000	9.000000	562.000000	875.000000	74.000000	546.558584	878.191310	1.000000	8.590163
18.000000	11.000000	10.000000	630.000000	916.000000	75.000000	630.085340	928.685676	1.000000	9.071106
18.000000	12.000000	11.000000	663.000000	809.000000	65.000000	668.670304	814.160955	1.000000	9.446718
18.000000	13.000000	12.000000	888.000000	796.000000	67.000000	885.112680	789.070496	1.000000	10.239150
18.000000	14.000000	13.000000	979.000000	677.000000	58.000000	968.951821	682.323933	1.000000	10.718162
18.000000	15.000000	14.000000	1096.000000	664.000000	59.000000	1102.095228	650.998448	1.000000	11.341806
18.000000	16.000000	15.000000	1168.000000	874.000000	80.000000	1179.696877	882.605775	1.000000	12.261461
18.000000	17.000000	16.000000	1096.000000	572.000000	49.000000	1093.533713	557.629141	1.000000	13.302498
18.000000	18.000000	17.000000	1097.000000	486.000000	39.000000	1104.673163	470.537645	1.000000	13.693365
18.000000	19.000000	18.000000	1204.000000	398.000000	30.000000	1206.317480	395.567873	1.000000	15.046787
18.000000	20.000000	19.000000	982.000000	465.000000	38.000000	978.467542	468.670509	1.000000	15.597779
18.000000	21.000000	20.000000	768.000000	567.000000	46.000000	764.551066	573.545170	1.000000	16.189185
18.000000	22.000000	21.000000	990.000000	872.000000	78.000000	987.800336	875.558551	2.000000	19.863072
18.000000	23.000000	22.000000	962.000000	814.000000	68.000000	952.211909	816.391508	2.000000	20.270012
18.000000	24.000000	23.000000	779.000000	900.000000	76.000000	772.387607	911.269321	2.000000	20.933855
18.000000	25.000000	24.000000	197.000000	812.000000	61.000000	208.438890	823.057498	2.000000	22.533978
18.000000	26.000000	25.000000	213.000000	691.000000	51.000000	207.180474	677.721584	2.000000	23.301161
18.000000	27.000000	26.000000	428.000000	583.000000	43.000000	436.883859	583.803499	2.000000	24.174989
18.000000	28.000000	27.000000	493.000000	591.000000	44.000000	513.586502	604.557537	2.000000	24.525382
18.000000	29.000000	28.000000	748.000000	489.000000	36.000000	747.309748	492.815171	2.000000	26.782695
18.000000	30.000000	29.000000	755.000000	391.000000	26.000000	761.539518	385.532684	2.000000	27.182818
18.000000	31.000000	30.000000	631.000000	382.000000	25.000000	623.124231	382.789040	2.000000	27.559195
18.000000	32.000000	31.000000	644.000000	284.000000	15.000000	620.437487	287.662280	2.000000	27.886903
18.000000	33.000000	32.000000	719.000000	277.000000	16.000000	735.591912	271.802578	2.000000	28.205547
18.000000	34.000000	0.000000	703.000000	95.000000	6.000000	730.776744	142.643016	2.000000	28.677403
18.000000	35.000000	33.000000	725.000000	141.000000	6.000000	730.776744	142.643016	2.000000	28.990849
18.000000	36.000000	34.000000	638.000000	121.000000	5.000000	633.558841	124.664484	2.000000	29.366685
18.000000	37.000000	35.000000	288.000000	259.000000	12.000000	294.685616	263.170226	2.000000	30.293311
18.000000	38.000000	36.000000	856.000000	142.000000	7.000000	867.752802	151.089479	2.000000	31.421939
18.000000	39.000000	37.000000	1002.000000	157.000000	8.000000	982.038406	169.940984	2.000000	31.765518
18.000000	40.000000	38.000000	1074.000000	139.000000	9.000000	1084.517878	131.994300	2.000000	32.086413
18.000000	41.000000	39.000000	1187.000000	131.000000	10.000000	1198.359974	131.337514	2.000000	32.454355
18.000000	42.000000	40.000000	995.000000	268.000000	18.000000	986.006879	290.515995	2.000000	33.229328
19.000000	1.000000	1.000000	1069.000000	199.000000	9.000000	1063.361101	184.774611	1.000000	2.518372
19.000000	2.000000	2.000000	200.000000	158.000000	1.000000	200.980668	157.794525	1.000000	3.573543
19.000000	3.000000	3.000000	190.000000	322.000000	21.000000	190.723552	333.184429	1.000000	4.150052
19.000000	4.000000	4.000000	454.000000	255.000000	13.000000	451.250513	258.361946	1.000000	4.668893
19.000000	5.000000	5.000000	645.000000	341.000000	25.000000	649.059326	334.843287	1.000000	5.166454
19.000000	6.000000	6.000000	626.000000	455.000000	35.000000	618.129408	460.775575	1.000000	6.108487
19.000000	7.000000	7.000000	1179.000000	467.000000	40.000000	1186.005531	471.570396	1.000000	7.118266
19.000000	8.000000	8.000000	781.000000	558.000000	46.000000	775.983426	570.619897	1.000000	8.220467
19.000000	9.000000	9.000000	763.000000	676.000000	56.000000	756.338529	659.830726	1.000000	8.797418
19.000000	10.000000	10.000000	676.000000	688.000000	55.000000	661.506006	701.422454	1.000000	9.317240
19.000000	11.000000	11.000000	571.000000	661.000000	54.000000	561.846466	657.419691	1.000000	9.678389
19.000000	12.000000	12.000000	505.000000	770.000000	64.000000	509.699343	755.789821	1.000000	10.206129
19.000000	13.000000	13.000000	661.000000	775.000000	65.000000	671.559906	777.714870	1.000000	10.669633
19.000000	14.000000	14.000000	403.000000	775.000000	63.000000	408.191157	772.557992	1.000000	11.173211
19.000000	15.000000	15.000000	413.000000	882.000000	73.000000	427.948645	891.170915	1.000000	11.645814
19.000000	16.000000	16.000000	177.000000	835.000000	61.000000	179.311725	817.449199	1.000000	12.709578
19.000000	17.000000	0.000000	1002.000000	798.000000	68.000000	974.224400	787.660011	1.000000	13.780724
19.000000	18.000000	17.000000	970.000000	799.000000	68.000000	974.224400	787.660011	1.000000	14.141582
19.000000	19.000000	18.000000	892.000000	912.000000	77.000000	884.061358	907.155411	1.000000	14.860410
19.000000	20.000000	19.000000	1083.000000	900.000000	79.000000	1082.973688	895.371941	1.000000	15.893679
19.000000	21.000000	20.000000	1231.000000	907.000000	80.000000	1221.640509	913.635411	1.000000	17.517216
19.000000	22.000000	21.000000	754.000000	916.000000	76.000000	758.417665	903.806952	2.000000	18.413876
19.000000	23.000000	22.000000	665.000000	862.000000	75.000000	655.386284	862.801180	2.000000	19.053531
19.000000	24.000000	23.000000	985.000000	715.000000	58.000000	977.942193	707.429781	2.000000	20.060512
19.000000	25.000000	24.000000	550.000000	578.000000	44.000000	541.426926	593.634559	2.000000	21.045372
19.000000	26.000000	25.000000	315.000000	689.000000	52.000000	307.604158	701.256478	2.000000	21.837274
19.000000	27.000000	26.000000	231.000000	566.000000	41.000000	227.093691	576.635717	2.000000	22.478412
19.000000	28.000000	27.000000	194.000000	503.000000	31.000000	198.391078	501.306470	2.000000	22.780930
19.000000	29.000000	28.000000	302.000000	495.000000	32.000000	321.155133	498.496812	2.000000	23.285202
19.000000	30.000000	29.000000	314.000000	285.000000	12.000000	316.245905	284.387473	2.000000	23.966343
19.000000	31.000000	30.000000	414.000000	131.000000	3.000000	418.187543	138.642946	2.000000	24.781077
19.000000	32.000000	31.000000	558.000000	418.000000	34.000000	552.810438	436.878052	2.000000	25.652540
19.000000	33.000000	32.000000	724.000000	355.000000	26.000000	730.460137	351.843445	2.000000	26.221106
19.000000	34.000000	33.000000	747.000000	276.000000	16.000000	745.798815	266.026931	2.000000	26.636784
19.000000	35.000000	34.000000	870.000000	240.000000	17.000000	865.185914	230.531685	2.000000	27.469246
19.000000	36.000000	35.000000	876.000000	315.000000	27.000000	887.181253	333.828341	2.000000	27.836918
19.000000	37.000000	0.000000	946.000000	332.000000	28.000000	977.169395	344.791049	2.000000	28.212672
19.000000	38.000000	36.000000	959.000000	337.000000	28.000000	977.169395	344.791049	2.000000	28.509310
19.000000	39.000000	37.000000	988.000000	470.000000	38.000000	992.500250	451.995886	2.000000	29.237824
19.000000	40.000000	38.000000	1120.000000	462.000000	39.000000	1108.829297	463.180945	2.000000	30.044327
19.000000	41.000000	39.000000	1123.000000	270.000000	19.000000	1111.270714	267.327876	2.000000	30.652408
19.000000	42.000000	40.000000	1179.000000	147.000000	10.000000	1187.316602	145.765101	2.000000	32.565758
20.000000	1.000000	0.000000	992.000000	258.000000	18.000000	983.893608	283.895979	1.000000	1.719438
20.000000	2.000000	1.000000	977.000000	276.000000	18.000000	983.893608	283.895979	1.000000	2.168681
20.000000	3.000000	2.000000	1082.000000	284.000000	19.000000	1075.142098	286.828241	1.000000	2.847534
20.000000	4.000000	3.000000	1066.000000	331.000000	29.000000	1061.278698	343.007424	1.000000	3.182490
20.000000	5.000000	4.000000	761.000000	264.000000	16.000000	747.955971	262.690482	1.000000	4.120666
20.000000	6.000000	5.000000	530.000000	166.000000	4.000000	545.986978	169.340718	1.000000	4.904422
20.000000	7.000000	6.000000	231.000000	233.000000	11.000000	228.274573	241.626574	1.000000	6.022782
20.000000	8.000000	7.000000	220.000000	334.000000	21.000000	219.006083	333.036359	1.000000	6.838421
20.000000	9.000000	8.000000	555.000000	370.000000	24.000000	551.248473	380.126524	1.000000	7.599753
20.000000	10.000000	9.000000	625.000000	451.000000	35.000000	617.829887	452.015389	1.000000	8.015031
20.000000	11.000000	10.000000	537.000000	560.000000	44.000000	534.312210	568.794762	1.000000	8.854902
20.000000	12.000000	11.000000	653.000000	688.000000	55.000000	640.485317	682.831008	1.000000	9.726607
20.000000	13.000000	0.000000	653.000000	688.000000	45.000000	626.502840	599.367310	4.000000	9.848600
20.000000	14.000000	12.000000	530.000000	695.000000	54.000000	512.534674	708.449640	1.000000	10.304277
20.000000	15.000000	13.000000	748.000000	678.000000	56.000000	756.971974	672.565220	1.000000	11.007008
20.000000	16.000000	14.000000	855.000000	666.000000	57.000000	866.023641	679.078115	1.000000	11.390705
20.000000	17.000000	15.000000	862.000000	547.000000	47.000000	859.301523	546.835563	1.000000	12.007860
20.000000	18.000000	16.000000	874.000000	735.000000	67.000000	871.699220	755.642321	1.000000	12.623268
20.000000	19.000000	17.000000	992.000000	655.000000	58.000000	987.308791	657.258018	1.000000	13.296437
20.000000	20.000000	0.000000	1000.000000	791.000000	68.000000	993.629751	816.972056	1.000000	13.831879
20.000000	21.000000	18.000000	1005.000000	804.000000	68.000000	993.629751	816.972056	1.000000	14.543480
20.000000	22.000000	19.000000	1107.000000	860.000000	79.000000	1107.139294	879.628158	1.000000	15.159080
20.000000	23.000000	20.000000	453.000000	905.000000	73.000000	445.679312	913.905568	1.000000	16.926926
20.000000	24.000000	21.000000	204.000000	876.000000	71.000000	206.909331	863.910304	2.000000	19.224179
20.000000	25.000000	22.000000	533.000000	912.000000	74.000000	528.819391	917.187742	2.000000	19.902996
20.000000	26.000000	23.000000	670.000000	796.000000	65.000000	662.908827	807.258463	2.000000	20.511375
20.000000	27.000000	24.000000	744.000000	804.000000	66.000000	736.161111	819.952834	2.000000	20.822621
20.000000	28.000000	25.000000	1111.000000	782.000000	69.000000	1106.407160	777.199132	2.000000	23.288039
20.000000	29.000000	26.000000	1071.000000	585.000000	49.000000	1068.066073	600.646060	2.000000	23.903905
20.000000	30.000000	27.000000	956.000000	584.000000	48.000000	959.020319	583.101926	2.000000	24.240620
20.000000	31.000000	0.000000	982.000000	517.000000	38.000000	994.193597	492.881116	2.000000	24.655345
20.000000	32.000000	28.000000	996.000000	477.000000	38.000000	994.193597	492.881116	2.000000	25.367622
20.000000	33.000000	29.000000	977.000000	360.000000	28.000000	967.222249	360.342680	2.000000	25.943263
20.000000	34.000000	30.000000	1172.000000	374.000000	30.000000	1182.677442	381.120612	2.000000	26.640536
20.000000	35.000000	31.000000	745.000000	490.000000	36.000000	730.149844	497.244684	2.000000	27.655753
20.000000	36.000000	32.000000	427.000000	585.000000	43.000000	421.763712	603.567304	2.000000	28.534727
20.000000	37.000000	33.000000	403.000000	665.000000	53.000000	398.276708	673.533933	2.000000	28.919582
20.000000	38.000000	34.000000	355.000000	476.000000	32.000000	340.655370	479.209317	2.000000	29.502467
20.000000	39.000000	35.000000	202.000000	455.000000	31.000000	190.631378	451.094691	2.000000	30.256325
20.000000	40.000000	36.000000	445.000000	392.000000	23.000000	448.014503	385.638906	2.000000	30.815525
20.000000	41.000000	37.000000	488.000000	299.000000	14.000000	509.617299	294.786238	2.000000	31.671519
20.000000	42.000000	38.000000	333.000000	264.000000	12.000000	328.362860	262.310821	2.000000	32.304047
20.000000	43.000000	39.000000	405.000000	171.000000	3.000000	414.357496	177.307300	2.000000	32.984099
20.000000	44.000000	40.000000	835.000000	263.000000	17.000000	843.938747	279.972049	2.000000	34.367985
