MultiTargForag_2	Participant_Code = 56
Search_Type = 2	CB_Targets = 1
Trial	Click_Num	Target_Click_Order	Click_X	Click_y	Item_selected	Item_X	Item_Y	Target_Set	RT
1.000000	1.000000	1.000000	335.000000	147.000000	2.000000	339.568224	146.410330	1.000000	3.470496
1.000000	2.000000	2.000000	323.000000	226.000000	12.000000	315.116525	245.259605	1.000000	4.859903
1.000000	3.000000	3.000000	650.000000	261.000000	15.000000	637.917429	273.154225	1.000000	5.884003
1.000000	4.000000	4.000000	992.000000	259.000000	18.000000	1002.261489	267.846354	1.000000	7.291512
1.000000	5.000000	5.000000	1240.000000	285.000000	20.000000	1220.674211	288.220802	1.000000	8.299834
1.000000	6.000000	6.000000	961.000000	385.000000	28.000000	953.076690	371.359702	1.000000	9.282695
1.000000	7.000000	7.000000	957.000000	438.000000	38.000000	948.213999	444.804178	1.000000	9.899854
1.000000	8.000000	8.000000	1173.000000	540.000000	50.000000	1173.216322	547.431691	1.000000	10.762862
1.000000	9.000000	9.000000	1075.000000	602.000000	49.000000	1068.952466	591.142617	1.000000	11.444273
1.000000	10.000000	10.000000	1212.000000	905.000000	80.000000	1216.772193	900.827520	1.000000	12.986832
1.000000	11.000000	11.000000	902.000000	882.000000	77.000000	892.404591	870.306513	1.000000	14.716805
1.000000	12.000000	12.000000	656.000000	788.000000	65.000000	648.177666	775.723267	1.000000	15.658921
1.000000	13.000000	13.000000	541.000000	782.000000	64.000000	540.471940	785.185526	1.000000	16.740606
1.000000	14.000000	14.000000	312.000000	700.000000	52.000000	322.845560	715.914400	1.000000	17.708239
1.000000	15.000000	15.000000	402.000000	600.000000	43.000000	409.029427	593.665023	1.000000	18.330685
1.000000	16.000000	16.000000	500.000000	479.000000	34.000000	514.793145	481.742857	1.000000	19.139284
1.000000	17.000000	17.000000	546.000000	342.000000	24.000000	531.426216	358.582342	1.000000	20.132589
1.000000	18.000000	18.000000	655.000000	345.000000	25.000000	639.447107	354.084908	1.000000	20.770980
1.000000	19.000000	19.000000	740.000000	381.000000	26.000000	739.394871	390.086768	1.000000	21.475584
1.000000	20.000000	20.000000	868.000000	610.000000	47.000000	849.892268	605.663492	1.000000	23.627522
1.000000	21.000000	21.000000	231.000000	125.000000	1.000000	229.427440	120.035314	2.000000	29.068304
1.000000	22.000000	22.000000	563.000000	171.000000	4.000000	554.224217	185.258398	2.000000	30.258663
1.000000	23.000000	23.000000	1184.000000	465.000000	40.000000	1176.038963	473.871272	2.000000	33.252069
1.000000	24.000000	24.000000	771.000000	282.000000	16.000000	768.630785	278.126312	2.000000	34.523027
1.000000	25.000000	25.000000	336.000000	341.000000	22.000000	338.130385	347.625313	2.000000	35.595877
1.000000	26.000000	26.000000	185.000000	386.000000	21.000000	186.330380	385.325545	2.000000	36.291262
1.000000	27.000000	27.000000	226.000000	685.000000	51.000000	224.671569	671.349396	2.000000	37.459578
1.000000	28.000000	28.000000	208.000000	755.000000	61.000000	197.325834	760.969767	2.000000	38.083106
1.000000	29.000000	29.000000	628.000000	582.000000	45.000000	626.871988	574.565513	2.000000	39.242495
1.000000	30.000000	30.000000	628.000000	664.000000	55.000000	630.731257	661.075398	2.000000	39.763191
1.000000	31.000000	31.000000	989.000000	667.000000	58.000000	976.839864	667.358685	2.000000	40.707825
1.000000	32.000000	32.000000	974.000000	600.000000	48.000000	959.523394	588.692816	2.000000	41.235222
1.000000	33.000000	33.000000	893.000000	478.000000	37.000000	891.652378	468.752134	2.000000	41.860203
1.000000	34.000000	34.000000	1222.000000	835.000000	70.000000	1205.656957	823.439841	2.000000	43.420088
1.000000	35.000000	35.000000	971.000000	900.000000	78.000000	956.715738	886.512575	2.000000	44.779541
1.000000	36.000000	36.000000	749.000000	894.000000	76.000000	731.830960	891.799877	2.000000	45.572189
1.000000	37.000000	37.000000	634.000000	920.000000	75.000000	625.907513	915.805067	2.000000	46.180045
1.000000	38.000000	38.000000	551.000000	872.000000	74.000000	543.876999	874.110558	2.000000	46.962704
1.000000	39.000000	39.000000	299.000000	895.000000	72.000000	306.260945	902.520638	2.000000	47.708120
1.000000	40.000000	40.000000	875.000000	787.000000	67.000000	869.135963	777.643756	2.000000	59.075459
1.000000	1.000000	1.000000	317.000000	173.000000	2.000000	316.731890	170.021645	1.000000	1.433303
1.000000	2.000000	2.000000	440.000000	272.000000	13.000000	451.093665	257.355983	1.000000	2.227365
1.000000	3.000000	3.000000	413.000000	357.000000	23.000000	402.296938	361.226968	1.000000	3.082619
1.000000	4.000000	4.000000	506.000000	386.000000	24.000000	511.332001	396.151096	1.000000	3.675277
1.000000	5.000000	5.000000	962.000000	246.000000	18.000000	966.129845	236.944802	1.000000	4.970354
1.000000	6.000000	6.000000	1217.000000	142.000000	10.000000	1216.353286	138.548160	1.000000	5.729291
1.000000	7.000000	7.000000	1198.000000	491.000000	40.000000	1188.750518	479.362355	1.000000	6.722787
1.000000	8.000000	8.000000	983.000000	392.000000	28.000000	984.560225	376.709314	1.000000	7.458919
1.000000	9.000000	9.000000	328.000000	480.000000	32.000000	316.944286	482.658891	1.000000	8.425614
1.000000	10.000000	10.000000	232.000000	498.000000	31.000000	226.988389	494.058978	1.000000	9.146969
1.000000	11.000000	11.000000	233.000000	551.000000	41.000000	225.539204	559.029182	1.000000	9.625692
1.000000	12.000000	12.000000	218.000000	698.000000	51.000000	213.616867	700.033498	1.000000	10.313901
1.000000	13.000000	13.000000	223.000000	899.000000	71.000000	229.337187	892.126862	1.000000	11.307310
1.000000	14.000000	14.000000	633.000000	778.000000	65.000000	626.300335	771.814943	1.000000	12.098709
1.000000	15.000000	15.000000	946.000000	923.000000	78.000000	953.013394	922.530262	1.000000	12.874969
1.000000	16.000000	16.000000	744.000000	696.000000	56.000000	739.692774	689.086347	1.000000	13.843479
1.000000	17.000000	17.000000	995.000000	765.000000	68.000000	1001.226418	763.718552	1.000000	14.899393
1.000000	18.000000	18.000000	988.000000	602.000000	48.000000	986.761624	598.464268	1.000000	15.802784
1.000000	19.000000	19.000000	966.000000	483.000000	38.000000	965.999934	489.923387	1.000000	16.370339
1.000000	20.000000	20.000000	771.000000	483.000000	36.000000	765.743874	473.877572	1.000000	16.995360
1.000000	21.000000	21.000000	214.000000	369.000000	21.000000	211.965217	379.529642	2.000000	21.697315
1.000000	22.000000	22.000000	227.000000	240.000000	11.000000	231.319873	225.324326	2.000000	22.314136
1.000000	23.000000	23.000000	323.000000	282.000000	12.000000	323.934137	279.317571	2.000000	22.858821
1.000000	24.000000	24.000000	400.000000	191.000000	3.000000	410.936610	182.371797	2.000000	23.450296
1.000000	25.000000	25.000000	543.000000	191.000000	4.000000	536.832979	186.429046	2.000000	24.026892
1.000000	26.000000	26.000000	637.000000	168.000000	5.000000	641.671664	158.787574	2.000000	24.499067
1.000000	27.000000	27.000000	737.000000	128.000000	6.000000	743.845359	126.945671	2.000000	24.955291
1.000000	28.000000	28.000000	883.000000	138.000000	7.000000	884.048328	136.998053	2.000000	25.507093
1.000000	29.000000	29.000000	1223.000000	243.000000	20.000000	1215.559655	249.200812	2.000000	27.786263
1.000000	30.000000	30.000000	854.000000	485.000000	37.000000	864.224656	488.889829	2.000000	29.138382
1.000000	31.000000	31.000000	514.000000	446.000000	34.000000	512.001716	440.807485	2.000000	29.979276
1.000000	32.000000	32.000000	416.000000	694.000000	53.000000	423.012762	686.944187	2.000000	31.577353
1.000000	33.000000	33.000000	517.000000	706.000000	54.000000	517.498203	703.860924	2.000000	32.457596
1.000000	34.000000	34.000000	548.000000	819.000000	64.000000	552.087715	804.299267	2.000000	33.362269
1.000000	35.000000	35.000000	308.000000	790.000000	62.000000	311.055442	776.338852	2.000000	34.234312
1.000000	36.000000	36.000000	664.000000	932.000000	75.000000	651.903002	918.743654	2.000000	35.147242
1.000000	37.000000	37.000000	732.000000	920.000000	76.000000	731.840356	914.415595	2.000000	35.513157
1.000000	38.000000	38.000000	761.000000	817.000000	66.000000	761.122355	807.455312	2.000000	36.066311
1.000000	39.000000	39.000000	1075.000000	886.000000	79.000000	1079.281411	895.309129	2.000000	36.985584
1.000000	40.000000	40.000000	1194.000000	747.000000	70.000000	1181.967959	755.439017	2.000000	37.745399
2.000000	1.000000	1.000000	307.000000	130.000000	2.000000	294.249423	126.179931	1.000000	2.290711
2.000000	2.000000	2.000000	421.000000	157.000000	3.000000	414.808231	170.301760	1.000000	3.051133
2.000000	3.000000	3.000000	768.000000	114.000000	6.000000	781.349517	121.619758	1.000000	4.146904
2.000000	4.000000	4.000000	1179.000000	155.000000	10.000000	1179.732148	166.776983	1.000000	5.034867
2.000000	5.000000	5.000000	738.000000	242.000000	16.000000	731.232525	242.656890	1.000000	6.628352
2.000000	6.000000	6.000000	677.000000	235.000000	15.000000	671.090941	233.892901	1.000000	7.082279
2.000000	7.000000	7.000000	438.000000	467.000000	33.000000	438.380370	461.120242	1.000000	8.827384
2.000000	8.000000	8.000000	550.000000	464.000000	34.000000	552.159421	472.316676	1.000000	9.268274
2.000000	9.000000	9.000000	658.000000	464.000000	35.000000	637.057511	466.239450	1.000000	9.820112
2.000000	10.000000	10.000000	650.000000	405.000000	25.000000	638.757666	395.819625	1.000000	10.291954
2.000000	11.000000	11.000000	774.000000	478.000000	36.000000	774.012179	489.012023	1.000000	10.979217
2.000000	12.000000	12.000000	1194.000000	579.000000	50.000000	1180.331086	593.373369	1.000000	12.547132
2.000000	13.000000	13.000000	1222.000000	759.000000	70.000000	1203.228550	762.476303	1.000000	13.355758
2.000000	14.000000	14.000000	979.000000	767.000000	68.000000	967.682959	761.207059	1.000000	14.035293
2.000000	15.000000	15.000000	895.000000	765.000000	67.000000	891.889607	756.853490	1.000000	14.491353
2.000000	16.000000	16.000000	652.000000	723.000000	55.000000	649.669259	714.634759	1.000000	15.196334
2.000000	17.000000	17.000000	557.000000	662.000000	54.000000	543.438118	658.739176	1.000000	15.843447
2.000000	18.000000	18.000000	537.000000	762.000000	64.000000	530.771569	755.815583	1.000000	16.771738
2.000000	19.000000	19.000000	332.000000	900.000000	72.000000	327.662170	912.669055	1.000000	17.635848
2.000000	20.000000	20.000000	1064.000000	884.000000	79.000000	1064.836795	884.134256	1.000000	20.868311
2.000000	21.000000	21.000000	189.000000	347.000000	21.000000	181.841036	353.641678	2.000000	23.548279
2.000000	22.000000	22.000000	529.000000	177.000000	4.000000	526.080236	171.435499	2.000000	24.468093
2.000000	23.000000	23.000000	535.000000	271.000000	14.000000	535.306762	278.439643	2.000000	25.003137
2.000000	24.000000	24.000000	417.000000	279.000000	13.000000	412.006287	292.563357	2.000000	25.546719
2.000000	25.000000	25.000000	1091.000000	289.000000	19.000000	1077.038858	291.760131	2.000000	26.796436
2.000000	26.000000	26.000000	1217.000000	358.000000	30.000000	1206.236662	371.461787	2.000000	27.595600
2.000000	27.000000	27.000000	958.000000	585.000000	48.000000	951.577729	581.542959	2.000000	29.970067
2.000000	28.000000	28.000000	993.000000	844.000000	78.000000	985.732638	867.220860	2.000000	31.243383
2.000000	29.000000	29.000000	873.000000	884.000000	77.000000	877.461636	871.720870	2.000000	31.778503
2.000000	30.000000	30.000000	775.000000	890.000000	76.000000	774.203984	903.511360	2.000000	32.316133
2.000000	31.000000	31.000000	688.000000	794.000000	65.000000	672.085778	792.085334	2.000000	32.892350
2.000000	32.000000	32.000000	338.000000	671.000000	52.000000	335.712707	679.591474	2.000000	34.131780
2.000000	33.000000	33.000000	196.000000	693.000000	51.000000	201.330086	699.905204	2.000000	34.692432
2.000000	34.000000	34.000000	406.000000	587.000000	43.000000	408.880274	580.163581	2.000000	35.355152
2.000000	35.000000	35.000000	525.000000	578.000000	44.000000	509.730555	577.547170	2.000000	36.178909
2.000000	36.000000	36.000000	782.000000	537.000000	46.000000	781.939217	542.883325	2.000000	36.954196
2.000000	37.000000	37.000000	333.000000	492.000000	32.000000	333.819078	480.434014	2.000000	37.706651
2.000000	38.000000	38.000000	328.000000	538.000000	42.000000	319.653043	545.802318	2.000000	38.243819
2.000000	39.000000	39.000000	230.000000	488.000000	31.000000	226.505170	483.891598	2.000000	38.722418
2.000000	40.000000	40.000000	735.000000	702.000000	56.000000	736.444497	700.618441	2.000000	40.612373
3.000000	1.000000	1.000000	231.000000	361.000000	21.000000	226.710100	365.346257	1.000000	3.193942
3.000000	2.000000	2.000000	311.000000	236.000000	12.000000	307.256918	254.924400	1.000000	3.751947
3.000000	3.000000	3.000000	771.000000	155.000000	6.000000	762.901394	149.437985	1.000000	4.744228
3.000000	4.000000	4.000000	742.000000	245.000000	16.000000	730.262535	236.458935	1.000000	5.273311
3.000000	5.000000	5.000000	1061.000000	181.000000	9.000000	1068.437282	169.020220	1.000000	6.001725
3.000000	6.000000	6.000000	1192.000000	181.000000	10.000000	1176.699953	182.643936	1.000000	6.841596
3.000000	7.000000	7.000000	523.000000	599.000000	44.000000	516.726422	596.270565	1.000000	10.049748
3.000000	8.000000	8.000000	880.000000	593.000000	47.000000	866.516763	596.427811	1.000000	11.112786
3.000000	9.000000	9.000000	955.000000	705.000000	58.000000	960.847810	714.258471	1.000000	13.497003
3.000000	10.000000	10.000000	848.000000	792.000000	67.000000	846.332714	799.288374	1.000000	15.032469
3.000000	11.000000	11.000000	641.000000	715.000000	55.000000	643.642911	712.579073	1.000000	15.688357
3.000000	12.000000	12.000000	543.000000	859.000000	74.000000	539.032244	862.167820	1.000000	16.425232
3.000000	13.000000	13.000000	660.000000	915.000000	75.000000	648.613099	917.252332	1.000000	16.985161
3.000000	14.000000	14.000000	355.000000	882.000000	72.000000	342.355387	878.476254	1.000000	17.625063
3.000000	15.000000	15.000000	191.000000	885.000000	71.000000	195.207375	890.374945	1.000000	18.272196
3.000000	16.000000	16.000000	965.000000	813.000000	68.000000	971.836397	815.125140	1.000000	19.712785
3.000000	17.000000	17.000000	789.000000	847.000000	76.000000	778.673395	862.034626	1.000000	20.306082
3.000000	18.000000	18.000000	1012.000000	904.000000	78.000000	995.759992	910.760604	1.000000	20.952041
3.000000	19.000000	19.000000	1085.000000	921.000000	79.000000	1081.884331	920.747599	1.000000	21.401454
3.000000	20.000000	20.000000	1183.000000	904.000000	80.000000	1200.149506	901.902151	1.000000	21.881457
3.000000	21.000000	21.000000	194.000000	247.000000	11.000000	192.682304	237.752350	2.000000	25.064360
3.000000	22.000000	22.000000	557.000000	239.000000	14.000000	550.929765	243.339573	2.000000	25.961484
3.000000	23.000000	23.000000	650.000000	130.000000	5.000000	655.254502	119.626717	2.000000	26.530099
3.000000	24.000000	24.000000	843.000000	165.000000	7.000000	844.869038	181.506978	2.000000	27.273895
3.000000	25.000000	25.000000	1168.000000	227.000000	20.000000	1176.887482	234.352713	2.000000	28.408683
3.000000	26.000000	26.000000	985.000000	441.000000	38.000000	977.878649	446.413836	2.000000	30.752136
3.000000	27.000000	27.000000	788.000000	355.000000	26.000000	782.234094	359.589888	2.000000	31.522029
3.000000	28.000000	28.000000	456.000000	385.000000	23.000000	442.233740	394.772952	2.000000	32.305884
3.000000	29.000000	29.000000	450.000000	465.000000	33.000000	435.515597	463.868997	2.000000	32.720130
3.000000	30.000000	30.000000	320.000000	371.000000	22.000000	316.390320	382.317670	2.000000	33.224738
3.000000	31.000000	31.000000	215.000000	494.000000	31.000000	204.936086	485.262245	2.000000	34.144861
3.000000	32.000000	32.000000	345.000000	696.000000	52.000000	332.896315	686.746060	2.000000	35.441892
3.000000	33.000000	33.000000	546.000000	697.000000	54.000000	534.556049	681.358550	2.000000	36.154012
3.000000	34.000000	34.000000	777.000000	684.000000	56.000000	769.077658	676.970269	2.000000	36.816611
3.000000	35.000000	0.000000	912.000000	641.000000	57.000000	889.322870	657.777693	2.000000	37.216548
3.000000	36.000000	35.000000	905.000000	648.000000	57.000000	889.322870	657.777693	2.000000	37.681041
3.000000	37.000000	36.000000	766.000000	578.000000	46.000000	755.268144	582.473534	2.000000	38.106098
3.000000	38.000000	37.000000	515.000000	759.000000	64.000000	510.245248	769.618731	2.000000	38.865114
3.000000	39.000000	38.000000	433.000000	802.000000	63.000000	428.513639	797.239423	2.000000	39.536743
3.000000	40.000000	39.000000	221.000000	785.000000	61.000000	224.064189	791.801589	2.000000	40.153017
3.000000	41.000000	40.000000	1193.000000	544.000000	50.000000	1180.954986	547.276062	2.000000	41.504790
4.000000	1.000000	1.000000	230.000000	178.000000	1.000000	227.301156	171.739482	1.000000	1.680318
4.000000	2.000000	2.000000	302.000000	226.000000	12.000000	299.980546	224.216026	1.000000	2.168200
4.000000	3.000000	3.000000	302.000000	122.000000	2.000000	308.189498	121.491814	1.000000	2.567986
4.000000	4.000000	4.000000	409.000000	132.000000	3.000000	411.427045	135.141999	1.000000	3.159253
4.000000	5.000000	5.000000	541.000000	154.000000	4.000000	540.496784	155.874385	1.000000	4.191212
4.000000	6.000000	6.000000	1080.000000	137.000000	9.000000	1078.638757	127.552679	1.000000	5.169132
4.000000	7.000000	7.000000	1211.000000	150.000000	10.000000	1205.613767	143.210464	1.000000	5.624712
4.000000	8.000000	8.000000	671.000000	295.000000	15.000000	671.344825	289.859576	1.000000	7.751571
4.000000	9.000000	9.000000	1072.000000	388.000000	29.000000	1068.617577	393.505377	1.000000	9.664115
4.000000	10.000000	10.000000	1193.000000	695.000000	60.000000	1198.943867	687.732083	1.000000	10.599236
4.000000	11.000000	11.000000	1077.000000	709.000000	59.000000	1079.706637	695.496919	1.000000	11.217352
4.000000	12.000000	12.000000	1087.000000	814.000000	69.000000	1089.972407	813.865876	1.000000	11.895304
4.000000	13.000000	13.000000	982.000000	817.000000	68.000000	974.128074	817.947958	1.000000	12.631258
4.000000	14.000000	14.000000	872.000000	803.000000	67.000000	870.635325	791.527729	1.000000	13.200723
4.000000	15.000000	15.000000	857.000000	891.000000	77.000000	857.528287	904.827822	1.000000	13.824676
4.000000	16.000000	16.000000	971.000000	574.000000	48.000000	972.008933	558.728741	1.000000	15.249004
4.000000	17.000000	17.000000	561.000000	663.000000	54.000000	561.335925	656.250876	1.000000	16.664020
4.000000	18.000000	18.000000	556.000000	790.000000	64.000000	545.002336	799.357952	1.000000	17.281260
4.000000	19.000000	19.000000	414.000000	683.000000	53.000000	410.185415	694.793236	1.000000	18.049365
4.000000	20.000000	20.000000	328.000000	861.000000	72.000000	316.489547	876.531232	1.000000	18.831878
4.000000	21.000000	21.000000	409.000000	228.000000	13.000000	421.154042	235.191211	2.000000	21.808565
4.000000	22.000000	22.000000	329.000000	374.000000	22.000000	332.223360	366.028510	2.000000	22.321062
4.000000	23.000000	23.000000	548.000000	376.000000	24.000000	550.471158	376.326491	2.000000	24.384507
4.000000	24.000000	24.000000	665.000000	359.000000	25.000000	655.805220	352.445988	2.000000	24.792287
4.000000	25.000000	25.000000	889.000000	347.000000	27.000000	875.584631	338.911612	2.000000	25.375913
4.000000	26.000000	26.000000	775.000000	148.000000	6.000000	764.999685	141.189298	2.000000	26.816388
4.000000	27.000000	27.000000	1210.000000	478.000000	40.000000	1214.416768	485.784590	2.000000	28.071372
4.000000	28.000000	28.000000	1065.000000	454.000000	39.000000	1063.077050	446.494301	2.000000	28.616014
4.000000	29.000000	29.000000	957.000000	453.000000	38.000000	963.118913	440.345557	2.000000	29.153517
4.000000	30.000000	30.000000	1194.000000	787.000000	70.000000	1192.994254	784.777016	2.000000	30.408990
4.000000	31.000000	31.000000	1113.000000	910.000000	79.000000	1110.219099	921.933592	2.000000	31.200326
4.000000	32.000000	32.000000	996.000000	892.000000	78.000000	988.699336	883.286249	2.000000	32.056559
4.000000	33.000000	33.000000	849.000000	703.000000	57.000000	853.221194	694.950457	2.000000	32.705205
4.000000	34.000000	34.000000	750.000000	692.000000	56.000000	762.344483	682.281560	2.000000	33.129179
4.000000	35.000000	35.000000	669.000000	720.000000	55.000000	666.518186	712.328797	2.000000	33.575674
4.000000	36.000000	36.000000	645.000000	841.000000	65.000000	650.790594	818.462694	2.000000	34.040680
4.000000	37.000000	37.000000	192.000000	887.000000	71.000000	178.753944	890.605111	2.000000	35.801148
4.000000	38.000000	38.000000	352.000000	670.000000	52.000000	336.460908	656.477164	2.000000	36.591831
4.000000	39.000000	39.000000	574.000000	602.000000	44.000000	561.606013	588.377242	2.000000	37.399504
4.000000	40.000000	40.000000	423.000000	488.000000	33.000000	419.389597	485.450316	2.000000	38.273410
5.000000	1.000000	1.000000	219.000000	245.000000	11.000000	224.629907	243.442947	1.000000	2.238766
5.000000	2.000000	2.000000	180.000000	175.000000	1.000000	182.545445	171.754324	1.000000	3.048504
5.000000	3.000000	3.000000	352.000000	127.000000	2.000000	335.959005	124.009987	1.000000	3.728096
5.000000	4.000000	4.000000	413.000000	154.000000	3.000000	397.913818	151.542793	1.000000	4.095950
5.000000	5.000000	5.000000	989.000000	180.000000	8.000000	994.202688	176.398980	1.000000	5.144033
5.000000	6.000000	6.000000	1192.000000	250.000000	20.000000	1189.019289	248.775158	1.000000	5.984947
5.000000	7.000000	7.000000	872.000000	446.000000	37.000000	876.068751	447.889401	1.000000	7.798761
5.000000	8.000000	8.000000	525.000000	360.000000	24.000000	531.934731	358.411674	1.000000	8.519574
5.000000	9.000000	9.000000	425.000000	478.000000	33.000000	436.919404	481.100456	1.000000	9.296021
5.000000	10.000000	10.000000	320.000000	460.000000	32.000000	310.846390	453.821165	1.000000	9.751980
5.000000	11.000000	11.000000	238.000000	580.000000	41.000000	221.427456	592.513496	1.000000	10.663378
5.000000	12.000000	12.000000	548.000000	584.000000	44.000000	539.261938	601.187247	1.000000	11.352758
5.000000	13.000000	13.000000	676.000000	555.000000	45.000000	670.005693	553.219153	1.000000	11.928648
5.000000	14.000000	14.000000	876.000000	588.000000	47.000000	873.348839	605.570401	1.000000	12.632841
5.000000	15.000000	15.000000	768.000000	665.000000	56.000000	757.777562	658.741887	1.000000	13.191019
5.000000	16.000000	16.000000	1052.000000	714.000000	59.000000	1058.090014	717.763219	1.000000	14.055668
5.000000	17.000000	17.000000	873.000000	929.000000	77.000000	868.217647	926.239377	1.000000	15.118960
5.000000	18.000000	18.000000	660.000000	806.000000	65.000000	647.352360	802.133001	1.000000	15.863534
5.000000	19.000000	19.000000	627.000000	876.000000	75.000000	631.386850	861.777314	1.000000	16.367739
5.000000	20.000000	20.000000	550.000000	903.000000	74.000000	545.275852	922.790816	1.000000	17.176816
5.000000	21.000000	21.000000	193.000000	382.000000	21.000000	184.719405	390.707254	2.000000	20.094797
5.000000	22.000000	22.000000	763.000000	125.000000	6.000000	767.267823	131.033866	2.000000	21.630748
5.000000	23.000000	23.000000	1190.000000	126.000000	10.000000	1186.851218	130.146390	2.000000	22.415422
5.000000	24.000000	24.000000	990.000000	379.000000	28.000000	997.005508	372.568543	2.000000	23.983441
5.000000	25.000000	25.000000	1012.000000	434.000000	38.000000	1000.610526	437.316903	2.000000	24.368818
5.000000	26.000000	26.000000	989.000000	542.000000	48.000000	991.475367	546.705771	2.000000	24.888212
5.000000	27.000000	27.000000	1077.000000	565.000000	49.000000	1064.814434	569.680559	2.000000	25.737177
5.000000	28.000000	28.000000	567.000000	284.000000	14.000000	561.500740	294.480533	2.000000	26.832324
5.000000	29.000000	29.000000	217.000000	489.000000	31.000000	203.124110	485.411356	2.000000	28.247825
5.000000	30.000000	0.000000	273.000000	528.000000	42.000000	290.344917	546.962369	2.000000	28.760724
5.000000	31.000000	30.000000	282.000000	532.000000	42.000000	290.344917	546.962369	2.000000	29.230497
5.000000	32.000000	31.000000	456.000000	534.000000	43.000000	443.139075	544.448759	2.000000	29.928180
5.000000	33.000000	32.000000	730.000000	594.000000	46.000000	734.877201	603.853503	2.000000	31.056602
5.000000	34.000000	33.000000	1184.000000	777.000000	70.000000	1189.829537	780.368258	2.000000	32.311731
5.000000	35.000000	34.000000	1185.000000	859.000000	80.000000	1185.301299	868.351596	2.000000	32.879577
5.000000	36.000000	35.000000	1065.000000	927.000000	79.000000	1067.240372	917.920807	2.000000	34.215402
5.000000	37.000000	0.000000	985.000000	810.000000	68.000000	958.917795	818.348349	2.000000	34.815470
5.000000	38.000000	36.000000	895.000000	712.000000	57.000000	887.867175	708.706569	2.000000	35.423177
5.000000	39.000000	37.000000	965.000000	832.000000	68.000000	958.917795	818.348349	2.000000	36.047202
5.000000	40.000000	38.000000	779.000000	796.000000	66.000000	774.381682	787.928066	2.000000	36.591103
5.000000	41.000000	39.000000	646.000000	677.000000	55.000000	638.891655	664.639431	2.000000	37.231582
5.000000	42.000000	40.000000	457.000000	878.000000	73.000000	446.105015	885.977480	2.000000	38.272901
6.000000	1.000000	1.000000	213.000000	376.000000	21.000000	202.231339	369.839211	1.000000	2.775908
6.000000	2.000000	2.000000	314.000000	368.000000	22.000000	315.588343	371.092090	1.000000	3.230286
6.000000	3.000000	3.000000	522.000000	191.000000	4.000000	525.866138	179.006635	1.000000	3.926490
6.000000	4.000000	4.000000	790.000000	186.000000	6.000000	774.423660	178.778793	1.000000	4.672112
6.000000	5.000000	5.000000	763.000000	285.000000	16.000000	740.129010	294.098137	1.000000	5.574626
6.000000	6.000000	6.000000	981.000000	137.000000	8.000000	982.303216	144.168391	1.000000	6.983401
6.000000	7.000000	7.000000	998.000000	463.000000	38.000000	995.111783	466.586504	1.000000	8.536118
6.000000	8.000000	8.000000	1128.000000	497.000000	39.000000	1109.777951	505.334034	1.000000	8.958763
6.000000	9.000000	9.000000	956.000000	401.000000	28.000000	956.317661	395.423296	1.000000	9.614399
6.000000	10.000000	10.000000	552.000000	453.000000	34.000000	536.908058	456.229582	1.000000	10.480171
6.000000	11.000000	11.000000	866.000000	568.000000	47.000000	862.361179	566.293211	1.000000	12.151442
6.000000	12.000000	12.000000	1079.000000	697.000000	59.000000	1070.180575	686.615921	1.000000	12.752339
6.000000	13.000000	13.000000	1232.000000	750.000000	70.000000	1219.893156	757.278746	1.000000	13.591584
6.000000	14.000000	14.000000	1183.000000	897.000000	80.000000	1176.301495	882.545079	1.000000	14.303166
6.000000	15.000000	15.000000	1091.000000	936.000000	79.000000	1080.847489	927.678080	1.000000	14.846879
6.000000	16.000000	16.000000	966.000000	711.000000	58.000000	955.813454	717.739769	1.000000	15.503893
6.000000	17.000000	17.000000	539.000000	779.000000	64.000000	545.346964	788.477442	1.000000	16.976158
6.000000	18.000000	18.000000	440.000000	706.000000	53.000000	448.354876	714.963111	1.000000	17.406722
6.000000	19.000000	19.000000	214.000000	902.000000	71.000000	205.486038	908.434834	1.000000	18.639179
6.000000	20.000000	20.000000	304.000000	903.000000	72.000000	304.205643	902.050681	1.000000	19.175238
6.000000	21.000000	21.000000	239.000000	286.000000	11.000000	229.560135	281.666024	2.000000	21.246964
6.000000	22.000000	22.000000	454.000000	254.000000	13.000000	448.553404	234.966647	2.000000	21.864132
6.000000	23.000000	23.000000	461.000000	139.000000	3.000000	449.930582	122.420508	2.000000	22.534833
6.000000	24.000000	24.000000	869.000000	168.000000	7.000000	858.062715	168.146193	2.000000	23.983940
6.000000	25.000000	25.000000	872.000000	227.000000	17.000000	862.670572	244.698596	2.000000	24.462410
6.000000	26.000000	26.000000	840.000000	359.000000	27.000000	841.304344	344.166925	2.000000	25.062826
6.000000	27.000000	27.000000	747.000000	370.000000	26.000000	756.972371	368.166695	2.000000	25.743748
6.000000	28.000000	28.000000	650.000000	368.000000	25.000000	649.151153	361.464955	2.000000	26.302245
6.000000	29.000000	29.000000	1122.000000	363.000000	29.000000	1107.072712	351.721916	2.000000	27.047755
6.000000	30.000000	30.000000	1200.000000	468.000000	40.000000	1183.257186	456.196136	2.000000	27.935558
6.000000	31.000000	31.000000	750.000000	494.000000	36.000000	736.022252	494.471185	2.000000	29.206564
6.000000	32.000000	32.000000	427.000000	471.000000	33.000000	433.609337	464.376187	2.000000	30.175996
6.000000	33.000000	33.000000	439.000000	609.000000	43.000000	436.502573	610.408181	2.000000	30.966933
6.000000	34.000000	34.000000	189.000000	696.000000	51.000000	193.157309	704.495498	2.000000	32.351048
6.000000	35.000000	35.000000	204.000000	821.000000	61.000000	208.962930	821.174863	2.000000	32.976119
6.000000	36.000000	36.000000	649.000000	797.000000	65.000000	637.897555	808.743594	2.000000	34.015548
6.000000	37.000000	37.000000	548.000000	697.000000	54.000000	551.130207	688.495096	2.000000	34.519904
6.000000	38.000000	38.000000	736.000000	700.000000	56.000000	729.647007	716.200436	2.000000	35.031650
6.000000	39.000000	39.000000	740.000000	830.000000	66.000000	737.001759	821.633621	2.000000	35.518872
6.000000	40.000000	40.000000	754.000000	896.000000	76.000000	757.132299	890.832376	2.000000	35.895987
7.000000	1.000000	1.000000	223.000000	259.000000	11.000000	216.434649	251.269613	1.000000	1.568418
7.000000	2.000000	2.000000	194.000000	376.000000	21.000000	188.472489	372.833411	1.000000	2.104473
7.000000	3.000000	3.000000	535.000000	235.000000	14.000000	517.449305	244.421885	1.000000	2.864319
7.000000	4.000000	4.000000	613.000000	180.000000	5.000000	629.147161	181.582572	1.000000	3.288318
7.000000	5.000000	5.000000	772.000000	271.000000	16.000000	772.028695	288.385954	1.000000	3.879339
7.000000	6.000000	6.000000	1014.000000	363.000000	28.000000	995.136661	374.027352	1.000000	6.400295
7.000000	7.000000	7.000000	1205.000000	543.000000	50.000000	1185.539523	547.254253	1.000000	7.278938
7.000000	8.000000	8.000000	762.000000	461.000000	36.000000	753.042811	478.743404	1.000000	7.952214
7.000000	9.000000	9.000000	531.000000	475.000000	34.000000	522.510151	479.255538	1.000000	8.606547
7.000000	10.000000	10.000000	441.000000	489.000000	33.000000	450.495896	500.716843	1.000000	9.086886
7.000000	11.000000	11.000000	333.000000	480.000000	32.000000	339.433082	481.871149	1.000000	9.472189
7.000000	12.000000	12.000000	227.000000	532.000000	41.000000	224.025773	549.689794	1.000000	10.223000
7.000000	13.000000	13.000000	246.000000	758.000000	61.000000	230.745625	756.767565	1.000000	11.064274
7.000000	14.000000	14.000000	529.000000	784.000000	64.000000	522.464490	787.922264	1.000000	11.766935
7.000000	15.000000	15.000000	433.000000	867.000000	73.000000	426.151702	880.285427	1.000000	12.424151
7.000000	16.000000	16.000000	555.000000	902.000000	74.000000	554.574260	909.070761	1.000000	12.895592
7.000000	17.000000	17.000000	784.000000	899.000000	76.000000	772.483019	896.846498	1.000000	13.751374
7.000000	18.000000	18.000000	762.000000	809.000000	66.000000	748.832886	812.340919	1.000000	14.391023
7.000000	19.000000	19.000000	1009.000000	887.000000	78.000000	1001.118978	881.446655	1.000000	15.152552
7.000000	20.000000	20.000000	1192.000000	747.000000	70.000000	1191.579235	757.673796	1.000000	15.895238
7.000000	21.000000	21.000000	1084.000000	920.000000	79.000000	1074.840262	915.703051	2.000000	18.262339
7.000000	22.000000	22.000000	1017.000000	773.000000	68.000000	1001.105528	766.802121	2.000000	18.816269
7.000000	23.000000	23.000000	200.000000	857.000000	71.000000	189.753901	865.983999	2.000000	20.094746
7.000000	24.000000	24.000000	310.000000	695.000000	52.000000	320.383654	700.092686	2.000000	20.671541
7.000000	25.000000	25.000000	412.000000	681.000000	53.000000	402.731760	681.203129	2.000000	21.038737
7.000000	26.000000	26.000000	550.000000	676.000000	54.000000	544.748306	664.314871	2.000000	21.406414
7.000000	27.000000	27.000000	1167.000000	660.000000	60.000000	1180.054116	649.282378	2.000000	22.895831
7.000000	28.000000	28.000000	1099.000000	656.000000	59.000000	1102.113713	652.855986	2.000000	23.200024
7.000000	29.000000	29.000000	421.000000	601.000000	43.000000	404.732425	601.751622	2.000000	24.711962
7.000000	30.000000	30.000000	571.000000	553.000000	44.000000	560.919012	548.469750	2.000000	25.239755
7.000000	31.000000	31.000000	859.000000	467.000000	37.000000	838.542706	464.638604	2.000000	27.112423
7.000000	32.000000	32.000000	663.000000	395.000000	25.000000	653.624738	386.947255	2.000000	27.672271
7.000000	33.000000	33.000000	227.000000	466.000000	31.000000	224.732377	454.985574	2.000000	28.512374
7.000000	34.000000	34.000000	759.000000	323.000000	26.000000	758.992182	336.774358	2.000000	29.440377
7.000000	35.000000	35.000000	630.000000	281.000000	15.000000	638.246419	276.843406	2.000000	29.935298
7.000000	36.000000	36.000000	324.000000	246.000000	12.000000	329.210463	240.022538	2.000000	30.624589
7.000000	37.000000	37.000000	446.000000	166.000000	3.000000	438.974282	160.485923	2.000000	31.536239
7.000000	38.000000	38.000000	534.000000	132.000000	4.000000	531.552067	120.770286	2.000000	32.159102
7.000000	39.000000	39.000000	847.000000	221.000000	17.000000	849.501334	226.840200	2.000000	32.984390
7.000000	40.000000	40.000000	1100.000000	134.000000	9.000000	1084.518829	132.762910	2.000000	33.968425
8.000000	1.000000	1.000000	291.000000	163.000000	2.000000	298.975193	152.551249	1.000000	2.225066
8.000000	2.000000	2.000000	423.000000	359.000000	23.000000	429.125134	344.037403	1.000000	2.961802
8.000000	3.000000	3.000000	537.000000	280.000000	14.000000	548.426491	271.380693	1.000000	3.713007
8.000000	4.000000	4.000000	643.000000	243.000000	15.000000	657.819338	241.340454	1.000000	4.208561
8.000000	5.000000	5.000000	772.000000	238.000000	16.000000	761.816458	228.993278	1.000000	4.705594
8.000000	6.000000	6.000000	857.000000	238.000000	17.000000	875.729994	246.464360	1.000000	5.296761
8.000000	7.000000	7.000000	1188.000000	237.000000	20.000000	1176.559834	235.408318	1.000000	6.489542
8.000000	8.000000	8.000000	1227.000000	325.000000	30.000000	1217.252020	335.011302	1.000000	7.056848
8.000000	9.000000	9.000000	1188.000000	498.000000	40.000000	1180.877431	502.309039	1.000000	7.962389
8.000000	10.000000	10.000000	960.000000	585.000000	48.000000	959.054706	586.511989	1.000000	8.664465
8.000000	11.000000	11.000000	861.000000	585.000000	47.000000	864.305697	588.319222	1.000000	9.010546
8.000000	12.000000	12.000000	542.000000	583.000000	44.000000	546.306086	573.555260	1.000000	9.753907
8.000000	13.000000	13.000000	290.000000	678.000000	52.000000	293.340382	687.709350	1.000000	10.865246
8.000000	14.000000	14.000000	435.000000	900.000000	73.000000	430.984761	881.569895	1.000000	11.666553
8.000000	15.000000	15.000000	446.000000	801.000000	63.000000	440.279681	812.409467	1.000000	12.065546
8.000000	16.000000	16.000000	636.000000	856.000000	75.000000	625.758138	873.764904	1.000000	12.842042
8.000000	17.000000	17.000000	875.000000	896.000000	77.000000	870.299828	915.534072	1.000000	13.568761
8.000000	18.000000	18.000000	959.000000	902.000000	78.000000	953.118953	924.162349	1.000000	14.017429
8.000000	19.000000	19.000000	776.000000	392.000000	26.000000	755.937246	386.893581	1.000000	15.945827
8.000000	20.000000	20.000000	626.000000	393.000000	25.000000	621.284044	399.030028	1.000000	16.610145
8.000000	21.000000	21.000000	1209.000000	883.000000	80.000000	1212.103386	889.497173	2.000000	20.730425
8.000000	22.000000	22.000000	849.000000	828.000000	67.000000	853.332296	822.541355	2.000000	21.505285
8.000000	23.000000	23.000000	339.000000	787.000000	62.000000	342.431315	779.593746	2.000000	22.313135
8.000000	24.000000	24.000000	243.000000	770.000000	61.000000	231.471610	764.299409	2.000000	22.706594
8.000000	25.000000	25.000000	219.000000	904.000000	71.000000	218.116814	899.278461	2.000000	23.200400
8.000000	26.000000	26.000000	1201.000000	658.000000	60.000000	1188.254380	657.466603	2.000000	24.617452
8.000000	27.000000	27.000000	1201.000000	594.000000	50.000000	1190.328566	607.522176	2.000000	24.929855
8.000000	28.000000	28.000000	1000.000000	664.000000	58.000000	996.914880	679.272662	2.000000	25.729254
8.000000	29.000000	0.000000	859.000000	636.000000	57.000000	866.631979	660.002847	2.000000	26.082454
8.000000	30.000000	29.000000	861.000000	658.000000	57.000000	866.631979	660.002847	2.000000	26.986580
8.000000	31.000000	30.000000	646.000000	672.000000	55.000000	648.280556	673.838321	2.000000	28.776580
8.000000	32.000000	31.000000	989.000000	427.000000	38.000000	995.554701	436.331079	2.000000	31.866124
8.000000	33.000000	32.000000	982.000000	295.000000	18.000000	970.242331	290.119322	2.000000	32.521823
8.000000	34.000000	33.000000	1104.000000	124.000000	9.000000	1094.476358	140.851378	2.000000	33.449070
8.000000	35.000000	34.000000	749.000000	165.000000	6.000000	748.699070	157.155251	2.000000	34.488759
8.000000	36.000000	35.000000	442.000000	178.000000	3.000000	424.891155	171.513890	2.000000	35.370724
8.000000	37.000000	36.000000	309.000000	255.000000	12.000000	311.791375	256.042309	2.000000	36.017604
8.000000	38.000000	37.000000	327.000000	351.000000	22.000000	335.478730	359.502235	2.000000	36.545508
8.000000	39.000000	38.000000	418.000000	469.000000	33.000000	425.229737	475.112005	2.000000	37.322379
8.000000	40.000000	39.000000	197.000000	349.000000	21.000000	191.164858	342.019085	2.000000	37.857467
8.000000	41.000000	40.000000	210.000000	463.000000	31.000000	212.679253	457.004338	2.000000	38.538009
9.000000	1.000000	1.000000	330.000000	336.000000	22.000000	308.262932	330.055297	1.000000	1.774906
9.000000	2.000000	2.000000	432.000000	272.000000	13.000000	451.824967	275.533090	1.000000	2.277147
9.000000	3.000000	3.000000	663.000000	132.000000	5.000000	660.356060	136.065510	1.000000	3.230919
9.000000	4.000000	4.000000	747.000000	140.000000	6.000000	730.747590	151.274209	1.000000	3.573758
9.000000	5.000000	5.000000	992.000000	153.000000	8.000000	999.582533	158.508744	1.000000	4.325844
9.000000	6.000000	6.000000	997.000000	305.000000	18.000000	988.133197	292.638871	1.000000	4.837068
9.000000	7.000000	7.000000	990.000000	384.000000	28.000000	981.033881	365.703191	1.000000	5.222902
9.000000	8.000000	8.000000	1093.000000	191.000000	9.000000	1099.520206	187.459100	1.000000	5.918839
9.000000	9.000000	9.000000	1211.000000	185.000000	10.000000	1214.587225	178.620972	1.000000	6.518579
9.000000	10.000000	10.000000	791.000000	361.000000	26.000000	775.203126	357.991129	1.000000	7.365558
9.000000	11.000000	11.000000	1075.000000	458.000000	39.000000	1080.794821	453.335249	1.000000	8.046103
9.000000	12.000000	12.000000	1005.000000	601.000000	48.000000	992.436870	600.364062	1.000000	8.788979
9.000000	13.000000	13.000000	896.000000	670.000000	57.000000	884.988021	667.097049	1.000000	9.286955
9.000000	14.000000	14.000000	783.000000	587.000000	46.000000	780.940053	594.472999	1.000000	9.694524
9.000000	15.000000	15.000000	658.000000	686.000000	55.000000	659.875693	674.626384	1.000000	10.293658
9.000000	16.000000	16.000000	403.000000	611.000000	43.000000	409.873295	610.083441	1.000000	10.957161
9.000000	17.000000	17.000000	748.000000	766.000000	66.000000	747.905155	770.450836	1.000000	11.709932
9.000000	18.000000	18.000000	1172.000000	776.000000	70.000000	1173.874644	774.563484	1.000000	12.524861
9.000000	19.000000	19.000000	1075.000000	887.000000	79.000000	1065.891365	883.705679	1.000000	13.060973
9.000000	20.000000	20.000000	749.000000	917.000000	76.000000	729.675877	922.596317	1.000000	14.087075
9.000000	21.000000	21.000000	212.000000	237.000000	11.000000	211.834923	238.315587	2.000000	16.485975
9.000000	22.000000	22.000000	894.000000	281.000000	17.000000	873.721981	279.757868	2.000000	17.742154
9.000000	23.000000	23.000000	864.000000	200.000000	7.000000	854.199958	184.809836	2.000000	18.173482
9.000000	24.000000	24.000000	904.000000	381.000000	27.000000	888.269965	376.264617	2.000000	18.845985
9.000000	25.000000	25.000000	887.000000	475.000000	37.000000	876.927161	465.360433	2.000000	19.230966
9.000000	26.000000	26.000000	1199.000000	249.000000	20.000000	1188.612294	240.239192	2.000000	19.869951
9.000000	27.000000	27.000000	1212.000000	515.000000	40.000000	1202.069431	506.321845	2.000000	20.494971
9.000000	28.000000	28.000000	1227.000000	671.000000	60.000000	1208.510559	664.937192	2.000000	21.158467
9.000000	29.000000	29.000000	1117.000000	699.000000	59.000000	1097.037090	688.721634	2.000000	21.726852
9.000000	30.000000	30.000000	1077.000000	793.000000	69.000000	1065.904387	798.445379	2.000000	22.166018
9.000000	31.000000	31.000000	983.000000	772.000000	68.000000	972.607217	766.735806	2.000000	22.550908
9.000000	32.000000	32.000000	867.000000	876.000000	77.000000	867.504147	871.107080	2.000000	23.069112
9.000000	33.000000	33.000000	641.000000	812.000000	65.000000	644.884024	819.983412	2.000000	23.773919
9.000000	34.000000	34.000000	639.000000	936.000000	75.000000	641.480995	921.852640	2.000000	24.421119
9.000000	35.000000	35.000000	532.000000	904.000000	74.000000	519.960758	895.600384	2.000000	24.957152
9.000000	36.000000	36.000000	523.000000	759.000000	64.000000	521.169133	770.113173	2.000000	25.518908
9.000000	37.000000	37.000000	432.000000	765.000000	63.000000	434.377137	778.318370	2.000000	25.973907
9.000000	38.000000	38.000000	325.000000	598.000000	42.000000	324.927526	603.000369	2.000000	26.885927
9.000000	39.000000	39.000000	210.000000	665.000000	51.000000	207.888186	669.498647	2.000000	27.598424
9.000000	40.000000	40.000000	752.000000	475.000000	36.000000	757.689888	472.068521	2.000000	29.668879
10.000000	1.000000	1.000000	340.000000	155.000000	2.000000	329.807003	163.146235	1.000000	1.731237
10.000000	2.000000	2.000000	540.000000	138.000000	4.000000	528.007675	138.898891	1.000000	2.274857
10.000000	3.000000	3.000000	872.000000	150.000000	7.000000	857.559136	158.806387	1.000000	3.065753
10.000000	4.000000	4.000000	990.000000	108.000000	8.000000	997.048233	118.913492	1.000000	3.522056
10.000000	5.000000	5.000000	1101.000000	115.000000	9.000000	1106.143736	125.011759	1.000000	4.105763
10.000000	6.000000	6.000000	1084.000000	227.000000	19.000000	1071.406903	230.234393	1.000000	4.522980
10.000000	7.000000	7.000000	1070.000000	354.000000	29.000000	1060.943586	351.303184	1.000000	5.026816
10.000000	8.000000	8.000000	1209.000000	394.000000	30.000000	1192.697535	401.201828	1.000000	5.497751
10.000000	9.000000	9.000000	1120.000000	559.000000	49.000000	1098.716851	549.924073	1.000000	6.178501
10.000000	10.000000	10.000000	843.000000	387.000000	27.000000	848.739430	392.227080	1.000000	6.954156
10.000000	11.000000	11.000000	730.000000	393.000000	26.000000	750.320658	388.547045	1.000000	7.257902
10.000000	12.000000	12.000000	552.000000	374.000000	24.000000	559.281701	368.877276	1.000000	8.097563
10.000000	13.000000	13.000000	967.000000	597.000000	48.000000	964.499394	594.731567	1.000000	9.267524
10.000000	14.000000	14.000000	1097.000000	654.000000	59.000000	1091.227745	660.941983	1.000000	9.987560
10.000000	15.000000	15.000000	958.000000	688.000000	58.000000	960.492073	692.637015	1.000000	10.449630
10.000000	16.000000	16.000000	775.000000	719.000000	56.000000	759.248619	718.789592	1.000000	11.122057
10.000000	17.000000	17.000000	323.000000	805.000000	62.000000	330.070219	806.299729	1.000000	12.403176
10.000000	18.000000	18.000000	521.000000	814.000000	64.000000	529.664130	823.042013	1.000000	13.065636
10.000000	19.000000	19.000000	759.000000	803.000000	66.000000	747.554479	802.009691	1.000000	13.723003
10.000000	20.000000	20.000000	1187.000000	903.000000	80.000000	1190.702549	904.870207	1.000000	15.050214
10.000000	21.000000	21.000000	303.000000	216.000000	12.000000	289.687064	231.531822	2.000000	18.906469
10.000000	22.000000	22.000000	728.000000	236.000000	16.000000	732.599727	227.698673	2.000000	20.011252
10.000000	23.000000	23.000000	1201.000000	144.000000	10.000000	1206.802009	134.828567	2.000000	21.227192
10.000000	24.000000	0.000000	673.000000	317.000000	25.000000	640.936161	331.774579	2.000000	22.202772
10.000000	25.000000	24.000000	647.000000	326.000000	25.000000	640.936161	331.774579	2.000000	22.643436
10.000000	26.000000	25.000000	432.000000	337.000000	23.000000	438.438894	349.272542	2.000000	23.257558
10.000000	27.000000	26.000000	300.000000	358.000000	22.000000	289.764027	362.569236	2.000000	23.754959
10.000000	28.000000	27.000000	224.000000	373.000000	21.000000	218.186059	382.762263	2.000000	24.225122
10.000000	29.000000	0.000000	564.000000	453.000000	34.000000	540.477333	438.399856	2.000000	24.929849
10.000000	30.000000	28.000000	556.000000	447.000000	34.000000	540.477333	438.399856	2.000000	25.465823
10.000000	31.000000	29.000000	1208.000000	491.000000	40.000000	1214.134511	501.589597	2.000000	27.001968
10.000000	32.000000	30.000000	1203.000000	593.000000	50.000000	1207.625381	588.146700	2.000000	27.402428
10.000000	33.000000	31.000000	1110.000000	794.000000	69.000000	1099.958709	798.781278	2.000000	28.547187
10.000000	34.000000	32.000000	682.000000	930.000000	75.000000	662.391060	929.890288	2.000000	29.379618
10.000000	35.000000	0.000000	684.000000	819.000000	65.000000	669.852452	790.769711	2.000000	29.810856
10.000000	36.000000	33.000000	670.000000	802.000000	65.000000	669.852452	790.769711	2.000000	30.483407
10.000000	37.000000	34.000000	660.000000	687.000000	55.000000	656.551653	686.030433	2.000000	30.859485
10.000000	38.000000	35.000000	662.000000	578.000000	45.000000	665.938621	582.318449	2.000000	31.290586
10.000000	39.000000	36.000000	768.000000	576.000000	46.000000	751.639111	580.292664	2.000000	32.178850
10.000000	40.000000	37.000000	869.000000	648.000000	57.000000	867.992807	657.576739	2.000000	32.818482
10.000000	41.000000	38.000000	548.000000	565.000000	44.000000	549.549573	560.272838	2.000000	33.451015
10.000000	42.000000	39.000000	540.000000	676.000000	54.000000	536.239958	685.958591	2.000000	34.083114
10.000000	43.000000	40.000000	227.000000	565.000000	41.000000	213.928446	557.467221	2.000000	35.345699
11.000000	1.000000	1.000000	206.000000	340.000000	21.000000	205.145156	342.333429	2.000000	1.707487
11.000000	2.000000	2.000000	230.000000	277.000000	11.000000	227.473802	280.430239	2.000000	2.012853
11.000000	3.000000	3.000000	305.000000	249.000000	12.000000	304.429679	259.922791	2.000000	2.490824
11.000000	4.000000	4.000000	204.000000	147.000000	1.000000	207.565190	131.487371	1.000000	5.725155
11.000000	5.000000	5.000000	434.000000	143.000000	3.000000	425.991250	133.485830	1.000000	6.371698
11.000000	6.000000	6.000000	644.000000	190.000000	5.000000	647.454291	187.705209	1.000000	7.475381
11.000000	7.000000	7.000000	625.000000	264.000000	15.000000	622.244334	255.196786	1.000000	7.826968
11.000000	8.000000	8.000000	427.000000	344.000000	23.000000	425.801317	348.556735	1.000000	8.435861
11.000000	9.000000	9.000000	776.000000	174.000000	6.000000	759.242688	167.538692	1.000000	9.148555
11.000000	10.000000	0.000000	1019.000000	260.000000	18.000000	987.568962	260.907832	1.000000	9.963275
11.000000	11.000000	10.000000	984.000000	260.000000	18.000000	987.568962	260.907832	1.000000	10.867951
11.000000	12.000000	11.000000	1173.000000	227.000000	20.000000	1180.870766	225.146770	1.000000	11.515609
11.000000	13.000000	12.000000	1189.000000	187.000000	10.000000	1189.789764	186.358447	1.000000	11.852803
11.000000	14.000000	13.000000	1192.000000	346.000000	30.000000	1191.986963	341.371228	1.000000	12.434694
11.000000	15.000000	14.000000	845.000000	504.000000	37.000000	847.232658	493.354324	1.000000	13.332804
11.000000	16.000000	15.000000	1084.000000	577.000000	49.000000	1078.375048	590.331117	1.000000	13.954862
11.000000	17.000000	16.000000	1216.000000	651.000000	60.000000	1219.289013	665.897385	1.000000	14.619619
11.000000	18.000000	17.000000	1221.000000	887.000000	80.000000	1217.191003	889.319428	1.000000	15.266717
11.000000	19.000000	18.000000	1111.000000	896.000000	79.000000	1097.392522	898.731618	1.000000	15.979927
11.000000	20.000000	19.000000	902.000000	795.000000	67.000000	892.158972	792.987557	1.000000	16.644223
11.000000	21.000000	20.000000	754.000000	798.000000	66.000000	749.266529	797.215068	1.000000	17.100420
11.000000	22.000000	21.000000	542.000000	859.000000	74.000000	539.133941	874.601437	1.000000	18.036266
11.000000	23.000000	22.000000	294.000000	698.000000	52.000000	300.992354	698.881748	1.000000	19.043564
11.000000	24.000000	23.000000	316.000000	552.000000	42.000000	305.873529	543.731818	1.000000	20.410749
11.000000	25.000000	24.000000	906.000000	139.000000	7.000000	889.693802	139.389084	2.000000	25.396052
11.000000	26.000000	25.000000	979.000000	140.000000	8.000000	962.501408	147.426438	2.000000	25.700894
11.000000	27.000000	26.000000	1065.000000	150.000000	9.000000	1069.751569	164.039194	2.000000	26.188214
11.000000	28.000000	27.000000	1083.000000	358.000000	29.000000	1078.315329	369.129543	2.000000	26.876034
11.000000	29.000000	28.000000	969.000000	359.000000	28.000000	962.794286	353.742186	2.000000	27.355018
11.000000	30.000000	29.000000	523.000000	361.000000	24.000000	514.110554	355.462830	2.000000	28.122800
11.000000	31.000000	30.000000	463.000000	428.000000	33.000000	444.568587	440.903137	2.000000	28.747600
11.000000	32.000000	31.000000	351.000000	366.000000	22.000000	341.204287	381.271840	2.000000	29.251803
11.000000	33.000000	32.000000	330.000000	470.000000	32.000000	330.938333	462.309195	2.000000	29.915263
11.000000	34.000000	33.000000	523.000000	494.000000	34.000000	527.309323	492.165614	2.000000	30.498609
11.000000	35.000000	34.000000	879.000000	531.000000	47.000000	865.094049	544.544920	2.000000	31.364181
11.000000	36.000000	35.000000	976.000000	597.000000	48.000000	979.285440	604.888808	2.000000	31.940446
11.000000	37.000000	36.000000	973.000000	664.000000	58.000000	973.956278	661.954127	2.000000	32.363535
11.000000	38.000000	37.000000	978.000000	764.000000	68.000000	984.160018	762.144584	2.000000	32.899409
11.000000	39.000000	38.000000	1174.000000	775.000000	70.000000	1169.005112	779.773536	2.000000	33.515272
11.000000	40.000000	39.000000	748.000000	598.000000	46.000000	750.868578	591.916479	2.000000	35.034750
11.000000	41.000000	40.000000	424.000000	662.000000	53.000000	412.790966	654.598617	2.000000	35.964209
12.000000	1.000000	1.000000	407.000000	133.000000	3.000000	399.487174	135.216588	1.000000	2.041047
12.000000	2.000000	2.000000	505.000000	292.000000	14.000000	508.415157	288.935099	1.000000	2.624240
12.000000	3.000000	3.000000	619.000000	218.000000	15.000000	629.438724	224.240921	1.000000	3.161230
12.000000	4.000000	4.000000	763.000000	256.000000	16.000000	767.078785	257.132534	1.000000	3.752410
12.000000	5.000000	5.000000	1217.000000	161.000000	10.000000	1212.051537	152.830992	1.000000	5.058158
12.000000	6.000000	6.000000	1170.000000	374.000000	30.000000	1173.614798	354.540026	1.000000	5.817576
12.000000	7.000000	7.000000	835.000000	440.000000	37.000000	839.046668	442.103574	1.000000	6.658294
12.000000	8.000000	8.000000	215.000000	499.000000	31.000000	220.927496	485.138178	1.000000	7.881239
12.000000	9.000000	9.000000	396.000000	505.000000	33.000000	406.930050	497.805008	1.000000	8.521495
12.000000	10.000000	10.000000	887.000000	551.000000	47.000000	873.882732	543.259233	1.000000	9.497584
12.000000	11.000000	11.000000	1106.000000	497.000000	39.000000	1099.103775	504.041424	1.000000	10.081113
12.000000	12.000000	12.000000	764.000000	702.000000	56.000000	756.165661	695.058977	1.000000	11.560805
12.000000	13.000000	13.000000	650.000000	706.000000	55.000000	653.840964	714.335375	1.000000	12.081495
12.000000	14.000000	14.000000	535.000000	756.000000	64.000000	536.484383	773.980463	1.000000	12.778020
12.000000	15.000000	15.000000	210.000000	768.000000	61.000000	206.243998	771.402212	1.000000	13.881094
12.000000	16.000000	16.000000	768.000000	818.000000	66.000000	749.433094	810.088387	1.000000	14.888410
12.000000	17.000000	17.000000	773.000000	902.000000	76.000000	769.017419	889.092609	1.000000	15.616866
12.000000	18.000000	18.000000	976.000000	884.000000	78.000000	976.188979	876.960147	1.000000	16.472051
12.000000	19.000000	19.000000	1102.000000	910.000000	79.000000	1095.360098	910.312158	1.000000	17.168835
12.000000	20.000000	20.000000	201.000000	153.000000	1.000000	199.737451	144.073305	2.000000	20.682243
12.000000	21.000000	21.000000	199.000000	224.000000	11.000000	186.039547	226.223684	2.000000	21.201812
12.000000	22.000000	22.000000	641.000000	181.000000	5.000000	630.610089	183.776548	2.000000	22.464099
12.000000	23.000000	23.000000	768.000000	157.000000	6.000000	770.965144	157.591106	2.000000	22.872752
12.000000	24.000000	24.000000	984.000000	132.000000	8.000000	976.653509	131.743032	2.000000	23.385172
12.000000	25.000000	25.000000	1210.000000	299.000000	20.000000	1205.635435	286.671419	2.000000	24.177718
12.000000	26.000000	26.000000	1087.000000	413.000000	29.000000	1073.041375	398.605225	2.000000	25.008448
12.000000	27.000000	0.000000	958.000000	410.000000	28.000000	989.215463	394.779374	2.000000	25.344527
12.000000	28.000000	27.000000	1005.000000	401.000000	28.000000	989.215463	394.779374	2.000000	26.201092
12.000000	29.000000	28.000000	775.000000	345.000000	26.000000	765.271548	332.598956	2.000000	26.833118
12.000000	30.000000	29.000000	411.000000	370.000000	23.000000	415.194894	371.673734	2.000000	27.801405
12.000000	31.000000	30.000000	300.000000	391.000000	22.000000	313.421913	396.502274	2.000000	28.482080
12.000000	32.000000	31.000000	721.000000	430.000000	36.000000	734.409960	437.787986	2.000000	29.696640
12.000000	33.000000	32.000000	1095.000000	794.000000	69.000000	1093.852138	784.034216	2.000000	31.264579
12.000000	34.000000	33.000000	1206.000000	789.000000	70.000000	1198.114763	777.206147	2.000000	31.832388
12.000000	35.000000	34.000000	883.000000	661.000000	57.000000	870.904331	652.852496	2.000000	32.522050
12.000000	36.000000	35.000000	432.000000	659.000000	53.000000	429.724293	656.954428	2.000000	33.344777
12.000000	37.000000	36.000000	203.000000	591.000000	41.000000	191.077242	579.846478	2.000000	34.097647
12.000000	38.000000	37.000000	220.000000	674.000000	51.000000	228.430285	682.901206	2.000000	34.728516
12.000000	39.000000	38.000000	235.000000	925.000000	71.000000	229.040383	932.480431	2.000000	35.792723
12.000000	40.000000	39.000000	540.000000	867.000000	74.000000	526.507459	862.657695	2.000000	36.529359
12.000000	41.000000	40.000000	523.000000	593.000000	44.000000	520.025666	597.680646	1.000000	58.272346
13.000000	1.000000	1.000000	225.000000	152.000000	1.000000	219.718269	142.821185	1.000000	1.432098
13.000000	2.000000	2.000000	328.000000	275.000000	12.000000	340.664264	284.698742	1.000000	2.097422
13.000000	3.000000	3.000000	391.000000	164.000000	3.000000	398.931240	169.728838	1.000000	2.561250
13.000000	4.000000	4.000000	770.000000	144.000000	6.000000	777.657068	131.599516	1.000000	3.330207
13.000000	5.000000	5.000000	773.000000	242.000000	16.000000	761.380543	229.631266	1.000000	3.713316
13.000000	6.000000	6.000000	682.000000	296.000000	15.000000	671.758907	292.083446	1.000000	4.200412
13.000000	7.000000	7.000000	875.000000	347.000000	27.000000	860.481047	355.067486	1.000000	4.856657
13.000000	8.000000	8.000000	1062.000000	377.000000	29.000000	1068.232013	381.423021	1.000000	5.418186
13.000000	9.000000	9.000000	1082.000000	480.000000	39.000000	1081.249639	472.938303	1.000000	5.897601
13.000000	10.000000	10.000000	1066.000000	564.000000	49.000000	1066.200643	559.746711	1.000000	6.489015
13.000000	11.000000	11.000000	637.000000	464.000000	35.000000	641.527985	456.746839	1.000000	7.490479
13.000000	12.000000	12.000000	874.000000	680.000000	57.000000	883.826629	676.025329	1.000000	9.602374
13.000000	13.000000	0.000000	803.000000	689.000000	56.000000	768.376414	687.979701	1.000000	9.961584
13.000000	14.000000	13.000000	762.000000	696.000000	56.000000	768.376414	687.979701	1.000000	10.378506
13.000000	15.000000	14.000000	653.000000	706.000000	55.000000	646.068763	710.325627	1.000000	10.888349
13.000000	16.000000	15.000000	1083.000000	802.000000	69.000000	1079.220427	794.895035	1.000000	11.856998
13.000000	17.000000	16.000000	1010.000000	907.000000	78.000000	996.948665	908.665501	1.000000	12.465822
13.000000	18.000000	17.000000	635.000000	882.000000	75.000000	627.063916	885.763811	1.000000	13.114270
13.000000	19.000000	18.000000	575.000000	810.000000	64.000000	559.080542	821.625218	1.000000	13.544416
13.000000	20.000000	19.000000	504.000000	861.000000	74.000000	512.443415	866.112245	1.000000	13.985228
13.000000	21.000000	20.000000	190.000000	567.000000	41.000000	182.146709	566.718531	1.000000	15.553974
13.000000	22.000000	21.000000	216.000000	445.000000	31.000000	228.333070	442.594579	2.000000	22.200772
13.000000	23.000000	22.000000	293.000000	445.000000	32.000000	295.093349	436.569520	2.000000	22.544099
13.000000	24.000000	23.000000	294.000000	372.000000	22.000000	289.656323	373.906107	2.000000	22.937052
13.000000	25.000000	24.000000	437.000000	458.000000	33.000000	436.796782	438.756064	2.000000	23.536553
13.000000	26.000000	25.000000	524.000000	459.000000	34.000000	523.417911	456.874328	2.000000	23.921761
13.000000	27.000000	26.000000	747.000000	373.000000	26.000000	751.637162	362.429676	2.000000	24.857565
13.000000	28.000000	27.000000	866.000000	150.000000	7.000000	858.446020	150.540282	2.000000	25.857355
13.000000	29.000000	28.000000	964.000000	363.000000	28.000000	950.215113	371.808983	2.000000	26.465305
13.000000	30.000000	29.000000	1162.000000	370.000000	30.000000	1176.298247	375.932494	2.000000	27.322461
13.000000	31.000000	30.000000	1191.000000	134.000000	10.000000	1193.673418	130.856335	2.000000	28.080465
13.000000	32.000000	31.000000	839.000000	536.000000	47.000000	839.972138	543.765326	2.000000	29.514028
13.000000	33.000000	32.000000	741.000000	557.000000	46.000000	734.381229	548.837352	2.000000	29.937587
13.000000	34.000000	33.000000	643.000000	580.000000	45.000000	643.854015	575.356536	2.000000	30.440814
13.000000	35.000000	34.000000	452.000000	603.000000	43.000000	443.158866	607.263597	2.000000	31.104983
13.000000	36.000000	35.000000	314.000000	899.000000	72.000000	304.094713	892.041578	2.000000	32.425039
13.000000	37.000000	36.000000	235.000000	932.000000	71.000000	232.302398	932.273476	2.000000	33.145453
13.000000	38.000000	37.000000	637.000000	752.000000	65.000000	649.411386	767.421889	2.000000	33.960708
13.000000	39.000000	38.000000	767.000000	789.000000	66.000000	756.288420	793.870154	2.000000	34.506194
13.000000	40.000000	39.000000	1058.000000	923.000000	79.000000	1058.225172	930.104322	2.000000	35.464584
13.000000	41.000000	40.000000	1198.000000	886.000000	80.000000	1194.148064	878.839285	2.000000	36.040995
14.000000	1.000000	1.000000	204.000000	226.000000	11.000000	185.176829	227.360013	1.000000	1.581279
14.000000	2.000000	2.000000	424.000000	240.000000	13.000000	428.797342	252.157812	1.000000	2.595448
14.000000	3.000000	3.000000	544.000000	100.000000	4.000000	545.222584	120.777047	1.000000	3.035626
14.000000	4.000000	4.000000	637.000000	130.000000	5.000000	627.244537	136.413549	1.000000	3.419420
14.000000	5.000000	0.000000	732.000000	151.000000	6.000000	755.683147	163.587725	1.000000	3.803445
14.000000	6.000000	5.000000	753.000000	155.000000	6.000000	755.683147	163.587725	1.000000	4.180441
14.000000	7.000000	6.000000	757.000000	259.000000	16.000000	755.783099	272.260006	1.000000	4.635342
14.000000	8.000000	7.000000	1007.000000	180.000000	8.000000	990.485673	184.065242	1.000000	5.397034
14.000000	9.000000	8.000000	1190.000000	273.000000	20.000000	1186.123209	273.100095	1.000000	5.956991
14.000000	10.000000	9.000000	519.000000	385.000000	24.000000	519.097958	376.723119	1.000000	7.923802
14.000000	11.000000	10.000000	315.000000	375.000000	22.000000	300.532485	370.933180	1.000000	8.563959
14.000000	12.000000	11.000000	200.000000	463.000000	31.000000	201.888929	460.980170	1.000000	9.243147
14.000000	13.000000	12.000000	623.000000	484.000000	35.000000	620.090765	500.336255	1.000000	10.220664
14.000000	14.000000	13.000000	1093.000000	555.000000	49.000000	1081.639991	569.777449	1.000000	11.244833
14.000000	15.000000	14.000000	549.000000	676.000000	54.000000	546.726115	695.236700	1.000000	12.867759
14.000000	16.000000	15.000000	296.000000	685.000000	52.000000	299.906495	683.358260	1.000000	13.461048
14.000000	17.000000	16.000000	756.000000	799.000000	66.000000	773.346506	815.314038	1.000000	14.709032
14.000000	18.000000	17.000000	562.000000	874.000000	74.000000	544.614873	887.168233	1.000000	15.475411
14.000000	19.000000	18.000000	1094.000000	900.000000	79.000000	1087.043354	912.384429	1.000000	16.285018
14.000000	20.000000	19.000000	1227.000000	870.000000	80.000000	1208.636838	866.254112	1.000000	16.763153
14.000000	21.000000	20.000000	1183.000000	764.000000	70.000000	1181.797086	759.594576	1.000000	17.340507
14.000000	22.000000	21.000000	1075.000000	142.000000	9.000000	1075.315488	132.972800	2.000000	19.955600
14.000000	23.000000	22.000000	970.000000	264.000000	18.000000	956.867423	266.157680	2.000000	20.532989
14.000000	24.000000	23.000000	1115.000000	329.000000	29.000000	1112.476397	342.106209	2.000000	21.173311
14.000000	25.000000	24.000000	452.000000	460.000000	33.000000	452.066915	457.791709	2.000000	23.307721
14.000000	26.000000	25.000000	654.000000	538.000000	45.000000	654.918300	555.353549	2.000000	24.164964
14.000000	27.000000	26.000000	549.000000	607.000000	44.000000	548.987577	606.575267	2.000000	24.619868
14.000000	28.000000	27.000000	415.000000	605.000000	43.000000	408.859939	613.733203	2.000000	25.108905
14.000000	29.000000	28.000000	791.000000	589.000000	46.000000	771.660646	586.773765	2.000000	25.931251
14.000000	30.000000	29.000000	851.000000	597.000000	47.000000	842.820787	605.621186	2.000000	26.477315
14.000000	31.000000	30.000000	972.000000	554.000000	48.000000	971.607970	561.370252	2.000000	27.204335
14.000000	32.000000	31.000000	1217.000000	592.000000	50.000000	1213.809577	583.009072	2.000000	29.068486
14.000000	33.000000	32.000000	1206.000000	728.000000	60.000000	1192.475244	712.743868	2.000000	29.829404
14.000000	34.000000	33.000000	1104.000000	757.000000	69.000000	1099.456062	760.619003	2.000000	30.756986
14.000000	35.000000	34.000000	1104.000000	720.000000	59.000000	1096.019023	711.902929	2.000000	31.244999
14.000000	36.000000	35.000000	961.000000	679.000000	58.000000	961.194914	667.673408	2.000000	31.820825
14.000000	37.000000	36.000000	970.000000	810.000000	68.000000	971.314991	810.608224	2.000000	32.348151
14.000000	38.000000	37.000000	850.000000	923.000000	77.000000	849.117889	927.971231	2.000000	33.059377
14.000000	39.000000	38.000000	761.000000	903.000000	76.000000	750.511047	901.752855	2.000000	33.820930
14.000000	40.000000	39.000000	642.000000	901.000000	75.000000	646.428126	901.787231	2.000000	34.316708
14.000000	41.000000	40.000000	671.000000	817.000000	65.000000	662.322330	817.279710	2.000000	35.115974
15.000000	1.000000	1.000000	186.000000	252.000000	11.000000	190.036015	244.839470	1.000000	2.585766
15.000000	2.000000	2.000000	522.000000	263.000000	14.000000	519.141037	256.693182	1.000000	3.505481
15.000000	3.000000	3.000000	632.000000	178.000000	5.000000	633.894432	173.363178	1.000000	4.050056
15.000000	4.000000	4.000000	1096.000000	215.000000	19.000000	1083.010546	225.445272	1.000000	5.416847
15.000000	5.000000	5.000000	1184.000000	462.000000	40.000000	1170.275513	467.527943	1.000000	6.256842
15.000000	6.000000	6.000000	642.000000	465.000000	35.000000	636.918178	453.257222	1.000000	7.664489
15.000000	7.000000	7.000000	517.000000	454.000000	34.000000	521.267168	439.952599	1.000000	8.256041
15.000000	8.000000	8.000000	192.000000	719.000000	51.000000	183.422872	713.697608	1.000000	10.553353
15.000000	9.000000	9.000000	196.000000	804.000000	61.000000	199.176834	811.879125	1.000000	10.992723
15.000000	10.000000	10.000000	209.000000	901.000000	71.000000	210.929575	890.054339	1.000000	11.713881
15.000000	11.000000	11.000000	446.000000	861.000000	73.000000	438.205303	869.811381	1.000000	12.728171
15.000000	12.000000	12.000000	456.000000	800.000000	63.000000	444.987565	807.501283	1.000000	13.105411
15.000000	13.000000	13.000000	394.000000	678.000000	53.000000	398.733250	683.225215	1.000000	13.616273
15.000000	14.000000	14.000000	520.000000	685.000000	54.000000	518.068663	693.619233	1.000000	14.208208
15.000000	15.000000	15.000000	543.000000	759.000000	64.000000	531.724323	757.992056	1.000000	14.912038
15.000000	16.000000	16.000000	889.000000	789.000000	67.000000	884.180490	792.287598	1.000000	16.097482
15.000000	17.000000	17.000000	888.000000	674.000000	57.000000	885.332484	670.656438	1.000000	16.592377
15.000000	18.000000	18.000000	862.000000	554.000000	47.000000	847.697501	566.004869	1.000000	17.272233
15.000000	19.000000	19.000000	759.000000	565.000000	46.000000	738.940985	579.790892	1.000000	17.778123
15.000000	20.000000	20.000000	1202.000000	805.000000	70.000000	1203.268377	794.868646	1.000000	18.978141
15.000000	21.000000	21.000000	300.000000	282.000000	12.000000	294.348488	272.993298	2.000000	22.377729
15.000000	22.000000	22.000000	406.000000	160.000000	3.000000	400.269210	146.861013	2.000000	22.967967
15.000000	23.000000	23.000000	542.000000	154.000000	4.000000	532.984693	145.070790	2.000000	23.488976
15.000000	24.000000	24.000000	432.000000	324.000000	23.000000	412.820069	330.671795	2.000000	24.289339
15.000000	25.000000	25.000000	768.000000	264.000000	16.000000	757.280307	262.221309	2.000000	25.097179
15.000000	26.000000	26.000000	759.000000	193.000000	6.000000	765.995436	180.053142	2.000000	25.546052
15.000000	27.000000	27.000000	969.000000	173.000000	8.000000	954.153877	170.243160	2.000000	26.386196
15.000000	28.000000	28.000000	996.000000	226.000000	18.000000	993.419617	243.059686	2.000000	26.856023
15.000000	29.000000	29.000000	989.000000	355.000000	28.000000	970.756609	359.697996	2.000000	27.489025
15.000000	30.000000	30.000000	870.000000	464.000000	37.000000	866.947186	461.613956	2.000000	27.993136
15.000000	31.000000	31.000000	1214.000000	352.000000	30.000000	1211.878828	348.181108	2.000000	28.802119
15.000000	32.000000	32.000000	660.000000	380.000000	25.000000	658.195514	374.614095	2.000000	29.937189
15.000000	33.000000	33.000000	315.000000	503.000000	32.000000	312.325766	494.204983	2.000000	31.265707
15.000000	34.000000	34.000000	566.000000	550.000000	44.000000	547.423194	556.999790	2.000000	31.920009
15.000000	35.000000	35.000000	666.000000	579.000000	45.000000	667.405551	591.821538	2.000000	32.760839
15.000000	36.000000	36.000000	656.000000	683.000000	55.000000	655.771100	680.331519	2.000000	33.345594
15.000000	37.000000	37.000000	323.000000	899.000000	72.000000	316.523273	881.989643	2.000000	34.081039
15.000000	38.000000	38.000000	508.000000	881.000000	74.000000	519.828096	871.518178	2.000000	34.689059
15.000000	39.000000	39.000000	759.000000	916.000000	76.000000	757.932181	907.928923	2.000000	35.472317
15.000000	40.000000	40.000000	1224.000000	713.000000	60.000000	1218.043871	712.372895	2.000000	36.858059
16.000000	1.000000	1.000000	313.000000	254.000000	12.000000	306.787925	261.130814	1.000000	1.399427
16.000000	2.000000	2.000000	336.000000	174.000000	2.000000	334.200611	180.681352	1.000000	1.800168
16.000000	3.000000	3.000000	529.000000	127.000000	4.000000	518.801700	124.043272	1.000000	2.408515
16.000000	4.000000	4.000000	893.000000	125.000000	7.000000	878.909421	128.486778	1.000000	3.375944
16.000000	5.000000	5.000000	1082.000000	253.000000	19.000000	1097.064872	255.305956	1.000000	4.657228
16.000000	6.000000	6.000000	963.000000	252.000000	18.000000	964.134100	253.721632	1.000000	5.057248
16.000000	7.000000	7.000000	735.000000	266.000000	16.000000	728.394444	278.876505	1.000000	5.711012
16.000000	8.000000	8.000000	471.000000	455.000000	33.000000	449.105424	466.130962	1.000000	6.671673
16.000000	9.000000	9.000000	528.000000	407.000000	24.000000	529.095497	396.722311	1.000000	7.057297
16.000000	10.000000	10.000000	739.000000	456.000000	36.000000	730.508713	474.804599	1.000000	7.647314
16.000000	11.000000	11.000000	1102.000000	502.000000	39.000000	1093.033185	498.676862	1.000000	8.775471
16.000000	12.000000	12.000000	969.000000	720.000000	58.000000	960.332266	718.526612	1.000000	10.049175
16.000000	13.000000	13.000000	989.000000	789.000000	68.000000	980.498882	790.271120	1.000000	10.801085
16.000000	14.000000	14.000000	856.000000	798.000000	67.000000	847.726743	798.385765	1.000000	11.432597
16.000000	15.000000	15.000000	966.000000	873.000000	78.000000	966.306288	886.590599	1.000000	12.056302
16.000000	16.000000	16.000000	1236.000000	922.000000	80.000000	1220.905509	927.951550	1.000000	12.809233
16.000000	17.000000	17.000000	659.000000	880.000000	75.000000	663.841600	889.820375	1.000000	13.920533
16.000000	18.000000	18.000000	396.000000	866.000000	73.000000	399.188380	874.414681	1.000000	14.841253
16.000000	19.000000	19.000000	402.000000	784.000000	63.000000	406.840086	783.338796	1.000000	15.263266
16.000000	20.000000	20.000000	237.000000	813.000000	61.000000	227.909488	824.679167	1.000000	15.881243
16.000000	21.000000	21.000000	191.000000	350.000000	21.000000	183.552574	364.364933	2.000000	18.127414
16.000000	22.000000	22.000000	191.000000	484.000000	31.000000	201.063323	486.968072	2.000000	18.655800
16.000000	23.000000	23.000000	282.000000	437.000000	32.000000	289.826372	439.778904	2.000000	19.208446
16.000000	24.000000	24.000000	228.000000	256.000000	11.000000	224.523480	255.201679	2.000000	19.736713
16.000000	25.000000	25.000000	421.000000	229.000000	13.000000	413.530752	225.676695	2.000000	20.383520
16.000000	26.000000	26.000000	648.000000	240.000000	15.000000	640.668661	241.224509	2.000000	21.112463
16.000000	27.000000	27.000000	874.000000	231.000000	17.000000	868.084227	228.291456	2.000000	22.112125
16.000000	28.000000	28.000000	1184.000000	471.000000	40.000000	1178.758981	471.890681	2.000000	23.823809
16.000000	29.000000	29.000000	1170.000000	593.000000	50.000000	1177.046988	583.822063	2.000000	24.481305
16.000000	30.000000	30.000000	969.000000	549.000000	48.000000	977.995511	553.391284	2.000000	25.463321
16.000000	31.000000	31.000000	645.000000	392.000000	25.000000	636.760194	386.583905	2.000000	26.161321
16.000000	32.000000	32.000000	557.000000	427.000000	34.000000	549.966876	437.094515	2.000000	26.615793
16.000000	33.000000	33.000000	671.000000	506.000000	35.000000	661.450576	507.221635	2.000000	27.104414
16.000000	34.000000	34.000000	537.000000	585.000000	44.000000	545.939745	573.523730	2.000000	27.832659
16.000000	35.000000	35.000000	326.000000	590.000000	42.000000	322.267447	591.428835	2.000000	28.392464
16.000000	36.000000	36.000000	432.000000	683.000000	53.000000	423.483222	668.004842	2.000000	29.080173
16.000000	37.000000	37.000000	326.000000	797.000000	62.000000	311.018405	807.346553	2.000000	29.823319
16.000000	38.000000	38.000000	573.000000	919.000000	74.000000	559.845844	928.187313	2.000000	30.495102
16.000000	39.000000	39.000000	862.000000	927.000000	77.000000	875.645470	931.424633	2.000000	31.569233
16.000000	40.000000	40.000000	1069.000000	662.000000	59.000000	1075.779609	658.258366	2.000000	32.824149
17.000000	1.000000	1.000000	230.000000	137.000000	1.000000	212.879607	143.641262	1.000000	1.310763
17.000000	2.000000	2.000000	314.000000	425.000000	32.000000	304.568085	441.130362	1.000000	3.063413
17.000000	3.000000	3.000000	445.000000	347.000000	23.000000	433.803639	350.017792	1.000000	3.519811
17.000000	4.000000	4.000000	742.000000	372.000000	26.000000	735.980408	367.393676	1.000000	4.264688
17.000000	5.000000	5.000000	742.000000	486.000000	36.000000	729.212671	466.681677	1.000000	4.679365
17.000000	6.000000	6.000000	959.000000	342.000000	28.000000	954.003171	336.620446	1.000000	5.639717
17.000000	7.000000	7.000000	1081.000000	354.000000	29.000000	1077.362392	364.011132	1.000000	6.480086
17.000000	8.000000	8.000000	1100.000000	510.000000	39.000000	1097.725447	494.640183	1.000000	7.199441
17.000000	9.000000	9.000000	1174.000000	491.000000	40.000000	1170.861951	486.985565	1.000000	7.606817
17.000000	10.000000	10.000000	1007.000000	536.000000	48.000000	998.959491	543.052334	1.000000	8.264092
17.000000	11.000000	11.000000	1236.000000	599.000000	50.000000	1217.762118	612.192735	1.000000	9.366984
17.000000	12.000000	12.000000	1171.000000	663.000000	60.000000	1169.366451	659.368895	1.000000	9.928521
17.000000	13.000000	13.000000	970.000000	807.000000	68.000000	959.587175	799.714067	1.000000	10.743035
17.000000	14.000000	14.000000	737.000000	825.000000	66.000000	728.466317	823.525252	1.000000	11.358955
17.000000	15.000000	15.000000	566.000000	897.000000	74.000000	551.028718	896.871666	1.000000	11.974711
17.000000	16.000000	16.000000	346.000000	902.000000	72.000000	340.524278	896.177905	1.000000	12.543548
17.000000	17.000000	17.000000	221.000000	687.000000	51.000000	213.609246	689.245483	1.000000	13.167971
17.000000	18.000000	18.000000	636.000000	682.000000	55.000000	634.149330	694.116764	1.000000	14.527520
17.000000	19.000000	19.000000	555.000000	614.000000	44.000000	546.730854	613.615873	1.000000	14.920651
17.000000	20.000000	20.000000	313.000000	587.000000	42.000000	315.968520	578.589481	1.000000	15.495435
17.000000	21.000000	21.000000	212.000000	262.000000	11.000000	193.319022	261.090323	2.000000	17.079068
17.000000	22.000000	22.000000	339.000000	185.000000	2.000000	324.350720	182.863388	2.000000	17.536690
17.000000	23.000000	23.000000	316.000000	251.000000	12.000000	314.419937	247.120224	2.000000	17.944428
17.000000	24.000000	24.000000	452.000000	253.000000	13.000000	433.836801	267.572355	2.000000	18.344458
17.000000	25.000000	25.000000	620.000000	229.000000	15.000000	621.813132	236.321118	2.000000	18.958561
17.000000	26.000000	26.000000	736.000000	253.000000	16.000000	731.487758	260.058510	2.000000	19.534348
17.000000	27.000000	27.000000	735.000000	175.000000	6.000000	739.300963	179.609665	2.000000	19.918555
17.000000	28.000000	28.000000	858.000000	122.000000	7.000000	853.112622	128.514447	2.000000	20.423360
17.000000	29.000000	29.000000	870.000000	353.000000	27.000000	863.444345	356.794750	2.000000	21.783788
17.000000	30.000000	30.000000	232.000000	478.000000	31.000000	218.541944	472.199066	2.000000	23.008690
17.000000	31.000000	31.000000	213.000000	383.000000	21.000000	215.368572	374.075560	2.000000	23.382912
17.000000	32.000000	32.000000	656.000000	518.000000	35.000000	648.536614	504.788993	2.000000	24.190827
17.000000	33.000000	33.000000	780.000000	702.000000	56.000000	760.577309	691.984097	2.000000	25.567482
17.000000	34.000000	34.000000	888.000000	751.000000	67.000000	875.304796	764.505492	2.000000	25.966740
17.000000	35.000000	35.000000	1119.000000	778.000000	69.000000	1110.800645	783.275849	2.000000	26.536565
17.000000	36.000000	36.000000	1213.000000	772.000000	70.000000	1197.806098	763.602879	2.000000	26.950789
17.000000	37.000000	37.000000	1131.000000	861.000000	79.000000	1110.846439	868.473396	2.000000	27.608444
17.000000	38.000000	38.000000	1210.000000	915.000000	80.000000	1192.145548	926.604865	2.000000	28.271555
17.000000	39.000000	39.000000	529.000000	769.000000	64.000000	535.711384	777.474017	2.000000	29.088570
17.000000	40.000000	40.000000	204.000000	771.000000	61.000000	198.770767	762.174031	2.000000	29.982703
18.000000	1.000000	1.000000	520.000000	156.000000	4.000000	522.156357	150.230274	1.000000	1.767277
18.000000	2.000000	2.000000	546.000000	257.000000	14.000000	551.491528	259.195459	1.000000	2.222216
18.000000	3.000000	3.000000	843.000000	132.000000	7.000000	854.983943	135.006425	1.000000	2.925917
18.000000	4.000000	4.000000	837.000000	248.000000	17.000000	842.749536	236.581726	1.000000	3.326464
18.000000	5.000000	5.000000	958.000000	283.000000	18.000000	958.230655	271.807956	1.000000	3.789851
18.000000	6.000000	6.000000	1056.000000	108.000000	9.000000	1061.850398	118.013081	1.000000	4.253442
18.000000	7.000000	7.000000	1107.000000	251.000000	19.000000	1106.829217	255.624736	1.000000	4.742233
18.000000	8.000000	8.000000	1179.000000	238.000000	20.000000	1188.075703	231.691571	1.000000	5.414904
18.000000	9.000000	9.000000	1094.000000	378.000000	29.000000	1091.024051	385.410863	1.000000	5.974729
18.000000	10.000000	10.000000	856.000000	439.000000	37.000000	841.959560	441.717820	1.000000	6.486204
18.000000	11.000000	11.000000	635.000000	407.000000	25.000000	622.057645	400.575404	1.000000	6.958578
18.000000	12.000000	12.000000	557.000000	469.000000	34.000000	553.804429	468.379818	1.000000	7.319490
18.000000	13.000000	13.000000	418.000000	387.000000	23.000000	402.696801	384.134296	1.000000	7.766675
18.000000	14.000000	14.000000	219.000000	678.000000	51.000000	211.023346	678.464637	1.000000	9.023422
18.000000	15.000000	15.000000	327.000000	820.000000	62.000000	326.326501	810.173652	1.000000	9.773762
18.000000	16.000000	0.000000	424.000000	879.000000	73.000000	399.909111	868.585260	1.000000	10.303096
18.000000	17.000000	0.000000	417.000000	850.000000	73.000000	399.909111	868.585260	1.000000	10.927249
18.000000	18.000000	16.000000	412.000000	861.000000	73.000000	399.909111	868.585260	1.000000	11.429530
18.000000	19.000000	17.000000	415.000000	767.000000	63.000000	403.292208	782.809941	1.000000	11.807401
18.000000	20.000000	18.000000	856.000000	766.000000	67.000000	864.557672	769.404254	1.000000	12.830204
18.000000	21.000000	19.000000	874.000000	664.000000	57.000000	879.590530	675.509083	1.000000	13.214136
18.000000	22.000000	20.000000	777.000000	898.000000	76.000000	774.014269	891.171420	1.000000	14.069843
18.000000	23.000000	21.000000	221.000000	377.000000	21.000000	221.670644	387.601595	2.000000	18.301426
18.000000	24.000000	0.000000	312.000000	412.000000	22.000000	290.003723	398.294544	2.000000	18.670017
18.000000	25.000000	22.000000	301.000000	407.000000	22.000000	290.003723	398.294544	2.000000	19.079023
18.000000	26.000000	23.000000	447.000000	179.000000	3.000000	436.395336	181.150543	2.000000	19.783393
18.000000	27.000000	24.000000	662.000000	184.000000	5.000000	654.260893	183.026474	2.000000	20.342807
18.000000	28.000000	25.000000	671.000000	254.000000	15.000000	663.078388	246.447565	2.000000	20.671203
18.000000	29.000000	26.000000	834.000000	364.000000	27.000000	840.813807	360.267463	2.000000	21.382950
18.000000	30.000000	27.000000	682.000000	489.000000	35.000000	669.704603	490.759660	2.000000	21.942234
18.000000	31.000000	28.000000	502.000000	550.000000	44.000000	512.236273	556.919118	2.000000	22.415082
18.000000	32.000000	29.000000	448.000000	517.000000	33.000000	433.030380	497.618231	2.000000	22.758129
18.000000	33.000000	30.000000	424.000000	600.000000	43.000000	410.969119	596.221268	2.000000	23.189396
18.000000	34.000000	31.000000	411.000000	704.000000	53.000000	405.110293	699.151664	2.000000	23.839322
18.000000	35.000000	32.000000	312.000000	725.000000	52.000000	304.307878	714.524703	2.000000	24.398810
18.000000	36.000000	33.000000	190.000000	759.000000	61.000000	199.178712	756.312119	2.000000	25.151421
18.000000	37.000000	34.000000	631.000000	658.000000	55.000000	621.079404	661.187073	2.000000	25.950381
18.000000	38.000000	35.000000	968.000000	679.000000	58.000000	972.400166	686.309730	2.000000	26.686925
18.000000	39.000000	36.000000	972.000000	793.000000	68.000000	965.527490	773.894789	2.000000	27.534235
18.000000	40.000000	37.000000	766.000000	824.000000	66.000000	764.549087	817.102246	2.000000	28.303443
18.000000	41.000000	38.000000	1180.000000	733.000000	60.000000	1172.418832	717.487337	2.000000	28.999476
18.000000	42.000000	39.000000	1215.000000	462.000000	40.000000	1212.187104	458.431095	2.000000	29.654199
18.000000	43.000000	40.000000	1074.000000	459.000000	39.000000	1063.531288	464.475781	2.000000	30.727178
19.000000	1.000000	1.000000	330.000000	357.000000	22.000000	334.220770	355.145545	1.000000	1.782931
19.000000	2.000000	2.000000	342.000000	440.000000	32.000000	340.501368	462.413057	1.000000	2.247065
19.000000	3.000000	3.000000	443.000000	356.000000	23.000000	430.559153	372.698620	1.000000	2.647520
19.000000	4.000000	4.000000	461.000000	264.000000	13.000000	450.318534	246.909941	1.000000	3.088489
19.000000	5.000000	5.000000	518.000000	158.000000	4.000000	523.126207	142.679543	1.000000	3.751518
19.000000	6.000000	6.000000	542.000000	379.000000	24.000000	544.548558	391.260617	1.000000	4.527306
19.000000	7.000000	7.000000	853.000000	246.000000	17.000000	852.224890	240.306881	1.000000	5.208723
19.000000	8.000000	8.000000	854.000000	147.000000	7.000000	852.998530	135.883200	1.000000	5.631820
19.000000	9.000000	9.000000	1202.000000	134.000000	10.000000	1198.797428	123.219143	1.000000	6.559401
19.000000	10.000000	10.000000	905.000000	474.000000	37.000000	888.050715	477.154499	1.000000	7.496554
19.000000	11.000000	11.000000	1098.000000	687.000000	59.000000	1095.194699	680.485952	1.000000	8.791339
19.000000	12.000000	12.000000	1216.000000	701.000000	60.000000	1196.425466	705.041005	1.000000	9.520577
19.000000	13.000000	13.000000	872.000000	816.000000	67.000000	870.141550	814.410997	1.000000	10.504827
19.000000	14.000000	0.000000	535.000000	917.000000	74.000000	551.302905	895.150919	1.000000	11.327416
19.000000	15.000000	14.000000	545.000000	895.000000	74.000000	551.302905	895.150919	1.000000	11.775181
19.000000	16.000000	15.000000	558.000000	827.000000	64.000000	555.198872	823.453237	1.000000	12.183780
19.000000	17.000000	16.000000	431.000000	871.000000	73.000000	416.619940	862.452697	1.000000	12.791760
19.000000	18.000000	17.000000	312.000000	913.000000	72.000000	301.607551	909.293832	1.000000	13.719680
19.000000	19.000000	18.000000	403.000000	670.000000	53.000000	402.984085	663.902645	1.000000	14.303056
19.000000	20.000000	19.000000	564.000000	492.000000	34.000000	551.438715	489.795940	1.000000	15.249059
19.000000	21.000000	20.000000	963.000000	366.000000	28.000000	951.413838	355.887530	1.000000	17.160604
19.000000	22.000000	21.000000	314.000000	133.000000	2.000000	295.280899	129.234420	2.000000	20.575422
19.000000	23.000000	22.000000	191.000000	294.000000	11.000000	189.088093	293.821745	2.000000	21.497079
19.000000	24.000000	23.000000	310.000000	266.000000	12.000000	290.749877	262.600823	2.000000	21.976501
19.000000	25.000000	24.000000	415.000000	177.000000	3.000000	412.381604	175.138557	2.000000	22.608149
19.000000	26.000000	25.000000	563.000000	280.000000	14.000000	561.055574	273.002324	4.000000	23.679476
20.000000	1.000000	1.000000	182.000000	130.000000	1.000000	185.222795	131.522487	1.000000	1.759766
20.000000	2.000000	2.000000	399.000000	331.000000	23.000000	412.990047	336.349981	1.000000	2.585567
20.000000	3.000000	3.000000	515.000000	358.000000	24.000000	520.215155	367.497763	1.000000	3.247652
20.000000	4.000000	4.000000	677.000000	490.000000	35.000000	667.379758	489.430767	1.000000	4.265159
20.000000	5.000000	5.000000	893.000000	339.000000	27.000000	888.290587	351.344193	1.000000	4.824499
20.000000	6.000000	6.000000	999.000000	387.000000	28.000000	1000.165875	383.701206	1.000000	5.424720
20.000000	7.000000	7.000000	1082.000000	450.000000	39.000000	1087.441587	449.479410	1.000000	6.007582
20.000000	8.000000	8.000000	1212.000000	489.000000	40.000000	1193.975653	487.211099	1.000000	6.713731
20.000000	9.000000	9.000000	1069.000000	180.000000	9.000000	1073.420817	184.893813	1.000000	7.320251
20.000000	10.000000	10.000000	1218.000000	145.000000	10.000000	1198.351092	142.233157	1.000000	7.985021
20.000000	11.000000	11.000000	1123.000000	700.000000	59.000000	1103.140048	697.415434	1.000000	8.849074
20.000000	12.000000	0.000000	1113.000000	794.000000	69.000000	1087.113301	796.305200	1.000000	9.288228
20.000000	13.000000	12.000000	1090.000000	798.000000	69.000000	1087.113301	796.305200	1.000000	9.855722
20.000000	14.000000	13.000000	985.000000	779.000000	68.000000	982.094974	782.187369	1.000000	10.376319
20.000000	15.000000	0.000000	526.000000	789.000000	64.000000	529.586350	815.264245	1.000000	11.305304
20.000000	16.000000	14.000000	422.000000	815.000000	63.000000	407.574482	824.913808	1.000000	12.055702
20.000000	17.000000	15.000000	533.000000	814.000000	64.000000	529.586350	815.264245	1.000000	12.647593
20.000000	18.000000	16.000000	323.000000	602.000000	42.000000	326.874582	612.604789	1.000000	13.560521
20.000000	19.000000	17.000000	193.000000	650.000000	51.000000	181.746594	658.249187	1.000000	14.159529
20.000000	20.000000	18.000000	193.000000	808.000000	61.000000	190.575332	808.031856	1.000000	15.017417
20.000000	21.000000	19.000000	188.000000	900.000000	71.000000	187.360950	891.498197	1.000000	15.689814
20.000000	22.000000	20.000000	205.000000	548.000000	41.000000	206.524041	549.003298	1.000000	16.377325
20.000000	23.000000	21.000000	305.000000	155.000000	2.000000	297.535133	168.503242	2.000000	19.761680
20.000000	24.000000	22.000000	542.000000	148.000000	4.000000	534.053841	151.716032	2.000000	20.392430
20.000000	25.000000	23.000000	619.000000	165.000000	5.000000	629.092757	179.913722	2.000000	20.873500
20.000000	26.000000	24.000000	754.000000	127.000000	6.000000	735.715494	130.771068	2.000000	21.320359
20.000000	27.000000	25.000000	951.000000	133.000000	8.000000	960.422687	138.348339	2.000000	22.111913
20.000000	28.000000	26.000000	642.000000	368.000000	25.000000	638.650640	373.177161	2.000000	23.711594
20.000000	29.000000	27.000000	299.000000	466.000000	32.000000	308.487172	464.279960	2.000000	24.961269
20.000000	30.000000	28.000000	557.000000	462.000000	34.000000	557.663282	450.750050	2.000000	25.576765
20.000000	31.000000	29.000000	853.000000	454.000000	37.000000	851.942153	451.692286	2.000000	26.240182
20.000000	32.000000	30.000000	984.000000	593.000000	48.000000	983.225161	584.981854	2.000000	27.567893
20.000000	33.000000	31.000000	974.000000	694.000000	58.000000	964.304756	706.346410	2.000000	28.089187
20.000000	34.000000	32.000000	1190.000000	695.000000	60.000000	1181.084849	702.215775	2.000000	28.648689
20.000000	35.000000	33.000000	742.000000	612.000000	46.000000	727.596588	607.050670	2.000000	29.329308
20.000000	36.000000	34.000000	554.000000	594.000000	44.000000	560.394401	583.500311	2.000000	29.889098
20.000000	37.000000	35.000000	327.000000	699.000000	52.000000	317.513441	680.742308	2.000000	30.489641
20.000000	38.000000	36.000000	294.000000	801.000000	62.000000	291.050695	804.462130	2.000000	31.065647
20.000000	39.000000	37.000000	330.000000	927.000000	72.000000	322.807529	915.764725	2.000000	31.633626
20.000000	40.000000	38.000000	536.000000	872.000000	74.000000	518.759964	873.406715	2.000000	32.465685
20.000000	41.000000	39.000000	761.000000	911.000000	76.000000	767.632238	918.001124	2.000000	32.992673
20.000000	42.000000	40.000000	651.000000	709.000000	55.000000	648.121789	708.484911	2.000000	34.144807
21.000000	1.000000	1.000000	230.000000	447.000000	31.000000	221.199353	458.078709	1.000000	1.442044
21.000000	2.000000	2.000000	321.000000	468.000000	32.000000	324.355125	473.029348	1.000000	1.785258
21.000000	3.000000	3.000000	449.000000	330.000000	23.000000	445.268276	339.012749	1.000000	2.409220
21.000000	4.000000	4.000000	399.000000	136.000000	3.000000	404.061087	140.348255	1.000000	3.009880
21.000000	5.000000	5.000000	623.000000	278.000000	15.000000	639.182139	292.837123	1.000000	4.026280
21.000000	6.000000	0.000000	663.000000	387.000000	25.000000	633.182829	389.736353	1.000000	4.850378
21.000000	7.000000	6.000000	652.000000	387.000000	25.000000	633.182829	389.736353	1.000000	5.337849
21.000000	8.000000	0.000000	776.000000	380.000000	26.000000	747.553966	376.838203	1.000000	5.753576
21.000000	9.000000	7.000000	748.000000	386.000000	26.000000	747.553966	376.838203	1.000000	6.242537
21.000000	10.000000	8.000000	851.000000	341.000000	27.000000	839.550802	332.629154	1.000000	6.682437
21.000000	11.000000	9.000000	971.000000	460.000000	38.000000	974.479665	459.974111	1.000000	7.321194
21.000000	12.000000	10.000000	960.000000	571.000000	48.000000	951.264761	564.102987	1.000000	7.746114
21.000000	13.000000	11.000000	1196.000000	552.000000	50.000000	1195.782123	551.643066	1.000000	8.522317
21.000000	14.000000	12.000000	965.000000	783.000000	68.000000	958.858369	768.780335	1.000000	9.354406
21.000000	15.000000	13.000000	1171.000000	875.000000	80.000000	1169.283191	870.894432	1.000000	10.041513
21.000000	16.000000	14.000000	1091.000000	901.000000	79.000000	1103.349271	903.295067	1.000000	10.441746
21.000000	17.000000	15.000000	778.000000	919.000000	76.000000	760.925786	913.718129	1.000000	11.227133
21.000000	18.000000	16.000000	535.000000	688.000000	54.000000	516.415048	680.230415	1.000000	11.905153
21.000000	19.000000	17.000000	457.000000	559.000000	43.000000	438.264468	572.770313	1.000000	12.297871
21.000000	20.000000	18.000000	301.000000	559.000000	42.000000	290.584939	565.006892	1.000000	12.802618
21.000000	21.000000	19.000000	203.000000	701.000000	51.000000	191.397118	710.898349	1.000000	13.481573
21.000000	22.000000	20.000000	307.000000	857.000000	72.000000	302.696420	867.525072	1.000000	14.169849
21.000000	23.000000	21.000000	183.000000	287.000000	11.000000	179.422746	278.723032	2.000000	19.250083
21.000000	24.000000	22.000000	539.000000	369.000000	24.000000	527.366444	356.532018	2.000000	20.570628
21.000000	25.000000	23.000000	422.000000	467.000000	33.000000	416.543697	469.294045	2.000000	21.154020
21.000000	26.000000	24.000000	220.000000	542.000000	41.000000	205.154691	543.812537	2.000000	21.793700
21.000000	27.000000	25.000000	775.000000	167.000000	6.000000	764.776331	170.821562	2.000000	22.586657
21.000000	28.000000	26.000000	975.000000	122.000000	8.000000	969.932184	117.774815	2.000000	23.267069
21.000000	29.000000	27.000000	1214.000000	115.000000	10.000000	1195.937339	119.232526	2.000000	23.859140
21.000000	30.000000	28.000000	1067.000000	255.000000	19.000000	1060.499048	259.573453	2.000000	24.483180
21.000000	31.000000	29.000000	1118.000000	372.000000	29.000000	1106.133725	369.387281	2.000000	25.410208
21.000000	32.000000	0.000000	886.000000	477.000000	37.000000	861.850645	484.508637	2.000000	26.073273
21.000000	33.000000	30.000000	860.000000	481.000000	37.000000	861.850645	484.508637	2.000000	26.658006
21.000000	34.000000	31.000000	776.000000	556.000000	46.000000	768.707669	566.842800	2.000000	27.217707
21.000000	35.000000	32.000000	727.000000	660.000000	56.000000	730.408464	681.120772	2.000000	28.242318
21.000000	36.000000	33.000000	874.000000	784.000000	67.000000	873.924168	775.996404	2.000000	28.866249
21.000000	37.000000	34.000000	1093.000000	673.000000	59.000000	1079.456679	665.617052	2.000000	29.489067
21.000000	38.000000	35.000000	552.000000	783.000000	64.000000	554.864006	780.454519	2.000000	30.435078
21.000000	39.000000	36.000000	449.000000	715.000000	53.000000	448.915538	710.823167	2.000000	31.002293
21.000000	40.000000	37.000000	326.000000	775.000000	62.000000	323.945093	778.975249	2.000000	31.474618
21.000000	41.000000	38.000000	196.000000	785.000000	61.000000	192.072815	792.413141	2.000000	31.930902
21.000000	42.000000	39.000000	202.000000	896.000000	71.000000	194.549228	905.308092	2.000000	32.571108
21.000000	43.000000	40.000000	772.000000	453.000000	36.000000	770.723103	449.328736	2.000000	35.410802
