MultiTargForag_2	Participant_Code = 59
Search_Type = 1	CB_Targets = 2
Trial	Click_Num	Target_Click_Order	Click_X	Click_y	Item_selected	Item_X	Item_Y	Target_Set	RT
1.000000	1.000000	1.000000	518.000000	550.000000	44.000000	515.232587	544.521079	2.000000	2.915932
1.000000	2.000000	2.000000	450.000000	502.000000	33.000000	438.241631	488.680809	2.000000	3.531375
1.000000	3.000000	3.000000	417.000000	566.000000	43.000000	401.052462	561.228412	2.000000	4.113621
1.000000	4.000000	4.000000	631.000000	660.000000	55.000000	643.810930	668.605967	2.000000	4.666994
1.000000	5.000000	5.000000	678.000000	613.000000	45.000000	670.790132	611.056355	2.000000	5.073459
1.000000	6.000000	6.000000	764.000000	666.000000	56.000000	760.555027	671.692315	2.000000	5.642656
1.000000	7.000000	7.000000	756.000000	908.000000	76.000000	754.771385	912.850791	2.000000	6.491077
1.000000	8.000000	8.000000	886.000000	924.000000	77.000000	890.369283	916.884863	2.000000	6.905947
1.000000	9.000000	9.000000	1002.000000	456.000000	38.000000	982.616028	445.006076	2.000000	8.418846
1.000000	10.000000	10.000000	968.000000	386.000000	28.000000	958.106330	372.275384	2.000000	8.770770
1.000000	11.000000	11.000000	986.000000	292.000000	18.000000	976.192347	283.782287	2.000000	9.177387
1.000000	12.000000	12.000000	1098.000000	280.000000	19.000000	1107.766424	274.771755	2.000000	9.770570
1.000000	13.000000	13.000000	1200.000000	300.000000	20.000000	1190.767696	293.140702	2.000000	10.162392
1.000000	14.000000	14.000000	791.000000	259.000000	16.000000	776.123510	254.796234	2.000000	11.169773
1.000000	15.000000	15.000000	756.000000	176.000000	6.000000	742.182183	177.551419	2.000000	11.473706
1.000000	16.000000	16.000000	670.000000	350.000000	25.000000	654.783557	361.541538	2.000000	11.954718
1.000000	17.000000	17.000000	534.000000	332.000000	24.000000	517.325983	335.609065	2.000000	12.306355
1.000000	18.000000	18.000000	422.000000	165.000000	3.000000	420.768776	154.433141	2.000000	12.833782
1.000000	19.000000	19.000000	187.000000	161.000000	1.000000	187.784000	155.694907	2.000000	14.145434
1.000000	20.000000	20.000000	325.000000	774.000000	62.000000	335.520176	769.227576	2.000000	15.569706
1.000000	21.000000	21.000000	669.000000	791.000000	65.000000	661.754124	800.536990	1.000000	19.250750
1.000000	22.000000	22.000000	765.000000	815.000000	66.000000	777.753612	815.806242	1.000000	19.986003
1.000000	23.000000	23.000000	627.000000	893.000000	75.000000	625.231678	886.554714	1.000000	20.906665
1.000000	24.000000	24.000000	979.000000	866.000000	78.000000	970.107710	866.193226	1.000000	21.514766
1.000000	25.000000	25.000000	974.000000	802.000000	68.000000	966.133717	804.775462	1.000000	21.802711
1.000000	26.000000	26.000000	973.000000	715.000000	58.000000	965.891521	713.454905	1.000000	22.099367
1.000000	27.000000	27.000000	1114.000000	871.000000	79.000000	1108.909452	872.165454	1.000000	22.641450
1.000000	28.000000	0.000000	1190.000000	874.000000	80.000000	1218.228843	888.904163	1.000000	23.011333
1.000000	29.000000	28.000000	1215.000000	897.000000	80.000000	1218.228843	888.904163	1.000000	23.537539
1.000000	30.000000	0.000000	1130.000000	667.000000	59.000000	1104.680922	652.111672	1.000000	24.314390
1.000000	31.000000	0.000000	1058.000000	604.000000	49.000000	1063.501530	575.554939	1.000000	24.955250
1.000000	32.000000	29.000000	1105.000000	655.000000	59.000000	1104.680922	652.111672	1.000000	25.331161
1.000000	33.000000	30.000000	1056.000000	577.000000	49.000000	1063.501530	575.554939	1.000000	25.714786
1.000000	34.000000	31.000000	1084.000000	479.000000	39.000000	1073.766166	464.509388	1.000000	26.123398
1.000000	35.000000	32.000000	1213.000000	500.000000	40.000000	1210.294540	488.830733	1.000000	26.802250
1.000000	36.000000	33.000000	1204.000000	551.000000	50.000000	1198.536264	563.808295	1.000000	27.155298
1.000000	37.000000	34.000000	1175.000000	196.000000	10.000000	1168.407059	186.248415	1.000000	28.249957
1.000000	38.000000	35.000000	644.000000	291.000000	15.000000	635.356407	282.911700	1.000000	29.073520
1.000000	39.000000	0.000000	539.000000	278.000000	14.000000	510.156110	254.966283	1.000000	29.634262
1.000000	40.000000	36.000000	524.000000	271.000000	14.000000	510.156110	254.966283	1.000000	30.187049
1.000000	41.000000	0.000000	299.000000	148.000000	2.000000	289.396870	124.182200	1.000000	31.466079
1.000000	42.000000	37.000000	286.000000	119.000000	2.000000	289.396870	124.182200	1.000000	31.970274
1.000000	43.000000	38.000000	296.000000	603.000000	42.000000	292.858967	590.821790	1.000000	32.874469
1.000000	44.000000	39.000000	221.000000	596.000000	41.000000	198.630447	585.481816	1.000000	33.242934
1.000000	45.000000	40.000000	242.000000	715.000000	51.000000	224.230538	698.856145	1.000000	33.803257
1.000000	1.000000	1.000000	744.000000	482.000000	36.000000	748.782929	484.264975	1.000000	1.634375
1.000000	2.000000	2.000000	752.000000	568.000000	46.000000	747.145427	569.347691	2.000000	2.634905
1.000000	3.000000	3.000000	882.000000	716.000000	57.000000	889.610623	716.725372	2.000000	3.753071
1.000000	4.000000	4.000000	974.000000	678.000000	58.000000	992.054010	686.338556	2.000000	4.561467
1.000000	5.000000	5.000000	864.000000	793.000000	67.000000	866.324292	782.276100	1.000000	7.089644
1.000000	6.000000	6.000000	979.000000	871.000000	78.000000	987.333515	876.269030	1.000000	7.616969
1.000000	7.000000	7.000000	990.000000	776.000000	68.000000	1000.756830	755.351962	1.000000	7.986683
1.000000	8.000000	8.000000	1086.000000	698.000000	59.000000	1110.110442	692.384166	1.000000	8.640777
1.000000	9.000000	9.000000	1094.000000	509.000000	39.000000	1102.056446	488.905727	2.000000	9.208875
1.000000	10.000000	10.000000	977.000000	463.000000	38.000000	978.448533	446.645806	2.000000	9.753135
1.000000	11.000000	0.000000	823.000000	507.000000	37.000000	852.783197	498.778609	1.000000	10.162858
1.000000	12.000000	11.000000	837.000000	499.000000	37.000000	852.783197	498.778609	1.000000	10.466054
1.000000	13.000000	12.000000	1074.000000	354.000000	29.000000	1092.442563	341.951258	1.000000	11.201058
1.000000	14.000000	13.000000	1091.000000	270.000000	19.000000	1072.936509	263.161628	1.000000	11.546716
1.000000	15.000000	14.000000	1210.000000	355.000000	30.000000	1215.547526	368.908455	2.000000	12.017072
1.000000	16.000000	0.000000	1226.000000	275.000000	20.000000	1220.610940	235.399199	2.000000	12.459157
1.000000	17.000000	15.000000	1223.000000	249.000000	20.000000	1220.610940	235.399199	2.000000	12.810494
1.000000	18.000000	16.000000	1106.000000	133.000000	9.000000	1087.775870	120.050660	1.000000	13.338847
1.000000	19.000000	17.000000	901.000000	170.000000	7.000000	876.956302	166.662671	1.000000	14.089520
1.000000	20.000000	18.000000	771.000000	158.000000	6.000000	768.278338	145.086537	1.000000	14.481352
1.000000	21.000000	19.000000	724.000000	230.000000	16.000000	737.613509	239.528022	2.000000	15.217407
1.000000	22.000000	20.000000	630.000000	161.000000	5.000000	630.376594	165.346243	2.000000	15.554862
1.000000	23.000000	21.000000	624.000000	239.000000	15.000000	618.072413	231.315312	1.000000	15.881497
1.000000	24.000000	22.000000	624.000000	393.000000	25.000000	628.859653	396.586332	1.000000	16.304997
1.000000	25.000000	23.000000	509.000000	390.000000	24.000000	510.271276	391.797204	1.000000	16.673717
1.000000	26.000000	24.000000	566.000000	274.000000	14.000000	558.357033	278.125570	2.000000	17.041142
1.000000	27.000000	25.000000	436.000000	190.000000	3.000000	421.285457	178.918405	2.000000	17.464898
1.000000	28.000000	0.000000	355.000000	140.000000	2.000000	332.908874	118.751674	1.000000	17.891176
1.000000	29.000000	26.000000	216.000000	184.000000	1.000000	226.728099	183.883484	1.000000	18.401151
1.000000	30.000000	27.000000	319.000000	125.000000	2.000000	332.908874	118.751674	1.000000	19.105499
1.000000	31.000000	28.000000	340.000000	273.000000	12.000000	333.587782	268.550217	1.000000	19.618533
1.000000	32.000000	29.000000	331.000000	379.000000	22.000000	328.011031	384.887797	1.000000	20.064824
1.000000	33.000000	30.000000	196.000000	360.000000	21.000000	180.530661	365.744750	2.000000	20.472911
1.000000	34.000000	31.000000	216.000000	501.000000	31.000000	214.359682	492.023445	2.000000	21.144964
1.000000	35.000000	32.000000	313.000000	471.000000	32.000000	304.856755	468.607670	2.000000	21.840723
1.000000	36.000000	33.000000	433.000000	472.000000	33.000000	423.860497	458.408285	2.000000	22.233955
1.000000	37.000000	0.000000	344.000000	580.000000	42.000000	324.479515	599.644082	2.000000	22.866882
1.000000	38.000000	34.000000	341.000000	593.000000	42.000000	324.479515	599.644082	2.000000	23.257542
1.000000	39.000000	35.000000	307.000000	694.000000	52.000000	293.203239	693.866680	1.000000	24.097656
1.000000	40.000000	36.000000	316.000000	779.000000	62.000000	322.038980	771.155291	1.000000	24.568826
1.000000	41.000000	37.000000	226.000000	889.000000	71.000000	223.668377	883.025656	2.000000	25.106618
1.000000	42.000000	38.000000	447.000000	916.000000	73.000000	452.202907	911.910468	2.000000	25.721407
1.000000	43.000000	39.000000	648.000000	808.000000	65.000000	650.566779	801.554868	2.000000	26.304951
1.000000	44.000000	40.000000	732.000000	879.000000	76.000000	746.632928	877.389362	2.000000	26.849407
2.000000	1.000000	1.000000	674.000000	610.000000	45.000000	662.433962	602.936934	2.000000	0.755364
2.000000	2.000000	2.000000	735.000000	510.000000	36.000000	731.735538	487.866406	2.000000	1.674510
2.000000	3.000000	3.000000	754.000000	809.000000	66.000000	748.290746	820.657611	2.000000	2.521724
2.000000	4.000000	4.000000	782.000000	871.000000	76.000000	780.529809	871.383001	2.000000	2.891713
2.000000	5.000000	5.000000	751.000000	712.000000	56.000000	744.900020	707.515116	1.000000	3.499546
2.000000	6.000000	6.000000	633.000000	824.000000	65.000000	624.172130	822.241999	1.000000	3.937923
2.000000	7.000000	7.000000	551.000000	888.000000	74.000000	539.628537	885.811296	1.000000	4.369630
2.000000	8.000000	8.000000	308.000000	808.000000	62.000000	307.233284	810.513093	2.000000	5.050955
2.000000	9.000000	9.000000	215.000000	878.000000	71.000000	202.012214	882.940247	1.000000	5.731288
2.000000	10.000000	10.000000	415.000000	691.000000	53.000000	420.423243	689.392168	2.000000	6.330768
2.000000	11.000000	11.000000	241.000000	560.000000	41.000000	229.802261	556.378717	2.000000	6.849551
2.000000	12.000000	12.000000	351.000000	563.000000	42.000000	339.020994	565.584829	1.000000	7.203382
2.000000	13.000000	13.000000	343.000000	485.000000	32.000000	323.847890	473.234499	2.000000	7.585751
2.000000	14.000000	14.000000	416.000000	499.000000	33.000000	421.479837	492.940046	2.000000	7.922672
2.000000	15.000000	15.000000	429.000000	353.000000	23.000000	420.123226	333.848921	1.000000	8.451553
2.000000	16.000000	16.000000	303.000000	286.000000	12.000000	310.359155	286.466113	1.000000	9.625621
2.000000	17.000000	0.000000	237.000000	286.000000	11.000000	210.541282	283.493164	2.000000	10.027386
2.000000	18.000000	17.000000	209.000000	280.000000	11.000000	210.541282	283.493164	2.000000	10.410085
2.000000	19.000000	18.000000	201.000000	348.000000	21.000000	209.335311	336.192491	1.000000	10.714316
2.000000	20.000000	19.000000	310.000000	136.000000	2.000000	318.137292	124.185556	1.000000	11.521585
2.000000	21.000000	20.000000	447.000000	280.000000	13.000000	446.643580	278.350075	1.000000	12.058290
2.000000	22.000000	21.000000	528.000000	273.000000	14.000000	532.001241	267.154341	1.000000	12.450490
2.000000	23.000000	0.000000	644.000000	295.000000	15.000000	632.942277	272.278559	1.000000	12.938398
2.000000	24.000000	22.000000	640.000000	166.000000	5.000000	624.707277	169.733095	2.000000	13.563460
2.000000	25.000000	23.000000	639.000000	259.000000	15.000000	632.942277	272.278559	1.000000	14.099153
2.000000	26.000000	24.000000	747.000000	302.000000	16.000000	728.046991	289.206280	1.000000	14.489737
2.000000	27.000000	25.000000	741.000000	382.000000	26.000000	740.714934	389.050868	1.000000	14.899553
2.000000	28.000000	26.000000	864.000000	434.000000	37.000000	863.240793	437.927993	1.000000	15.906480
2.000000	29.000000	27.000000	943.000000	442.000000	38.000000	954.629350	443.586014	2.000000	16.323537
2.000000	30.000000	28.000000	960.000000	361.000000	28.000000	962.680840	340.448156	1.000000	16.673763
2.000000	31.000000	29.000000	1003.000000	262.000000	18.000000	995.712875	242.382101	2.000000	17.074138
2.000000	32.000000	0.000000	865.000000	184.000000	7.000000	842.050618	166.062731	2.000000	17.626587
2.000000	33.000000	30.000000	832.000000	170.000000	7.000000	842.050618	166.062731	2.000000	18.347535
2.000000	34.000000	31.000000	1058.000000	170.000000	9.000000	1065.791084	153.892427	1.000000	19.154203
2.000000	35.000000	32.000000	1101.000000	324.000000	29.000000	1097.630550	331.574859	2.000000	19.979509
2.000000	36.000000	33.000000	971.000000	553.000000	48.000000	962.665396	546.747550	2.000000	20.571031
2.000000	37.000000	34.000000	962.000000	661.000000	58.000000	969.357344	663.145018	2.000000	21.003491
2.000000	38.000000	35.000000	946.000000	772.000000	68.000000	948.451940	782.857972	2.000000	21.651306
2.000000	39.000000	36.000000	986.000000	901.000000	78.000000	989.900143	912.556160	2.000000	22.275261
2.000000	40.000000	37.000000	1159.000000	881.000000	80.000000	1169.675506	875.271478	1.000000	22.915023
2.000000	41.000000	38.000000	1193.000000	784.000000	70.000000	1187.267931	766.421581	2.000000	23.266476
2.000000	42.000000	39.000000	1183.000000	679.000000	60.000000	1175.107744	659.835708	1.000000	23.729859
2.000000	43.000000	40.000000	1076.000000	515.000000	39.000000	1063.133462	494.496861	1.000000	24.553403
3.000000	1.000000	1.000000	1157.000000	594.000000	50.000000	1170.517448	601.505557	1.000000	2.016822
3.000000	2.000000	2.000000	1100.000000	488.000000	39.000000	1097.298691	484.006478	2.000000	2.457027
3.000000	3.000000	3.000000	1105.000000	580.000000	49.000000	1099.424655	586.614906	1.000000	2.849036
3.000000	4.000000	4.000000	1015.000000	614.000000	48.000000	992.200036	604.106171	1.000000	3.233670
3.000000	5.000000	5.000000	1063.000000	339.000000	29.000000	1063.237983	339.425380	1.000000	3.890678
3.000000	6.000000	6.000000	978.000000	382.000000	28.000000	979.217071	371.982056	1.000000	4.272760
3.000000	7.000000	7.000000	963.000000	256.000000	18.000000	963.061906	249.631373	2.000000	4.808843
3.000000	8.000000	8.000000	851.000000	137.000000	7.000000	845.148565	136.095916	2.000000	5.465339
3.000000	9.000000	9.000000	779.000000	141.000000	6.000000	777.799115	138.485092	1.000000	5.818083
3.000000	10.000000	10.000000	764.000000	251.000000	16.000000	762.343138	250.895790	1.000000	6.489048
3.000000	11.000000	11.000000	743.000000	369.000000	26.000000	731.610786	373.773903	2.000000	7.018759
3.000000	12.000000	12.000000	863.000000	381.000000	27.000000	847.215078	389.564812	2.000000	7.442344
3.000000	13.000000	13.000000	849.000000	580.000000	47.000000	849.930990	556.667574	2.000000	8.241750
3.000000	14.000000	14.000000	866.000000	712.000000	57.000000	855.720546	706.642425	2.000000	8.794485
3.000000	15.000000	15.000000	1000.000000	760.000000	68.000000	995.185295	769.646180	2.000000	9.296740
3.000000	16.000000	16.000000	894.000000	887.000000	77.000000	881.466257	871.601806	2.000000	10.074839
3.000000	17.000000	17.000000	1198.000000	826.000000	70.000000	1196.273460	822.767626	2.000000	10.809399
3.000000	18.000000	18.000000	727.000000	779.000000	66.000000	733.288304	761.558887	1.000000	11.624795
3.000000	19.000000	19.000000	642.000000	715.000000	55.000000	647.037259	709.035345	1.000000	12.409777
3.000000	20.000000	20.000000	649.000000	821.000000	65.000000	657.185898	822.618888	1.000000	12.905589
3.000000	21.000000	21.000000	516.000000	781.000000	64.000000	508.268837	781.525221	2.000000	13.330346
3.000000	22.000000	22.000000	433.000000	802.000000	63.000000	447.805909	799.600242	1.000000	13.650846
3.000000	23.000000	23.000000	429.000000	901.000000	73.000000	418.859143	903.230702	1.000000	14.177200
3.000000	24.000000	24.000000	282.000000	803.000000	62.000000	295.515267	798.633793	1.000000	14.882678
3.000000	25.000000	25.000000	215.000000	867.000000	71.000000	206.350478	872.649570	1.000000	16.026726
3.000000	26.000000	0.000000	220.000000	714.000000	51.000000	223.953235	682.022972	1.000000	16.585479
3.000000	27.000000	0.000000	228.000000	657.000000	51.000000	223.953235	682.022972	1.000000	17.058193
3.000000	28.000000	26.000000	215.000000	688.000000	51.000000	223.953235	682.022972	1.000000	17.480958
3.000000	29.000000	27.000000	405.000000	567.000000	43.000000	420.000693	560.806013	1.000000	18.273721
3.000000	30.000000	28.000000	400.000000	692.000000	53.000000	405.826299	704.848786	2.000000	18.890777
3.000000	31.000000	29.000000	221.000000	517.000000	31.000000	203.337284	500.029777	2.000000	19.424923
3.000000	32.000000	30.000000	195.000000	377.000000	21.000000	195.153702	364.414411	2.000000	19.817000
3.000000	33.000000	31.000000	233.000000	283.000000	11.000000	230.294778	266.830269	1.000000	20.370114
3.000000	34.000000	32.000000	291.000000	357.000000	22.000000	305.097834	359.424765	1.000000	20.817062
3.000000	35.000000	33.000000	320.000000	168.000000	2.000000	326.957949	156.154032	2.000000	21.386478
3.000000	36.000000	34.000000	438.000000	224.000000	13.000000	442.582912	233.535902	2.000000	21.857595
3.000000	37.000000	35.000000	549.000000	265.000000	14.000000	558.876734	263.968967	2.000000	22.265126
3.000000	38.000000	36.000000	524.000000	170.000000	4.000000	517.105223	149.577842	1.000000	22.834338
3.000000	39.000000	37.000000	524.000000	350.000000	24.000000	529.913121	370.196269	1.000000	23.442405
3.000000	40.000000	38.000000	457.000000	422.000000	33.000000	452.397499	437.726024	2.000000	23.897820
3.000000	41.000000	39.000000	567.000000	471.000000	34.000000	550.140918	453.964532	2.000000	24.312839
3.000000	42.000000	40.000000	630.000000	577.000000	45.000000	626.017345	569.001689	2.000000	24.754789
4.000000	1.000000	1.000000	656.000000	559.000000	45.000000	641.741053	548.150966	1.000000	0.841380
4.000000	2.000000	2.000000	559.000000	468.000000	34.000000	561.025244	452.686634	1.000000	1.200964
4.000000	3.000000	3.000000	674.000000	407.000000	25.000000	662.095156	394.424158	1.000000	1.585884
4.000000	4.000000	4.000000	725.000000	455.000000	36.000000	735.042843	460.851456	2.000000	2.057371
4.000000	5.000000	0.000000	531.000000	349.000000	24.000000	555.553912	362.023998	2.000000	2.457741
4.000000	6.000000	5.000000	556.000000	366.000000	24.000000	555.553912	362.023998	2.000000	2.736364
4.000000	7.000000	6.000000	548.000000	250.000000	14.000000	539.004960	239.271284	2.000000	3.200365
4.000000	8.000000	7.000000	534.000000	147.000000	4.000000	537.091944	134.821880	1.000000	3.689826
4.000000	9.000000	8.000000	622.000000	178.000000	5.000000	624.157134	165.823998	1.000000	4.065699
4.000000	10.000000	9.000000	470.000000	271.000000	13.000000	446.356151	272.837655	2.000000	4.625841
4.000000	11.000000	10.000000	460.000000	379.000000	23.000000	440.056171	371.709355	2.000000	5.031855
4.000000	12.000000	11.000000	441.000000	468.000000	33.000000	425.534721	463.845349	2.000000	5.425867
4.000000	13.000000	12.000000	415.000000	606.000000	43.000000	424.812676	597.727999	2.000000	6.063880
4.000000	14.000000	13.000000	519.000000	608.000000	44.000000	522.837355	605.924603	1.000000	6.418099
4.000000	15.000000	14.000000	436.000000	657.000000	53.000000	419.147843	655.237200	1.000000	6.904230
4.000000	16.000000	15.000000	425.000000	762.000000	63.000000	413.232034	756.688123	2.000000	7.399903
4.000000	17.000000	16.000000	308.000000	812.000000	62.000000	306.373785	809.046375	1.000000	8.145148
4.000000	18.000000	17.000000	417.000000	931.000000	73.000000	411.269764	932.104650	1.000000	8.615860
4.000000	19.000000	18.000000	182.000000	921.000000	71.000000	179.060008	928.821098	1.000000	9.320634
4.000000	20.000000	19.000000	175.000000	699.000000	51.000000	187.374863	677.363746	1.000000	9.936929
4.000000	21.000000	20.000000	224.000000	588.000000	41.000000	224.393590	583.412383	1.000000	10.353654
4.000000	22.000000	21.000000	195.000000	363.000000	21.000000	186.689522	358.518068	2.000000	13.928132
4.000000	23.000000	22.000000	206.000000	261.000000	11.000000	214.120689	276.350842	1.000000	14.552609
4.000000	24.000000	23.000000	317.000000	238.000000	12.000000	318.788202	236.122561	1.000000	15.505838
4.000000	25.000000	24.000000	315.000000	151.000000	2.000000	321.592748	168.375036	2.000000	16.064871
4.000000	26.000000	25.000000	863.000000	580.000000	47.000000	871.960327	574.085339	1.000000	17.193621
4.000000	27.000000	26.000000	985.000000	566.000000	48.000000	993.350843	582.334188	1.000000	18.377948
4.000000	28.000000	27.000000	979.000000	493.000000	38.000000	980.825627	482.312047	2.000000	19.769813
4.000000	29.000000	28.000000	1080.000000	442.000000	39.000000	1072.794275	449.319236	2.000000	20.440097
4.000000	30.000000	29.000000	1212.000000	534.000000	50.000000	1203.617785	547.121538	2.000000	21.168422
4.000000	31.000000	30.000000	1184.000000	260.000000	20.000000	1187.340676	268.165668	2.000000	22.426095
4.000000	32.000000	31.000000	1099.000000	259.000000	19.000000	1107.553879	253.852609	2.000000	23.465793
4.000000	33.000000	32.000000	859.000000	173.000000	7.000000	855.573969	170.457947	2.000000	24.464465
4.000000	34.000000	33.000000	1071.000000	606.000000	49.000000	1060.090391	609.939664	1.000000	25.713237
4.000000	35.000000	34.000000	1209.000000	711.000000	60.000000	1213.447168	717.046572	2.000000	26.681908
4.000000	36.000000	35.000000	1215.000000	796.000000	70.000000	1203.429536	794.360695	1.000000	27.360888
4.000000	37.000000	36.000000	1076.000000	798.000000	69.000000	1080.716410	806.381380	1.000000	28.080855
4.000000	38.000000	37.000000	1005.000000	904.000000	78.000000	995.700343	916.751634	1.000000	28.945479
4.000000	39.000000	38.000000	896.000000	819.000000	67.000000	889.539247	815.140231	2.000000	29.905872
4.000000	40.000000	0.000000	750.000000	800.000000	66.000000	746.376266	764.529849	2.000000	30.720767
4.000000	41.000000	39.000000	750.000000	774.000000	66.000000	746.376266	764.529849	2.000000	31.145756
4.000000	42.000000	40.000000	1224.000000	925.000000	80.000000	1221.852841	929.904485	2.000000	32.041203
5.000000	1.000000	1.000000	1217.000000	794.000000	70.000000	1222.019341	790.682976	1.000000	1.435995
5.000000	2.000000	2.000000	1185.000000	692.000000	60.000000	1182.115997	670.477744	2.000000	1.971852
5.000000	3.000000	3.000000	1165.000000	560.000000	50.000000	1178.989509	553.017641	2.000000	2.877677
5.000000	4.000000	4.000000	1239.000000	448.000000	40.000000	1219.298929	443.345492	2.000000	3.437477
5.000000	5.000000	5.000000	1106.000000	371.000000	29.000000	1097.287444	370.518045	2.000000	4.157802
5.000000	6.000000	6.000000	1100.000000	470.000000	39.000000	1101.891742	448.287974	1.000000	4.596094
5.000000	7.000000	7.000000	995.000000	612.000000	48.000000	976.764689	608.056838	1.000000	5.980100
5.000000	8.000000	8.000000	968.000000	692.000000	58.000000	969.296364	697.055933	2.000000	6.605615
5.000000	9.000000	9.000000	964.000000	796.000000	68.000000	957.814870	794.642629	2.000000	7.147778
5.000000	10.000000	10.000000	1066.000000	811.000000	69.000000	1078.374988	807.392372	2.000000	7.931930
5.000000	11.000000	11.000000	870.000000	913.000000	77.000000	856.507794	902.131093	1.000000	8.845296
5.000000	12.000000	12.000000	798.000000	914.000000	76.000000	775.782778	914.210800	1.000000	9.380248
5.000000	13.000000	0.000000	785.000000	777.000000	66.000000	759.969051	826.072356	1.000000	9.885670
5.000000	14.000000	13.000000	767.000000	821.000000	66.000000	759.969051	826.072356	1.000000	10.227388
5.000000	15.000000	14.000000	663.000000	903.000000	75.000000	661.582513	888.369624	1.000000	10.972136
5.000000	16.000000	0.000000	299.000000	913.000000	72.000000	328.483495	913.986403	1.000000	12.117049
5.000000	17.000000	15.000000	206.000000	914.000000	71.000000	192.187503	916.834184	2.000000	12.820802
5.000000	18.000000	16.000000	330.000000	919.000000	72.000000	328.483495	913.986403	1.000000	13.731625
5.000000	19.000000	17.000000	654.000000	666.000000	55.000000	643.860294	667.106829	1.000000	14.780756
5.000000	20.000000	18.000000	657.000000	615.000000	45.000000	658.337118	608.856395	2.000000	15.357867
5.000000	21.000000	19.000000	570.000000	604.000000	44.000000	560.799601	601.330785	2.000000	15.860978
5.000000	22.000000	20.000000	428.000000	688.000000	53.000000	437.765959	678.848624	2.000000	16.772839
5.000000	23.000000	21.000000	448.000000	555.000000	43.000000	436.876720	560.609554	2.000000	17.636802
5.000000	24.000000	22.000000	307.000000	575.000000	42.000000	294.663683	578.249104	1.000000	18.428297
5.000000	25.000000	23.000000	762.000000	579.000000	46.000000	777.430794	571.450645	2.000000	20.532354
5.000000	26.000000	24.000000	883.000000	551.000000	47.000000	884.368689	559.790419	2.000000	21.091566
5.000000	27.000000	0.000000	873.000000	681.000000	57.000000	853.550508	651.665420	1.000000	21.556602
5.000000	28.000000	25.000000	868.000000	665.000000	57.000000	853.550508	651.665420	1.000000	21.989153
5.000000	29.000000	26.000000	870.000000	483.000000	37.000000	876.796793	480.535807	2.000000	22.708874
5.000000	30.000000	27.000000	855.000000	382.000000	27.000000	849.581812	372.802585	1.000000	23.284412
5.000000	31.000000	28.000000	957.000000	274.000000	18.000000	960.642107	270.780605	2.000000	24.340288
5.000000	32.000000	29.000000	1208.000000	251.000000	20.000000	1204.837254	253.946890	1.000000	25.491565
5.000000	33.000000	30.000000	1084.000000	156.000000	9.000000	1084.262413	151.464258	2.000000	26.148908
5.000000	34.000000	31.000000	845.000000	148.000000	7.000000	851.555261	133.895649	1.000000	26.828298
5.000000	35.000000	32.000000	743.000000	261.000000	16.000000	730.812515	263.921001	2.000000	27.645416
5.000000	36.000000	33.000000	665.000000	133.000000	5.000000	659.241857	135.294640	2.000000	28.428309
5.000000	37.000000	34.000000	573.000000	255.000000	14.000000	552.958541	263.581047	1.000000	29.180305
5.000000	38.000000	35.000000	617.000000	349.000000	25.000000	628.420967	337.322824	1.000000	29.789016
5.000000	39.000000	0.000000	423.000000	365.000000	23.000000	397.531368	366.434593	1.000000	30.549673
5.000000	40.000000	36.000000	537.000000	374.000000	24.000000	514.488858	374.096819	2.000000	31.069032
5.000000	41.000000	37.000000	407.000000	374.000000	23.000000	397.531368	366.434593	1.000000	31.700150
5.000000	42.000000	0.000000	341.000000	265.000000	12.000000	310.730286	263.900294	1.000000	32.461451
5.000000	43.000000	38.000000	324.000000	275.000000	12.000000	310.730286	263.900294	1.000000	33.093143
5.000000	44.000000	39.000000	400.000000	150.000000	3.000000	410.887089	154.050571	1.000000	34.085624
5.000000	45.000000	40.000000	183.000000	254.000000	11.000000	178.374256	241.974610	1.000000	35.157364
6.000000	1.000000	1.000000	284.000000	383.000000	22.000000	292.702628	381.705833	2.000000	1.747199
6.000000	2.000000	2.000000	324.000000	445.000000	32.000000	304.795970	439.486918	2.000000	2.098169
6.000000	3.000000	3.000000	209.000000	375.000000	21.000000	197.517053	359.057255	1.000000	2.633356
6.000000	4.000000	4.000000	313.000000	264.000000	12.000000	326.424343	281.166125	2.000000	3.090664
6.000000	5.000000	0.000000	227.000000	209.000000	1.000000	206.859265	175.274720	1.000000	3.523024
6.000000	6.000000	5.000000	228.000000	174.000000	1.000000	206.859265	175.274720	1.000000	3.955190
6.000000	7.000000	6.000000	416.000000	340.000000	23.000000	412.568613	357.671542	2.000000	4.706563
6.000000	8.000000	0.000000	422.000000	462.000000	33.000000	401.426603	442.975729	2.000000	5.075350
6.000000	9.000000	7.000000	404.000000	455.000000	33.000000	401.426603	442.975729	2.000000	5.818232
6.000000	10.000000	8.000000	500.000000	176.000000	4.000000	513.136382	174.811286	1.000000	6.810392
6.000000	11.000000	9.000000	549.000000	243.000000	14.000000	555.757993	251.717824	1.000000	7.170048
6.000000	12.000000	10.000000	609.000000	267.000000	15.000000	625.671661	271.901878	1.000000	7.553356
6.000000	13.000000	11.000000	728.000000	250.000000	16.000000	745.200538	246.645922	1.000000	8.153491
6.000000	14.000000	12.000000	761.000000	151.000000	6.000000	763.455686	132.479278	2.000000	8.505440
6.000000	15.000000	13.000000	771.000000	334.000000	26.000000	768.321683	341.537334	2.000000	9.026156
6.000000	16.000000	14.000000	655.000000	442.000000	35.000000	630.769662	437.205048	2.000000	9.675510
6.000000	17.000000	15.000000	735.000000	483.000000	36.000000	749.337109	503.192716	2.000000	10.251027
6.000000	18.000000	16.000000	866.000000	568.000000	47.000000	861.628273	584.807693	2.000000	10.738357
6.000000	19.000000	17.000000	745.000000	588.000000	46.000000	731.964742	584.546437	1.000000	11.338423
6.000000	20.000000	18.000000	736.000000	673.000000	56.000000	733.759861	665.848150	2.000000	11.674651
6.000000	21.000000	0.000000	669.000000	611.000000	45.000000	650.313399	579.236470	1.000000	12.033356
6.000000	22.000000	19.000000	634.000000	588.000000	45.000000	650.313399	579.236470	1.000000	12.681448
6.000000	23.000000	20.000000	534.000000	587.000000	44.000000	551.210590	587.972214	1.000000	13.003047
6.000000	24.000000	21.000000	517.000000	673.000000	54.000000	516.087896	676.028004	2.000000	13.546689
6.000000	25.000000	22.000000	429.000000	710.000000	53.000000	417.016999	706.510264	2.000000	14.529322
6.000000	26.000000	23.000000	427.000000	739.000000	63.000000	418.176838	757.640031	1.000000	14.889306
6.000000	27.000000	24.000000	303.000000	783.000000	62.000000	301.220712	781.302725	1.000000	15.377644
6.000000	28.000000	25.000000	207.000000	723.000000	51.000000	208.115054	716.960751	1.000000	15.905956
6.000000	29.000000	26.000000	561.000000	777.000000	64.000000	542.811464	769.912418	2.000000	16.595170
6.000000	30.000000	27.000000	637.000000	799.000000	65.000000	651.031284	793.750819	2.000000	16.993785
6.000000	31.000000	28.000000	980.000000	926.000000	78.000000	960.682001	913.640789	1.000000	18.273230
6.000000	32.000000	29.000000	1179.000000	893.000000	80.000000	1192.030202	879.914976	1.000000	18.945184
6.000000	33.000000	30.000000	1086.000000	695.000000	59.000000	1072.052440	687.367057	1.000000	19.555186
6.000000	34.000000	31.000000	1078.000000	588.000000	49.000000	1089.509807	585.506765	1.000000	19.953864
6.000000	35.000000	32.000000	1166.000000	589.000000	50.000000	1173.313616	584.506451	2.000000	20.330951
6.000000	36.000000	33.000000	1097.000000	432.000000	39.000000	1093.039603	442.256533	2.000000	21.082014
6.000000	37.000000	34.000000	1014.000000	463.000000	38.000000	990.239815	465.061661	1.000000	21.491339
6.000000	38.000000	35.000000	985.000000	361.000000	28.000000	985.396741	364.992056	1.000000	21.834412
6.000000	39.000000	36.000000	1171.000000	342.000000	30.000000	1171.792618	337.720291	2.000000	22.321667
6.000000	40.000000	37.000000	1075.000000	254.000000	19.000000	1069.304618	241.552250	2.000000	22.754972
6.000000	41.000000	38.000000	1224.000000	258.000000	20.000000	1218.021403	247.449703	2.000000	23.201963
6.000000	42.000000	39.000000	1091.000000	170.000000	9.000000	1085.416011	163.139699	1.000000	23.697998
6.000000	43.000000	0.000000	981.000000	145.000000	8.000000	956.202965	134.775437	1.000000	24.483172
6.000000	44.000000	40.000000	970.000000	146.000000	8.000000	956.202965	134.775437	1.000000	25.154129
7.000000	1.000000	1.000000	1208.000000	901.000000	80.000000	1214.772614	911.732764	1.000000	0.969296
7.000000	2.000000	2.000000	1069.000000	939.000000	79.000000	1057.882794	919.567947	2.000000	1.824288
7.000000	3.000000	3.000000	886.000000	930.000000	77.000000	879.108660	915.385076	2.000000	2.416000
7.000000	4.000000	4.000000	1094.000000	666.000000	59.000000	1096.057755	657.320343	1.000000	3.121081
7.000000	5.000000	5.000000	1178.000000	608.000000	50.000000	1174.837389	594.911964	1.000000	3.497003
7.000000	6.000000	6.000000	1085.000000	571.000000	49.000000	1085.506138	574.863320	2.000000	3.880472
7.000000	7.000000	7.000000	1021.000000	575.000000	48.000000	998.808476	571.499429	2.000000	4.328582
7.000000	8.000000	8.000000	971.000000	481.000000	38.000000	976.957658	476.683509	1.000000	4.768778
7.000000	9.000000	9.000000	861.000000	491.000000	37.000000	850.137086	480.760326	2.000000	5.216919
7.000000	10.000000	10.000000	850.000000	357.000000	27.000000	854.066529	366.920749	2.000000	5.601032
7.000000	11.000000	11.000000	852.000000	284.000000	17.000000	855.493884	269.331851	2.000000	5.970202
7.000000	12.000000	12.000000	968.000000	241.000000	18.000000	965.516877	237.591618	1.000000	6.426160
7.000000	13.000000	13.000000	981.000000	179.000000	8.000000	983.194413	185.738383	2.000000	6.760919
7.000000	14.000000	14.000000	1100.000000	244.000000	19.000000	1101.981404	236.849803	2.000000	7.177280
7.000000	15.000000	15.000000	1212.000000	235.000000	20.000000	1222.212168	230.701958	2.000000	7.904207
7.000000	16.000000	16.000000	859.000000	149.000000	7.000000	848.679429	137.723580	2.000000	8.696237
7.000000	17.000000	17.000000	747.000000	171.000000	6.000000	736.798385	166.632631	1.000000	9.337500
7.000000	18.000000	18.000000	741.000000	265.000000	16.000000	733.152377	264.247450	2.000000	9.681448
7.000000	19.000000	19.000000	617.000000	294.000000	15.000000	621.220697	293.178387	2.000000	10.481786
7.000000	20.000000	20.000000	538.000000	151.000000	4.000000	546.382633	154.701890	2.000000	10.881256
7.000000	21.000000	21.000000	532.000000	256.000000	14.000000	521.690707	252.370750	1.000000	11.289938
7.000000	22.000000	22.000000	418.000000	241.000000	13.000000	401.775100	244.236904	2.000000	11.712278
7.000000	23.000000	23.000000	315.000000	283.000000	12.000000	304.824494	276.144918	1.000000	12.152688
7.000000	24.000000	24.000000	243.000000	352.000000	21.000000	225.568966	348.135509	1.000000	12.656877
7.000000	25.000000	25.000000	227.000000	484.000000	31.000000	223.504975	463.614475	2.000000	13.112857
7.000000	26.000000	26.000000	414.000000	459.000000	33.000000	410.781976	443.160933	1.000000	13.625199
7.000000	27.000000	27.000000	315.000000	612.000000	42.000000	308.403374	591.739165	1.000000	14.129257
7.000000	28.000000	28.000000	208.000000	586.000000	41.000000	193.835768	575.060964	1.000000	14.641971
7.000000	29.000000	29.000000	290.000000	716.000000	52.000000	288.212696	701.764796	2.000000	15.330129
7.000000	30.000000	30.000000	222.000000	939.000000	71.000000	206.879723	930.719144	1.000000	15.921506
7.000000	31.000000	31.000000	309.000000	914.000000	72.000000	321.397644	912.442018	1.000000	16.368879
7.000000	32.000000	0.000000	417.000000	724.000000	53.000000	426.264265	697.583303	1.000000	17.026189
7.000000	33.000000	32.000000	443.000000	700.000000	53.000000	426.264265	697.583303	1.000000	17.568409
7.000000	34.000000	33.000000	513.000000	599.000000	44.000000	519.026310	596.291600	2.000000	18.041299
7.000000	35.000000	34.000000	533.000000	651.000000	54.000000	537.396477	648.763790	1.000000	18.610104
7.000000	36.000000	35.000000	765.000000	723.000000	56.000000	770.050118	707.600388	1.000000	19.297110
7.000000	37.000000	0.000000	779.000000	608.000000	46.000000	768.106582	583.836148	1.000000	19.856960
7.000000	38.000000	36.000000	853.000000	655.000000	57.000000	859.011112	653.075737	2.000000	20.584653
7.000000	39.000000	37.000000	775.000000	596.000000	46.000000	768.106582	583.836148	1.000000	21.138025
7.000000	40.000000	38.000000	618.000000	468.000000	35.000000	624.755356	452.194057	2.000000	21.737317
7.000000	41.000000	39.000000	643.000000	867.000000	75.000000	640.476577	868.743797	1.000000	22.880396
7.000000	42.000000	40.000000	726.000000	904.000000	76.000000	731.235414	904.247642	1.000000	23.400689
8.000000	1.000000	0.000000	790.000000	927.000000	76.000000	763.366860	931.468109	2.000000	3.504800
8.000000	2.000000	1.000000	774.000000	939.000000	76.000000	763.366860	931.468109	2.000000	4.090326
8.000000	3.000000	2.000000	877.000000	860.000000	77.000000	872.475820	861.738584	2.000000	4.521555
8.000000	4.000000	3.000000	870.000000	777.000000	67.000000	880.028068	781.437264	2.000000	4.842162
8.000000	5.000000	4.000000	750.000000	781.000000	66.000000	756.004883	778.230771	2.000000	5.298378
8.000000	6.000000	0.000000	720.000000	678.000000	56.000000	740.611322	692.980935	2.000000	5.649381
8.000000	7.000000	5.000000	731.000000	690.000000	56.000000	740.611322	692.980935	2.000000	6.153713
8.000000	8.000000	6.000000	634.000000	680.000000	55.000000	636.293633	672.242208	2.000000	6.569027
8.000000	9.000000	7.000000	543.000000	827.000000	64.000000	550.248656	811.073165	1.000000	7.001459
8.000000	10.000000	8.000000	459.000000	816.000000	63.000000	450.667044	807.706128	1.000000	7.552570
8.000000	11.000000	9.000000	343.000000	683.000000	52.000000	328.724548	668.546915	2.000000	8.642018
8.000000	12.000000	10.000000	187.000000	608.000000	41.000000	179.248972	594.234700	2.000000	9.072525
8.000000	13.000000	11.000000	417.000000	573.000000	43.000000	418.052915	556.522481	1.000000	9.641562
8.000000	14.000000	12.000000	182.000000	448.000000	31.000000	182.153346	449.324021	1.000000	10.330455
8.000000	15.000000	13.000000	211.000000	407.000000	21.000000	211.675754	399.075539	1.000000	10.656513
8.000000	16.000000	14.000000	213.000000	281.000000	11.000000	207.636029	260.667205	2.000000	11.208724
8.000000	17.000000	15.000000	314.000000	259.000000	12.000000	307.316928	237.327864	2.000000	11.696634
8.000000	18.000000	16.000000	397.000000	138.000000	3.000000	408.019387	136.922661	1.000000	12.448371
8.000000	19.000000	17.000000	529.000000	424.000000	24.000000	530.304297	401.065474	2.000000	13.105967
8.000000	20.000000	18.000000	562.000000	476.000000	34.000000	555.309266	464.967953	2.000000	13.505916
8.000000	21.000000	19.000000	628.000000	449.000000	35.000000	624.855448	445.783020	2.000000	13.849303
8.000000	22.000000	20.000000	744.000000	468.000000	36.000000	755.370560	450.829672	1.000000	14.794385
8.000000	23.000000	21.000000	758.000000	373.000000	26.000000	754.875787	364.321615	1.000000	15.176634
8.000000	24.000000	22.000000	751.000000	278.000000	16.000000	750.366151	278.972155	1.000000	15.506233
8.000000	25.000000	23.000000	876.000000	186.000000	7.000000	877.379496	169.055765	1.000000	16.105698
8.000000	26.000000	24.000000	960.000000	146.000000	8.000000	964.010537	140.971936	1.000000	16.609497
8.000000	27.000000	0.000000	1114.000000	159.000000	9.000000	1059.257015	150.173127	1.000000	17.225230
8.000000	28.000000	25.000000	1071.000000	154.000000	9.000000	1059.257015	150.173127	1.000000	17.680502
8.000000	29.000000	26.000000	1153.000000	157.000000	10.000000	1173.065855	158.654175	2.000000	18.121430
8.000000	30.000000	27.000000	1202.000000	368.000000	30.000000	1206.296815	347.479338	2.000000	19.122773
8.000000	31.000000	28.000000	1119.000000	328.000000	29.000000	1102.131744	340.982977	2.000000	19.553180
8.000000	32.000000	29.000000	992.000000	287.000000	18.000000	972.732783	284.130317	2.000000	20.248924
8.000000	33.000000	30.000000	902.000000	490.000000	37.000000	884.413720	494.238014	2.000000	20.954610
8.000000	34.000000	31.000000	1182.000000	503.000000	40.000000	1192.261048	500.847153	2.000000	21.665582
8.000000	35.000000	0.000000	1181.000000	550.000000	50.000000	1191.815059	574.687455	1.000000	22.280426
8.000000	36.000000	32.000000	1190.000000	567.000000	50.000000	1191.815059	574.687455	1.000000	22.713227
8.000000	37.000000	33.000000	1189.000000	268.000000	20.000000	1198.562801	282.499459	1.000000	23.361243
8.000000	38.000000	34.000000	983.000000	546.000000	48.000000	969.612230	548.157696	1.000000	24.594503
8.000000	39.000000	35.000000	980.000000	679.000000	58.000000	975.373704	663.412735	2.000000	25.193147
8.000000	40.000000	0.000000	870.000000	678.000000	57.000000	847.231122	664.715562	1.000000	25.802258
8.000000	41.000000	36.000000	844.000000	677.000000	57.000000	847.231122	664.715562	1.000000	26.736901
8.000000	42.000000	37.000000	1064.000000	672.000000	59.000000	1076.409267	665.938069	1.000000	27.409194
8.000000	43.000000	38.000000	1070.000000	765.000000	69.000000	1072.246240	777.762414	1.000000	27.882020
8.000000	44.000000	39.000000	1190.000000	806.000000	70.000000	1201.800029	808.993218	1.000000	28.545608
8.000000	45.000000	40.000000	1173.000000	913.000000	80.000000	1180.913486	893.246471	1.000000	29.194162
9.000000	1.000000	1.000000	1177.000000	830.000000	70.000000	1170.536502	818.680769	2.000000	1.885787
9.000000	2.000000	2.000000	1202.000000	685.000000	60.000000	1197.235313	692.943402	1.000000	2.789354
9.000000	3.000000	3.000000	1078.000000	818.000000	69.000000	1064.013350	804.705343	1.000000	3.604836
9.000000	4.000000	4.000000	991.000000	756.000000	68.000000	996.134104	761.405392	1.000000	4.036135
9.000000	5.000000	5.000000	950.000000	608.000000	48.000000	949.021685	600.981921	2.000000	4.949387
9.000000	6.000000	6.000000	960.000000	494.000000	38.000000	966.592455	488.833996	1.000000	5.461400
9.000000	7.000000	7.000000	1050.000000	364.000000	29.000000	1066.159555	363.094763	2.000000	6.220300
9.000000	8.000000	8.000000	1084.000000	241.000000	19.000000	1100.985152	242.025224	1.000000	6.973030
9.000000	9.000000	9.000000	1203.000000	263.000000	20.000000	1202.832768	269.510111	2.000000	7.549646
9.000000	10.000000	10.000000	990.000000	244.000000	18.000000	979.353596	234.648078	2.000000	8.268535
9.000000	11.000000	11.000000	874.000000	285.000000	17.000000	856.139190	276.726415	1.000000	8.972001
9.000000	12.000000	12.000000	851.000000	170.000000	7.000000	849.338797	163.187923	2.000000	9.612515
9.000000	13.000000	13.000000	864.000000	398.000000	27.000000	867.577264	400.536835	2.000000	10.435997
9.000000	14.000000	14.000000	683.000000	483.000000	35.000000	663.463361	476.804997	2.000000	11.341659
9.000000	15.000000	0.000000	665.000000	575.000000	45.000000	664.786031	548.998822	2.000000	11.796873
9.000000	16.000000	15.000000	671.000000	549.000000	45.000000	664.786031	548.998822	2.000000	12.516838
9.000000	17.000000	16.000000	749.000000	776.000000	66.000000	756.740779	770.299483	2.000000	13.868361
9.000000	18.000000	17.000000	750.000000	867.000000	76.000000	746.364661	876.055960	2.000000	14.412860
9.000000	19.000000	18.000000	828.000000	897.000000	77.000000	843.285663	900.725591	2.000000	15.228193
9.000000	20.000000	19.000000	651.000000	937.000000	75.000000	641.231397	931.904080	1.000000	16.036885
9.000000	21.000000	20.000000	559.000000	935.000000	74.000000	548.033061	926.683411	2.000000	16.652897
9.000000	22.000000	21.000000	561.000000	773.000000	64.000000	549.407874	786.809654	1.000000	17.244549
9.000000	23.000000	22.000000	552.000000	694.000000	54.000000	548.163497	683.992600	1.000000	18.077039
9.000000	24.000000	23.000000	651.000000	716.000000	55.000000	662.775953	716.965251	1.000000	18.812503
9.000000	25.000000	24.000000	560.000000	482.000000	34.000000	558.008530	476.592931	1.000000	19.723651
9.000000	26.000000	25.000000	510.000000	352.000000	24.000000	516.647014	350.465767	1.000000	20.396525
9.000000	27.000000	26.000000	419.000000	370.000000	23.000000	411.129563	367.977964	1.000000	20.980652
9.000000	28.000000	27.000000	443.000000	235.000000	13.000000	438.659699	238.220192	2.000000	21.788070
9.000000	29.000000	28.000000	315.000000	166.000000	2.000000	302.733557	165.419407	1.000000	22.436021
9.000000	30.000000	29.000000	187.000000	160.000000	1.000000	187.038997	146.372640	1.000000	23.037387
9.000000	31.000000	30.000000	236.000000	243.000000	11.000000	229.982083	250.841407	2.000000	24.125040
9.000000	32.000000	31.000000	303.000000	291.000000	12.000000	303.948520	294.301461	2.000000	24.877874
9.000000	33.000000	32.000000	311.000000	449.000000	32.000000	320.771528	441.825097	2.000000	25.677548
9.000000	34.000000	33.000000	420.000000	493.000000	33.000000	419.652993	479.853284	1.000000	26.277839
9.000000	35.000000	34.000000	339.000000	612.000000	42.000000	331.860377	597.817041	1.000000	27.156076
9.000000	36.000000	35.000000	217.000000	575.000000	41.000000	204.515396	561.803000	1.000000	28.100369
9.000000	37.000000	36.000000	223.000000	705.000000	51.000000	213.391162	713.077113	2.000000	28.747883
9.000000	38.000000	37.000000	317.000000	723.000000	52.000000	304.280667	716.667093	1.000000	29.547814
9.000000	39.000000	38.000000	437.000000	771.000000	63.000000	425.449262	763.960079	1.000000	30.573187
9.000000	40.000000	39.000000	335.000000	786.000000	62.000000	335.980288	793.954060	2.000000	31.075872
9.000000	41.000000	40.000000	205.000000	906.000000	71.000000	195.539903	890.565825	2.000000	32.116808
10.000000	1.000000	0.000000	670.000000	837.000000	65.000000	656.707967	813.058234	2.000000	1.913693
10.000000	2.000000	1.000000	662.000000	824.000000	65.000000	656.707967	813.058234	2.000000	2.338007
10.000000	3.000000	2.000000	751.000000	887.000000	76.000000	742.883900	892.675074	2.000000	3.129492
10.000000	4.000000	3.000000	864.000000	861.000000	77.000000	861.481509	874.234734	2.000000	3.930509
10.000000	5.000000	4.000000	846.000000	827.000000	67.000000	857.042902	823.484389	1.000000	4.281361
10.000000	6.000000	5.000000	965.000000	914.000000	78.000000	949.054657	920.444107	2.000000	5.369860
10.000000	7.000000	6.000000	971.000000	775.000000	68.000000	990.837903	769.938854	1.000000	6.344872
10.000000	8.000000	7.000000	1049.000000	781.000000	69.000000	1070.127245	794.198421	2.000000	6.986784
10.000000	9.000000	8.000000	1185.000000	810.000000	70.000000	1177.658805	810.560278	2.000000	7.881963
10.000000	10.000000	9.000000	1190.000000	672.000000	60.000000	1194.470556	692.766480	1.000000	8.896943
10.000000	11.000000	10.000000	1062.000000	703.000000	59.000000	1077.470285	703.147703	1.000000	9.954810
10.000000	12.000000	11.000000	1222.000000	558.000000	50.000000	1218.646364	549.257815	1.000000	11.913320
10.000000	13.000000	12.000000	1074.000000	449.000000	39.000000	1059.562611	450.328315	1.000000	12.873584
10.000000	14.000000	0.000000	1096.000000	357.000000	29.000000	1091.821425	384.143635	1.000000	13.304625
10.000000	15.000000	13.000000	1096.000000	384.000000	29.000000	1091.821425	384.143635	1.000000	13.673654
10.000000	16.000000	14.000000	953.000000	393.000000	28.000000	961.535859	389.614847	2.000000	14.354900
10.000000	17.000000	15.000000	998.000000	465.000000	38.000000	1001.523215	460.053622	2.000000	14.898084
10.000000	18.000000	16.000000	1075.000000	238.000000	19.000000	1081.296529	239.403830	2.000000	15.642096
10.000000	19.000000	17.000000	1074.000000	202.000000	9.000000	1066.806539	188.551811	1.000000	16.082245
10.000000	20.000000	18.000000	1211.000000	156.000000	10.000000	1211.185054	160.803881	1.000000	16.953937
10.000000	21.000000	19.000000	965.000000	204.000000	8.000000	948.971507	188.606172	1.000000	17.962157
10.000000	22.000000	20.000000	985.000000	241.000000	18.000000	980.983551	250.224117	2.000000	18.362240
10.000000	23.000000	21.000000	844.000000	350.000000	27.000000	839.460585	345.062537	1.000000	19.216832
10.000000	24.000000	22.000000	744.000000	251.000000	16.000000	741.553439	245.126109	2.000000	20.169427
10.000000	25.000000	23.000000	634.000000	160.000000	5.000000	619.628908	147.620266	1.000000	21.376950
10.000000	26.000000	24.000000	546.000000	183.000000	4.000000	545.298782	178.049572	1.000000	22.112953
10.000000	27.000000	25.000000	563.000000	267.000000	14.000000	561.098184	251.748299	2.000000	22.592627
10.000000	28.000000	26.000000	438.000000	262.000000	13.000000	426.760304	251.082571	1.000000	23.400896
10.000000	29.000000	27.000000	426.000000	138.000000	3.000000	412.442299	130.014034	2.000000	24.000951
10.000000	30.000000	28.000000	317.000000	150.000000	2.000000	317.753755	148.511255	1.000000	24.873343
10.000000	31.000000	29.000000	313.000000	255.000000	12.000000	309.008051	258.361904	1.000000	25.345772
10.000000	32.000000	30.000000	321.000000	331.000000	22.000000	337.393679	341.458124	2.000000	25.977217
10.000000	33.000000	31.000000	324.000000	451.000000	32.000000	322.107705	451.070044	2.000000	26.801750
10.000000	34.000000	32.000000	327.000000	548.000000	42.000000	334.848906	543.405525	2.000000	27.434085
10.000000	35.000000	33.000000	325.000000	675.000000	52.000000	323.898270	673.541094	2.000000	28.057388
10.000000	36.000000	34.000000	205.000000	573.000000	41.000000	194.197600	570.663501	1.000000	28.896954
10.000000	37.000000	35.000000	422.000000	464.000000	33.000000	429.866202	462.874097	1.000000	29.881916
10.000000	38.000000	36.000000	190.000000	901.000000	71.000000	182.497368	906.898846	2.000000	30.857396
10.000000	39.000000	37.000000	351.000000	927.000000	72.000000	337.272620	915.522718	1.000000	31.673386
10.000000	40.000000	38.000000	448.000000	805.000000	63.000000	451.581933	801.423820	1.000000	32.433929
10.000000	41.000000	39.000000	755.000000	587.000000	46.000000	751.497065	604.561152	2.000000	33.401547
10.000000	42.000000	40.000000	754.000000	503.000000	36.000000	762.663638	494.296973	2.000000	33.818781
11.000000	1.000000	1.000000	1066.000000	491.000000	39.000000	1060.375291	496.889678	2.000000	1.244585
11.000000	2.000000	2.000000	1060.000000	397.000000	29.000000	1066.809190	400.888976	2.000000	1.883826
11.000000	3.000000	3.000000	993.000000	338.000000	28.000000	1000.074359	342.654050	2.000000	2.381869
11.000000	4.000000	4.000000	948.000000	499.000000	38.000000	950.864359	498.586689	2.000000	3.125609
11.000000	5.000000	5.000000	1176.000000	555.000000	50.000000	1192.973206	561.949164	1.000000	3.916525
11.000000	6.000000	0.000000	1113.000000	595.000000	49.000000	1088.889136	605.574266	2.000000	4.493605
11.000000	7.000000	6.000000	1064.000000	606.000000	49.000000	1088.889136	605.574266	2.000000	4.837676
11.000000	8.000000	7.000000	1014.000000	651.000000	58.000000	995.852608	655.078206	2.000000	5.645211
11.000000	9.000000	8.000000	1187.000000	802.000000	70.000000	1188.862877	799.751185	2.000000	6.644113
11.000000	10.000000	9.000000	1212.000000	892.000000	80.000000	1212.102438	889.871269	1.000000	7.372116
11.000000	11.000000	10.000000	1111.000000	907.000000	79.000000	1107.804931	913.139618	2.000000	8.245197
11.000000	12.000000	11.000000	871.000000	889.000000	77.000000	846.818823	890.409848	2.000000	9.115738
11.000000	13.000000	12.000000	764.000000	870.000000	76.000000	749.017717	871.008777	1.000000	9.899842
11.000000	14.000000	13.000000	782.000000	696.000000	56.000000	768.267245	695.732163	1.000000	11.268728
11.000000	15.000000	14.000000	772.000000	598.000000	46.000000	758.142262	597.892545	1.000000	12.396020
11.000000	16.000000	15.000000	762.000000	389.000000	26.000000	754.624572	392.173647	1.000000	13.029792
11.000000	17.000000	16.000000	756.000000	268.000000	16.000000	756.050709	274.548190	1.000000	13.483782
11.000000	18.000000	17.000000	889.000000	125.000000	7.000000	887.667687	129.960745	1.000000	14.117683
11.000000	19.000000	18.000000	1083.000000	125.000000	9.000000	1092.118865	130.158943	2.000000	15.131776
11.000000	20.000000	19.000000	641.000000	232.000000	15.000000	643.893186	225.091500	2.000000	15.917055
11.000000	21.000000	20.000000	639.000000	354.000000	25.000000	640.388577	345.874449	2.000000	16.356064
11.000000	22.000000	21.000000	619.000000	508.000000	35.000000	624.389260	488.330448	2.000000	16.892092
11.000000	23.000000	22.000000	541.000000	454.000000	34.000000	521.545475	440.165504	2.000000	17.475930
11.000000	24.000000	23.000000	538.000000	259.000000	14.000000	531.289241	255.534785	1.000000	18.229071
11.000000	25.000000	24.000000	471.000000	132.000000	3.000000	448.952922	125.919406	1.000000	18.923920
11.000000	26.000000	25.000000	286.000000	135.000000	2.000000	294.463430	138.710976	2.000000	19.557490
11.000000	27.000000	26.000000	182.000000	178.000000	1.000000	183.188390	188.714197	1.000000	20.236014
11.000000	28.000000	27.000000	223.000000	274.000000	11.000000	221.753852	280.766719	1.000000	21.012136
11.000000	29.000000	28.000000	195.000000	367.000000	21.000000	184.977794	366.865000	2.000000	21.525339
11.000000	30.000000	29.000000	305.000000	410.000000	22.000000	295.304207	398.208155	2.000000	22.700986
11.000000	31.000000	30.000000	422.000000	487.000000	33.000000	411.098447	472.881105	1.000000	23.411823
11.000000	32.000000	31.000000	304.000000	455.000000	32.000000	315.356735	452.510511	1.000000	23.901606
11.000000	33.000000	32.000000	235.000000	473.000000	31.000000	225.872469	483.288028	1.000000	24.372533
11.000000	34.000000	33.000000	206.000000	609.000000	41.000000	211.507472	613.454643	1.000000	24.973842
11.000000	35.000000	34.000000	324.000000	605.000000	42.000000	315.536516	604.477339	1.000000	25.789595
11.000000	36.000000	35.000000	326.000000	664.000000	52.000000	332.649069	676.200105	2.000000	26.445772
11.000000	37.000000	36.000000	398.000000	708.000000	53.000000	408.641607	695.479634	1.000000	27.100986
11.000000	38.000000	37.000000	446.000000	810.000000	63.000000	449.462371	795.562518	2.000000	27.700156
11.000000	39.000000	38.000000	519.000000	701.000000	54.000000	518.483764	706.971803	2.000000	28.484087
11.000000	40.000000	39.000000	554.000000	904.000000	74.000000	558.721812	894.453556	1.000000	29.333588
11.000000	41.000000	40.000000	228.000000	913.000000	71.000000	222.426404	929.778715	1.000000	30.364085
12.000000	1.000000	1.000000	789.000000	434.000000	36.000000	767.082138	443.653976	1.000000	0.820182
12.000000	2.000000	2.000000	783.000000	385.000000	26.000000	780.401350	390.138433	1.000000	1.154104
12.000000	3.000000	3.000000	882.000000	370.000000	27.000000	883.125663	363.204672	1.000000	1.819370
12.000000	4.000000	4.000000	881.000000	296.000000	17.000000	870.432388	282.501955	1.000000	2.250727
12.000000	5.000000	5.000000	1062.000000	275.000000	19.000000	1080.118055	276.940278	1.000000	2.899519
12.000000	6.000000	0.000000	1099.000000	100.000000	9.000000	1106.553217	139.307046	1.000000	3.458148
12.000000	7.000000	6.000000	1111.000000	134.000000	9.000000	1106.553217	139.307046	1.000000	3.796097
12.000000	8.000000	7.000000	1210.000000	114.000000	10.000000	1208.494889	130.595056	2.000000	4.460060
12.000000	9.000000	8.000000	1212.000000	368.000000	30.000000	1212.989344	357.896109	2.000000	5.051149
12.000000	10.000000	9.000000	1070.000000	362.000000	29.000000	1079.630272	349.440965	2.000000	5.628128
12.000000	11.000000	0.000000	1118.000000	550.000000	49.000000	1091.430998	556.053998	2.000000	6.355081
12.000000	12.000000	10.000000	1216.000000	544.000000	50.000000	1198.661598	553.986126	1.000000	7.354191
12.000000	13.000000	11.000000	1077.000000	553.000000	49.000000	1091.430998	556.053998	2.000000	8.258883
12.000000	14.000000	12.000000	1171.000000	715.000000	60.000000	1169.146333	702.977852	2.000000	9.212122
12.000000	15.000000	13.000000	1201.000000	796.000000	70.000000	1208.190361	806.903014	2.000000	9.898023
12.000000	16.000000	14.000000	998.000000	803.000000	68.000000	985.516436	798.995547	2.000000	10.730518
12.000000	17.000000	15.000000	1003.000000	909.000000	78.000000	997.889749	924.012733	2.000000	11.362428
12.000000	18.000000	16.000000	971.000000	701.000000	58.000000	960.729302	699.425370	2.000000	12.131293
12.000000	19.000000	17.000000	901.000000	894.000000	77.000000	890.655995	901.355149	1.000000	13.618776
12.000000	20.000000	18.000000	740.000000	676.000000	56.000000	733.035621	669.394862	1.000000	14.802200
12.000000	21.000000	19.000000	739.000000	781.000000	66.000000	737.657517	768.541663	2.000000	15.282262
12.000000	22.000000	20.000000	741.000000	896.000000	76.000000	737.951870	910.054977	2.000000	16.146982
12.000000	23.000000	21.000000	659.000000	660.000000	55.000000	670.304122	667.617861	2.000000	17.531346
12.000000	24.000000	22.000000	642.000000	583.000000	45.000000	631.145715	585.256986	1.000000	18.353956
12.000000	25.000000	23.000000	671.000000	487.000000	35.000000	663.875087	495.061878	2.000000	19.090893
12.000000	26.000000	24.000000	660.000000	343.000000	25.000000	653.686723	347.591036	1.000000	19.995416
12.000000	27.000000	25.000000	633.000000	156.000000	5.000000	634.337373	157.205493	1.000000	21.211500
12.000000	28.000000	26.000000	569.000000	163.000000	4.000000	549.876666	171.847019	1.000000	21.682185
12.000000	29.000000	27.000000	435.000000	168.000000	3.000000	419.151550	160.171346	2.000000	22.346334
12.000000	30.000000	28.000000	523.000000	347.000000	24.000000	530.035814	330.962078	1.000000	23.348210
12.000000	31.000000	29.000000	542.000000	447.000000	34.000000	551.489793	456.023463	1.000000	23.908189
12.000000	32.000000	30.000000	545.000000	592.000000	44.000000	549.579289	569.584447	2.000000	24.554839
12.000000	33.000000	31.000000	450.000000	602.000000	43.000000	446.839980	610.611886	1.000000	25.307862
12.000000	34.000000	32.000000	443.000000	695.000000	53.000000	451.470765	680.082210	2.000000	26.098842
12.000000	35.000000	0.000000	367.000000	614.000000	42.000000	342.407159	600.825135	2.000000	26.794304
12.000000	36.000000	33.000000	341.000000	609.000000	42.000000	342.407159	600.825135	2.000000	27.498580
12.000000	37.000000	34.000000	194.000000	477.000000	31.000000	189.549187	480.553328	2.000000	28.611253
12.000000	38.000000	35.000000	202.000000	376.000000	21.000000	187.637454	371.729223	1.000000	29.370551
12.000000	39.000000	36.000000	301.000000	295.000000	12.000000	302.634432	286.830304	1.000000	30.258012
12.000000	40.000000	37.000000	312.000000	774.000000	62.000000	299.220633	781.549310	2.000000	31.427711
12.000000	41.000000	38.000000	323.000000	898.000000	72.000000	330.287092	889.271623	1.000000	32.026330
12.000000	42.000000	39.000000	452.000000	827.000000	63.000000	436.555512	820.560626	1.000000	33.099026
12.000000	43.000000	40.000000	438.000000	867.000000	73.000000	424.961443	875.944525	2.000000	33.587801
13.000000	1.000000	1.000000	646.000000	803.000000	65.000000	634.170211	781.021419	1.000000	0.872217
13.000000	2.000000	2.000000	766.000000	776.000000	66.000000	777.832607	768.308812	1.000000	1.713050
13.000000	3.000000	3.000000	725.000000	682.000000	56.000000	746.744738	674.359496	1.000000	2.433680
13.000000	4.000000	4.000000	518.000000	881.000000	74.000000	517.756837	874.864191	2.000000	3.665846
13.000000	5.000000	5.000000	427.000000	939.000000	73.000000	419.191828	930.082491	1.000000	4.170426
13.000000	6.000000	6.000000	391.000000	818.000000	63.000000	399.749838	813.396733	2.000000	4.673454
13.000000	7.000000	7.000000	358.000000	815.000000	62.000000	340.658563	804.490250	2.000000	5.112641
13.000000	8.000000	0.000000	314.000000	939.000000	72.000000	314.983096	905.592114	2.000000	5.666163
13.000000	9.000000	8.000000	313.000000	920.000000	72.000000	314.983096	905.592114	2.000000	5.985452
13.000000	10.000000	9.000000	209.000000	891.000000	71.000000	198.975950	881.778999	2.000000	6.729154
13.000000	11.000000	10.000000	299.000000	663.000000	52.000000	289.496631	665.242501	1.000000	7.808535
13.000000	12.000000	11.000000	215.000000	621.000000	41.000000	201.012047	607.171456	2.000000	8.570405
13.000000	13.000000	12.000000	315.000000	553.000000	42.000000	305.294628	545.034005	2.000000	10.025698
13.000000	14.000000	13.000000	184.000000	397.000000	21.000000	186.524223	392.822274	1.000000	11.473741
13.000000	15.000000	14.000000	182.000000	234.000000	11.000000	184.219041	235.631989	2.000000	12.233584
13.000000	16.000000	15.000000	214.000000	143.000000	1.000000	217.331492	147.452624	2.000000	12.921038
13.000000	17.000000	16.000000	438.000000	391.000000	23.000000	447.635650	393.052223	1.000000	13.737389
13.000000	18.000000	17.000000	438.000000	441.000000	33.000000	439.890325	439.394770	1.000000	14.160540
13.000000	19.000000	18.000000	565.000000	378.000000	24.000000	561.698822	382.316748	1.000000	14.737165
13.000000	20.000000	19.000000	654.000000	392.000000	25.000000	645.268866	400.892099	1.000000	15.297974
13.000000	21.000000	20.000000	651.000000	452.000000	35.000000	660.350868	467.174099	2.000000	15.832373
13.000000	22.000000	21.000000	649.000000	553.000000	45.000000	646.998677	550.766767	2.000000	17.432674
13.000000	23.000000	22.000000	787.000000	548.000000	46.000000	776.379501	558.823986	2.000000	18.025466
13.000000	24.000000	0.000000	779.000000	451.000000	36.000000	781.478631	477.746956	1.000000	18.432326
13.000000	25.000000	23.000000	778.000000	476.000000	36.000000	781.478631	477.746956	1.000000	18.761361
13.000000	26.000000	24.000000	871.000000	495.000000	37.000000	875.933985	506.674561	1.000000	19.440751
13.000000	27.000000	25.000000	843.000000	544.000000	47.000000	852.717905	553.357780	2.000000	20.114429
13.000000	28.000000	26.000000	975.000000	552.000000	48.000000	957.144137	566.327102	2.000000	20.962306
13.000000	29.000000	27.000000	941.000000	489.000000	38.000000	952.610254	494.224304	1.000000	21.561280
13.000000	30.000000	28.000000	1108.000000	539.000000	49.000000	1111.176051	553.270230	1.000000	22.432878
13.000000	31.000000	29.000000	1188.000000	702.000000	60.000000	1200.791144	711.719250	2.000000	23.416601
13.000000	32.000000	30.000000	1173.000000	894.000000	80.000000	1170.131911	889.358195	1.000000	24.482428
13.000000	33.000000	31.000000	1071.000000	927.000000	79.000000	1059.617495	922.930852	1.000000	25.208540
13.000000	34.000000	32.000000	1088.000000	370.000000	29.000000	1101.874219	370.262389	1.000000	26.441749
13.000000	35.000000	33.000000	1185.000000	247.000000	20.000000	1175.043273	246.367816	2.000000	27.313401
13.000000	36.000000	34.000000	985.000000	360.000000	28.000000	994.110467	362.424680	2.000000	28.312894
13.000000	37.000000	35.000000	863.000000	254.000000	17.000000	855.195942	241.530416	1.000000	28.977739
13.000000	38.000000	36.000000	964.000000	153.000000	8.000000	950.975716	150.454622	2.000000	29.586296
13.000000	39.000000	37.000000	634.000000	193.000000	5.000000	638.371753	183.699137	2.000000	30.424471
13.000000	40.000000	38.000000	652.000000	238.000000	15.000000	651.914201	223.857685	1.000000	30.802288
13.000000	41.000000	39.000000	757.000000	362.000000	26.000000	744.206298	351.758495	2.000000	31.617055
13.000000	42.000000	40.000000	512.000000	105.000000	4.000000	508.856242	119.583081	1.000000	32.465286
14.000000	1.000000	1.000000	762.000000	305.000000	16.000000	757.642446	291.750396	1.000000	1.053476
14.000000	2.000000	2.000000	760.000000	337.000000	26.000000	744.593159	337.620343	1.000000	1.429733
14.000000	3.000000	3.000000	669.000000	282.000000	15.000000	671.818819	271.553906	2.000000	1.981687
14.000000	4.000000	4.000000	670.000000	126.000000	5.000000	671.760725	131.928146	1.000000	2.645120
14.000000	5.000000	5.000000	961.000000	152.000000	8.000000	953.472074	135.859922	1.000000	3.636280
14.000000	6.000000	6.000000	984.000000	241.000000	18.000000	985.510365	247.594931	2.000000	4.172676
14.000000	7.000000	7.000000	990.000000	367.000000	28.000000	982.226399	371.340072	1.000000	4.662116
14.000000	8.000000	8.000000	1110.000000	381.000000	29.000000	1095.510683	396.289347	2.000000	5.286044
14.000000	9.000000	9.000000	1199.000000	176.000000	10.000000	1210.418612	178.324435	1.000000	6.150340
14.000000	10.000000	10.000000	999.000000	573.000000	48.000000	986.760462	568.366600	1.000000	7.236195
14.000000	11.000000	11.000000	1216.000000	689.000000	60.000000	1217.683261	684.378813	1.000000	8.036525
14.000000	12.000000	12.000000	1075.000000	940.000000	79.000000	1068.451373	929.836561	1.000000	9.205063
14.000000	13.000000	13.000000	850.000000	897.000000	77.000000	842.441912	897.331423	2.000000	10.061311
14.000000	14.000000	14.000000	662.000000	825.000000	65.000000	659.924852	812.286431	2.000000	11.510471
14.000000	15.000000	15.000000	648.000000	691.000000	55.000000	632.235503	701.485116	1.000000	12.067989
14.000000	16.000000	16.000000	645.000000	624.000000	45.000000	645.492709	609.005564	2.000000	12.533598
14.000000	17.000000	17.000000	730.000000	599.000000	46.000000	734.054035	594.858114	1.000000	13.141778
14.000000	18.000000	18.000000	757.000000	459.000000	36.000000	758.390234	453.568926	1.000000	13.620866
14.000000	19.000000	19.000000	626.000000	505.000000	35.000000	630.977026	495.561482	1.000000	14.292718
14.000000	20.000000	20.000000	560.000000	367.000000	24.000000	550.296815	360.055148	1.000000	14.989225
14.000000	21.000000	21.000000	432.000000	493.000000	33.000000	433.544353	483.959296	1.000000	15.822345
14.000000	22.000000	22.000000	402.000000	560.000000	43.000000	399.411254	556.825979	1.000000	16.660642
14.000000	23.000000	23.000000	538.000000	670.000000	54.000000	527.131782	672.373723	2.000000	18.653963
14.000000	24.000000	24.000000	330.000000	878.000000	72.000000	331.729975	875.952470	2.000000	19.630073
14.000000	25.000000	25.000000	226.000000	905.000000	71.000000	209.663279	903.956850	1.000000	20.318283
14.000000	26.000000	26.000000	468.000000	900.000000	73.000000	448.777570	901.235098	1.000000	20.981334
14.000000	27.000000	27.000000	238.000000	806.000000	61.000000	221.333319	794.455848	2.000000	21.732405
14.000000	28.000000	28.000000	354.000000	681.000000	52.000000	341.620005	689.447321	2.000000	22.340976
14.000000	29.000000	29.000000	322.000000	559.000000	42.000000	317.703680	572.163389	1.000000	22.766464
14.000000	30.000000	0.000000	224.000000	431.000000	31.000000	208.734451	451.669580	2.000000	23.357576
14.000000	31.000000	30.000000	344.000000	467.000000	32.000000	333.935239	456.925052	2.000000	23.973496
14.000000	32.000000	31.000000	194.000000	458.000000	31.000000	208.734451	451.669580	2.000000	24.766368
14.000000	33.000000	32.000000	221.000000	396.000000	21.000000	227.764594	399.419165	1.000000	25.436373
14.000000	34.000000	33.000000	309.000000	367.000000	22.000000	292.909049	348.519445	2.000000	26.125069
14.000000	35.000000	34.000000	451.000000	268.000000	13.000000	440.150386	278.558337	2.000000	26.964472
14.000000	36.000000	35.000000	408.000000	352.000000	23.000000	413.853133	341.668022	2.000000	27.540329
14.000000	37.000000	36.000000	305.000000	224.000000	12.000000	299.343174	225.574713	2.000000	28.214331
14.000000	38.000000	37.000000	211.000000	178.000000	1.000000	208.463223	169.812737	2.000000	28.805106
14.000000	39.000000	38.000000	338.000000	165.000000	2.000000	331.482501	144.249538	2.000000	29.413967
14.000000	40.000000	39.000000	433.000000	137.000000	3.000000	442.807293	123.410496	2.000000	30.156607
14.000000	41.000000	40.000000	549.000000	170.000000	4.000000	542.908098	158.966284	2.000000	30.836448
15.000000	1.000000	0.000000	340.000000	415.000000	32.000000	325.335565	437.046002	2.000000	0.696816
15.000000	2.000000	1.000000	340.000000	432.000000	32.000000	325.335565	437.046002	2.000000	1.474184
15.000000	3.000000	2.000000	393.000000	354.000000	23.000000	399.436976	353.317378	1.000000	2.216795
15.000000	4.000000	0.000000	162.000000	387.000000	21.000000	183.275115	370.224782	2.000000	2.890194
15.000000	5.000000	3.000000	188.000000	358.000000	21.000000	183.275115	370.224782	2.000000	3.513382
15.000000	6.000000	4.000000	235.000000	547.000000	41.000000	231.393198	550.868746	1.000000	4.097062
15.000000	7.000000	5.000000	294.000000	644.000000	52.000000	293.765376	655.851399	1.000000	4.881248
15.000000	8.000000	6.000000	232.000000	782.000000	61.000000	227.348520	780.065243	1.000000	5.690284
15.000000	9.000000	7.000000	463.000000	688.000000	53.000000	450.757441	676.594360	2.000000	6.448442
15.000000	10.000000	8.000000	529.000000	696.000000	54.000000	516.068625	699.062724	2.000000	7.256855
15.000000	11.000000	9.000000	503.000000	564.000000	44.000000	513.919512	570.509130	1.000000	7.696713
15.000000	12.000000	10.000000	510.000000	502.000000	34.000000	520.735475	488.277532	1.000000	8.200373
15.000000	13.000000	11.000000	444.000000	510.000000	33.000000	442.479648	505.531956	1.000000	8.664296
15.000000	14.000000	12.000000	608.000000	460.000000	35.000000	618.686328	445.682089	1.000000	9.424234
15.000000	15.000000	13.000000	667.000000	678.000000	55.000000	669.996581	694.505550	2.000000	10.145421
15.000000	16.000000	14.000000	735.000000	712.000000	56.000000	734.529507	715.419012	2.000000	10.786087
15.000000	17.000000	15.000000	562.000000	904.000000	74.000000	557.044703	897.965759	1.000000	11.777924
15.000000	18.000000	16.000000	665.000000	885.000000	75.000000	661.269497	879.115175	1.000000	12.328569
15.000000	19.000000	17.000000	749.000000	814.000000	66.000000	766.705510	813.110136	1.000000	13.017454
15.000000	20.000000	18.000000	847.000000	893.000000	77.000000	847.509743	900.576674	2.000000	13.665842
15.000000	21.000000	19.000000	860.000000	751.000000	67.000000	862.084533	762.879015	1.000000	14.344416
15.000000	22.000000	20.000000	838.000000	666.000000	57.000000	845.067394	656.315571	1.000000	14.784949
15.000000	23.000000	21.000000	761.000000	571.000000	46.000000	752.801369	567.706508	2.000000	15.346068
15.000000	24.000000	22.000000	887.000000	511.000000	37.000000	889.523969	500.621945	1.000000	15.889979
15.000000	25.000000	23.000000	949.000000	463.000000	38.000000	950.455516	461.410987	1.000000	16.392796
15.000000	26.000000	24.000000	1010.000000	666.000000	58.000000	994.944838	656.807786	2.000000	17.010308
15.000000	27.000000	25.000000	1066.000000	649.000000	59.000000	1077.576634	651.513757	2.000000	17.712664
15.000000	28.000000	26.000000	1090.000000	799.000000	69.000000	1107.999339	810.980940	2.000000	18.282091
15.000000	29.000000	27.000000	1164.000000	858.000000	80.000000	1167.884316	878.212476	2.000000	18.920199
15.000000	30.000000	28.000000	1228.000000	663.000000	60.000000	1217.150698	668.053472	2.000000	20.848387
15.000000	31.000000	29.000000	1197.000000	610.000000	50.000000	1178.540015	601.794853	2.000000	21.504823
15.000000	32.000000	30.000000	1183.000000	458.000000	40.000000	1184.994591	447.282424	1.000000	22.328956
15.000000	33.000000	31.000000	1118.000000	405.000000	29.000000	1105.376821	388.432041	1.000000	22.992744
15.000000	34.000000	32.000000	1067.000000	456.000000	39.000000	1080.937800	473.051156	1.000000	23.714125
15.000000	35.000000	0.000000	1156.000000	400.000000	30.000000	1168.508968	377.541020	2.000000	24.496238
15.000000	36.000000	0.000000	1169.000000	338.000000	30.000000	1168.508968	377.541020	2.000000	24.928372
15.000000	37.000000	33.000000	1184.000000	262.000000	20.000000	1190.278223	266.584351	2.000000	26.033414
15.000000	38.000000	34.000000	1176.000000	361.000000	30.000000	1168.508968	377.541020	2.000000	26.664871
15.000000	39.000000	35.000000	1179.000000	136.000000	10.000000	1194.732387	136.207155	1.000000	27.409273
15.000000	40.000000	36.000000	1118.000000	161.000000	9.000000	1095.930847	154.672640	2.000000	27.985500
15.000000	41.000000	37.000000	994.000000	284.000000	18.000000	988.068580	281.489044	2.000000	28.680420
15.000000	42.000000	38.000000	948.000000	373.000000	28.000000	949.304336	387.220221	2.000000	29.400658
15.000000	43.000000	39.000000	877.000000	333.000000	27.000000	866.856205	333.652189	1.000000	29.914245
15.000000	44.000000	40.000000	621.000000	229.000000	15.000000	618.332388	229.621105	2.000000	30.745005
16.000000	1.000000	1.000000	550.000000	139.000000	4.000000	540.274249	119.144243	1.000000	1.555442
16.000000	2.000000	2.000000	521.000000	238.000000	14.000000	530.935578	244.769011	2.000000	2.059746
16.000000	3.000000	3.000000	406.000000	180.000000	3.000000	425.206614	173.053769	1.000000	2.532018
16.000000	4.000000	4.000000	334.000000	183.000000	2.000000	321.588378	178.416079	2.000000	2.995112
16.000000	5.000000	5.000000	220.000000	156.000000	1.000000	217.043324	153.485489	1.000000	3.355747
16.000000	6.000000	6.000000	195.000000	272.000000	11.000000	184.364157	282.449076	1.000000	3.803482
16.000000	7.000000	7.000000	429.000000	333.000000	23.000000	421.992312	330.677976	2.000000	4.380259
16.000000	8.000000	8.000000	419.000000	446.000000	33.000000	405.973460	463.503569	1.000000	4.882887
16.000000	9.000000	9.000000	515.000000	466.000000	34.000000	531.561515	460.236326	1.000000	5.346400
16.000000	10.000000	10.000000	573.000000	399.000000	24.000000	557.157017	388.249609	1.000000	5.674844
16.000000	11.000000	11.000000	626.000000	371.000000	25.000000	642.055093	365.004795	1.000000	6.003784
16.000000	12.000000	0.000000	199.000000	625.000000	41.000000	192.796359	595.108039	1.000000	6.844242
16.000000	13.000000	12.000000	205.000000	605.000000	41.000000	192.796359	595.108039	1.000000	7.610370
16.000000	14.000000	13.000000	224.000000	645.000000	51.000000	222.009297	652.547264	2.000000	7.963825
16.000000	15.000000	14.000000	194.000000	792.000000	61.000000	183.131600	794.281273	2.000000	8.532205
16.000000	16.000000	15.000000	294.000000	798.000000	62.000000	305.223879	792.761844	2.000000	8.954807
16.000000	17.000000	16.000000	244.000000	918.000000	71.000000	227.247486	922.788651	1.000000	9.642314
16.000000	18.000000	17.000000	401.000000	786.000000	63.000000	411.664091	777.578421	2.000000	10.260066
16.000000	19.000000	18.000000	417.000000	687.000000	53.000000	411.434275	683.043938	1.000000	10.603925
16.000000	20.000000	19.000000	530.000000	678.000000	54.000000	525.000960	659.430990	1.000000	10.963167
16.000000	21.000000	20.000000	514.000000	762.000000	64.000000	513.874248	779.263496	1.000000	11.354495
16.000000	22.000000	21.000000	615.000000	916.000000	75.000000	630.616604	930.808286	1.000000	12.003652
16.000000	23.000000	22.000000	743.000000	879.000000	76.000000	754.103786	868.995328	2.000000	12.667110
16.000000	24.000000	23.000000	642.000000	689.000000	55.000000	634.203561	670.999300	2.000000	13.219637
16.000000	25.000000	0.000000	572.000000	590.000000	44.000000	555.424331	569.961903	2.000000	13.708013
16.000000	26.000000	24.000000	571.000000	578.000000	44.000000	555.424331	569.961903	2.000000	14.243593
16.000000	27.000000	25.000000	751.000000	545.000000	46.000000	747.878046	554.809674	2.000000	15.539542
16.000000	28.000000	26.000000	898.000000	770.000000	67.000000	891.087634	774.779471	2.000000	16.234635
16.000000	29.000000	27.000000	978.000000	915.000000	78.000000	964.177700	922.860729	2.000000	16.916329
16.000000	30.000000	28.000000	981.000000	694.000000	58.000000	982.211009	676.161727	1.000000	17.515817
16.000000	31.000000	29.000000	983.000000	624.000000	48.000000	985.811836	604.929817	1.000000	17.884158
16.000000	32.000000	30.000000	1158.000000	769.000000	70.000000	1176.009156	773.116454	2.000000	18.556115
16.000000	33.000000	31.000000	1208.000000	480.000000	40.000000	1206.437432	465.483554	1.000000	19.483614
16.000000	34.000000	32.000000	972.000000	469.000000	38.000000	969.492178	453.027324	1.000000	20.218719
16.000000	35.000000	33.000000	886.000000	448.000000	37.000000	892.260816	438.492062	1.000000	20.571530
16.000000	36.000000	34.000000	999.000000	376.000000	28.000000	989.597316	376.281634	2.000000	20.938562
16.000000	37.000000	35.000000	956.000000	277.000000	18.000000	967.790031	274.492437	2.000000	21.364260
16.000000	38.000000	36.000000	867.000000	272.000000	17.000000	846.865567	270.156133	1.000000	21.754453
16.000000	39.000000	37.000000	782.000000	188.000000	6.000000	759.579589	187.851210	2.000000	22.210302
16.000000	40.000000	38.000000	873.000000	162.000000	7.000000	875.262029	145.217075	2.000000	22.803708
16.000000	41.000000	39.000000	1197.000000	182.000000	10.000000	1214.434829	181.040475	2.000000	23.842741
16.000000	42.000000	40.000000	1181.000000	242.000000	20.000000	1195.108335	257.808362	2.000000	24.155842
17.000000	1.000000	1.000000	1207.000000	366.000000	30.000000	1205.864406	368.659839	1.000000	0.947476
17.000000	2.000000	2.000000	1096.000000	271.000000	19.000000	1085.803011	272.303506	1.000000	1.395418
17.000000	3.000000	3.000000	1078.000000	139.000000	9.000000	1068.262583	126.931428	1.000000	1.777799
17.000000	4.000000	4.000000	989.000000	182.000000	8.000000	978.609018	183.939924	1.000000	2.195021
17.000000	5.000000	5.000000	986.000000	276.000000	18.000000	984.284033	289.180748	1.000000	2.553683
17.000000	6.000000	6.000000	1053.000000	392.000000	29.000000	1061.294477	375.435022	2.000000	3.203555
17.000000	7.000000	7.000000	740.000000	194.000000	6.000000	744.140965	180.717454	1.000000	4.146853
17.000000	8.000000	8.000000	842.000000	163.000000	7.000000	850.654556	153.039043	2.000000	4.562767
17.000000	9.000000	9.000000	1166.000000	573.000000	50.000000	1176.790429	584.088668	2.000000	5.371481
17.000000	10.000000	10.000000	1204.000000	707.000000	60.000000	1204.446269	718.073399	2.000000	5.945541
17.000000	11.000000	11.000000	1199.000000	899.000000	80.000000	1197.989210	899.646567	1.000000	6.562946
17.000000	12.000000	12.000000	982.000000	914.000000	78.000000	980.599562	903.166891	1.000000	7.219059
17.000000	13.000000	13.000000	863.000000	888.000000	77.000000	873.959233	874.114467	1.000000	7.953614
17.000000	14.000000	14.000000	863.000000	824.000000	67.000000	857.995414	801.747463	1.000000	8.338074
17.000000	15.000000	15.000000	953.000000	609.000000	48.000000	956.828868	590.476185	1.000000	9.089349
17.000000	16.000000	16.000000	979.000000	692.000000	58.000000	986.978435	695.404125	2.000000	9.523731
17.000000	17.000000	17.000000	873.000000	583.000000	47.000000	878.767638	584.728844	2.000000	9.955328
17.000000	18.000000	18.000000	775.000000	469.000000	36.000000	774.847112	478.522403	1.000000	10.329907
17.000000	19.000000	0.000000	638.000000	415.000000	25.000000	620.115886	395.724187	2.000000	10.819022
17.000000	20.000000	19.000000	556.000000	371.000000	24.000000	559.478602	364.199386	1.000000	11.313705
17.000000	21.000000	20.000000	624.000000	399.000000	25.000000	620.115886	395.724187	2.000000	11.738566
17.000000	22.000000	21.000000	568.000000	248.000000	14.000000	547.983925	239.254434	2.000000	12.273721
17.000000	23.000000	22.000000	439.000000	238.000000	13.000000	437.390321	229.570742	2.000000	13.443608
17.000000	24.000000	23.000000	347.000000	222.000000	12.000000	333.482560	224.386778	2.000000	13.898601
17.000000	25.000000	24.000000	226.000000	134.000000	1.000000	218.247754	140.712307	1.000000	14.410553
17.000000	26.000000	25.000000	209.000000	271.000000	11.000000	193.471845	274.377871	2.000000	14.994633
17.000000	27.000000	26.000000	306.000000	401.000000	22.000000	312.791747	392.572503	2.000000	15.609692
17.000000	28.000000	27.000000	396.000000	351.000000	23.000000	409.959070	345.101666	2.000000	16.099453
17.000000	29.000000	28.000000	417.000000	484.000000	33.000000	427.652502	479.678219	2.000000	16.601578
17.000000	30.000000	29.000000	517.000000	499.000000	34.000000	522.494699	491.421498	2.000000	16.993695
17.000000	31.000000	30.000000	215.000000	547.000000	41.000000	195.997047	544.906574	1.000000	17.730421
17.000000	32.000000	31.000000	218.000000	708.000000	51.000000	208.595124	718.817354	2.000000	18.322533
17.000000	33.000000	32.000000	520.000000	722.000000	54.000000	510.104714	718.421822	2.000000	19.154464
17.000000	34.000000	33.000000	519.000000	807.000000	64.000000	514.684187	819.416128	2.000000	19.553487
17.000000	35.000000	34.000000	616.000000	777.000000	65.000000	622.060924	779.692310	2.000000	19.979267
17.000000	36.000000	35.000000	453.000000	904.000000	73.000000	443.280817	917.624932	2.000000	20.627202
17.000000	37.000000	36.000000	354.000000	895.000000	72.000000	341.618864	897.439421	1.000000	21.139144
17.000000	38.000000	37.000000	342.000000	773.000000	62.000000	327.677650	770.544215	1.000000	21.545656
17.000000	39.000000	38.000000	661.000000	728.000000	55.000000	649.889204	719.872159	1.000000	22.353654
17.000000	40.000000	39.000000	660.000000	919.000000	75.000000	663.054639	915.150086	1.000000	22.946652
17.000000	41.000000	40.000000	721.000000	889.000000	76.000000	738.958059	891.217624	1.000000	23.329534
18.000000	1.000000	1.000000	554.000000	607.000000	44.000000	551.187316	600.667494	2.000000	0.930462
18.000000	2.000000	2.000000	554.000000	670.000000	54.000000	550.144485	673.539153	2.000000	1.250288
18.000000	3.000000	3.000000	553.000000	815.000000	64.000000	555.676698	805.323917	1.000000	1.698434
18.000000	4.000000	0.000000	465.000000	789.000000	63.000000	441.066791	777.893974	1.000000	2.281476
18.000000	5.000000	4.000000	456.000000	784.000000	63.000000	441.066791	777.893974	1.000000	2.641730
18.000000	6.000000	5.000000	435.000000	903.000000	73.000000	419.777166	900.572332	1.000000	3.194230
18.000000	7.000000	6.000000	201.000000	870.000000	71.000000	202.811600	867.467019	1.000000	4.225529
18.000000	8.000000	7.000000	185.000000	698.000000	51.000000	181.599013	682.298128	2.000000	4.905505
18.000000	9.000000	8.000000	274.000000	683.000000	52.000000	288.973478	673.950616	2.000000	5.441762
18.000000	10.000000	9.000000	433.000000	691.000000	53.000000	423.938180	676.762332	2.000000	5.890282
18.000000	11.000000	10.000000	432.000000	616.000000	43.000000	424.331212	608.434751	1.000000	6.408541
18.000000	12.000000	11.000000	407.000000	514.000000	33.000000	407.415502	496.859326	1.000000	6.897233
18.000000	13.000000	0.000000	231.000000	385.000000	21.000000	211.679749	367.224564	1.000000	7.929114
18.000000	14.000000	12.000000	216.000000	359.000000	21.000000	211.679749	367.224564	1.000000	8.905368
18.000000	15.000000	13.000000	187.000000	152.000000	1.000000	179.202340	144.315621	1.000000	9.529598
18.000000	16.000000	14.000000	406.000000	328.000000	23.000000	412.445469	338.661541	2.000000	10.202432
18.000000	17.000000	15.000000	442.000000	233.000000	13.000000	451.255498	240.068756	2.000000	10.546077
18.000000	18.000000	16.000000	407.000000	169.000000	3.000000	421.940211	179.731887	2.000000	10.897698
18.000000	19.000000	17.000000	565.000000	371.000000	24.000000	562.278167	357.987151	1.000000	12.137678
18.000000	20.000000	18.000000	533.000000	199.000000	4.000000	530.111054	184.882910	1.000000	12.905341
18.000000	21.000000	19.000000	616.000000	123.000000	5.000000	620.233677	123.038375	1.000000	14.042165
18.000000	22.000000	20.000000	746.000000	274.000000	16.000000	741.928400	271.482473	1.000000	14.626285
18.000000	23.000000	21.000000	668.000000	360.000000	25.000000	661.037795	360.434269	1.000000	15.128571
18.000000	24.000000	22.000000	797.000000	468.000000	36.000000	781.421273	467.976633	2.000000	15.777486
18.000000	25.000000	23.000000	864.000000	485.000000	37.000000	850.781255	476.880346	1.000000	16.528927
18.000000	26.000000	24.000000	859.000000	574.000000	47.000000	859.393543	566.469332	1.000000	16.944826
18.000000	27.000000	25.000000	760.000000	780.000000	66.000000	748.835602	780.501515	2.000000	17.696935
18.000000	28.000000	26.000000	633.000000	865.000000	75.000000	628.800538	872.033687	2.000000	18.401671
18.000000	29.000000	27.000000	889.000000	789.000000	67.000000	889.575325	789.621983	1.000000	19.040953
18.000000	30.000000	28.000000	1172.000000	755.000000	70.000000	1193.163816	757.964889	1.000000	19.849349
18.000000	31.000000	29.000000	1102.000000	665.000000	59.000000	1094.292989	671.572607	1.000000	20.345758
18.000000	32.000000	30.000000	1197.000000	684.000000	60.000000	1195.384039	685.959564	2.000000	20.905121
18.000000	33.000000	31.000000	960.000000	434.000000	38.000000	966.718948	443.400891	2.000000	21.578120
18.000000	34.000000	32.000000	957.000000	378.000000	28.000000	960.512174	389.957621	1.000000	21.880976
18.000000	35.000000	33.000000	1098.000000	387.000000	29.000000	1092.876176	386.866478	2.000000	22.322425
18.000000	36.000000	34.000000	1179.000000	370.000000	30.000000	1196.985915	369.125544	2.000000	22.896381
18.000000	37.000000	35.000000	1178.000000	312.000000	20.000000	1171.230770	289.680320	1.000000	23.249162
18.000000	38.000000	36.000000	1099.000000	270.000000	19.000000	1080.617010	253.720758	2.000000	23.730447
18.000000	39.000000	0.000000	1106.000000	170.000000	9.000000	1097.328742	134.231918	2.000000	24.162144
18.000000	40.000000	0.000000	1111.000000	159.000000	9.000000	1097.328742	134.231918	2.000000	24.568530
18.000000	41.000000	37.000000	1102.000000	147.000000	9.000000	1097.328742	134.231918	2.000000	25.089858
18.000000	42.000000	38.000000	1188.000000	141.000000	10.000000	1192.029325	128.486804	2.000000	25.665761
18.000000	43.000000	39.000000	906.000000	170.000000	7.000000	889.229445	174.488449	2.000000	26.386482
18.000000	44.000000	40.000000	898.000000	246.000000	17.000000	885.610823	245.329032	2.000000	26.744748
19.000000	1.000000	1.000000	1117.000000	679.000000	59.000000	1111.039891	666.576014	1.000000	0.715334
19.000000	2.000000	2.000000	1086.000000	619.000000	49.000000	1082.064455	605.234180	2.000000	1.035836
19.000000	3.000000	3.000000	1190.000000	555.000000	50.000000	1184.813285	545.204250	2.000000	1.547354
19.000000	4.000000	4.000000	1217.000000	814.000000	70.000000	1219.448109	815.329774	1.000000	2.156042
19.000000	5.000000	5.000000	975.000000	721.000000	58.000000	988.185116	717.855192	1.000000	2.779237
19.000000	6.000000	6.000000	968.000000	802.000000	68.000000	975.598340	796.041250	2.000000	3.165183
19.000000	7.000000	7.000000	954.000000	889.000000	78.000000	947.956823	902.377582	2.000000	3.787140
19.000000	8.000000	8.000000	1092.000000	904.000000	79.000000	1080.525973	913.224662	2.000000	4.211219
19.000000	9.000000	0.000000	869.000000	838.000000	67.000000	848.827147	821.927780	1.000000	4.956507
19.000000	10.000000	9.000000	842.000000	828.000000	67.000000	848.827147	821.927780	1.000000	5.540993
19.000000	11.000000	10.000000	760.000000	916.000000	76.000000	747.750622	925.341700	1.000000	6.077003
19.000000	12.000000	11.000000	773.000000	782.000000	66.000000	768.545985	767.748500	2.000000	6.507281
19.000000	13.000000	12.000000	777.000000	622.000000	46.000000	759.839284	610.509141	1.000000	7.108404
19.000000	14.000000	13.000000	867.000000	575.000000	47.000000	872.994892	559.396291	1.000000	7.523705
19.000000	15.000000	14.000000	956.000000	575.000000	48.000000	957.339726	570.757269	2.000000	7.947953
19.000000	16.000000	15.000000	969.000000	485.000000	38.000000	979.114415	477.169351	2.000000	8.475297
19.000000	17.000000	16.000000	792.000000	495.000000	36.000000	781.878154	499.803859	2.000000	9.101153
19.000000	18.000000	0.000000	650.000000	564.000000	45.000000	645.819727	589.648836	1.000000	9.621245
19.000000	19.000000	0.000000	531.000000	579.000000	44.000000	510.841560	594.126127	1.000000	10.147512
19.000000	20.000000	17.000000	662.000000	601.000000	45.000000	645.819727	589.648836	1.000000	10.556756
19.000000	21.000000	18.000000	522.000000	599.000000	44.000000	510.841560	594.126127	1.000000	11.091552
19.000000	22.000000	19.000000	543.000000	697.000000	54.000000	545.501134	704.524981	1.000000	11.555935
19.000000	23.000000	20.000000	421.000000	750.000000	63.000000	409.102982	757.032253	1.000000	12.739324
19.000000	24.000000	21.000000	426.000000	900.000000	73.000000	429.741769	888.207765	2.000000	13.315882
19.000000	25.000000	22.000000	307.000000	876.000000	72.000000	316.944970	875.439548	2.000000	14.043582
19.000000	26.000000	23.000000	340.000000	763.000000	62.000000	342.291118	778.868447	1.000000	14.453031
19.000000	27.000000	24.000000	208.000000	799.000000	61.000000	199.620921	812.376420	1.000000	15.028332
19.000000	28.000000	25.000000	212.000000	679.000000	51.000000	192.073104	678.935094	2.000000	15.436170
19.000000	29.000000	26.000000	199.000000	608.000000	41.000000	197.600587	605.006718	2.000000	15.835211
19.000000	30.000000	27.000000	327.000000	587.000000	42.000000	326.341140	572.211427	2.000000	16.380615
19.000000	31.000000	28.000000	220.000000	469.000000	31.000000	211.777697	464.966520	1.000000	17.532791
19.000000	32.000000	29.000000	216.000000	356.000000	21.000000	215.363025	353.194365	2.000000	18.005124
19.000000	33.000000	30.000000	411.000000	364.000000	23.000000	425.223151	359.112235	2.000000	18.677208
19.000000	34.000000	31.000000	549.000000	495.000000	34.000000	552.248787	486.388434	2.000000	19.323390
19.000000	35.000000	32.000000	313.000000	240.000000	12.000000	305.244600	243.201566	1.000000	20.165016
19.000000	36.000000	33.000000	324.000000	155.000000	2.000000	330.901977	149.388124	1.000000	20.499881
19.000000	37.000000	34.000000	536.000000	271.000000	14.000000	551.721868	258.437015	2.000000	21.101245
19.000000	38.000000	35.000000	661.000000	271.000000	15.000000	653.126861	252.384011	2.000000	21.644660
19.000000	39.000000	36.000000	677.000000	134.000000	5.000000	669.772233	134.520592	1.000000	22.835340
19.000000	40.000000	37.000000	722.000000	182.000000	6.000000	737.882024	181.218141	1.000000	23.452698
19.000000	41.000000	38.000000	786.000000	258.000000	16.000000	780.992447	252.615404	1.000000	23.859899
19.000000	42.000000	39.000000	1001.000000	183.000000	8.000000	998.140240	173.689194	1.000000	24.587653
19.000000	43.000000	40.000000	961.000000	250.000000	18.000000	951.859417	259.734442	2.000000	25.012170
20.000000	1.000000	1.000000	980.000000	146.000000	8.000000	968.279236	159.163881	1.000000	1.799667
20.000000	2.000000	2.000000	1218.000000	222.000000	20.000000	1220.099209	233.156927	1.000000	2.919693
20.000000	3.000000	3.000000	1192.000000	389.000000	30.000000	1183.286289	398.235081	1.000000	3.625081
20.000000	4.000000	4.000000	1201.000000	438.000000	40.000000	1193.759469	448.401200	1.000000	4.023438
20.000000	5.000000	5.000000	1095.000000	293.000000	19.000000	1095.854670	294.998379	2.000000	4.687975
20.000000	6.000000	6.000000	1080.000000	338.000000	29.000000	1066.390584	342.207182	2.000000	5.256463
20.000000	7.000000	7.000000	1007.000000	470.000000	38.000000	1000.094870	464.688815	2.000000	6.016521
20.000000	8.000000	8.000000	1174.000000	628.000000	50.000000	1180.285283	611.545550	2.000000	6.961104
20.000000	9.000000	9.000000	1177.000000	682.000000	60.000000	1173.306425	697.645700	2.000000	7.665127
20.000000	10.000000	10.000000	1092.000000	710.000000	59.000000	1069.515498	719.551514	1.000000	8.416576
20.000000	11.000000	11.000000	1110.000000	913.000000	79.000000	1101.901395	914.211496	1.000000	9.785337
20.000000	12.000000	12.000000	992.000000	894.000000	78.000000	972.635871	890.540617	2.000000	10.592581
20.000000	13.000000	13.000000	766.000000	896.000000	76.000000	748.656824	888.321254	2.000000	11.312314
20.000000	14.000000	14.000000	684.000000	872.000000	75.000000	670.270354	867.502947	1.000000	11.879393
20.000000	15.000000	0.000000	779.000000	754.000000	66.000000	764.043602	780.946479	2.000000	12.599770
20.000000	16.000000	15.000000	771.000000	770.000000	66.000000	764.043602	780.946479	2.000000	13.176139
20.000000	17.000000	16.000000	785.000000	698.000000	56.000000	773.253127	687.729925	2.000000	13.913380
20.000000	18.000000	17.000000	882.000000	695.000000	57.000000	884.337561	682.718144	1.000000	14.432430
20.000000	19.000000	18.000000	735.000000	475.000000	36.000000	735.504494	484.632665	1.000000	15.377359
20.000000	20.000000	19.000000	684.000000	485.000000	35.000000	670.969047	480.679227	1.000000	15.825209
20.000000	21.000000	20.000000	672.000000	368.000000	25.000000	663.943902	360.978760	1.000000	16.423685
20.000000	22.000000	21.000000	663.000000	272.000000	15.000000	665.701694	264.937139	1.000000	17.088093
20.000000	23.000000	22.000000	739.000000	251.000000	16.000000	740.921482	236.306303	1.000000	17.648535
20.000000	24.000000	23.000000	831.000000	151.000000	7.000000	841.405770	154.447197	2.000000	18.360573
20.000000	25.000000	24.000000	749.000000	175.000000	6.000000	747.161640	167.063661	2.000000	18.855953
20.000000	26.000000	25.000000	686.000000	161.000000	5.000000	664.697081	152.933983	2.000000	19.344384
20.000000	27.000000	26.000000	567.000000	140.000000	4.000000	556.365371	124.028206	1.000000	20.199669
20.000000	28.000000	27.000000	552.000000	327.000000	24.000000	553.187591	335.384692	1.000000	21.016334
20.000000	29.000000	28.000000	625.000000	659.000000	55.000000	630.703201	653.455754	1.000000	22.488406
20.000000	30.000000	29.000000	568.000000	781.000000	64.000000	553.449372	785.153887	1.000000	23.336783
20.000000	31.000000	30.000000	419.000000	777.000000	63.000000	403.155474	775.541378	2.000000	24.040511
20.000000	32.000000	31.000000	334.000000	793.000000	62.000000	328.037393	791.398254	2.000000	25.465191
20.000000	33.000000	32.000000	226.000000	784.000000	61.000000	227.165674	768.131532	2.000000	26.007729
20.000000	34.000000	33.000000	210.000000	855.000000	71.000000	200.068906	862.610237	2.000000	26.608246
20.000000	35.000000	34.000000	204.000000	651.000000	51.000000	211.451673	673.892429	2.000000	27.168077
20.000000	36.000000	35.000000	289.000000	658.000000	52.000000	289.325333	676.313966	2.000000	27.784102
20.000000	37.000000	36.000000	230.000000	559.000000	41.000000	227.257265	570.891164	2.000000	28.328885
20.000000	38.000000	37.000000	436.000000	434.000000	33.000000	433.256553	449.888031	1.000000	29.168045
20.000000	39.000000	38.000000	336.000000	264.000000	12.000000	331.345554	264.954060	1.000000	29.823689
20.000000	40.000000	39.000000	164.000000	258.000000	11.000000	179.840737	257.646675	2.000000	30.719357
20.000000	41.000000	40.000000	186.000000	122.000000	1.000000	203.147386	132.224598	1.000000	31.583458
