MultiTargForag_2	Participant_Code = 24
Search_Type = 1	CB_Targets = 1
Trial	Click_Num	Target_Click_Order	Click_X	Click_y	Item_selected	Item_X	Item_Y	Target_Set	RT
1.000000	1.000000	1.000000	314.000000	130.000000	2.000000	312.427118	136.259146	1.000000	2.040101
1.000000	2.000000	2.000000	251.000000	257.000000	11.000000	248.079053	256.488980	1.000000	2.532501
1.000000	3.000000	3.000000	348.000000	312.000000	12.000000	357.733387	309.624376	1.000000	3.164556
1.000000	4.000000	4.000000	385.000000	445.000000	22.000000	381.387143	447.967040	2.000000	3.757720
1.000000	5.000000	5.000000	488.000000	303.000000	13.000000	480.760796	316.567583	2.000000	4.363971
1.000000	6.000000	6.000000	492.000000	107.000000	3.000000	486.899440	123.679347	2.000000	4.915960
1.000000	7.000000	7.000000	831.000000	109.000000	6.000000	837.378485	118.642942	1.000000	5.572549
1.000000	8.000000	8.000000	1267.000000	116.000000	9.000000	1276.769065	118.697554	2.000000	6.564126
1.000000	9.000000	9.000000	1156.000000	178.000000	8.000000	1155.116901	189.931040	1.000000	7.012642
1.000000	10.000000	10.000000	1144.000000	312.000000	18.000000	1130.347912	322.486872	1.000000	7.547878
1.000000	11.000000	11.000000	1025.000000	314.000000	17.000000	1023.488722	316.662281	1.000000	7.965736
1.000000	12.000000	12.000000	1103.000000	361.000000	28.000000	1099.634634	373.180252	2.000000	8.371884
1.000000	13.000000	13.000000	1284.000000	314.000000	19.000000	1281.238557	317.885720	2.000000	9.020854
1.000000	14.000000	14.000000	879.000000	306.000000	16.000000	891.807629	314.044630	2.000000	9.629893
1.000000	15.000000	15.000000	761.000000	309.000000	15.000000	768.644256	318.970710	2.000000	10.413393
1.000000	16.000000	16.000000	607.000000	433.000000	24.000000	586.150753	442.224415	1.000000	11.044705
1.000000	17.000000	17.000000	306.000000	496.000000	32.000000	309.075472	503.192040	1.000000	12.101375
1.000000	18.000000	18.000000	242.000000	508.000000	31.000000	232.857962	515.902405	1.000000	12.477826
1.000000	19.000000	19.000000	197.000000	636.000000	41.000000	180.041664	640.681337	2.000000	12.988809
1.000000	20.000000	20.000000	367.000000	688.000000	42.000000	358.943110	700.015277	2.000000	13.476580
1.000000	21.000000	21.000000	513.000000	545.000000	33.000000	509.063250	551.351863	2.000000	14.101805
1.000000	22.000000	22.000000	515.000000	682.000000	43.000000	510.659293	696.976743	1.000000	14.741798
1.000000	23.000000	23.000000	1277.000000	498.000000	39.000000	1262.619404	494.030032	1.000000	16.395771
1.000000	24.000000	24.000000	1399.000000	533.000000	40.000000	1392.889538	530.979541	1.000000	17.003806
1.000000	25.000000	25.000000	1000.000000	508.000000	37.000000	993.496134	496.736205	2.000000	17.589520
1.000000	26.000000	26.000000	868.000000	685.000000	46.000000	866.470728	678.385986	2.000000	18.141639
1.000000	27.000000	27.000000	1239.000000	683.000000	49.000000	1242.846727	679.481807	2.000000	18.764435
1.000000	28.000000	28.000000	1407.000000	648.000000	50.000000	1407.947365	643.103520	1.000000	19.654050
1.000000	29.000000	29.000000	1392.000000	955.000000	70.000000	1400.949978	952.988409	1.000000	20.421173
1.000000	30.000000	30.000000	1218.000000	1059.000000	79.000000	1231.114141	1065.514254	2.000000	20.987710
1.000000	31.000000	31.000000	1027.000000	820.000000	57.000000	1022.616029	804.136769	2.000000	21.675780
1.000000	32.000000	32.000000	850.000000	784.000000	56.000000	848.471058	779.205008	1.000000	22.653218
1.000000	33.000000	33.000000	758.000000	761.000000	55.000000	748.468534	762.309242	2.000000	23.277139
1.000000	34.000000	34.000000	751.000000	947.000000	65.000000	744.451809	952.932406	1.000000	24.116552
1.000000	35.000000	35.000000	748.000000	1034.000000	75.000000	733.013938	1039.341046	2.000000	24.572323
1.000000	36.000000	36.000000	600.000000	1014.000000	74.000000	608.322053	1013.956542	2.000000	25.308545
1.000000	37.000000	37.000000	506.000000	1012.000000	73.000000	503.040805	1014.728384	2.000000	25.693307
1.000000	38.000000	38.000000	327.000000	1037.000000	72.000000	331.423321	1044.316450	1.000000	26.565861
1.000000	39.000000	39.000000	349.000000	878.000000	62.000000	356.817607	878.089639	1.000000	27.187440
1.000000	40.000000	40.000000	179.000000	892.000000	61.000000	177.701527	897.915927	1.000000	28.061883
1.000000	1.000000	1.000000	207.000000	201.000000	1.000000	201.617629	196.737072	1.000000	1.147573
1.000000	2.000000	2.000000	182.000000	297.000000	11.000000	181.850587	282.371833	1.000000	1.563418
1.000000	3.000000	3.000000	223.000000	362.000000	21.000000	235.177133	378.419128	2.000000	2.068737
1.000000	4.000000	4.000000	310.000000	274.000000	12.000000	308.068576	298.646149	2.000000	2.500143
1.000000	5.000000	5.000000	700.000000	307.000000	15.000000	709.984604	307.928952	1.000000	3.301489
1.000000	6.000000	6.000000	623.000000	152.000000	4.000000	616.017943	144.420712	2.000000	3.796687
1.000000	7.000000	7.000000	759.000000	179.000000	5.000000	752.183143	181.806874	2.000000	4.219838
1.000000	8.000000	8.000000	853.000000	155.000000	6.000000	851.162422	167.555867	2.000000	4.596180
1.000000	9.000000	9.000000	858.000000	247.000000	16.000000	857.902392	266.649785	1.000000	5.005026
1.000000	10.000000	10.000000	964.000000	265.000000	17.000000	972.976953	286.878193	1.000000	5.372629
1.000000	11.000000	11.000000	1160.000000	196.000000	8.000000	1161.565675	185.194566	1.000000	6.331355
1.000000	12.000000	12.000000	1299.000000	187.000000	9.000000	1287.938571	180.124571	1.000000	6.820077
1.000000	13.000000	13.000000	1164.000000	359.000000	28.000000	1152.446816	379.821435	2.000000	7.500635
1.000000	14.000000	0.000000	1308.000000	455.000000	29.000000	1283.167290	446.610883	1.000000	8.011562
1.000000	15.000000	14.000000	1290.000000	446.000000	29.000000	1283.167290	446.610883	1.000000	8.356234
1.000000	16.000000	15.000000	1115.000000	536.000000	38.000000	1109.204174	545.851346	2.000000	8.893582
1.000000	17.000000	16.000000	997.000000	577.000000	37.000000	992.401260	580.701605	2.000000	9.333526
1.000000	18.000000	17.000000	1012.000000	618.000000	47.000000	1001.614678	629.550966	2.000000	9.596514
1.000000	19.000000	18.000000	1153.000000	670.000000	48.000000	1142.236245	692.112580	2.000000	10.268878
1.000000	20.000000	19.000000	1252.000000	654.000000	49.000000	1236.577714	653.130141	2.000000	10.700950
1.000000	21.000000	20.000000	1143.000000	934.000000	68.000000	1141.460134	946.597412	2.000000	11.747525
1.000000	22.000000	21.000000	980.000000	944.000000	67.000000	998.362861	950.987986	1.000000	12.188160
1.000000	23.000000	22.000000	992.000000	1047.000000	77.000000	980.986359	1050.952848	2.000000	12.812554
1.000000	24.000000	23.000000	964.000000	792.000000	57.000000	965.010968	778.682489	1.000000	13.588664
1.000000	25.000000	24.000000	838.000000	782.000000	56.000000	835.984159	781.198009	1.000000	14.179994
1.000000	26.000000	25.000000	755.000000	764.000000	55.000000	762.828840	771.925500	1.000000	14.691476
1.000000	27.000000	26.000000	742.000000	909.000000	65.000000	729.687818	912.882109	1.000000	15.188190
1.000000	28.000000	27.000000	727.000000	675.000000	45.000000	719.997866	674.374726	2.000000	16.060943
1.000000	29.000000	28.000000	844.000000	568.000000	36.000000	840.751864	578.444583	1.000000	16.741563
1.000000	30.000000	29.000000	747.000000	527.000000	35.000000	749.238895	527.667754	2.000000	17.181461
1.000000	31.000000	30.000000	585.000000	513.000000	34.000000	587.172851	507.951644	2.000000	18.117214
1.000000	32.000000	31.000000	614.000000	411.000000	24.000000	618.756804	399.775364	2.000000	18.635613
1.000000	33.000000	32.000000	189.000000	666.000000	41.000000	199.729501	665.622876	1.000000	19.419838
1.000000	34.000000	33.000000	206.000000	801.000000	51.000000	200.494164	814.499240	1.000000	20.077183
1.000000	35.000000	34.000000	207.000000	914.000000	61.000000	207.857500	909.831405	1.000000	20.756506
1.000000	36.000000	35.000000	319.000000	1004.000000	72.000000	317.139891	1004.827921	1.000000	21.340041
1.000000	37.000000	36.000000	330.000000	878.000000	62.000000	323.391324	878.829283	1.000000	21.875705
1.000000	38.000000	37.000000	485.000000	919.000000	63.000000	479.357992	933.518832	1.000000	22.405199
1.000000	39.000000	38.000000	490.000000	798.000000	53.000000	498.072177	820.799195	2.000000	22.812489
1.000000	40.000000	39.000000	611.000000	799.000000	54.000000	619.643410	808.857949	2.000000	23.260569
1.000000	41.000000	40.000000	479.000000	659.000000	43.000000	475.302107	659.210877	2.000000	23.741036
2.000000	1.000000	1.000000	217.000000	164.000000	1.000000	226.570572	157.610683	2.000000	1.501366
2.000000	2.000000	2.000000	371.000000	169.000000	2.000000	365.000929	176.543370	1.000000	2.059941
2.000000	3.000000	3.000000	594.000000	170.000000	4.000000	609.583723	175.217299	2.000000	2.739975
2.000000	4.000000	4.000000	708.000000	174.000000	5.000000	713.589480	176.341327	2.000000	3.204546
2.000000	5.000000	5.000000	746.000000	308.000000	15.000000	745.263247	314.466716	2.000000	3.852003
2.000000	6.000000	0.000000	862.000000	311.000000	16.000000	833.409206	317.695942	2.000000	4.180238
2.000000	7.000000	6.000000	829.000000	314.000000	16.000000	833.409206	317.695942	2.000000	4.604304
2.000000	8.000000	7.000000	1022.000000	312.000000	17.000000	1032.410517	320.458238	1.000000	5.253075
2.000000	9.000000	8.000000	1165.000000	303.000000	18.000000	1157.525377	305.599817	1.000000	6.061123
2.000000	10.000000	9.000000	1382.000000	304.000000	20.000000	1393.001887	314.988189	1.000000	6.660411
2.000000	11.000000	10.000000	1436.000000	206.000000	10.000000	1415.868636	201.579077	2.000000	7.381218
2.000000	12.000000	11.000000	1370.000000	420.000000	30.000000	1364.794635	435.867454	2.000000	8.004023
2.000000	13.000000	12.000000	1270.000000	537.000000	39.000000	1268.663191	543.181886	2.000000	8.580471
2.000000	14.000000	13.000000	1119.000000	518.000000	38.000000	1130.787025	517.390752	1.000000	9.149603
2.000000	15.000000	14.000000	1106.000000	396.000000	28.000000	1105.566720	404.207251	1.000000	9.676907
2.000000	16.000000	15.000000	965.000000	512.000000	37.000000	959.358548	507.972876	1.000000	10.148085
2.000000	17.000000	16.000000	864.000000	513.000000	36.000000	859.322732	525.044131	1.000000	10.532617
2.000000	18.000000	17.000000	765.000000	550.000000	35.000000	761.156779	562.492593	1.000000	10.915825
2.000000	19.000000	18.000000	734.000000	448.000000	25.000000	732.547037	448.205950	2.000000	11.301544
2.000000	20.000000	19.000000	638.000000	406.000000	24.000000	629.435699	397.550924	1.000000	12.221183
2.000000	21.000000	20.000000	468.000000	413.000000	23.000000	467.399980	418.480179	2.000000	12.637458
2.000000	22.000000	21.000000	365.000000	446.000000	22.000000	372.482461	455.653133	1.000000	13.068656
2.000000	23.000000	0.000000	498.000000	541.000000	33.000000	492.331288	568.193677	1.000000	13.683661
2.000000	24.000000	22.000000	474.000000	558.000000	33.000000	492.331288	568.193677	1.000000	14.228130
2.000000	25.000000	23.000000	351.000000	568.000000	32.000000	332.442201	580.018330	2.000000	14.901155
2.000000	26.000000	24.000000	259.000000	364.000000	21.000000	249.519401	372.229250	1.000000	15.532626
2.000000	27.000000	0.000000	356.000000	780.000000	52.000000	358.682845	815.835064	1.000000	16.340108
2.000000	28.000000	25.000000	362.000000	801.000000	52.000000	358.682845	815.835064	1.000000	16.965222
2.000000	29.000000	26.000000	348.000000	905.000000	62.000000	345.132349	929.041037	2.000000	17.548946
2.000000	30.000000	27.000000	197.000000	926.000000	61.000000	189.182231	935.568251	2.000000	18.116587
2.000000	31.000000	28.000000	510.000000	815.000000	53.000000	504.247581	801.205041	2.000000	18.748951
2.000000	32.000000	29.000000	646.000000	868.000000	64.000000	638.098276	883.139027	2.000000	19.356157
2.000000	33.000000	30.000000	728.000000	901.000000	65.000000	736.492932	920.052279	2.000000	19.844980
2.000000	34.000000	31.000000	621.000000	1063.000000	74.000000	620.294613	1055.652832	1.000000	20.484747
2.000000	35.000000	32.000000	780.000000	1072.000000	75.000000	766.972093	1081.136510	1.000000	20.973562
2.000000	36.000000	33.000000	1123.000000	1034.000000	78.000000	1133.754793	1036.559815	1.000000	22.028333
2.000000	37.000000	34.000000	1240.000000	916.000000	69.000000	1249.489902	925.449737	1.000000	22.756533
2.000000	38.000000	35.000000	1116.000000	925.000000	68.000000	1116.281129	937.872868	2.000000	23.173109
2.000000	39.000000	36.000000	1372.000000	812.000000	60.000000	1371.799372	822.032886	1.000000	23.661686
2.000000	40.000000	37.000000	1136.000000	772.000000	58.000000	1118.026483	766.201502	2.000000	24.372226
2.000000	41.000000	38.000000	1110.000000	687.000000	48.000000	1100.823554	683.530452	2.000000	24.932776
2.000000	42.000000	39.000000	1346.000000	685.000000	50.000000	1348.088629	687.063473	2.000000	25.475825
2.000000	43.000000	40.000000	828.000000	692.000000	46.000000	836.129780	697.238142	1.000000	26.621050
3.000000	1.000000	1.000000	318.000000	172.000000	2.000000	328.243905	178.185907	2.000000	1.298312
3.000000	2.000000	2.000000	448.000000	165.000000	3.000000	448.400980	158.178962	2.000000	1.835243
3.000000	3.000000	3.000000	620.000000	179.000000	4.000000	614.179190	184.030912	2.000000	2.370192
3.000000	4.000000	4.000000	735.000000	422.000000	25.000000	724.320560	431.139654	2.000000	3.154540
3.000000	5.000000	5.000000	716.000000	529.000000	35.000000	704.425783	523.218296	2.000000	3.642615
3.000000	6.000000	6.000000	739.000000	646.000000	45.000000	735.259631	659.547100	2.000000	4.257714
3.000000	7.000000	7.000000	839.000000	655.000000	46.000000	846.898016	664.457562	1.000000	4.682614
3.000000	8.000000	8.000000	1010.000000	655.000000	47.000000	1019.769400	657.774679	1.000000	5.171318
3.000000	9.000000	9.000000	1110.000000	619.000000	48.000000	1102.294957	625.859632	1.000000	5.547712
3.000000	10.000000	10.000000	1125.000000	449.000000	28.000000	1115.447702	443.872486	1.000000	6.441652
3.000000	11.000000	11.000000	1225.000000	427.000000	29.000000	1219.421076	424.088347	1.000000	6.826413
3.000000	12.000000	12.000000	1295.000000	489.000000	39.000000	1288.735922	497.966193	1.000000	7.338714
3.000000	13.000000	13.000000	1253.000000	329.000000	19.000000	1230.832196	327.725090	1.000000	7.915286
3.000000	14.000000	14.000000	1164.000000	256.000000	18.000000	1147.013667	248.990889	2.000000	8.481904
3.000000	15.000000	0.000000	1196.000000	198.000000	9.000000	1225.667559	180.793842	2.000000	8.937804
3.000000	16.000000	15.000000	1355.000000	131.000000	10.000000	1358.498961	122.672463	1.000000	9.538376
3.000000	17.000000	16.000000	1225.000000	189.000000	9.000000	1225.667559	180.793842	2.000000	10.091742
3.000000	18.000000	17.000000	1423.000000	342.000000	20.000000	1417.840451	331.790776	2.000000	10.962562
3.000000	19.000000	18.000000	1000.000000	278.000000	17.000000	998.376137	271.731647	2.000000	11.657615
3.000000	20.000000	19.000000	838.000000	146.000000	6.000000	831.598245	144.646865	1.000000	12.410471
3.000000	21.000000	20.000000	231.000000	501.000000	31.000000	238.931906	503.295173	2.000000	13.473715
3.000000	22.000000	21.000000	216.000000	426.000000	21.000000	222.130057	421.234723	1.000000	13.946573
3.000000	23.000000	22.000000	319.000000	637.000000	42.000000	318.072392	629.931633	1.000000	14.538090
3.000000	24.000000	23.000000	598.000000	652.000000	44.000000	590.435964	653.902321	1.000000	15.147344
3.000000	25.000000	24.000000	596.000000	824.000000	54.000000	595.502317	809.835603	1.000000	15.771598
3.000000	26.000000	25.000000	592.000000	864.000000	64.000000	582.048883	876.828640	1.000000	16.226754
3.000000	27.000000	26.000000	438.000000	911.000000	63.000000	437.527975	909.689068	2.000000	16.930350
3.000000	28.000000	27.000000	386.000000	914.000000	62.000000	379.262290	914.736227	2.000000	17.314495
3.000000	29.000000	28.000000	302.000000	827.000000	52.000000	308.424177	818.169718	2.000000	17.771697
3.000000	30.000000	29.000000	188.000000	810.000000	51.000000	180.966452	793.099918	1.000000	18.275728
3.000000	31.000000	30.000000	196.000000	925.000000	61.000000	183.989013	927.820872	1.000000	18.794559
3.000000	32.000000	31.000000	617.000000	1002.000000	74.000000	622.932254	1004.812552	1.000000	19.785610
3.000000	33.000000	32.000000	740.000000	1049.000000	75.000000	730.642155	1053.345008	2.000000	20.930145
3.000000	34.000000	33.000000	816.000000	908.000000	66.000000	833.734833	902.126673	1.000000	21.523317
3.000000	35.000000	34.000000	780.000000	826.000000	55.000000	758.624386	825.834029	2.000000	22.242410
3.000000	36.000000	35.000000	885.000000	778.000000	56.000000	867.223030	773.903550	2.000000	22.827573
3.000000	37.000000	36.000000	1093.000000	891.000000	68.000000	1088.245341	893.315957	2.000000	23.522667
3.000000	38.000000	37.000000	904.000000	1062.000000	76.000000	900.982984	1060.478738	1.000000	24.409880
3.000000	39.000000	38.000000	1152.000000	758.000000	58.000000	1155.554480	751.781440	1.000000	25.289463
3.000000	40.000000	39.000000	1383.000000	752.000000	60.000000	1393.277395	744.475189	2.000000	25.953667
3.000000	41.000000	40.000000	1418.000000	1048.000000	80.000000	1417.219238	1047.354529	2.000000	26.601693
4.000000	1.000000	1.000000	450.000000	183.000000	3.000000	469.383696	185.211246	2.000000	1.390850
4.000000	2.000000	2.000000	213.000000	306.000000	11.000000	217.828350	312.843735	1.000000	2.688503
4.000000	3.000000	3.000000	352.000000	374.000000	22.000000	362.288087	379.919349	1.000000	3.232180
4.000000	4.000000	0.000000	640.000000	294.000000	14.000000	641.831183	320.588530	2.000000	4.142794
4.000000	5.000000	4.000000	656.000000	308.000000	14.000000	641.831183	320.588530	2.000000	4.728775
4.000000	6.000000	5.000000	746.000000	303.000000	15.000000	733.050425	304.464823	2.000000	5.113089
4.000000	7.000000	6.000000	972.000000	141.000000	7.000000	972.583870	141.748277	1.000000	5.968255
4.000000	8.000000	7.000000	1029.000000	245.000000	17.000000	1026.132093	251.231906	1.000000	7.175740
4.000000	9.000000	8.000000	906.000000	356.000000	26.000000	897.770318	370.362418	2.000000	7.742935
4.000000	10.000000	9.000000	1113.000000	275.000000	18.000000	1119.352475	277.515167	1.000000	8.398771
4.000000	11.000000	10.000000	1127.000000	415.000000	28.000000	1124.648029	420.239768	2.000000	9.343725
4.000000	12.000000	11.000000	1263.000000	298.000000	19.000000	1260.052853	308.037828	2.000000	9.966812
4.000000	13.000000	12.000000	1230.000000	159.000000	9.000000	1227.901381	167.077233	2.000000	10.647367
4.000000	14.000000	13.000000	1396.000000	159.000000	10.000000	1386.230444	166.008519	2.000000	11.144569
4.000000	15.000000	14.000000	1415.000000	282.000000	20.000000	1404.825877	286.165569	2.000000	11.670893
4.000000	16.000000	15.000000	1406.000000	505.000000	40.000000	1396.054492	512.725489	2.000000	12.287049
4.000000	17.000000	0.000000	1404.000000	667.000000	50.000000	1392.689534	690.216678	1.000000	12.815917
4.000000	18.000000	16.000000	1411.000000	688.000000	50.000000	1392.689534	690.216678	1.000000	13.471918
4.000000	19.000000	17.000000	1360.000000	760.000000	60.000000	1363.610484	769.026786	2.000000	13.968394
4.000000	20.000000	18.000000	1274.000000	771.000000	59.000000	1264.451231	779.173509	2.000000	14.592969
4.000000	21.000000	19.000000	1167.000000	538.000000	38.000000	1161.069739	545.626887	2.000000	15.359863
4.000000	22.000000	20.000000	1019.000000	535.000000	37.000000	1023.903162	528.805243	2.000000	15.984512
4.000000	23.000000	21.000000	1009.000000	780.000000	57.000000	1029.017454	778.797208	2.000000	16.672128
4.000000	24.000000	22.000000	999.000000	880.000000	67.000000	984.016688	895.669505	1.000000	17.383523
4.000000	25.000000	23.000000	874.000000	942.000000	66.000000	861.287304	949.347119	1.000000	17.878983
4.000000	26.000000	24.000000	961.000000	1066.000000	77.000000	962.269798	1073.642049	1.000000	18.415077
4.000000	27.000000	25.000000	1138.000000	998.000000	78.000000	1128.133237	1000.805013	1.000000	18.919551
4.000000	28.000000	26.000000	1244.000000	922.000000	69.000000	1231.544456	928.446915	1.000000	19.431923
4.000000	29.000000	27.000000	716.000000	1014.000000	75.000000	716.686530	1010.513754	1.000000	20.832784
4.000000	30.000000	28.000000	604.000000	990.000000	74.000000	594.639896	994.669720	1.000000	21.384537
4.000000	31.000000	29.000000	599.000000	925.000000	64.000000	598.841622	936.123077	2.000000	21.798968
4.000000	32.000000	30.000000	473.000000	946.000000	63.000000	474.568395	950.515173	2.000000	22.263970
4.000000	33.000000	31.000000	373.000000	989.000000	72.000000	370.362779	1004.120035	1.000000	22.752667
4.000000	34.000000	32.000000	333.000000	911.000000	62.000000	336.075200	917.819417	2.000000	23.231718
4.000000	35.000000	33.000000	239.000000	995.000000	71.000000	237.310553	996.604231	2.000000	23.759788
4.000000	36.000000	34.000000	256.000000	817.000000	51.000000	246.334969	812.408752	1.000000	24.304345
4.000000	37.000000	35.000000	359.000000	801.000000	52.000000	360.411508	796.656337	2.000000	24.887036
4.000000	38.000000	36.000000	339.000000	660.000000	42.000000	337.874247	675.405698	1.000000	25.432936
4.000000	39.000000	37.000000	187.000000	681.000000	41.000000	182.744924	686.176980	1.000000	26.199814
4.000000	40.000000	38.000000	583.000000	678.000000	44.000000	584.512676	682.504689	1.000000	27.055453
4.000000	41.000000	39.000000	624.000000	548.000000	34.000000	614.688519	550.285448	1.000000	27.639411
4.000000	42.000000	40.000000	187.000000	504.000000	31.000000	190.319885	509.863697	1.000000	28.543251
5.000000	1.000000	1.000000	190.000000	149.000000	1.000000	184.377442	145.536926	2.000000	1.032094
5.000000	2.000000	2.000000	209.000000	313.000000	11.000000	199.970813	307.138096	2.000000	1.552448
5.000000	3.000000	3.000000	251.000000	390.000000	21.000000	229.293864	378.641886	2.000000	1.927665
5.000000	4.000000	4.000000	338.000000	267.000000	12.000000	350.010086	265.907947	1.000000	2.399746
5.000000	5.000000	5.000000	510.000000	127.000000	3.000000	501.038835	134.055717	2.000000	2.959303
5.000000	6.000000	6.000000	576.000000	193.000000	4.000000	568.319212	188.584396	1.000000	3.393284
5.000000	7.000000	7.000000	860.000000	302.000000	16.000000	863.521759	311.634809	2.000000	4.600020
5.000000	8.000000	0.000000	997.000000	299.000000	17.000000	973.708309	313.991411	2.000000	5.016455
5.000000	9.000000	8.000000	1000.000000	185.000000	7.000000	990.897379	194.340430	2.000000	5.527250
5.000000	10.000000	0.000000	973.000000	288.000000	17.000000	973.708309	313.991411	2.000000	6.080991
5.000000	11.000000	9.000000	987.000000	309.000000	17.000000	973.708309	313.991411	2.000000	7.063516
5.000000	12.000000	10.000000	1245.000000	281.000000	19.000000	1235.355351	283.596934	1.000000	7.752554
5.000000	13.000000	11.000000	1103.000000	403.000000	28.000000	1103.762564	398.622918	1.000000	8.311371
5.000000	14.000000	12.000000	1009.000000	430.000000	27.000000	1019.837134	439.673003	1.000000	8.768003
5.000000	15.000000	13.000000	1041.000000	506.000000	37.000000	1025.563436	509.910050	1.000000	9.209041
5.000000	16.000000	0.000000	1116.000000	471.000000	38.000000	1090.040344	493.167784	2.000000	9.543289
5.000000	17.000000	14.000000	1095.000000	490.000000	38.000000	1090.040344	493.167784	2.000000	9.959731
5.000000	18.000000	15.000000	1423.000000	435.000000	30.000000	1402.186335	444.612186	1.000000	10.792146
5.000000	19.000000	16.000000	1302.000000	636.000000	49.000000	1292.417574	645.276833	2.000000	11.641186
5.000000	20.000000	17.000000	1093.000000	641.000000	48.000000	1103.685867	655.271994	1.000000	12.207152
5.000000	21.000000	18.000000	1303.000000	821.000000	59.000000	1290.329254	832.119299	1.000000	13.198933
5.000000	22.000000	19.000000	1353.000000	878.000000	70.000000	1351.390050	895.072773	1.000000	13.600333
5.000000	23.000000	20.000000	1356.000000	1038.000000	80.000000	1352.780754	1053.229841	2.000000	14.279082
5.000000	24.000000	21.000000	1228.000000	1028.000000	79.000000	1235.575477	1033.259060	2.000000	14.768332
5.000000	25.000000	22.000000	1017.000000	1009.000000	77.000000	1009.902350	997.736071	2.000000	15.263763
5.000000	26.000000	23.000000	899.000000	1084.000000	76.000000	901.117122	1077.509865	2.000000	15.816572
5.000000	27.000000	24.000000	747.000000	902.000000	65.000000	736.288238	897.148830	2.000000	16.479420
5.000000	28.000000	25.000000	721.000000	815.000000	55.000000	708.194838	813.985069	2.000000	16.927960
5.000000	29.000000	26.000000	880.000000	741.000000	56.000000	885.740396	745.426374	2.000000	17.720137
5.000000	30.000000	27.000000	852.000000	690.000000	46.000000	849.415622	685.876594	2.000000	18.136076
5.000000	31.000000	28.000000	774.000000	703.000000	45.000000	770.457890	699.238471	1.000000	18.590815
5.000000	32.000000	29.000000	736.000000	565.000000	35.000000	721.381736	562.159380	1.000000	19.087689
5.000000	33.000000	30.000000	610.000000	607.000000	44.000000	624.283366	619.970635	1.000000	20.143594
5.000000	34.000000	31.000000	628.000000	514.000000	34.000000	621.846109	523.785292	1.000000	20.711802
5.000000	35.000000	32.000000	598.000000	456.000000	24.000000	605.001467	453.878732	1.000000	21.023490
5.000000	36.000000	33.000000	464.000000	508.000000	33.000000	455.126612	521.148778	2.000000	21.480901
5.000000	37.000000	34.000000	455.000000	644.000000	43.000000	445.652815	654.901394	2.000000	22.009188
5.000000	38.000000	35.000000	357.000000	540.000000	32.000000	355.747966	553.752431	1.000000	22.583068
5.000000	39.000000	36.000000	219.000000	637.000000	41.000000	222.060693	651.433068	1.000000	23.183863
5.000000	40.000000	37.000000	467.000000	815.000000	53.000000	462.927737	813.749007	2.000000	23.945054
5.000000	41.000000	38.000000	312.000000	886.000000	62.000000	321.134319	890.905704	1.000000	24.448813
5.000000	42.000000	39.000000	567.000000	939.000000	64.000000	573.633811	933.682832	1.000000	25.039464
5.000000	43.000000	40.000000	612.000000	1045.000000	74.000000	601.573353	1051.977532	1.000000	25.631197
6.000000	1.000000	1.000000	377.000000	170.000000	2.000000	375.496849	169.787220	2.000000	1.112978
6.000000	2.000000	2.000000	507.000000	192.000000	3.000000	500.832129	190.805052	1.000000	1.650923
6.000000	3.000000	3.000000	511.000000	254.000000	13.000000	500.278709	258.624681	1.000000	2.033362
6.000000	4.000000	4.000000	625.000000	158.000000	4.000000	614.972754	154.955983	2.000000	2.770107
6.000000	5.000000	5.000000	744.000000	149.000000	5.000000	749.671519	150.543168	2.000000	3.258371
6.000000	6.000000	6.000000	761.000000	251.000000	15.000000	759.530216	244.811863	2.000000	3.696996
6.000000	7.000000	7.000000	1005.000000	294.000000	17.000000	998.685491	306.177656	1.000000	4.681566
6.000000	8.000000	8.000000	1099.000000	299.000000	18.000000	1111.816341	313.733039	1.000000	5.121880
6.000000	9.000000	0.000000	1119.000000	132.000000	8.000000	1108.259233	159.262990	1.000000	5.778137
6.000000	10.000000	9.000000	1107.000000	154.000000	8.000000	1108.259233	159.262990	1.000000	6.449069
6.000000	11.000000	10.000000	1278.000000	178.000000	9.000000	1284.345950	180.082687	2.000000	7.129608
6.000000	12.000000	11.000000	1389.000000	654.000000	50.000000	1383.772495	659.619816	2.000000	8.266504
6.000000	13.000000	12.000000	1406.000000	568.000000	40.000000	1398.568576	572.896742	1.000000	8.675016
6.000000	14.000000	13.000000	1147.000000	412.000000	28.000000	1140.910245	417.239508	1.000000	9.440961
6.000000	15.000000	14.000000	1280.000000	751.000000	59.000000	1284.430214	756.149536	1.000000	10.122840
6.000000	16.000000	15.000000	1416.000000	912.000000	70.000000	1413.877971	925.132630	1.000000	10.802082
6.000000	17.000000	16.000000	1413.000000	1048.000000	80.000000	1409.738103	1056.152969	1.000000	11.514386
6.000000	18.000000	17.000000	1291.000000	1038.000000	79.000000	1285.556007	1035.805870	2.000000	12.026016
6.000000	19.000000	18.000000	1031.000000	779.000000	57.000000	1026.558112	770.993479	1.000000	12.745661
6.000000	20.000000	19.000000	1094.000000	767.000000	58.000000	1089.841255	759.333755	2.000000	13.106973
6.000000	21.000000	20.000000	959.000000	930.000000	67.000000	964.982880	926.666332	2.000000	13.714419
6.000000	22.000000	21.000000	894.000000	937.000000	66.000000	889.196878	947.033562	2.000000	14.249976
6.000000	23.000000	22.000000	1028.000000	1024.000000	77.000000	1026.678634	1025.176517	1.000000	14.746528
6.000000	24.000000	23.000000	746.000000	1026.000000	75.000000	745.423462	1030.922883	1.000000	15.633782
6.000000	25.000000	24.000000	717.000000	878.000000	65.000000	711.810735	875.548955	2.000000	16.200880
6.000000	26.000000	25.000000	609.000000	1031.000000	74.000000	595.118275	1037.801235	2.000000	16.713784
6.000000	27.000000	26.000000	375.000000	1052.000000	72.000000	362.968160	1059.648617	2.000000	17.249726
6.000000	28.000000	27.000000	235.000000	999.000000	71.000000	217.402267	1001.582724	2.000000	17.761533
6.000000	29.000000	28.000000	324.000000	912.000000	62.000000	319.363590	901.677050	2.000000	18.233723
6.000000	30.000000	29.000000	490.000000	911.000000	63.000000	489.423559	913.640015	1.000000	18.787105
6.000000	31.000000	30.000000	337.000000	752.000000	52.000000	326.019768	762.261206	2.000000	19.570110
6.000000	32.000000	31.000000	595.000000	631.000000	44.000000	603.336576	627.686511	2.000000	20.209800
6.000000	33.000000	32.000000	617.000000	394.000000	24.000000	607.758332	373.204594	2.000000	20.833294
6.000000	34.000000	33.000000	857.000000	431.000000	26.000000	850.710761	426.345267	2.000000	21.497712
6.000000	35.000000	34.000000	444.000000	375.000000	23.000000	447.414926	370.416922	1.000000	22.490410
6.000000	36.000000	35.000000	324.000000	381.000000	22.000000	331.393446	387.572434	1.000000	23.018216
6.000000	37.000000	36.000000	254.000000	431.000000	21.000000	243.985880	435.240113	1.000000	23.442889
6.000000	38.000000	0.000000	221.000000	535.000000	31.000000	228.778717	502.746209	1.000000	23.857073
6.000000	39.000000	37.000000	237.000000	508.000000	31.000000	228.778717	502.746209	1.000000	24.186896
6.000000	40.000000	38.000000	495.000000	510.000000	33.000000	500.855854	510.319060	1.000000	24.882784
6.000000	41.000000	39.000000	462.000000	661.000000	43.000000	465.664708	674.454837	1.000000	25.418048
6.000000	42.000000	40.000000	166.000000	640.000000	41.000000	178.679871	638.550154	2.000000	25.977567
7.000000	1.000000	1.000000	177.000000	261.000000	11.000000	178.516237	253.764185	1.000000	1.070419
7.000000	2.000000	2.000000	216.000000	413.000000	21.000000	214.848951	403.771515	2.000000	1.655759
7.000000	3.000000	3.000000	364.000000	333.000000	12.000000	363.026406	327.955878	2.000000	2.135492
7.000000	4.000000	4.000000	372.000000	432.000000	22.000000	370.482130	418.599591	1.000000	2.671083
7.000000	5.000000	5.000000	468.000000	442.000000	23.000000	482.139135	436.542031	1.000000	3.078800
7.000000	6.000000	6.000000	623.000000	291.000000	14.000000	635.633425	291.553734	2.000000	3.717911
7.000000	7.000000	7.000000	479.000000	151.000000	3.000000	479.448789	154.132508	2.000000	4.174914
7.000000	8.000000	8.000000	763.000000	270.000000	15.000000	758.669798	269.621043	2.000000	4.935882
7.000000	9.000000	9.000000	845.000000	286.000000	16.000000	840.927311	286.682384	2.000000	5.319664
7.000000	10.000000	10.000000	900.000000	381.000000	26.000000	900.444268	378.746096	2.000000	5.831222
7.000000	11.000000	11.000000	1015.000000	262.000000	17.000000	1015.741074	265.784307	2.000000	6.367541
7.000000	12.000000	12.000000	1130.000000	291.000000	18.000000	1139.268376	288.173981	2.000000	6.789787
7.000000	13.000000	13.000000	1142.000000	353.000000	28.000000	1143.463084	373.285983	1.000000	7.150098
7.000000	14.000000	14.000000	1218.000000	275.000000	19.000000	1226.001152	277.655936	1.000000	7.645963
7.000000	15.000000	15.000000	1393.000000	261.000000	20.000000	1388.331713	252.548701	2.000000	8.207701
7.000000	16.000000	16.000000	1236.000000	502.000000	39.000000	1228.394217	512.327938	1.000000	8.775259
7.000000	17.000000	17.000000	1165.000000	638.000000	48.000000	1144.721610	635.284848	1.000000	9.294042
7.000000	18.000000	18.000000	1240.000000	680.000000	49.000000	1236.552626	664.157946	1.000000	9.679676
7.000000	19.000000	0.000000	1370.000000	752.000000	60.000000	1356.285147	773.513821	2.000000	10.134279
7.000000	20.000000	19.000000	1367.000000	771.000000	60.000000	1356.285147	773.513821	2.000000	10.989737
7.000000	21.000000	20.000000	1118.000000	790.000000	58.000000	1099.509063	785.067510	1.000000	11.735690
7.000000	22.000000	21.000000	1121.000000	1052.000000	78.000000	1118.375230	1060.707553	1.000000	12.349940
7.000000	23.000000	22.000000	1024.000000	1044.000000	77.000000	1019.862620	1039.516078	2.000000	12.799268
7.000000	24.000000	23.000000	857.000000	1048.000000	76.000000	850.197011	1041.800480	1.000000	13.288081
7.000000	25.000000	24.000000	685.000000	1039.000000	75.000000	698.122718	1041.992565	2.000000	13.791351
7.000000	26.000000	25.000000	611.000000	1089.000000	74.000000	621.202521	1076.859366	2.000000	14.406120
7.000000	27.000000	26.000000	611.000000	960.000000	64.000000	609.407774	945.492566	1.000000	15.103157
7.000000	28.000000	27.000000	509.000000	1009.000000	73.000000	498.800245	1018.589348	1.000000	15.503546
7.000000	29.000000	28.000000	362.000000	939.000000	62.000000	358.804485	939.596614	1.000000	15.935727
7.000000	30.000000	29.000000	193.000000	935.000000	61.000000	181.030461	932.779320	2.000000	16.510918
7.000000	31.000000	30.000000	464.000000	828.000000	53.000000	458.907609	824.315388	2.000000	17.206039
7.000000	32.000000	31.000000	821.000000	775.000000	56.000000	832.098998	768.664133	1.000000	17.799019
7.000000	33.000000	32.000000	982.000000	647.000000	47.000000	984.091108	632.681449	1.000000	18.415330
7.000000	34.000000	33.000000	853.000000	549.000000	36.000000	848.455252	548.914242	1.000000	19.183466
7.000000	35.000000	34.000000	753.000000	393.000000	25.000000	747.400257	392.993127	1.000000	19.687082
7.000000	36.000000	35.000000	633.000000	547.000000	34.000000	627.669032	546.595580	2.000000	20.351812
7.000000	37.000000	36.000000	502.000000	581.000000	33.000000	492.095546	579.397546	2.000000	20.749993
7.000000	38.000000	37.000000	476.000000	632.000000	43.000000	462.550686	634.306817	2.000000	21.168013
7.000000	39.000000	38.000000	322.000000	627.000000	42.000000	328.055175	632.366496	2.000000	21.719873
7.000000	40.000000	39.000000	224.000000	749.000000	51.000000	218.394727	748.489031	1.000000	22.246030
7.000000	41.000000	40.000000	241.000000	549.000000	31.000000	234.203579	544.848122	1.000000	23.038925
8.000000	1.000000	1.000000	299.000000	145.000000	2.000000	310.041081	147.990181	1.000000	1.161449
8.000000	2.000000	2.000000	490.000000	138.000000	3.000000	470.845631	128.182657	2.000000	1.649158
8.000000	3.000000	3.000000	620.000000	158.000000	4.000000	614.246461	157.402287	2.000000	2.081735
8.000000	4.000000	4.000000	719.000000	111.000000	5.000000	724.438999	122.638370	2.000000	2.488525
8.000000	5.000000	5.000000	852.000000	176.000000	6.000000	856.994648	173.494990	1.000000	2.961668
8.000000	6.000000	6.000000	650.000000	275.000000	14.000000	640.887221	268.302509	1.000000	3.927870
8.000000	7.000000	7.000000	494.000000	265.000000	13.000000	510.297283	261.779914	1.000000	4.312387
8.000000	8.000000	8.000000	373.000000	287.000000	12.000000	365.894868	279.878764	1.000000	5.320601
8.000000	9.000000	9.000000	439.000000	400.000000	23.000000	445.197226	383.575985	2.000000	5.929433
8.000000	10.000000	10.000000	379.000000	431.000000	22.000000	371.398170	439.650745	1.000000	6.336590
8.000000	11.000000	11.000000	382.000000	537.000000	32.000000	371.848942	549.219291	1.000000	6.841202
8.000000	12.000000	12.000000	612.000000	383.000000	24.000000	622.158685	388.918192	2.000000	7.585916
8.000000	13.000000	13.000000	716.000000	500.000000	35.000000	721.294820	508.778803	2.000000	8.072873
8.000000	14.000000	14.000000	901.000000	416.000000	26.000000	897.465331	411.026598	1.000000	9.039803
8.000000	15.000000	15.000000	1020.000000	303.000000	17.000000	1018.640371	297.188798	1.000000	9.600707
8.000000	16.000000	16.000000	957.000000	448.000000	27.000000	963.412927	437.049198	2.000000	10.168831
8.000000	17.000000	17.000000	1148.000000	142.000000	8.000000	1143.431292	145.120805	1.000000	11.064049
8.000000	18.000000	18.000000	1282.000000	158.000000	9.000000	1282.597339	162.178048	1.000000	11.537924
8.000000	19.000000	19.000000	1270.000000	361.000000	29.000000	1275.213591	368.240925	1.000000	12.080039
8.000000	20.000000	20.000000	1355.000000	424.000000	30.000000	1352.516096	415.314518	2.000000	12.592429
8.000000	21.000000	21.000000	1215.000000	567.000000	39.000000	1223.777840	561.213180	2.000000	13.184526
8.000000	22.000000	0.000000	1121.000000	554.000000	38.000000	1152.177358	551.752987	1.000000	13.520376
8.000000	23.000000	22.000000	1159.000000	559.000000	38.000000	1152.177358	551.752987	1.000000	13.863997
8.000000	24.000000	23.000000	1075.000000	638.000000	48.000000	1090.331292	654.815089	1.000000	14.441439
8.000000	25.000000	24.000000	1231.000000	681.000000	49.000000	1236.230733	692.792670	2.000000	15.040558
8.000000	26.000000	25.000000	1234.000000	800.000000	59.000000	1227.325464	822.268260	2.000000	15.568417
8.000000	27.000000	26.000000	1397.000000	902.000000	70.000000	1389.087394	911.932913	1.000000	16.209499
8.000000	28.000000	27.000000	1243.000000	998.000000	79.000000	1242.975014	993.498680	1.000000	16.864607
8.000000	29.000000	28.000000	1152.000000	1070.000000	78.000000	1152.355791	1059.988329	1.000000	17.327735
8.000000	30.000000	29.000000	967.000000	924.000000	67.000000	962.006843	911.086300	2.000000	17.969387
8.000000	31.000000	30.000000	879.000000	941.000000	66.000000	872.604236	938.406854	2.000000	18.368806
8.000000	32.000000	31.000000	733.000000	884.000000	65.000000	744.590287	886.504313	2.000000	19.057199
8.000000	33.000000	32.000000	628.000000	874.000000	64.000000	610.177210	890.657334	2.000000	19.465995
8.000000	34.000000	33.000000	636.000000	1063.000000	74.000000	636.900278	1047.077391	2.000000	20.024313
8.000000	35.000000	34.000000	751.000000	698.000000	45.000000	751.605919	691.253130	2.000000	20.889362
8.000000	36.000000	35.000000	457.000000	1054.000000	73.000000	458.302651	1048.524783	1.000000	21.689809
8.000000	37.000000	36.000000	350.000000	1073.000000	72.000000	367.879604	1069.154799	2.000000	22.391970
8.000000	38.000000	37.000000	246.000000	1052.000000	71.000000	242.362590	1049.012458	2.000000	22.903809
8.000000	39.000000	38.000000	347.000000	827.000000	52.000000	335.430509	816.803393	1.000000	23.720348
8.000000	40.000000	39.000000	350.000000	717.000000	42.000000	353.601151	701.599362	2.000000	24.224700
8.000000	41.000000	40.000000	239.000000	683.000000	41.000000	226.005660	676.808017	1.000000	25.160655
9.000000	1.000000	0.000000	192.000000	197.000000	1.000000	198.725863	170.667936	1.000000	1.386455
9.000000	2.000000	1.000000	189.000000	172.000000	1.000000	198.725863	170.667936	1.000000	1.760400
9.000000	3.000000	2.000000	189.000000	298.000000	11.000000	191.891135	304.518867	1.000000	2.273874
9.000000	4.000000	3.000000	460.000000	253.000000	13.000000	457.885374	270.772662	1.000000	2.905887
9.000000	5.000000	4.000000	450.000000	128.000000	3.000000	448.983402	133.733440	1.000000	3.425252
9.000000	6.000000	5.000000	568.000000	260.000000	14.000000	567.510496	263.693302	1.000000	4.080472
9.000000	7.000000	6.000000	599.000000	163.000000	4.000000	602.977574	163.006975	2.000000	4.601271
9.000000	8.000000	7.000000	761.000000	161.000000	5.000000	760.171568	167.956031	1.000000	5.160810
9.000000	9.000000	0.000000	579.000000	361.000000	24.000000	602.712296	372.418747	1.000000	5.784928
9.000000	10.000000	0.000000	627.000000	359.000000	24.000000	602.712296	372.418747	1.000000	6.072774
9.000000	11.000000	8.000000	600.000000	368.000000	24.000000	602.712296	372.418747	1.000000	6.337260
9.000000	12.000000	9.000000	750.000000	366.000000	25.000000	756.422370	372.940002	1.000000	6.905340
9.000000	13.000000	10.000000	893.000000	371.000000	26.000000	899.700737	372.725034	2.000000	7.496534
9.000000	14.000000	11.000000	855.000000	262.000000	16.000000	855.041833	258.227209	2.000000	7.928343
9.000000	15.000000	12.000000	1171.000000	150.000000	8.000000	1160.880852	154.953156	1.000000	8.929398
9.000000	16.000000	13.000000	1415.000000	150.000000	10.000000	1417.026276	157.809488	1.000000	9.704324
9.000000	17.000000	14.000000	1242.000000	381.000000	29.000000	1233.043784	383.501325	2.000000	10.386287
9.000000	18.000000	15.000000	1368.000000	555.000000	40.000000	1369.880977	558.025882	2.000000	11.008884
9.000000	19.000000	16.000000	1279.000000	565.000000	39.000000	1284.874905	564.884365	1.000000	11.401218
9.000000	20.000000	17.000000	1277.000000	615.000000	49.000000	1263.707038	628.863008	2.000000	11.768992
9.000000	21.000000	18.000000	1394.000000	689.000000	50.000000	1384.937881	696.541128	1.000000	12.392358
9.000000	22.000000	19.000000	1277.000000	740.000000	59.000000	1274.416099	745.941533	2.000000	12.888760
9.000000	23.000000	20.000000	1147.000000	677.000000	48.000000	1145.382444	679.892900	2.000000	13.344974
9.000000	24.000000	21.000000	1124.000000	822.000000	58.000000	1114.046656	821.789956	2.000000	13.984527
9.000000	25.000000	22.000000	1424.000000	933.000000	70.000000	1409.086429	927.266497	2.000000	14.585192
9.000000	26.000000	0.000000	1404.000000	1042.000000	80.000000	1398.022320	1071.931069	1.000000	15.057022
9.000000	27.000000	23.000000	1397.000000	1065.000000	80.000000	1398.022320	1071.931069	1.000000	15.722278
9.000000	28.000000	24.000000	967.000000	1074.000000	77.000000	963.382603	1076.622150	2.000000	16.441876
9.000000	29.000000	25.000000	706.000000	1005.000000	75.000000	716.669817	1002.050470	2.000000	17.401378
9.000000	30.000000	26.000000	753.000000	929.000000	65.000000	747.332221	935.142116	2.000000	17.753807
9.000000	31.000000	27.000000	610.000000	1010.000000	74.000000	611.570969	1025.437061	1.000000	18.321160
9.000000	32.000000	28.000000	501.000000	1008.000000	73.000000	506.435837	1021.785751	1.000000	18.656118
9.000000	33.000000	29.000000	616.000000	906.000000	64.000000	619.361009	892.830542	2.000000	19.193250
9.000000	34.000000	30.000000	559.000000	783.000000	54.000000	571.083854	794.148749	2.000000	20.008858
9.000000	35.000000	31.000000	739.000000	667.000000	45.000000	727.465583	678.959326	1.000000	20.873156
9.000000	36.000000	32.000000	880.000000	661.000000	46.000000	882.491902	666.063148	1.000000	21.457491
9.000000	37.000000	33.000000	1005.000000	620.000000	47.000000	993.656226	619.976059	2.000000	21.929874
9.000000	38.000000	34.000000	882.000000	518.000000	36.000000	880.906560	509.043790	1.000000	22.417221
9.000000	39.000000	35.000000	751.000000	517.000000	35.000000	757.058096	514.690414	2.000000	22.834188
9.000000	40.000000	36.000000	517.000000	443.000000	23.000000	511.084506	443.622684	2.000000	23.368867
9.000000	41.000000	37.000000	386.000000	560.000000	32.000000	375.906061	561.955111	1.000000	23.962142
9.000000	42.000000	38.000000	372.000000	605.000000	42.000000	378.443430	627.106138	1.000000	24.264645
9.000000	43.000000	39.000000	228.000000	637.000000	41.000000	237.463710	656.297213	2.000000	24.858104
9.000000	44.000000	40.000000	361.000000	881.000000	62.000000	345.226157	878.747314	2.000000	25.608969
10.000000	1.000000	1.000000	244.000000	320.000000	11.000000	246.627046	318.809212	1.000000	1.259497
10.000000	2.000000	2.000000	313.000000	355.000000	22.000000	308.649562	375.241210	1.000000	1.922986
10.000000	3.000000	3.000000	559.000000	321.000000	14.000000	576.444825	317.302554	2.000000	2.618659
10.000000	4.000000	4.000000	499.000000	271.000000	13.000000	504.546637	261.727610	1.000000	3.009762
10.000000	5.000000	5.000000	499.000000	177.000000	3.000000	498.262874	168.219095	2.000000	3.435421
10.000000	6.000000	6.000000	822.000000	290.000000	16.000000	842.747197	278.477469	1.000000	4.155657
10.000000	7.000000	7.000000	916.000000	159.000000	6.000000	895.567921	170.534911	1.000000	5.026442
10.000000	8.000000	8.000000	989.000000	158.000000	7.000000	994.176856	164.870370	2.000000	5.395251
10.000000	9.000000	9.000000	1119.000000	138.000000	8.000000	1115.803291	132.817930	1.000000	5.947284
10.000000	10.000000	10.000000	1225.000000	268.000000	19.000000	1239.139185	265.130236	1.000000	6.522998
10.000000	11.000000	11.000000	1122.000000	307.000000	18.000000	1102.537260	307.943361	1.000000	6.995165
10.000000	12.000000	12.000000	1252.000000	431.000000	29.000000	1240.457115	427.851243	2.000000	7.610276
10.000000	13.000000	13.000000	1398.000000	426.000000	30.000000	1383.112976	419.987275	2.000000	8.026414
10.000000	14.000000	14.000000	1285.000000	551.000000	39.000000	1292.052512	553.644912	1.000000	8.610369
10.000000	15.000000	15.000000	1360.000000	695.000000	50.000000	1355.723097	689.972680	1.000000	9.105975
10.000000	16.000000	16.000000	1293.000000	752.000000	59.000000	1291.902850	761.830279	1.000000	9.572170
10.000000	17.000000	17.000000	1257.000000	661.000000	49.000000	1243.497637	665.494517	1.000000	9.986652
10.000000	18.000000	18.000000	1257.000000	1032.000000	79.000000	1261.910956	1039.790389	2.000000	10.979331
10.000000	19.000000	19.000000	858.000000	935.000000	66.000000	868.478280	925.677333	1.000000	11.770660
10.000000	20.000000	20.000000	850.000000	761.000000	56.000000	848.289340	765.160719	1.000000	12.291674
10.000000	21.000000	21.000000	971.000000	754.000000	57.000000	978.387337	746.842565	2.000000	12.770524
10.000000	22.000000	22.000000	980.000000	530.000000	37.000000	970.239397	526.852500	2.000000	13.283232
10.000000	23.000000	23.000000	998.000000	439.000000	27.000000	1000.662608	436.921972	2.000000	13.690817
10.000000	24.000000	24.000000	876.000000	425.000000	26.000000	873.161151	412.651194	1.000000	14.139300
10.000000	25.000000	25.000000	866.000000	526.000000	36.000000	855.402541	509.977142	2.000000	14.467732
10.000000	26.000000	26.000000	774.000000	645.000000	45.000000	763.112560	661.427252	2.000000	14.963234
10.000000	27.000000	27.000000	740.000000	557.000000	35.000000	732.054981	555.477945	1.000000	15.330806
10.000000	28.000000	28.000000	589.000000	535.000000	34.000000	593.039100	539.193273	2.000000	16.242504
10.000000	29.000000	29.000000	451.000000	530.000000	33.000000	454.469189	524.289666	2.000000	16.651881
10.000000	30.000000	30.000000	481.000000	697.000000	43.000000	470.001827	707.267476	2.000000	17.195443
10.000000	31.000000	31.000000	368.000000	696.000000	42.000000	356.975206	698.796409	2.000000	17.563122
10.000000	32.000000	32.000000	376.000000	752.000000	52.000000	367.577080	751.944239	2.000000	17.914785
10.000000	33.000000	33.000000	650.000000	789.000000	54.000000	635.997902	788.146064	1.000000	18.529966
10.000000	34.000000	34.000000	575.000000	848.000000	64.000000	577.622510	867.799023	2.000000	19.017997
10.000000	35.000000	35.000000	576.000000	1000.000000	74.000000	571.829070	995.427643	2.000000	19.475814
10.000000	36.000000	36.000000	491.000000	1041.000000	73.000000	484.972897	1037.138890	2.000000	19.850140
10.000000	37.000000	37.000000	494.000000	914.000000	63.000000	488.631455	912.508159	1.000000	20.259201
10.000000	38.000000	38.000000	353.000000	970.000000	62.000000	363.584127	954.514183	1.000000	20.715651
10.000000	39.000000	39.000000	233.000000	1065.000000	71.000000	241.108780	1068.871538	2.000000	21.507452
10.000000	40.000000	40.000000	195.000000	522.000000	31.000000	190.710012	513.269689	1.000000	22.443969
11.000000	1.000000	1.000000	375.000000	165.000000	2.000000	380.388182	165.694010	2.000000	1.314219
11.000000	2.000000	2.000000	376.000000	271.000000	12.000000	378.141768	267.857525	1.000000	1.850120
11.000000	3.000000	3.000000	500.000000	315.000000	13.000000	508.674601	325.242064	2.000000	2.353774
11.000000	4.000000	4.000000	619.000000	152.000000	4.000000	622.419369	140.808661	2.000000	2.857184
11.000000	5.000000	5.000000	762.000000	196.000000	5.000000	764.072744	191.583527	2.000000	3.265076
11.000000	6.000000	6.000000	1019.000000	188.000000	7.000000	1011.021624	176.205693	2.000000	4.112790
11.000000	7.000000	0.000000	1159.000000	100.000000	8.000000	1142.494440	119.771008	2.000000	4.498151
11.000000	8.000000	7.000000	1148.000000	116.000000	8.000000	1142.494440	119.771008	2.000000	4.801395
11.000000	9.000000	8.000000	1404.000000	146.000000	10.000000	1406.318758	148.257076	1.000000	5.512902
11.000000	10.000000	9.000000	1258.000000	294.000000	19.000000	1260.980267	290.747668	1.000000	6.130208
11.000000	11.000000	10.000000	1121.000000	290.000000	18.000000	1114.108540	291.229886	1.000000	6.528612
11.000000	12.000000	11.000000	1118.000000	382.000000	28.000000	1114.983068	376.181926	2.000000	7.049877
11.000000	13.000000	12.000000	1281.000000	455.000000	29.000000	1279.706488	442.086726	2.000000	7.601104
11.000000	14.000000	13.000000	1108.000000	520.000000	38.000000	1102.278722	516.768219	1.000000	8.018342
11.000000	15.000000	14.000000	992.000000	420.000000	27.000000	984.388708	414.901962	1.000000	8.448072
11.000000	16.000000	15.000000	988.000000	570.000000	37.000000	988.183653	569.508947	2.000000	9.002024
11.000000	17.000000	16.000000	884.000000	540.000000	36.000000	881.435253	534.817978	2.000000	9.362161
11.000000	18.000000	17.000000	1018.000000	711.000000	47.000000	1014.082927	694.425817	2.000000	9.993653
11.000000	19.000000	18.000000	984.000000	797.000000	57.000000	976.315759	810.060722	2.000000	10.424419
11.000000	20.000000	19.000000	1128.000000	785.000000	58.000000	1116.864273	777.575571	1.000000	10.888949
11.000000	21.000000	20.000000	1387.000000	665.000000	50.000000	1391.272130	651.212637	1.000000	11.648498
11.000000	22.000000	21.000000	1361.000000	908.000000	70.000000	1366.853149	897.450506	2.000000	12.288731
11.000000	23.000000	22.000000	1400.000000	1026.000000	80.000000	1388.589373	1021.392300	1.000000	12.872800
11.000000	24.000000	23.000000	1229.000000	965.000000	69.000000	1219.877607	954.365199	2.000000	13.504670
11.000000	25.000000	24.000000	1140.000000	1033.000000	78.000000	1152.227435	1023.455793	1.000000	14.041140
11.000000	26.000000	25.000000	1021.000000	947.000000	67.000000	1020.052394	938.661334	1.000000	14.664321
11.000000	27.000000	26.000000	860.000000	919.000000	66.000000	839.632211	916.038315	1.000000	15.416739
11.000000	28.000000	27.000000	825.000000	796.000000	56.000000	836.422314	791.374406	1.000000	16.080637
11.000000	29.000000	28.000000	751.000000	823.000000	55.000000	761.295631	821.580716	1.000000	16.400941
11.000000	30.000000	29.000000	586.000000	937.000000	64.000000	570.101937	937.945537	2.000000	17.881490
11.000000	31.000000	30.000000	448.000000	1038.000000	73.000000	450.575714	1028.869822	2.000000	18.737788
11.000000	32.000000	31.000000	346.000000	1074.000000	72.000000	358.232071	1068.782636	1.000000	19.160874
11.000000	33.000000	32.000000	230.000000	1059.000000	71.000000	215.076070	1047.986604	1.000000	19.695931
11.000000	34.000000	33.000000	186.000000	715.000000	41.000000	186.918389	704.377999	1.000000	20.688347
11.000000	35.000000	34.000000	211.000000	789.000000	51.000000	226.623864	794.990823	1.000000	21.176558
11.000000	36.000000	35.000000	371.000000	756.000000	52.000000	376.827604	745.668584	1.000000	22.033249
11.000000	37.000000	36.000000	463.000000	751.000000	53.000000	449.513791	749.733923	2.000000	22.361744
11.000000	38.000000	37.000000	464.000000	540.000000	33.000000	464.740668	536.276635	1.000000	23.017402
11.000000	39.000000	38.000000	513.000000	432.000000	23.000000	502.608271	430.517995	2.000000	23.505178
11.000000	40.000000	39.000000	379.000000	434.000000	22.000000	365.960149	433.171536	2.000000	23.865074
11.000000	41.000000	40.000000	251.000000	434.000000	21.000000	243.806388	428.268310	2.000000	24.945769
12.000000	1.000000	1.000000	170.000000	260.000000	11.000000	178.037028	267.028776	2.000000	1.064386
12.000000	2.000000	2.000000	460.000000	298.000000	13.000000	465.212294	303.399470	2.000000	1.729393
12.000000	3.000000	3.000000	577.000000	192.000000	4.000000	578.344461	206.081072	1.000000	2.088761
12.000000	4.000000	0.000000	616.000000	287.000000	14.000000	627.993161	309.107368	1.000000	2.554082
12.000000	5.000000	4.000000	619.000000	303.000000	14.000000	627.993161	309.107368	1.000000	3.169718
12.000000	6.000000	5.000000	690.000000	305.000000	15.000000	698.144683	307.474492	1.000000	3.497581
12.000000	7.000000	6.000000	817.000000	280.000000	16.000000	831.417103	276.090173	1.000000	4.009927
12.000000	8.000000	7.000000	872.000000	173.000000	6.000000	867.844080	169.252502	1.000000	4.417553
12.000000	9.000000	8.000000	748.000000	153.000000	5.000000	747.680904	143.013795	2.000000	4.857115
12.000000	10.000000	9.000000	1435.000000	279.000000	20.000000	1422.219739	278.340455	2.000000	5.960242
12.000000	11.000000	10.000000	1084.000000	445.000000	28.000000	1093.322012	445.626987	1.000000	6.641680
12.000000	12.000000	11.000000	1288.000000	562.000000	39.000000	1290.261012	545.935508	2.000000	7.272282
12.000000	13.000000	12.000000	1377.000000	565.000000	40.000000	1367.437246	545.291236	2.000000	7.728966
12.000000	14.000000	13.000000	1419.000000	643.000000	50.000000	1419.937709	650.307539	1.000000	8.345051
12.000000	15.000000	14.000000	1241.000000	686.000000	49.000000	1256.678649	679.367245	1.000000	8.953177
12.000000	16.000000	15.000000	1246.000000	747.000000	59.000000	1247.740229	752.792096	2.000000	9.305860
12.000000	17.000000	16.000000	1389.000000	887.000000	70.000000	1387.865497	896.094967	1.000000	10.289637
12.000000	18.000000	17.000000	1418.000000	1026.000000	80.000000	1418.033736	1039.094870	2.000000	10.905481
12.000000	19.000000	18.000000	1265.000000	1009.000000	79.000000	1245.778837	1005.664820	1.000000	11.440585
12.000000	20.000000	19.000000	1247.000000	947.000000	69.000000	1237.282388	947.210970	1.000000	11.746029
12.000000	21.000000	20.000000	1106.000000	953.000000	68.000000	1103.084119	950.019792	1.000000	12.208221
12.000000	22.000000	21.000000	1134.000000	1021.000000	78.000000	1124.350596	1031.500054	2.000000	12.648745
12.000000	23.000000	22.000000	1089.000000	780.000000	58.000000	1091.424574	779.312167	1.000000	13.568919
12.000000	24.000000	23.000000	1012.000000	741.000000	57.000000	1010.423563	747.923857	1.000000	14.089548
12.000000	25.000000	24.000000	977.000000	705.000000	47.000000	990.808754	702.046887	1.000000	14.394203
12.000000	26.000000	25.000000	1020.000000	593.000000	37.000000	1026.707328	579.812266	2.000000	15.009786
12.000000	27.000000	26.000000	871.000000	754.000000	56.000000	872.355263	753.435294	2.000000	15.642177
12.000000	28.000000	27.000000	783.000000	547.000000	35.000000	771.814551	533.597966	1.000000	16.617935
12.000000	29.000000	28.000000	772.000000	1036.000000	75.000000	769.308545	1047.401795	2.000000	17.577590
12.000000	30.000000	29.000000	562.000000	1003.000000	74.000000	573.238430	1001.086855	2.000000	18.104417
12.000000	31.000000	30.000000	604.000000	811.000000	54.000000	597.062755	797.372976	2.000000	18.585413
12.000000	32.000000	31.000000	475.000000	769.000000	53.000000	475.341050	761.805935	1.000000	19.177347
12.000000	33.000000	32.000000	501.000000	569.000000	33.000000	485.368895	557.645087	1.000000	19.729460
12.000000	34.000000	0.000000	387.000000	551.000000	32.000000	364.501574	531.756337	1.000000	20.362271
12.000000	35.000000	33.000000	365.000000	538.000000	32.000000	364.501574	531.756337	1.000000	20.794127
12.000000	36.000000	34.000000	320.000000	652.000000	42.000000	317.885332	658.744931	2.000000	21.825400
12.000000	37.000000	35.000000	173.000000	660.000000	41.000000	183.370070	662.298501	2.000000	22.264260
12.000000	38.000000	36.000000	202.000000	792.000000	51.000000	203.546709	787.651959	2.000000	22.738177
12.000000	39.000000	37.000000	305.000000	814.000000	52.000000	310.409008	824.129258	2.000000	23.177110
12.000000	40.000000	38.000000	234.000000	899.000000	61.000000	231.691319	906.971527	2.000000	23.633091
12.000000	41.000000	39.000000	364.000000	898.000000	62.000000	370.638775	892.954800	2.000000	24.296886
12.000000	42.000000	40.000000	467.000000	1060.000000	73.000000	467.091018	1060.078584	1.000000	25.521754
13.000000	1.000000	1.000000	381.000000	146.000000	2.000000	375.982679	145.778064	2.000000	1.121748
13.000000	2.000000	0.000000	353.000000	228.000000	12.000000	333.695043	247.427461	1.000000	1.488638
13.000000	3.000000	2.000000	460.000000	138.000000	3.000000	462.360225	133.694420	1.000000	1.993498
13.000000	4.000000	0.000000	303.000000	249.000000	12.000000	333.695043	247.427461	1.000000	2.496347
13.000000	5.000000	3.000000	336.000000	253.000000	12.000000	333.695043	247.427461	1.000000	2.992364
13.000000	6.000000	4.000000	374.000000	380.000000	22.000000	368.421309	370.515761	1.000000	3.633853
13.000000	7.000000	5.000000	496.000000	307.000000	13.000000	486.998373	309.271510	1.000000	4.200434
13.000000	8.000000	6.000000	692.000000	130.000000	5.000000	700.240846	135.841016	2.000000	4.890083
13.000000	9.000000	7.000000	862.000000	128.000000	6.000000	858.326302	123.812150	1.000000	5.913586
13.000000	10.000000	8.000000	980.000000	126.000000	7.000000	983.520171	122.135023	1.000000	6.369788
13.000000	11.000000	9.000000	1117.000000	121.000000	8.000000	1114.048090	120.908070	1.000000	6.840357
13.000000	12.000000	10.000000	1221.000000	145.000000	9.000000	1219.074506	143.096548	2.000000	7.305447
13.000000	13.000000	11.000000	1023.000000	240.000000	17.000000	1012.989627	251.269575	2.000000	7.904353
13.000000	14.000000	12.000000	887.000000	250.000000	16.000000	873.079092	250.185545	2.000000	8.337778
13.000000	15.000000	13.000000	742.000000	395.000000	25.000000	727.024302	389.656320	2.000000	8.881784
13.000000	16.000000	14.000000	834.000000	429.000000	26.000000	835.848120	425.541611	1.000000	9.337909
13.000000	17.000000	15.000000	746.000000	499.000000	35.000000	749.108747	495.668973	1.000000	9.873992
13.000000	18.000000	16.000000	974.000000	436.000000	27.000000	973.754265	429.515789	1.000000	10.752700
13.000000	19.000000	17.000000	988.000000	552.000000	37.000000	994.175561	555.435241	1.000000	11.343829
13.000000	20.000000	18.000000	1278.000000	429.000000	29.000000	1273.825157	430.424123	1.000000	11.993825
13.000000	21.000000	19.000000	1389.000000	554.000000	40.000000	1381.383956	540.166716	2.000000	12.592205
13.000000	22.000000	20.000000	1429.000000	638.000000	50.000000	1421.622259	642.585307	2.000000	13.152757
13.000000	23.000000	21.000000	1280.000000	797.000000	59.000000	1271.542047	801.830440	1.000000	13.745736
13.000000	24.000000	22.000000	1412.000000	807.000000	60.000000	1412.298068	806.235397	1.000000	14.233476
13.000000	25.000000	23.000000	1422.000000	922.000000	70.000000	1412.452132	914.697612	1.000000	14.752704
13.000000	26.000000	24.000000	1260.000000	1059.000000	79.000000	1266.790752	1058.735623	1.000000	15.448230
13.000000	27.000000	25.000000	1138.000000	1016.000000	78.000000	1122.226751	998.944078	2.000000	15.936348
13.000000	28.000000	26.000000	1129.000000	915.000000	68.000000	1126.125435	914.587652	2.000000	16.370121
13.000000	29.000000	27.000000	1160.000000	853.000000	58.000000	1161.104014	830.368901	2.000000	16.689187
13.000000	30.000000	28.000000	1090.000000	710.000000	48.000000	1098.357150	696.346618	2.000000	17.032296
13.000000	31.000000	0.000000	1042.000000	783.000000	57.000000	1028.407224	761.821428	1.000000	17.360189
13.000000	32.000000	29.000000	1024.000000	748.000000	57.000000	1028.407224	761.821428	1.000000	17.976319
13.000000	33.000000	30.000000	883.000000	788.000000	56.000000	861.601893	795.292401	2.000000	18.464924
13.000000	34.000000	0.000000	905.000000	683.000000	46.000000	878.223257	677.876275	2.000000	18.889075
13.000000	35.000000	31.000000	878.000000	680.000000	46.000000	878.223257	677.876275	2.000000	19.360819
13.000000	36.000000	32.000000	1010.000000	1008.000000	77.000000	1009.440324	1014.661411	1.000000	20.048442
13.000000	37.000000	33.000000	843.000000	1008.000000	76.000000	841.526845	1004.353861	2.000000	20.865727
13.000000	38.000000	34.000000	492.000000	1070.000000	73.000000	478.581854	1078.540243	2.000000	21.600840
13.000000	39.000000	35.000000	728.000000	796.000000	55.000000	719.286313	785.107874	1.000000	22.359797
13.000000	40.000000	36.000000	579.000000	712.000000	44.000000	579.975786	695.218564	2.000000	22.905178
13.000000	41.000000	37.000000	505.000000	541.000000	33.000000	511.206818	539.293984	2.000000	24.193827
13.000000	42.000000	38.000000	338.000000	570.000000	32.000000	325.252181	577.770545	2.000000	24.625357
13.000000	43.000000	39.000000	229.000000	784.000000	51.000000	220.891021	779.034232	2.000000	25.145841
13.000000	44.000000	40.000000	229.000000	1022.000000	71.000000	218.497180	1026.070418	1.000000	26.000527
14.000000	1.000000	0.000000	249.000000	195.000000	1.000000	224.101424	185.194221	2.000000	1.158061
14.000000	2.000000	1.000000	233.000000	189.000000	1.000000	224.101424	185.194221	2.000000	1.629281
14.000000	3.000000	2.000000	384.000000	308.000000	12.000000	369.752262	310.509753	1.000000	2.262634
14.000000	4.000000	3.000000	234.000000	429.000000	21.000000	250.920836	425.238183	1.000000	2.934124
14.000000	5.000000	4.000000	376.000000	385.000000	22.000000	377.297747	396.417062	1.000000	3.405329
14.000000	6.000000	5.000000	473.000000	406.000000	23.000000	465.544382	410.056561	1.000000	3.885817
14.000000	7.000000	6.000000	590.000000	273.000000	14.000000	584.361639	290.164721	1.000000	4.461705
14.000000	8.000000	7.000000	721.000000	287.000000	15.000000	726.995093	293.645875	1.000000	5.014031
14.000000	9.000000	8.000000	721.000000	120.000000	5.000000	716.403034	118.317557	2.000000	5.591069
14.000000	10.000000	9.000000	884.000000	211.000000	6.000000	884.629293	206.982491	2.000000	6.149710
14.000000	11.000000	10.000000	707.000000	378.000000	25.000000	701.484683	379.745533	2.000000	6.630670
14.000000	12.000000	11.000000	1003.000000	254.000000	17.000000	996.347053	260.775669	2.000000	7.270086
14.000000	13.000000	12.000000	1133.000000	127.000000	8.000000	1135.351471	127.974609	2.000000	7.885837
14.000000	14.000000	13.000000	1223.000000	273.000000	19.000000	1232.629336	288.390885	2.000000	8.511038
14.000000	15.000000	14.000000	1137.000000	370.000000	28.000000	1122.908281	373.775317	2.000000	9.078429
14.000000	16.000000	15.000000	1283.000000	383.000000	29.000000	1275.346183	382.153441	2.000000	9.949358
14.000000	17.000000	16.000000	1391.000000	404.000000	30.000000	1374.336105	405.352077	2.000000	10.365852
14.000000	18.000000	17.000000	1219.000000	510.000000	39.000000	1227.657138	509.421315	1.000000	11.525457
14.000000	19.000000	18.000000	1106.000000	681.000000	48.000000	1118.298658	686.806395	1.000000	12.166766
14.000000	20.000000	19.000000	1035.000000	619.000000	47.000000	1028.050567	630.868438	1.000000	12.669508
14.000000	21.000000	20.000000	1396.000000	789.000000	60.000000	1398.243553	799.774628	1.000000	13.399341
14.000000	22.000000	21.000000	1266.000000	1068.000000	79.000000	1247.233801	1068.547399	1.000000	14.094290
14.000000	23.000000	22.000000	1111.000000	918.000000	68.000000	1105.830805	922.124299	1.000000	14.766634
14.000000	24.000000	23.000000	954.000000	922.000000	67.000000	962.435196	929.885266	1.000000	15.229128
14.000000	25.000000	24.000000	972.000000	1015.000000	77.000000	966.911713	1017.950760	1.000000	15.743291
14.000000	26.000000	25.000000	785.000000	1002.000000	75.000000	765.662980	1002.544628	2.000000	16.278301
14.000000	27.000000	26.000000	780.000000	919.000000	65.000000	772.172036	919.700044	2.000000	16.695376
14.000000	28.000000	27.000000	894.000000	496.000000	36.000000	888.966014	497.543500	1.000000	18.029700
14.000000	29.000000	0.000000	567.000000	681.000000	44.000000	591.228694	671.931629	1.000000	18.814205
14.000000	30.000000	28.000000	585.000000	671.000000	44.000000	591.228694	671.931629	1.000000	19.286070
14.000000	31.000000	29.000000	455.000000	664.000000	43.000000	467.941165	669.357742	1.000000	19.846507
14.000000	32.000000	30.000000	489.000000	755.000000	53.000000	478.348466	763.534373	1.000000	20.318741
14.000000	33.000000	31.000000	604.000000	933.000000	64.000000	598.838686	936.848581	1.000000	21.181742
14.000000	34.000000	32.000000	584.000000	1073.000000	74.000000	583.857006	1073.042649	1.000000	21.766771
14.000000	35.000000	33.000000	455.000000	1062.000000	73.000000	460.847422	1057.040814	2.000000	22.237777
14.000000	36.000000	34.000000	212.000000	905.000000	61.000000	198.663255	925.157806	2.000000	22.965235
14.000000	37.000000	35.000000	316.000000	904.000000	62.000000	311.951633	910.767262	2.000000	23.446967
14.000000	38.000000	36.000000	366.000000	769.000000	52.000000	368.656371	789.684883	2.000000	23.942777
14.000000	39.000000	0.000000	212.000000	670.000000	41.000000	219.947835	695.223209	2.000000	24.574349
14.000000	40.000000	37.000000	256.000000	518.000000	31.000000	249.601718	526.878122	2.000000	25.158472
14.000000	41.000000	38.000000	221.000000	680.000000	41.000000	219.947835	695.223209	2.000000	25.702998
14.000000	42.000000	39.000000	341.000000	538.000000	32.000000	351.864406	542.063823	2.000000	26.301033
14.000000	43.000000	40.000000	760.000000	503.000000	35.000000	759.343623	508.241506	2.000000	27.310020
15.000000	1.000000	1.000000	326.000000	137.000000	2.000000	318.423229	137.363701	2.000000	1.145547
15.000000	2.000000	2.000000	267.000000	191.000000	1.000000	246.135526	200.365217	1.000000	1.760715
15.000000	3.000000	3.000000	491.000000	237.000000	13.000000	481.970487	251.923249	1.000000	2.377031
15.000000	4.000000	4.000000	603.000000	121.000000	4.000000	602.771721	138.647133	2.000000	2.864890
15.000000	5.000000	5.000000	765.000000	129.000000	5.000000	752.547541	133.872920	2.000000	3.377936
15.000000	6.000000	6.000000	731.000000	282.000000	15.000000	726.749886	289.888484	1.000000	3.880532
15.000000	7.000000	7.000000	725.000000	392.000000	25.000000	709.387858	401.030108	2.000000	4.434053
15.000000	8.000000	8.000000	633.000000	402.000000	24.000000	636.370466	407.139552	2.000000	4.808869
15.000000	9.000000	9.000000	578.000000	521.000000	34.000000	585.218507	502.316637	1.000000	5.233687
15.000000	10.000000	10.000000	730.000000	539.000000	35.000000	717.302235	557.788606	1.000000	5.761123
15.000000	11.000000	0.000000	632.000000	668.000000	44.000000	614.431607	693.538671	1.000000	6.248535
15.000000	12.000000	11.000000	614.000000	682.000000	44.000000	614.431607	693.538671	1.000000	6.777485
15.000000	13.000000	12.000000	490.000000	559.000000	33.000000	473.654059	575.000394	2.000000	7.354076
15.000000	14.000000	13.000000	171.000000	314.000000	11.000000	182.087656	326.422288	2.000000	8.200663
15.000000	15.000000	14.000000	234.000000	794.000000	51.000000	223.285947	811.560989	2.000000	9.665113
15.000000	16.000000	15.000000	204.000000	888.000000	61.000000	203.107290	893.698958	1.000000	10.264782
15.000000	17.000000	16.000000	236.000000	1056.000000	71.000000	231.556154	1079.398183	1.000000	10.890458
15.000000	18.000000	17.000000	576.000000	949.000000	64.000000	580.451284	938.756728	2.000000	12.121624
15.000000	19.000000	18.000000	572.000000	801.000000	54.000000	572.223261	802.777477	2.000000	12.762793
15.000000	20.000000	19.000000	497.000000	775.000000	53.000000	487.377004	777.436585	2.000000	13.313389
15.000000	21.000000	20.000000	721.000000	793.000000	55.000000	711.223243	798.314785	1.000000	14.120921
15.000000	22.000000	21.000000	892.000000	782.000000	56.000000	892.767843	781.747232	1.000000	14.650605
15.000000	23.000000	22.000000	967.000000	895.000000	67.000000	960.350683	903.576227	1.000000	15.145189
15.000000	24.000000	23.000000	739.000000	993.000000	75.000000	762.177036	1000.960795	1.000000	15.752930
15.000000	25.000000	24.000000	997.000000	1067.000000	77.000000	987.955460	1054.950151	2.000000	16.666699
15.000000	26.000000	25.000000	1106.000000	1067.000000	78.000000	1109.839283	1068.335124	2.000000	17.354233
15.000000	27.000000	26.000000	1376.000000	1084.000000	80.000000	1372.082210	1077.626017	1.000000	18.562690
15.000000	28.000000	27.000000	1228.000000	924.000000	69.000000	1225.122138	919.476138	2.000000	19.352693
15.000000	29.000000	28.000000	1238.000000	807.000000	59.000000	1242.390035	810.058125	2.000000	20.098698
15.000000	30.000000	29.000000	1374.000000	825.000000	60.000000	1376.573110	828.040123	2.000000	20.696733
15.000000	31.000000	30.000000	1152.000000	800.000000	58.000000	1147.256559	795.517480	1.000000	21.314684
15.000000	32.000000	31.000000	1097.000000	656.000000	48.000000	1093.778225	652.405828	2.000000	21.882494
15.000000	33.000000	32.000000	1216.000000	655.000000	49.000000	1223.983772	663.922947	2.000000	22.457343
15.000000	34.000000	33.000000	1393.000000	645.000000	50.000000	1382.501914	645.372654	1.000000	23.098847
15.000000	35.000000	0.000000	1366.000000	477.000000	30.000000	1355.242961	452.792982	2.000000	23.681422
15.000000	36.000000	34.000000	1423.000000	314.000000	20.000000	1412.777487	298.561806	1.000000	24.448797
15.000000	37.000000	35.000000	1352.000000	450.000000	30.000000	1355.242961	452.792982	2.000000	24.961092
15.000000	38.000000	36.000000	1416.000000	148.000000	10.000000	1411.352355	162.636403	1.000000	26.232789
15.000000	39.000000	37.000000	1288.000000	137.000000	9.000000	1282.434645	135.864292	2.000000	26.713869
15.000000	40.000000	38.000000	1156.000000	188.000000	8.000000	1146.240953	201.936297	1.000000	27.320700
15.000000	41.000000	39.000000	999.000000	252.000000	17.000000	1002.004600	262.790217	1.000000	27.905509
15.000000	42.000000	40.000000	1145.000000	400.000000	28.000000	1132.837961	402.963298	1.000000	28.825415
16.000000	1.000000	1.000000	186.000000	169.000000	1.000000	191.994973	169.337518	2.000000	1.271447
16.000000	2.000000	2.000000	365.000000	193.000000	2.000000	362.919662	203.717569	1.000000	1.822324
16.000000	3.000000	3.000000	375.000000	290.000000	12.000000	371.256276	284.458961	2.000000	2.351920
16.000000	4.000000	4.000000	533.000000	247.000000	13.000000	511.773825	247.067072	2.000000	2.839240
16.000000	5.000000	5.000000	579.000000	158.000000	4.000000	586.423265	166.531990	2.000000	3.463766
16.000000	6.000000	0.000000	598.000000	231.000000	14.000000	618.217013	265.419869	2.000000	3.928393
16.000000	7.000000	6.000000	622.000000	253.000000	14.000000	618.217013	265.419869	2.000000	4.310429
16.000000	8.000000	7.000000	723.000000	181.000000	5.000000	723.766311	182.843822	1.000000	4.766518
16.000000	9.000000	8.000000	484.000000	370.000000	23.000000	490.394554	367.929043	1.000000	5.423829
16.000000	10.000000	9.000000	198.000000	379.000000	21.000000	203.449911	385.222235	1.000000	5.991143
16.000000	11.000000	10.000000	201.000000	543.000000	31.000000	222.916269	547.908527	2.000000	6.615408
16.000000	12.000000	11.000000	290.000000	544.000000	32.000000	311.350086	535.963673	1.000000	7.071973
16.000000	13.000000	12.000000	231.000000	692.000000	41.000000	230.324706	704.990497	2.000000	7.614932
16.000000	14.000000	13.000000	166.000000	735.000000	51.000000	180.392965	755.151964	1.000000	7.942940
16.000000	15.000000	14.000000	186.000000	916.000000	61.000000	180.881782	912.156273	1.000000	8.702551
16.000000	16.000000	15.000000	187.000000	996.000000	71.000000	179.444215	1009.755949	1.000000	9.048390
16.000000	17.000000	16.000000	378.000000	867.000000	62.000000	372.910225	878.413491	1.000000	9.592424
16.000000	18.000000	17.000000	623.000000	950.000000	64.000000	630.057849	941.617527	2.000000	10.623469
16.000000	19.000000	0.000000	606.000000	1040.000000	74.000000	624.094062	1072.724666	1.000000	11.014988
16.000000	20.000000	18.000000	618.000000	1051.000000	74.000000	624.094062	1072.724666	1.000000	11.304371
16.000000	21.000000	19.000000	721.000000	895.000000	65.000000	716.805723	904.090142	1.000000	12.343921
16.000000	22.000000	20.000000	861.000000	937.000000	66.000000	857.921583	938.988585	1.000000	13.479289
16.000000	23.000000	21.000000	973.000000	1075.000000	77.000000	976.635598	1079.689251	1.000000	14.088371
16.000000	24.000000	22.000000	1010.000000	916.000000	67.000000	999.365351	915.019805	2.000000	14.687501
16.000000	25.000000	23.000000	1088.000000	1001.000000	78.000000	1099.293552	1009.870768	2.000000	15.262474
16.000000	26.000000	24.000000	1247.000000	993.000000	79.000000	1243.730630	994.407071	2.000000	16.448055
16.000000	27.000000	25.000000	1374.000000	1048.000000	80.000000	1385.879088	1044.006873	2.000000	17.047928
16.000000	28.000000	26.000000	1372.000000	889.000000	70.000000	1366.466246	884.875948	2.000000	17.608304
16.000000	29.000000	27.000000	1110.000000	799.000000	58.000000	1095.503911	818.492708	2.000000	18.214915
16.000000	30.000000	0.000000	1255.000000	679.000000	49.000000	1225.842848	685.228862	1.000000	19.015600
16.000000	31.000000	28.000000	1225.000000	700.000000	49.000000	1225.842848	685.228862	1.000000	19.576011
16.000000	32.000000	29.000000	1234.000000	543.000000	39.000000	1230.115668	552.557318	2.000000	20.135237
16.000000	33.000000	30.000000	1229.000000	383.000000	29.000000	1225.252202	396.493621	1.000000	21.142253
16.000000	34.000000	31.000000	1273.000000	303.000000	19.000000	1260.729499	319.232985	1.000000	21.584238
16.000000	35.000000	32.000000	1221.000000	151.000000	9.000000	1222.085980	159.735756	2.000000	22.319196
16.000000	36.000000	33.000000	876.000000	315.000000	16.000000	888.095943	317.302628	1.000000	23.112116
16.000000	37.000000	34.000000	840.000000	376.000000	26.000000	842.298629	376.769814	2.000000	23.623765
16.000000	38.000000	35.000000	774.000000	511.000000	35.000000	771.587015	516.526992	2.000000	24.222698
16.000000	39.000000	36.000000	852.000000	539.000000	36.000000	842.351835	529.553579	1.000000	24.646345
16.000000	40.000000	37.000000	1014.000000	536.000000	37.000000	1014.774690	536.913381	1.000000	25.135616
16.000000	41.000000	38.000000	865.000000	747.000000	56.000000	843.950986	759.533774	1.000000	25.879879
16.000000	42.000000	39.000000	723.000000	757.000000	55.000000	737.423997	768.610873	2.000000	26.344260
16.000000	43.000000	40.000000	464.000000	571.000000	33.000000	470.576989	573.088571	2.000000	27.847661
17.000000	1.000000	1.000000	205.000000	181.000000	1.000000	200.332708	177.369909	2.000000	1.534444
17.000000	2.000000	2.000000	328.000000	190.000000	2.000000	320.359552	190.462126	1.000000	2.181137
17.000000	3.000000	3.000000	381.000000	245.000000	12.000000	382.317238	252.339894	1.000000	2.798571
17.000000	4.000000	4.000000	243.000000	401.000000	21.000000	228.340602	400.633186	1.000000	3.420822
17.000000	5.000000	5.000000	319.000000	550.000000	32.000000	321.035728	568.265710	1.000000	4.165438
17.000000	6.000000	6.000000	632.000000	549.000000	34.000000	618.600029	556.422380	2.000000	4.830223
17.000000	7.000000	7.000000	718.000000	511.000000	35.000000	719.975719	510.865973	2.000000	5.190741
17.000000	8.000000	8.000000	723.000000	451.000000	25.000000	731.657905	447.360983	1.000000	5.508969
17.000000	9.000000	9.000000	616.000000	430.000000	24.000000	616.716869	432.619115	1.000000	6.030453
17.000000	10.000000	10.000000	717.000000	280.000000	15.000000	709.189065	288.985689	1.000000	6.502904
17.000000	11.000000	11.000000	864.000000	288.000000	16.000000	857.179971	301.925241	2.000000	6.980831
17.000000	12.000000	12.000000	1009.000000	311.000000	17.000000	1004.517313	327.062592	2.000000	7.477985
17.000000	13.000000	13.000000	1098.000000	277.000000	18.000000	1088.841245	293.943426	1.000000	7.846105
17.000000	14.000000	14.000000	1036.000000	130.000000	7.000000	1024.210109	140.303465	2.000000	8.398252
17.000000	15.000000	0.000000	1148.000000	141.000000	8.000000	1112.274060	151.305928	2.000000	8.805395
17.000000	16.000000	15.000000	1101.000000	145.000000	8.000000	1112.274060	151.305928	2.000000	9.342286
17.000000	17.000000	16.000000	1301.000000	152.000000	9.000000	1284.887864	164.483674	2.000000	10.244872
17.000000	18.000000	17.000000	1288.000000	291.000000	19.000000	1288.437339	288.208350	2.000000	10.788743
17.000000	19.000000	18.000000	1273.000000	395.000000	29.000000	1268.003117	385.701715	1.000000	11.285571
17.000000	20.000000	19.000000	1109.000000	402.000000	28.000000	1104.262320	418.119129	1.000000	11.758403
17.000000	21.000000	20.000000	992.000000	412.000000	27.000000	989.284192	423.061933	2.000000	12.366704
17.000000	22.000000	21.000000	843.000000	512.000000	36.000000	833.117933	525.626045	2.000000	12.949880
17.000000	23.000000	22.000000	1149.000000	514.000000	38.000000	1148.236593	522.016063	2.000000	13.732766
17.000000	24.000000	0.000000	1321.000000	523.000000	39.000000	1274.517397	520.829175	2.000000	14.253370
17.000000	25.000000	23.000000	1292.000000	520.000000	39.000000	1274.517397	520.829175	2.000000	14.597800
17.000000	26.000000	24.000000	1358.000000	767.000000	60.000000	1350.002801	764.004364	1.000000	15.861896
17.000000	27.000000	25.000000	1276.000000	825.000000	59.000000	1290.694874	824.264272	1.000000	16.421085
17.000000	28.000000	26.000000	1359.000000	988.000000	80.000000	1357.004888	1003.955368	1.000000	17.086204
17.000000	29.000000	27.000000	1261.000000	1022.000000	79.000000	1264.017930	1034.882099	2.000000	17.646014
17.000000	30.000000	28.000000	1179.000000	1075.000000	78.000000	1161.095113	1080.647270	1.000000	18.212562
17.000000	31.000000	29.000000	1148.000000	948.000000	68.000000	1129.050261	955.333327	2.000000	18.670543
17.000000	32.000000	30.000000	1149.000000	798.000000	58.000000	1137.730046	793.004095	2.000000	19.110695
17.000000	33.000000	31.000000	1005.000000	871.000000	67.000000	999.315291	878.343914	2.000000	19.678577
17.000000	34.000000	32.000000	994.000000	1063.000000	77.000000	977.611335	1070.863462	1.000000	20.246261
17.000000	35.000000	33.000000	865.000000	1000.000000	76.000000	865.938148	1014.881405	1.000000	20.837509
17.000000	36.000000	34.000000	776.000000	914.000000	65.000000	759.019205	900.525878	2.000000	21.444851
17.000000	37.000000	35.000000	744.000000	819.000000	55.000000	744.948886	810.549561	1.000000	22.461358
17.000000	38.000000	36.000000	973.000000	633.000000	47.000000	971.947566	638.316578	1.000000	24.454035
17.000000	39.000000	37.000000	624.000000	870.000000	64.000000	632.693082	880.002239	1.000000	25.077580
17.000000	40.000000	38.000000	486.000000	992.000000	73.000000	490.491241	1001.418943	1.000000	25.670701
17.000000	41.000000	39.000000	193.000000	1017.000000	71.000000	189.839909	1019.957019	2.000000	26.861537
17.000000	42.000000	40.000000	348.000000	772.000000	52.000000	338.429275	781.864250	2.000000	27.485524
18.000000	1.000000	1.000000	344.000000	193.000000	2.000000	359.212608	197.965631	1.000000	0.921662
18.000000	2.000000	2.000000	193.000000	162.000000	1.000000	195.201250	162.203809	1.000000	1.433685
18.000000	3.000000	3.000000	610.000000	209.000000	4.000000	613.325873	188.041154	1.000000	2.271975
18.000000	4.000000	4.000000	590.000000	304.000000	14.000000	595.995551	304.979643	1.000000	2.767805
18.000000	5.000000	5.000000	496.000000	294.000000	13.000000	498.046247	303.565832	1.000000	3.081044
18.000000	6.000000	6.000000	743.000000	191.000000	5.000000	754.889830	189.034318	2.000000	3.688802
18.000000	7.000000	7.000000	966.000000	230.000000	17.000000	962.171480	243.399925	2.000000	4.288776
18.000000	8.000000	8.000000	1026.000000	127.000000	7.000000	1016.129827	132.255756	2.000000	4.841339
18.000000	9.000000	9.000000	1089.000000	167.000000	8.000000	1093.494997	168.197490	1.000000	5.217420
18.000000	10.000000	10.000000	1233.000000	195.000000	9.000000	1238.974056	195.157149	1.000000	5.688691
18.000000	11.000000	11.000000	910.000000	370.000000	26.000000	899.601204	373.966375	1.000000	6.521651
18.000000	12.000000	12.000000	964.000000	401.000000	27.000000	964.081543	395.343374	1.000000	6.817894
18.000000	13.000000	13.000000	773.000000	406.000000	25.000000	766.667937	399.883547	2.000000	7.304450
18.000000	14.000000	14.000000	883.000000	514.000000	36.000000	889.846598	509.806638	1.000000	7.912838
18.000000	15.000000	15.000000	771.000000	547.000000	35.000000	761.077937	560.607655	1.000000	8.385903
18.000000	16.000000	16.000000	638.000000	449.000000	24.000000	641.108640	448.147256	1.000000	8.880569
18.000000	17.000000	17.000000	238.000000	506.000000	31.000000	235.271857	500.690781	2.000000	9.617495
18.000000	18.000000	18.000000	339.000000	534.000000	32.000000	324.497868	530.927805	1.000000	9.992787
18.000000	19.000000	19.000000	197.000000	645.000000	41.000000	205.065782	629.711840	2.000000	10.473582
18.000000	20.000000	0.000000	190.000000	742.000000	51.000000	186.386775	768.632659	2.000000	10.897526
18.000000	21.000000	20.000000	190.000000	759.000000	51.000000	186.386775	768.632659	2.000000	11.360569
18.000000	22.000000	21.000000	469.000000	793.000000	53.000000	465.493483	808.233435	1.000000	11.935872
18.000000	23.000000	22.000000	502.000000	678.000000	43.000000	509.186728	670.712693	2.000000	12.424189
18.000000	24.000000	23.000000	625.000000	765.000000	54.000000	626.542103	761.976583	1.000000	12.976759
18.000000	25.000000	24.000000	604.000000	958.000000	64.000000	609.702035	953.313163	1.000000	13.552244
18.000000	26.000000	25.000000	606.000000	1084.000000	74.000000	606.035933	1081.861008	1.000000	14.065912
18.000000	27.000000	26.000000	485.000000	1045.000000	73.000000	478.528031	1044.045832	2.000000	14.536361
18.000000	28.000000	27.000000	357.000000	1081.000000	72.000000	362.361941	1073.339646	1.000000	15.127849
18.000000	29.000000	28.000000	694.000000	1069.000000	75.000000	711.402773	1064.106123	2.000000	15.793003
18.000000	30.000000	29.000000	719.000000	951.000000	65.000000	717.066941	949.891152	2.000000	16.328470
18.000000	31.000000	30.000000	773.000000	750.000000	55.000000	757.394400	744.147477	2.000000	16.865665
18.000000	32.000000	31.000000	863.000000	684.000000	46.000000	847.101018	680.970724	2.000000	17.751772
18.000000	33.000000	32.000000	1030.000000	650.000000	47.000000	1031.735324	657.179454	2.000000	18.272536
18.000000	34.000000	33.000000	1117.000000	693.000000	48.000000	1120.828666	696.323022	2.000000	18.729803
18.000000	35.000000	34.000000	955.000000	879.000000	67.000000	958.158810	890.503236	1.000000	19.247581
18.000000	36.000000	35.000000	977.000000	986.000000	77.000000	978.260624	996.703264	2.000000	19.704824
18.000000	37.000000	36.000000	1227.000000	1000.000000	79.000000	1223.234025	997.718097	2.000000	20.312817
18.000000	38.000000	0.000000	1216.000000	881.000000	69.000000	1217.621542	907.898569	2.000000	20.656767
18.000000	39.000000	37.000000	1219.000000	913.000000	69.000000	1217.621542	907.898569	2.000000	20.912901
18.000000	40.000000	38.000000	1428.000000	913.000000	70.000000	1417.401683	911.713825	1.000000	21.456615
18.000000	41.000000	39.000000	1231.000000	642.000000	49.000000	1217.683136	629.933824	2.000000	22.153451
18.000000	42.000000	40.000000	1412.000000	597.000000	40.000000	1408.167421	579.137926	2.000000	22.712799
19.000000	1.000000	1.000000	258.000000	156.000000	1.000000	243.570173	170.669933	2.000000	1.192057
19.000000	2.000000	2.000000	246.000000	267.000000	11.000000	233.176277	258.904883	1.000000	1.881204
19.000000	3.000000	3.000000	329.000000	259.000000	12.000000	327.001454	251.940636	1.000000	2.305054
19.000000	4.000000	4.000000	372.000000	400.000000	22.000000	366.810817	391.641364	1.000000	2.777255
19.000000	5.000000	5.000000	474.000000	177.000000	3.000000	475.043641	173.496508	1.000000	4.999989
19.000000	6.000000	6.000000	612.000000	175.000000	4.000000	612.597493	163.606411	1.000000	5.489212
19.000000	7.000000	7.000000	701.000000	197.000000	5.000000	706.564205	200.489173	2.000000	5.967653
19.000000	8.000000	8.000000	692.000000	304.000000	15.000000	708.485157	292.562638	1.000000	6.584004
19.000000	9.000000	9.000000	648.000000	377.000000	24.000000	637.366716	384.620430	2.000000	7.255780
19.000000	10.000000	10.000000	715.000000	449.000000	25.000000	711.943612	439.662321	2.000000	7.791496
19.000000	11.000000	11.000000	770.000000	526.000000	35.000000	763.737842	537.137917	2.000000	8.169126
19.000000	12.000000	12.000000	735.000000	643.000000	45.000000	739.325042	646.524125	1.000000	8.665372
19.000000	13.000000	13.000000	498.000000	498.000000	33.000000	488.522812	492.614132	2.000000	9.191637
19.000000	14.000000	14.000000	573.000000	705.000000	44.000000	587.116091	706.947740	2.000000	9.721334
19.000000	15.000000	15.000000	501.000000	701.000000	43.000000	504.882467	694.495785	2.000000	10.248897
19.000000	16.000000	16.000000	339.000000	748.000000	52.000000	340.537474	752.617990	2.000000	10.703880
19.000000	17.000000	17.000000	220.000000	664.000000	41.000000	216.943359	668.707419	1.000000	11.337400
19.000000	18.000000	18.000000	188.000000	918.000000	61.000000	182.622956	908.126340	1.000000	12.167539
19.000000	19.000000	19.000000	315.000000	925.000000	62.000000	318.041195	920.798353	1.000000	12.617069
19.000000	20.000000	20.000000	619.000000	1001.000000	74.000000	630.978341	1009.678682	1.000000	13.329005
19.000000	21.000000	21.000000	635.000000	839.000000	54.000000	635.245965	823.817609	2.000000	13.863862
19.000000	22.000000	22.000000	957.000000	1051.000000	77.000000	960.163980	1056.355596	2.000000	14.881187
19.000000	23.000000	23.000000	969.000000	921.000000	67.000000	957.543593	930.100117	2.000000	15.305338
19.000000	24.000000	24.000000	969.000000	843.000000	57.000000	970.585778	828.765496	2.000000	15.880595
19.000000	25.000000	25.000000	898.000000	676.000000	46.000000	894.577935	679.884779	2.000000	16.335527
19.000000	26.000000	26.000000	1249.000000	928.000000	69.000000	1246.399410	935.742644	2.000000	17.543936
19.000000	27.000000	27.000000	1242.000000	778.000000	59.000000	1233.857200	769.171447	1.000000	18.001467
19.000000	28.000000	28.000000	1275.000000	514.000000	39.000000	1268.841870	513.844020	2.000000	18.808203
19.000000	29.000000	29.000000	1421.000000	1007.000000	80.000000	1417.479472	1013.407742	2.000000	19.624361
19.000000	30.000000	30.000000	1363.000000	570.000000	40.000000	1356.106085	579.304431	1.000000	20.504846
19.000000	31.000000	31.000000	1377.000000	398.000000	30.000000	1366.567639	390.073215	1.000000	20.991505
19.000000	32.000000	32.000000	1394.000000	307.000000	20.000000	1402.223282	317.074917	2.000000	21.344685
19.000000	33.000000	33.000000	1229.000000	202.000000	9.000000	1227.068902	207.069148	1.000000	21.953264
19.000000	34.000000	34.000000	1122.000000	119.000000	8.000000	1119.731587	134.040466	2.000000	22.496070
19.000000	35.000000	35.000000	1043.000000	117.000000	7.000000	1029.113617	119.951395	1.000000	22.984138
19.000000	36.000000	0.000000	877.000000	211.000000	6.000000	857.609734	179.180220	1.000000	23.736985
19.000000	37.000000	36.000000	856.000000	187.000000	6.000000	857.609734	179.180220	1.000000	24.032636
19.000000	38.000000	37.000000	999.000000	294.000000	17.000000	999.919099	282.645786	1.000000	24.697273
19.000000	39.000000	38.000000	1120.000000	251.000000	18.000000	1113.000670	243.498371	1.000000	25.120813
19.000000	40.000000	39.000000	1009.000000	434.000000	27.000000	1002.227178	430.577063	2.000000	25.889215
19.000000	41.000000	40.000000	1138.000000	533.000000	38.000000	1140.288822	520.912825	1.000000	26.463709
20.000000	1.000000	1.000000	186.000000	136.000000	1.000000	193.036883	135.223341	1.000000	1.063190
20.000000	2.000000	2.000000	343.000000	302.000000	12.000000	352.445389	292.044442	2.000000	1.694476
20.000000	3.000000	3.000000	491.000000	319.000000	13.000000	493.054856	321.485702	1.000000	2.143427
20.000000	4.000000	4.000000	574.000000	266.000000	14.000000	568.544085	264.202136	2.000000	2.511350
20.000000	5.000000	5.000000	756.000000	282.000000	15.000000	759.375503	287.671675	1.000000	2.981880
20.000000	6.000000	6.000000	755.000000	378.000000	25.000000	758.416031	394.291656	2.000000	3.431528
20.000000	7.000000	7.000000	725.000000	500.000000	35.000000	711.375792	510.037081	2.000000	3.982140
20.000000	8.000000	8.000000	837.000000	465.000000	26.000000	835.523192	456.465955	2.000000	4.351887
20.000000	9.000000	9.000000	851.000000	521.000000	36.000000	852.864955	510.890392	1.000000	4.680019
20.000000	10.000000	10.000000	1016.000000	514.000000	37.000000	1021.484928	512.953403	2.000000	5.150294
20.000000	11.000000	11.000000	1017.000000	428.000000	27.000000	1019.771300	419.606343	2.000000	5.462290
20.000000	12.000000	12.000000	996.000000	265.000000	17.000000	999.875962	276.999678	1.000000	5.919782
20.000000	13.000000	0.000000	1000.000000	153.000000	7.000000	1010.593651	125.843039	1.000000	6.326339
20.000000	14.000000	13.000000	1009.000000	124.000000	7.000000	1010.593651	125.843039	1.000000	6.798776
20.000000	15.000000	14.000000	1093.000000	309.000000	18.000000	1095.023353	311.241471	1.000000	7.374523
20.000000	16.000000	15.000000	1229.000000	289.000000	19.000000	1236.406966	280.281823	2.000000	7.783187
20.000000	17.000000	16.000000	1269.000000	202.000000	9.000000	1271.841535	196.050620	1.000000	8.149860
20.000000	18.000000	17.000000	1401.000000	383.000000	30.000000	1404.701554	386.599776	2.000000	8.839037
20.000000	19.000000	18.000000	1402.000000	494.000000	40.000000	1405.897451	493.240371	2.000000	9.287499
20.000000	20.000000	19.000000	1232.000000	508.000000	39.000000	1223.487645	506.740297	2.000000	9.791726
20.000000	21.000000	20.000000	1387.000000	666.000000	50.000000	1389.502776	665.735044	1.000000	10.367592
20.000000	22.000000	21.000000	1102.000000	562.000000	38.000000	1098.479369	562.609377	1.000000	11.150293
20.000000	23.000000	22.000000	1017.000000	875.000000	67.000000	1014.431437	876.594062	2.000000	11.829984
20.000000	24.000000	23.000000	1113.000000	813.000000	58.000000	1129.414233	810.867425	1.000000	12.253787
20.000000	25.000000	24.000000	1023.000000	1039.000000	77.000000	1031.182291	1032.027173	1.000000	12.806000
20.000000	26.000000	25.000000	1134.000000	1038.000000	78.000000	1122.167916	1033.817176	2.000000	13.231623
20.000000	27.000000	26.000000	1410.000000	1081.000000	80.000000	1411.044007	1078.604843	2.000000	13.853993
20.000000	28.000000	27.000000	875.000000	777.000000	56.000000	882.886858	779.194111	1.000000	14.686043
20.000000	29.000000	28.000000	863.000000	660.000000	46.000000	864.013357	654.263072	1.000000	15.135585
20.000000	30.000000	29.000000	758.000000	676.000000	45.000000	759.118784	672.217134	1.000000	15.542918
20.000000	31.000000	0.000000	635.000000	748.000000	54.000000	619.616801	769.397155	2.000000	15.982037
20.000000	32.000000	30.000000	620.000000	773.000000	54.000000	619.616801	769.397155	2.000000	16.422267
20.000000	33.000000	31.000000	612.000000	876.000000	64.000000	612.706540	871.952228	2.000000	16.887520
20.000000	34.000000	32.000000	732.000000	962.000000	65.000000	717.520999	952.217850	2.000000	17.326828
20.000000	35.000000	33.000000	514.000000	933.000000	63.000000	502.379861	929.547740	1.000000	17.854860
20.000000	36.000000	34.000000	345.000000	1041.000000	72.000000	333.578795	1045.946872	1.000000	18.510655
20.000000	37.000000	35.000000	236.000000	805.000000	51.000000	231.951868	801.612670	2.000000	19.494351
20.000000	38.000000	36.000000	435.000000	706.000000	43.000000	447.070898	705.536178	2.000000	20.079821
20.000000	39.000000	37.000000	501.000000	748.000000	53.000000	510.133783	744.559222	1.000000	20.591455
20.000000	40.000000	38.000000	567.000000	631.000000	44.000000	570.327039	640.722770	1.000000	21.023070
20.000000	41.000000	39.000000	386.000000	619.000000	42.000000	369.710820	622.241815	1.000000	21.478173
20.000000	42.000000	40.000000	341.000000	516.000000	32.000000	336.180790	511.989734	2.000000	21.935666
