MultiTargForag_2	Participant_Code = 46
Search_Type = 2	CB_Targets = 3
Trial	Click_Num	Target_Click_Order	Click_X	Click_y	Item_selected	Item_X	Item_Y	Target_Set	RT
1.000000	1.000000	1.000000	675.000000	398.000000	25.000000	667.836196	386.512439	1.000000	1.970226
1.000000	2.000000	2.000000	512.000000	255.000000	14.000000	508.812899	245.902355	1.000000	3.294318
1.000000	3.000000	3.000000	533.000000	148.000000	4.000000	535.413286	130.743805	1.000000	4.254847
1.000000	4.000000	4.000000	295.000000	263.000000	12.000000	293.443047	279.185510	1.000000	5.063521
1.000000	5.000000	5.000000	292.000000	330.000000	22.000000	293.463133	353.080732	1.000000	5.663397
1.000000	6.000000	6.000000	335.000000	479.000000	32.000000	339.481576	494.614913	1.000000	6.822673
1.000000	7.000000	7.000000	421.000000	362.000000	23.000000	418.610298	357.102544	2.000000	7.686625
1.000000	8.000000	8.000000	434.000000	172.000000	3.000000	426.398033	165.162555	2.000000	8.534864
1.000000	9.000000	9.000000	514.000000	370.000000	24.000000	531.212604	367.176411	2.000000	9.366009
1.000000	10.000000	0.000000	549.000000	476.000000	34.000000	554.880714	500.335000	2.000000	10.182586
1.000000	11.000000	10.000000	557.000000	495.000000	34.000000	554.880714	500.335000	2.000000	10.911024
1.000000	12.000000	11.000000	640.000000	493.000000	35.000000	658.566323	491.379104	1.000000	11.462301
1.000000	13.000000	12.000000	734.000000	542.000000	46.000000	743.272853	552.175827	1.000000	12.232054
1.000000	14.000000	13.000000	741.000000	503.000000	36.000000	749.934737	488.215871	2.000000	12.703350
1.000000	15.000000	14.000000	841.000000	507.000000	37.000000	858.784538	503.713923	1.000000	13.319302
1.000000	16.000000	15.000000	880.000000	536.000000	47.000000	881.186217	550.753342	1.000000	13.694741
1.000000	17.000000	16.000000	979.000000	441.000000	38.000000	990.641006	442.259189	3.000000	15.135537
2.000000	1.000000	1.000000	647.000000	360.000000	25.000000	640.285456	350.207531	1.000000	1.451057
2.000000	2.000000	2.000000	638.000000	210.000000	15.000000	636.766430	224.375014	1.000000	2.499668
2.000000	3.000000	3.000000	551.000000	199.000000	4.000000	536.816057	187.384113	1.000000	3.084424
2.000000	4.000000	4.000000	316.000000	147.000000	2.000000	300.112590	155.808691	2.000000	5.172713
2.000000	5.000000	5.000000	414.000000	141.000000	3.000000	418.118366	139.977147	2.000000	5.659358
2.000000	6.000000	6.000000	617.000000	147.000000	5.000000	618.509319	153.088267	2.000000	6.324608
2.000000	7.000000	7.000000	975.000000	251.000000	18.000000	971.271274	262.940070	1.000000	9.884388
2.000000	8.000000	8.000000	971.000000	358.000000	28.000000	965.563099	358.038971	1.000000	10.420483
2.000000	9.000000	9.000000	884.000000	462.000000	37.000000	868.216077	468.052753	1.000000	11.277056
2.000000	10.000000	0.000000	1088.000000	149.000000	9.000000	1104.935962	128.052188	1.000000	12.691918
2.000000	11.000000	10.000000	1107.000000	139.000000	9.000000	1104.935962	128.052188	1.000000	13.635079
2.000000	12.000000	11.000000	1177.000000	167.000000	10.000000	1179.628219	162.531467	1.000000	14.274959
2.000000	13.000000	12.000000	1190.000000	438.000000	40.000000	1192.319894	455.584201	2.000000	15.284299
2.000000	14.000000	13.000000	1198.000000	581.000000	50.000000	1197.538635	598.760717	1.000000	16.052722
2.000000	15.000000	14.000000	1208.000000	685.000000	60.000000	1215.893901	699.700270	1.000000	16.603781
2.000000	16.000000	15.000000	1208.000000	808.000000	70.000000	1200.168808	805.710144	2.000000	17.284924
2.000000	17.000000	16.000000	1076.000000	773.000000	69.000000	1057.686723	760.811594	1.000000	18.148285
2.000000	18.000000	17.000000	976.000000	491.000000	38.000000	962.109543	478.767418	2.000000	19.507159
2.000000	19.000000	0.000000	887.000000	547.000000	47.000000	865.388900	559.612451	2.000000	20.123260
2.000000	20.000000	18.000000	865.000000	573.000000	47.000000	865.388900	559.612451	2.000000	20.691609
2.000000	21.000000	19.000000	862.000000	691.000000	57.000000	863.442307	696.830910	1.000000	21.260203
2.000000	22.000000	20.000000	757.000000	779.000000	66.000000	746.635087	786.061256	1.000000	22.052171
2.000000	23.000000	21.000000	776.000000	882.000000	76.000000	773.597256	890.259628	1.000000	22.725061
2.000000	24.000000	22.000000	549.000000	876.000000	74.000000	555.723495	882.644168	2.000000	24.522858
2.000000	25.000000	23.000000	520.000000	794.000000	64.000000	520.045201	790.391516	2.000000	25.067690
2.000000	26.000000	24.000000	433.000000	865.000000	73.000000	424.227343	865.789672	2.000000	25.659715
2.000000	27.000000	25.000000	321.000000	765.000000	62.000000	324.683530	759.891735	2.000000	26.484467
2.000000	28.000000	26.000000	224.000000	713.000000	51.000000	205.064331	703.012438	2.000000	27.123991
2.000000	29.000000	27.000000	211.000000	792.000000	61.000000	209.066030	805.257247	1.000000	27.747905
2.000000	30.000000	28.000000	298.000000	666.000000	52.000000	302.399801	666.320548	1.000000	28.395087
2.000000	31.000000	29.000000	181.000000	576.000000	41.000000	190.965373	564.465494	1.000000	29.683229
2.000000	32.000000	30.000000	197.000000	479.000000	31.000000	194.573887	478.135084	2.000000	30.548618
2.000000	33.000000	31.000000	197.000000	379.000000	21.000000	202.953055	371.462421	1.000000	31.251541
2.000000	34.000000	32.000000	232.000000	267.000000	11.000000	220.424208	263.032127	2.000000	31.795619
2.000000	35.000000	33.000000	397.000000	287.000000	13.000000	408.735924	283.909658	2.000000	32.475684
2.000000	36.000000	34.000000	405.000000	387.000000	23.000000	415.765561	400.133078	2.000000	33.140502
2.000000	37.000000	35.000000	420.000000	489.000000	33.000000	416.498702	479.223719	2.000000	33.691608
2.000000	38.000000	36.000000	505.000000	289.000000	14.000000	512.535892	274.935205	2.000000	34.332321
2.000000	39.000000	37.000000	549.000000	632.000000	54.000000	554.117407	655.407582	1.000000	35.500221
2.000000	40.000000	38.000000	666.000000	497.000000	35.000000	671.439967	486.447448	2.000000	36.523255
2.000000	41.000000	39.000000	746.000000	449.000000	36.000000	750.145651	453.764211	2.000000	36.956444
2.000000	42.000000	40.000000	678.000000	701.000000	55.000000	667.544788	712.100942	1.000000	37.716133
1.000000	1.000000	1.000000	381.000000	163.000000	3.000000	400.679811	158.373694	1.000000	1.459129
1.000000	2.000000	2.000000	219.000000	259.000000	11.000000	203.736809	274.444088	1.000000	2.322512
1.000000	3.000000	3.000000	224.000000	326.000000	21.000000	216.091569	332.963219	1.000000	2.738081
1.000000	4.000000	4.000000	197.000000	179.000000	1.000000	220.439562	172.340745	2.000000	3.225844
1.000000	5.000000	5.000000	306.000000	173.000000	2.000000	299.412382	174.509670	2.000000	3.594018
1.000000	6.000000	6.000000	527.000000	158.000000	4.000000	508.500376	158.214129	2.000000	4.322510
1.000000	7.000000	7.000000	545.000000	264.000000	14.000000	542.077993	275.987039	1.000000	4.794121
1.000000	8.000000	8.000000	879.000000	272.000000	17.000000	880.981100	288.770826	2.000000	6.681633
1.000000	9.000000	9.000000	960.000000	254.000000	18.000000	961.787911	240.547108	2.000000	7.193689
1.000000	10.000000	10.000000	1086.000000	254.000000	19.000000	1065.801734	245.032978	2.000000	7.674824
1.000000	11.000000	11.000000	966.000000	144.000000	8.000000	961.394474	145.478215	1.000000	8.185919
1.000000	12.000000	12.000000	1093.000000	174.000000	9.000000	1100.262715	166.171920	1.000000	8.834363
1.000000	13.000000	13.000000	1113.000000	373.000000	29.000000	1096.330040	360.352070	1.000000	10.219164
1.000000	14.000000	14.000000	1199.000000	466.000000	40.000000	1186.641050	468.859024	1.000000	10.689883
1.000000	15.000000	15.000000	1177.000000	541.000000	50.000000	1171.135037	549.257222	1.000000	11.186026
1.000000	16.000000	16.000000	1073.000000	814.000000	69.000000	1067.787513	824.795576	1.000000	12.259208
1.000000	17.000000	17.000000	1003.000000	796.000000	68.000000	1000.897699	793.559458	2.000000	13.187388
1.000000	18.000000	18.000000	969.000000	888.000000	78.000000	964.609517	881.380493	2.000000	13.739205
1.000000	19.000000	19.000000	752.000000	778.000000	66.000000	748.984002	764.402507	1.000000	15.370745
1.000000	20.000000	20.000000	631.000000	687.000000	55.000000	622.440831	677.781052	1.000000	16.050746
1.000000	21.000000	21.000000	745.000000	559.000000	46.000000	755.389183	560.949362	1.000000	16.979338
1.000000	22.000000	22.000000	562.000000	570.000000	44.000000	547.060187	569.761308	2.000000	17.753685
1.000000	23.000000	23.000000	632.000000	477.000000	35.000000	647.976357	462.922336	2.000000	18.283389
1.000000	24.000000	24.000000	768.000000	476.000000	36.000000	776.576974	475.130547	2.000000	18.657676
1.000000	25.000000	25.000000	673.000000	344.000000	25.000000	658.272566	349.719058	2.000000	19.211477
1.000000	26.000000	26.000000	982.000000	449.000000	38.000000	977.578884	449.514348	2.000000	20.106295
1.000000	27.000000	27.000000	519.000000	399.000000	24.000000	523.467268	391.093107	2.000000	20.898248
1.000000	28.000000	28.000000	444.000000	538.000000	43.000000	447.888971	547.013775	2.000000	21.969566
1.000000	29.000000	29.000000	317.000000	371.000000	22.000000	329.655338	367.808934	1.000000	22.554670
1.000000	30.000000	30.000000	302.000000	476.000000	32.000000	303.271837	491.742885	3.000000	23.186942
2.000000	1.000000	1.000000	213.000000	179.000000	1.000000	206.798998	170.667492	1.000000	1.210152
2.000000	2.000000	2.000000	325.000000	153.000000	2.000000	330.998361	139.870050	1.000000	1.761255
2.000000	3.000000	0.000000	283.000000	244.000000	12.000000	298.689423	224.308039	1.000000	2.138532
2.000000	4.000000	3.000000	295.000000	211.000000	12.000000	298.689423	224.308039	1.000000	2.649183
2.000000	5.000000	4.000000	292.000000	344.000000	22.000000	291.467571	346.033973	1.000000	3.217013
2.000000	6.000000	5.000000	395.000000	378.000000	23.000000	406.183935	389.681437	1.000000	3.688715
2.000000	7.000000	6.000000	316.000000	502.000000	32.000000	306.646348	493.045045	1.000000	4.193263
2.000000	8.000000	7.000000	197.000000	563.000000	41.000000	197.227436	566.184946	1.000000	4.776658
2.000000	9.000000	8.000000	236.000000	759.000000	61.000000	220.441637	765.380001	1.000000	5.554659
2.000000	10.000000	9.000000	305.000000	766.000000	62.000000	312.891403	755.715998	2.000000	6.129232
2.000000	11.000000	10.000000	494.000000	770.000000	64.000000	515.684236	769.659028	1.000000	7.024771
2.000000	12.000000	11.000000	658.000000	698.000000	55.000000	663.972742	689.022681	1.000000	7.681208
2.000000	13.000000	0.000000	724.000000	578.000000	46.000000	749.657975	576.540771	1.000000	8.208974
2.000000	14.000000	12.000000	760.000000	572.000000	46.000000	749.657975	576.540771	1.000000	9.026099
2.000000	15.000000	13.000000	874.000000	465.000000	37.000000	883.272923	459.778196	1.000000	9.553715
2.000000	16.000000	14.000000	842.000000	247.000000	17.000000	841.981569	254.199601	1.000000	10.457031
2.000000	17.000000	15.000000	760.000000	187.000000	6.000000	748.320515	183.518454	1.000000	10.873637
2.000000	18.000000	16.000000	866.000000	147.000000	7.000000	874.492455	142.173884	1.000000	11.890159
2.000000	19.000000	17.000000	1083.000000	354.000000	29.000000	1085.285886	373.488675	1.000000	12.729436
2.000000	20.000000	18.000000	1173.000000	292.000000	20.000000	1177.371593	293.453192	1.000000	13.586424
2.000000	21.000000	19.000000	1225.000000	343.000000	30.000000	1216.280746	350.220738	1.000000	14.009834
2.000000	22.000000	20.000000	1182.000000	469.000000	40.000000	1175.192567	465.592289	2.000000	14.641205
2.000000	23.000000	21.000000	1173.000000	553.000000	50.000000	1169.408968	558.813527	1.000000	15.170445
2.000000	24.000000	22.000000	1210.000000	769.000000	70.000000	1214.461231	776.720192	1.000000	16.080555
2.000000	25.000000	23.000000	1081.000000	668.000000	59.000000	1072.462815	665.525628	2.000000	17.850733
2.000000	26.000000	24.000000	1067.000000	617.000000	49.000000	1069.453188	602.986679	2.000000	18.466209
2.000000	27.000000	25.000000	1004.000000	580.000000	48.000000	993.310013	566.266264	2.000000	18.961585
2.000000	28.000000	26.000000	999.000000	505.000000	38.000000	1001.052798	499.877047	2.000000	19.561271
2.000000	29.000000	27.000000	900.000000	701.000000	57.000000	888.336732	708.925145	2.000000	20.105842
2.000000	30.000000	28.000000	854.000000	776.000000	67.000000	852.016246	770.805548	2.000000	20.657591
2.000000	31.000000	29.000000	958.000000	779.000000	68.000000	965.346196	781.574815	2.000000	21.041774
2.000000	32.000000	30.000000	961.000000	909.000000	78.000000	966.329268	918.489128	2.000000	21.633681
2.000000	33.000000	31.000000	766.000000	828.000000	66.000000	755.818856	814.364292	2.000000	22.354129
2.000000	34.000000	32.000000	772.000000	885.000000	76.000000	772.234963	867.758251	2.000000	22.569651
2.000000	35.000000	33.000000	631.000000	924.000000	75.000000	634.191867	911.178788	2.000000	23.322420
2.000000	36.000000	34.000000	529.000000	574.000000	44.000000	529.670542	556.053658	2.000000	25.242123
2.000000	37.000000	35.000000	621.000000	603.000000	45.000000	632.195546	606.077795	2.000000	25.768991
2.000000	38.000000	36.000000	618.000000	504.000000	35.000000	620.368369	504.944599	2.000000	26.353307
2.000000	39.000000	37.000000	561.000000	459.000000	34.000000	561.870107	453.746100	2.000000	26.857538
2.000000	40.000000	38.000000	624.000000	257.000000	15.000000	630.966470	244.683749	2.000000	27.554745
2.000000	41.000000	39.000000	431.000000	139.000000	3.000000	418.033244	128.991853	2.000000	28.752458
2.000000	42.000000	40.000000	960.000000	175.000000	8.000000	971.064912	175.570863	2.000000	29.897112
3.000000	1.000000	1.000000	328.000000	140.000000	2.000000	318.536520	130.829401	1.000000	1.138334
3.000000	2.000000	2.000000	244.000000	147.000000	1.000000	228.555535	162.986951	1.000000	1.529812
3.000000	3.000000	3.000000	405.000000	143.000000	3.000000	412.899048	139.182832	2.000000	2.003007
3.000000	4.000000	4.000000	542.000000	166.000000	4.000000	552.535508	171.397183	2.000000	2.530649
3.000000	5.000000	5.000000	770.000000	186.000000	6.000000	754.198313	181.059819	1.000000	3.259054
3.000000	6.000000	6.000000	937.000000	145.000000	8.000000	954.092637	139.351560	2.000000	4.211732
3.000000	7.000000	7.000000	1048.000000	137.000000	9.000000	1057.620641	136.095380	1.000000	5.786497
3.000000	8.000000	8.000000	1061.000000	225.000000	19.000000	1066.469170	232.438648	1.000000	6.307733
3.000000	9.000000	9.000000	900.000000	248.000000	17.000000	888.942293	260.344597	2.000000	6.875161
3.000000	10.000000	10.000000	563.000000	287.000000	14.000000	555.746884	288.947524	2.000000	7.955788
3.000000	11.000000	11.000000	761.000000	289.000000	16.000000	747.230331	292.953113	1.000000	8.626670
3.000000	12.000000	12.000000	454.000000	265.000000	13.000000	452.395121	271.139294	1.000000	9.395763
3.000000	13.000000	13.000000	295.000000	366.000000	22.000000	298.248728	373.392048	2.000000	10.098145
3.000000	14.000000	14.000000	665.000000	390.000000	25.000000	656.814807	391.322846	2.000000	11.187126
3.000000	15.000000	15.000000	870.000000	372.000000	27.000000	858.507362	376.256065	1.000000	12.003352
3.000000	16.000000	16.000000	985.000000	370.000000	28.000000	974.360224	366.214124	2.000000	12.785877
3.000000	17.000000	17.000000	1088.000000	387.000000	29.000000	1094.570939	400.401916	2.000000	13.251702
3.000000	18.000000	18.000000	1198.000000	364.000000	30.000000	1214.162467	372.293099	1.000000	13.667615
3.000000	19.000000	19.000000	992.000000	486.000000	38.000000	983.715226	483.499507	1.000000	15.667693
3.000000	20.000000	20.000000	1088.000000	575.000000	49.000000	1092.395911	575.524156	2.000000	16.178867
3.000000	21.000000	21.000000	1108.000000	693.000000	59.000000	1102.138338	714.944128	1.000000	17.241753
3.000000	22.000000	22.000000	1067.000000	786.000000	69.000000	1073.872392	792.811599	2.000000	18.195900
3.000000	23.000000	23.000000	991.000000	788.000000	68.000000	978.227918	784.021680	2.000000	18.697712
3.000000	24.000000	24.000000	970.000000	669.000000	58.000000	973.362787	652.111956	2.000000	19.251462
3.000000	25.000000	25.000000	959.000000	902.000000	78.000000	967.176957	901.650151	1.000000	19.826718
3.000000	26.000000	26.000000	849.000000	879.000000	77.000000	852.824901	875.315460	1.000000	20.346337
3.000000	27.000000	27.000000	755.000000	899.000000	76.000000	749.995345	902.266819	2.000000	20.842694
3.000000	28.000000	28.000000	744.000000	817.000000	66.000000	739.960717	798.979444	3.000000	21.563612
4.000000	1.000000	1.000000	219.000000	126.000000	1.000000	203.654394	121.195417	1.000000	1.701750
4.000000	2.000000	2.000000	512.000000	140.000000	4.000000	519.711085	141.496245	2.000000	3.229094
4.000000	3.000000	3.000000	652.000000	138.000000	5.000000	652.942097	134.219316	2.000000	3.749302
4.000000	4.000000	4.000000	730.000000	157.000000	6.000000	731.956725	154.117425	2.000000	4.238400
4.000000	5.000000	5.000000	865.000000	125.000000	7.000000	874.341233	119.437659	1.000000	4.725944
4.000000	6.000000	6.000000	1210.000000	271.000000	20.000000	1207.373544	279.809812	1.000000	7.028902
4.000000	7.000000	7.000000	1094.000000	345.000000	29.000000	1107.010076	345.824700	1.000000	7.533135
4.000000	8.000000	8.000000	1187.000000	465.000000	40.000000	1197.288160	467.053052	1.000000	7.918048
4.000000	9.000000	9.000000	961.000000	474.000000	38.000000	950.654055	453.584221	1.000000	8.404944
4.000000	10.000000	10.000000	911.000000	557.000000	47.000000	887.351320	559.196394	1.000000	8.948204
4.000000	11.000000	11.000000	873.000000	358.000000	27.000000	868.726617	340.985091	1.000000	9.556348
4.000000	12.000000	12.000000	878.000000	295.000000	17.000000	875.593787	275.526545	1.000000	10.052864
4.000000	13.000000	13.000000	569.000000	437.000000	34.000000	557.536692	449.034963	1.000000	10.934428
4.000000	14.000000	14.000000	543.000000	262.000000	14.000000	538.188237	243.653997	1.000000	11.556314
4.000000	15.000000	15.000000	429.000000	461.000000	33.000000	433.499535	466.235625	1.000000	12.140600
4.000000	16.000000	16.000000	318.000000	384.000000	22.000000	322.861922	388.189513	1.000000	12.693545
4.000000	17.000000	17.000000	215.000000	583.000000	41.000000	214.656149	590.124270	1.000000	13.861388
4.000000	18.000000	18.000000	227.000000	748.000000	61.000000	231.615245	770.769634	1.000000	14.757529
4.000000	19.000000	19.000000	522.000000	759.000000	64.000000	527.280799	755.872589	1.000000	15.540562
4.000000	20.000000	20.000000	441.000000	876.000000	73.000000	436.463972	864.631092	1.000000	16.085886
4.000000	21.000000	21.000000	1057.000000	758.000000	69.000000	1072.084956	756.156304	1.000000	17.884720
4.000000	22.000000	22.000000	1080.000000	881.000000	79.000000	1082.515476	891.525556	1.000000	18.341298
4.000000	23.000000	23.000000	1171.000000	894.000000	80.000000	1167.998519	904.206253	1.000000	18.710353
4.000000	24.000000	24.000000	1014.000000	899.000000	78.000000	1002.218967	907.196644	2.000000	19.126184
4.000000	25.000000	25.000000	855.000000	896.000000	77.000000	864.195436	895.822085	2.000000	19.734431
4.000000	26.000000	26.000000	760.000000	873.000000	76.000000	766.319502	870.554483	2.000000	20.077451
4.000000	27.000000	27.000000	767.000000	814.000000	66.000000	769.955588	808.653782	2.000000	20.533046
4.000000	28.000000	28.000000	868.000000	679.000000	57.000000	870.316474	669.158961	2.000000	21.374529
4.000000	29.000000	29.000000	971.000000	683.000000	58.000000	963.258143	689.958331	2.000000	21.813027
4.000000	30.000000	30.000000	730.000000	661.000000	56.000000	732.541068	649.006128	2.000000	22.526279
4.000000	31.000000	31.000000	559.000000	559.000000	44.000000	544.031022	551.486494	2.000000	23.444928
4.000000	32.000000	32.000000	1084.000000	464.000000	39.000000	1097.625805	470.491340	2.000000	24.373160
4.000000	33.000000	33.000000	1171.000000	358.000000	30.000000	1181.572793	347.403583	2.000000	25.069241
4.000000	34.000000	34.000000	856.000000	452.000000	37.000000	848.285661	459.380954	2.000000	25.934289
4.000000	35.000000	35.000000	774.000000	372.000000	26.000000	755.737599	365.801406	2.000000	26.406202
4.000000	36.000000	36.000000	658.000000	270.000000	15.000000	634.568046	264.789759	2.000000	27.044677
4.000000	37.000000	37.000000	561.000000	372.000000	24.000000	554.005300	372.973011	2.000000	27.612834
4.000000	38.000000	0.000000	446.000000	386.000000	23.000000	414.255016	391.973918	2.000000	28.013376
4.000000	39.000000	38.000000	417.000000	391.000000	23.000000	414.255016	391.973918	2.000000	28.652654
4.000000	40.000000	39.000000	336.000000	548.000000	42.000000	331.404839	548.488053	2.000000	29.268549
4.000000	41.000000	40.000000	210.000000	659.000000	51.000000	206.527794	660.457075	2.000000	29.780512
5.000000	1.000000	0.000000	400.000000	164.000000	3.000000	427.766169	151.792312	1.000000	1.012958
5.000000	2.000000	1.000000	207.000000	163.000000	1.000000	219.304229	176.906633	2.000000	1.820408
5.000000	3.000000	2.000000	415.000000	143.000000	3.000000	427.766169	151.792312	1.000000	2.693081
5.000000	4.000000	3.000000	525.000000	136.000000	4.000000	520.409721	141.741868	1.000000	3.027949
5.000000	5.000000	0.000000	685.000000	130.000000	5.000000	654.974207	139.139946	1.000000	3.549541
5.000000	6.000000	4.000000	672.000000	136.000000	5.000000	654.974207	139.139946	1.000000	3.964005
5.000000	7.000000	5.000000	770.000000	150.000000	6.000000	758.588402	159.306551	2.000000	4.397310
5.000000	8.000000	6.000000	877.000000	152.000000	7.000000	886.594398	155.453546	2.000000	4.908780
5.000000	9.000000	7.000000	1072.000000	130.000000	9.000000	1060.432556	129.996129	2.000000	5.499442
5.000000	10.000000	8.000000	963.000000	221.000000	18.000000	949.245391	233.104086	2.000000	6.804441
5.000000	11.000000	9.000000	1211.000000	369.000000	30.000000	1215.570361	367.376969	1.000000	8.084543
5.000000	12.000000	10.000000	1185.000000	502.000000	40.000000	1180.627409	504.265319	2.000000	8.772759
5.000000	13.000000	11.000000	1212.000000	681.000000	60.000000	1212.726103	692.498145	2.000000	9.508305
5.000000	14.000000	12.000000	1078.000000	609.000000	49.000000	1062.329088	601.263956	2.000000	10.084099
5.000000	15.000000	13.000000	992.000000	676.000000	58.000000	984.484939	661.970586	2.000000	10.780816
5.000000	16.000000	14.000000	989.000000	760.000000	68.000000	976.812870	770.675293	2.000000	11.235239
5.000000	17.000000	15.000000	1068.000000	893.000000	79.000000	1070.129394	902.482046	1.000000	11.893256
5.000000	18.000000	16.000000	851.000000	864.000000	77.000000	851.972316	868.206572	2.000000	13.357409
5.000000	19.000000	17.000000	842.000000	689.000000	57.000000	838.667793	667.614584	1.000000	14.892351
5.000000	20.000000	0.000000	944.000000	571.000000	48.000000	970.787624	560.461865	1.000000	15.699533
5.000000	21.000000	18.000000	962.000000	555.000000	48.000000	970.787624	560.461865	1.000000	16.045149
5.000000	22.000000	0.000000	965.000000	517.000000	38.000000	963.957120	491.562916	1.000000	16.557359
5.000000	23.000000	19.000000	964.000000	483.000000	38.000000	963.957120	491.562916	1.000000	16.948896
5.000000	24.000000	20.000000	962.000000	382.000000	28.000000	958.267182	376.000689	1.000000	17.427478
5.000000	25.000000	21.000000	777.000000	333.000000	26.000000	765.303685	338.144760	1.000000	18.356886
5.000000	26.000000	22.000000	639.000000	294.000000	15.000000	636.799405	277.574191	1.000000	18.956184
5.000000	27.000000	23.000000	647.000000	381.000000	25.000000	656.271421	391.144233	1.000000	19.453498
5.000000	28.000000	24.000000	643.000000	501.000000	35.000000	652.370692	493.029593	1.000000	20.021405
5.000000	29.000000	25.000000	655.000000	560.000000	45.000000	649.766748	558.896487	2.000000	20.380669
5.000000	30.000000	26.000000	533.000000	565.000000	44.000000	529.802756	566.991196	2.000000	20.812768
5.000000	31.000000	27.000000	638.000000	686.000000	55.000000	634.732582	685.496116	2.000000	21.380153
5.000000	32.000000	28.000000	549.000000	456.000000	34.000000	531.571241	453.334137	1.000000	22.003787
5.000000	33.000000	29.000000	419.000000	373.000000	23.000000	417.093775	386.959417	1.000000	23.260587
5.000000	34.000000	30.000000	301.000000	341.000000	22.000000	287.637350	343.553561	2.000000	24.133627
5.000000	35.000000	31.000000	203.000000	384.000000	21.000000	205.083376	379.150938	1.000000	24.629306
5.000000	36.000000	32.000000	195.000000	482.000000	31.000000	196.523809	482.647331	1.000000	25.068285
5.000000	37.000000	33.000000	321.000000	470.000000	32.000000	329.474516	477.219563	2.000000	26.163569
5.000000	38.000000	34.000000	311.000000	803.000000	62.000000	318.982891	810.988555	1.000000	28.725294
5.000000	39.000000	35.000000	193.000000	685.000000	51.000000	183.390428	688.389292	2.000000	29.301720
5.000000	40.000000	36.000000	247.000000	605.000000	41.000000	225.816363	612.971276	2.000000	29.612365
5.000000	41.000000	37.000000	404.000000	770.000000	63.000000	421.739297	785.735473	2.000000	30.451899
5.000000	42.000000	38.000000	211.000000	918.000000	71.000000	218.323440	921.008738	2.000000	31.147533
5.000000	43.000000	39.000000	649.000000	783.000000	65.000000	639.421110	779.478613	1.000000	33.444857
5.000000	44.000000	40.000000	531.000000	882.000000	74.000000	524.333524	880.624921	1.000000	33.973450
6.000000	1.000000	1.000000	406.000000	141.000000	3.000000	408.626800	146.541836	1.000000	1.199239
6.000000	2.000000	2.000000	515.000000	148.000000	4.000000	513.006144	153.632410	1.000000	1.623403
6.000000	3.000000	3.000000	740.000000	148.000000	6.000000	750.174901	155.219864	2.000000	3.447354
6.000000	4.000000	4.000000	941.000000	146.000000	8.000000	953.418334	143.431938	2.000000	4.135352
6.000000	5.000000	5.000000	1075.000000	219.000000	19.000000	1083.890953	234.597415	2.000000	4.791352
6.000000	6.000000	6.000000	962.000000	381.000000	28.000000	948.407087	391.575143	2.000000	5.791480
6.000000	7.000000	7.000000	861.000000	377.000000	27.000000	850.532687	372.748529	1.000000	6.335283
6.000000	8.000000	8.000000	721.000000	254.000000	16.000000	727.752462	254.747999	1.000000	7.215508
6.000000	9.000000	9.000000	671.000000	286.000000	15.000000	669.248245	290.419510	2.000000	7.557582
6.000000	10.000000	10.000000	555.000000	344.000000	24.000000	555.368428	361.799616	1.000000	8.559606
6.000000	11.000000	11.000000	436.000000	348.000000	23.000000	422.891173	347.989933	1.000000	8.951322
6.000000	12.000000	12.000000	333.000000	339.000000	22.000000	323.583314	344.073497	1.000000	9.510870
6.000000	13.000000	13.000000	403.000000	287.000000	13.000000	408.356524	275.955617	2.000000	10.205784
6.000000	14.000000	14.000000	428.000000	535.000000	43.000000	439.146935	556.005359	1.000000	11.734151
6.000000	15.000000	15.000000	546.000000	491.000000	34.000000	562.274520	483.287391	1.000000	12.246496
6.000000	16.000000	16.000000	752.000000	578.000000	46.000000	758.778098	569.949682	1.000000	12.999162
6.000000	17.000000	17.000000	444.000000	770.000000	63.000000	434.880675	768.707144	1.000000	13.981392
6.000000	18.000000	18.000000	653.000000	793.000000	65.000000	660.237162	791.173905	1.000000	14.574402
6.000000	19.000000	19.000000	626.000000	900.000000	75.000000	632.161177	893.950704	1.000000	15.157708
6.000000	20.000000	20.000000	552.000000	883.000000	74.000000	553.167457	891.832320	2.000000	15.654959
6.000000	21.000000	21.000000	536.000000	831.000000	64.000000	554.226840	826.047702	2.000000	15.974311
6.000000	22.000000	22.000000	298.000000	874.000000	72.000000	297.529574	877.866613	2.000000	16.575155
6.000000	23.000000	0.000000	319.000000	692.000000	52.000000	328.850717	666.892578	2.000000	17.213778
6.000000	24.000000	23.000000	229.000000	451.000000	31.000000	213.202663	456.146576	2.000000	18.023320
6.000000	25.000000	24.000000	243.000000	380.000000	21.000000	229.650035	375.939917	2.000000	18.422420
6.000000	26.000000	25.000000	324.000000	650.000000	52.000000	328.850717	666.892578	2.000000	19.271358
6.000000	27.000000	26.000000	180.000000	796.000000	61.000000	177.573596	774.644886	1.000000	19.838268
6.000000	28.000000	27.000000	167.000000	872.000000	71.000000	183.795114	871.162672	1.000000	20.166665
6.000000	29.000000	28.000000	1117.000000	925.000000	79.000000	1102.973463	925.704136	1.000000	22.741361
6.000000	30.000000	29.000000	1228.000000	925.000000	80.000000	1218.894082	930.950406	1.000000	23.102952
6.000000	31.000000	30.000000	1207.000000	831.000000	70.000000	1192.229758	811.654165	1.000000	23.558500
6.000000	32.000000	31.000000	1087.000000	810.000000	69.000000	1091.624172	800.446917	1.000000	24.158934
6.000000	33.000000	32.000000	985.000000	936.000000	78.000000	984.091437	927.543314	2.000000	24.757707
6.000000	34.000000	33.000000	876.000000	930.000000	77.000000	876.812344	923.234165	2.000000	25.263369
6.000000	35.000000	0.000000	781.000000	817.000000	66.000000	762.708405	797.426789	2.000000	25.742647
6.000000	36.000000	34.000000	780.000000	802.000000	66.000000	762.708405	797.426789	2.000000	26.270375
6.000000	37.000000	35.000000	1003.000000	698.000000	58.000000	997.851025	693.981568	2.000000	27.230740
6.000000	38.000000	36.000000	558.000000	675.000000	54.000000	547.611437	677.842099	2.000000	28.189453
6.000000	39.000000	37.000000	567.000000	573.000000	44.000000	551.362436	558.469501	2.000000	28.677464
6.000000	40.000000	38.000000	842.000000	513.000000	37.000000	844.762469	497.276432	2.000000	29.567477
6.000000	41.000000	39.000000	1090.000000	570.000000	49.000000	1104.172908	581.340898	2.000000	30.670109
6.000000	42.000000	40.000000	1184.000000	531.000000	50.000000	1186.540931	546.889478	1.000000	31.254753
7.000000	1.000000	1.000000	197.000000	162.000000	1.000000	180.373860	154.249425	2.000000	2.079393
7.000000	2.000000	2.000000	411.000000	169.000000	3.000000	405.155020	179.247761	1.000000	2.782478
7.000000	3.000000	3.000000	561.000000	162.000000	4.000000	560.386798	163.388907	2.000000	3.327424
7.000000	4.000000	4.000000	664.000000	178.000000	5.000000	671.814927	188.525671	2.000000	3.678889
7.000000	5.000000	5.000000	840.000000	175.000000	7.000000	849.621325	174.314601	1.000000	5.214752
7.000000	6.000000	6.000000	1222.000000	109.000000	10.000000	1216.587440	122.088133	2.000000	6.238215
7.000000	7.000000	7.000000	1105.000000	237.000000	19.000000	1106.812463	246.784944	2.000000	6.918096
7.000000	8.000000	8.000000	859.000000	272.000000	17.000000	858.778831	265.380642	1.000000	7.663087
7.000000	9.000000	9.000000	637.000000	234.000000	15.000000	635.409346	230.728506	1.000000	8.437420
7.000000	10.000000	10.000000	545.000000	230.000000	14.000000	546.692411	228.794479	1.000000	8.783345
7.000000	11.000000	11.000000	427.000000	227.000000	13.000000	431.841097	229.344329	2.000000	9.246500
7.000000	12.000000	12.000000	325.000000	267.000000	12.000000	327.366884	266.763571	2.000000	9.590162
7.000000	13.000000	13.000000	301.000000	350.000000	22.000000	294.960057	368.857953	2.000000	10.446942
7.000000	14.000000	14.000000	532.000000	344.000000	24.000000	529.235062	348.585062	2.000000	11.069573
7.000000	15.000000	15.000000	669.000000	378.000000	25.000000	664.385568	393.985078	1.000000	11.550699
7.000000	16.000000	16.000000	741.000000	344.000000	26.000000	728.199455	362.980242	2.000000	11.927315
7.000000	17.000000	17.000000	869.000000	376.000000	27.000000	877.199667	381.015698	2.000000	12.397523
7.000000	18.000000	18.000000	1069.000000	390.000000	29.000000	1067.086015	387.486488	2.000000	13.253604
7.000000	19.000000	19.000000	1008.000000	481.000000	38.000000	1001.080442	482.328048	1.000000	14.838332
7.000000	20.000000	20.000000	846.000000	487.000000	37.000000	838.414401	489.430370	2.000000	15.382309
7.000000	21.000000	21.000000	774.000000	493.000000	36.000000	769.700004	488.289317	2.000000	15.718741
7.000000	22.000000	22.000000	834.000000	554.000000	47.000000	840.144480	564.083968	2.000000	16.254423
7.000000	23.000000	23.000000	965.000000	585.000000	48.000000	978.855700	592.610720	1.000000	16.733348
7.000000	24.000000	24.000000	1086.000000	586.000000	49.000000	1101.262231	587.350452	2.000000	17.870995
7.000000	25.000000	25.000000	952.000000	662.000000	58.000000	958.439484	659.818939	1.000000	18.790369
7.000000	26.000000	26.000000	856.000000	678.000000	57.000000	867.723213	682.063357	1.000000	19.063338
7.000000	27.000000	27.000000	786.000000	672.000000	56.000000	768.935864	664.782792	1.000000	19.359396
7.000000	28.000000	28.000000	962.000000	782.000000	68.000000	962.789687	779.801165	2.000000	20.191080
7.000000	29.000000	29.000000	1183.000000	800.000000	70.000000	1201.187461	801.616718	1.000000	20.847615
7.000000	30.000000	30.000000	1162.000000	881.000000	80.000000	1177.063240	891.156334	1.000000	21.206484
7.000000	31.000000	31.000000	1101.000000	928.000000	79.000000	1087.566924	929.388484	2.000000	21.629275
7.000000	32.000000	32.000000	774.000000	919.000000	76.000000	769.696133	919.201750	1.000000	23.246990
7.000000	33.000000	33.000000	664.000000	808.000000	65.000000	656.910769	793.467090	1.000000	24.069944
7.000000	34.000000	34.000000	559.000000	782.000000	64.000000	558.056762	779.416625	1.000000	24.613519
7.000000	35.000000	35.000000	351.000000	811.000000	62.000000	339.098352	816.862453	1.000000	25.742460
7.000000	36.000000	36.000000	193.000000	879.000000	71.000000	198.694597	896.849096	1.000000	27.207423
7.000000	37.000000	37.000000	211.000000	654.000000	51.000000	209.845232	657.797609	1.000000	27.823157
7.000000	38.000000	38.000000	187.000000	564.000000	41.000000	182.703633	572.637985	2.000000	28.949485
7.000000	39.000000	39.000000	527.000000	569.000000	44.000000	544.048955	571.964245	2.000000	29.917358
7.000000	40.000000	40.000000	510.000000	510.000000	34.000000	516.227675	504.482821	1.000000	30.309852
8.000000	1.000000	1.000000	190.000000	144.000000	1.000000	179.129442	131.226574	2.000000	1.756848
8.000000	2.000000	2.000000	653.000000	115.000000	5.000000	667.879190	118.199110	1.000000	3.307534
8.000000	3.000000	3.000000	754.000000	169.000000	6.000000	749.329316	180.229089	1.000000	3.692240
8.000000	4.000000	4.000000	1011.000000	149.000000	8.000000	1002.403064	144.067349	1.000000	4.332105
8.000000	5.000000	5.000000	1083.000000	149.000000	9.000000	1093.413834	152.458166	1.000000	4.827951
8.000000	6.000000	6.000000	650.000000	222.000000	15.000000	647.705612	224.988443	1.000000	5.755684
8.000000	7.000000	7.000000	428.000000	234.000000	13.000000	429.060720	246.201893	1.000000	6.284857
8.000000	8.000000	8.000000	312.000000	290.000000	12.000000	300.567344	294.074644	2.000000	6.723686
8.000000	9.000000	9.000000	179.000000	348.000000	21.000000	182.866357	351.959610	3.000000	7.843070
9.000000	1.000000	1.000000	206.000000	125.000000	1.000000	201.724053	129.500764	1.000000	0.673750
9.000000	2.000000	2.000000	310.000000	229.000000	12.000000	311.407366	245.469577	1.000000	1.777233
9.000000	3.000000	3.000000	400.000000	222.000000	13.000000	407.083432	237.019774	2.000000	2.641217
9.000000	4.000000	4.000000	532.000000	269.000000	14.000000	529.217783	260.506715	1.000000	3.914175
9.000000	5.000000	5.000000	869.000000	244.000000	17.000000	882.258250	249.890277	2.000000	5.729206
9.000000	6.000000	6.000000	989.000000	246.000000	18.000000	984.108981	245.194653	2.000000	6.306124
9.000000	7.000000	7.000000	989.000000	177.000000	8.000000	983.075492	168.843260	1.000000	6.675016
9.000000	8.000000	8.000000	1074.000000	152.000000	9.000000	1079.981298	148.113324	1.000000	7.169086
9.000000	9.000000	9.000000	1216.000000	171.000000	10.000000	1211.589150	178.218917	2.000000	7.811150
9.000000	10.000000	10.000000	1195.000000	280.000000	20.000000	1204.594896	271.492744	2.000000	8.305989
9.000000	11.000000	11.000000	1184.000000	368.000000	30.000000	1178.454021	356.412586	1.000000	8.674092
9.000000	12.000000	12.000000	1082.000000	377.000000	29.000000	1095.615581	369.838196	1.000000	9.129183
9.000000	13.000000	13.000000	1093.000000	482.000000	39.000000	1093.944244	477.319930	2.000000	9.745167
9.000000	14.000000	14.000000	972.000000	407.000000	28.000000	963.121281	392.384253	2.000000	10.275133
9.000000	15.000000	15.000000	887.000000	453.000000	37.000000	866.471719	456.322436	2.000000	10.746476
9.000000	16.000000	16.000000	737.000000	342.000000	26.000000	748.720634	360.192654	1.000000	12.322947
9.000000	17.000000	17.000000	433.000000	361.000000	23.000000	416.095936	352.681426	1.000000	13.778084
9.000000	18.000000	18.000000	210.000000	351.000000	21.000000	203.204337	347.201378	2.000000	15.083002
9.000000	19.000000	19.000000	402.000000	431.000000	33.000000	411.074517	445.886305	2.000000	15.610603
9.000000	20.000000	20.000000	534.000000	393.000000	24.000000	540.587714	387.035497	2.000000	16.073510
9.000000	21.000000	21.000000	314.000000	482.000000	32.000000	294.222274	485.134867	2.000000	16.618075
9.000000	22.000000	22.000000	235.000000	565.000000	41.000000	226.543070	577.696110	2.000000	17.299395
9.000000	23.000000	23.000000	386.000000	556.000000	43.000000	401.687729	548.944203	2.000000	17.883022
9.000000	24.000000	24.000000	295.000000	578.000000	42.000000	291.878929	568.128022	1.000000	18.275151
9.000000	25.000000	25.000000	426.000000	646.000000	53.000000	437.144237	652.705508	2.000000	18.739072
9.000000	26.000000	26.000000	410.000000	773.000000	63.000000	412.985680	767.960723	2.000000	19.753805
9.000000	27.000000	27.000000	301.000000	819.000000	62.000000	307.761353	815.546630	1.000000	20.506339
9.000000	28.000000	28.000000	208.000000	883.000000	71.000000	217.099452	886.465096	1.000000	20.985155
9.000000	29.000000	29.000000	301.000000	915.000000	72.000000	306.282818	926.053003	1.000000	21.626131
9.000000	30.000000	30.000000	527.000000	812.000000	64.000000	516.732692	813.782342	2.000000	22.465443
9.000000	31.000000	0.000000	570.000000	904.000000	74.000000	545.823126	864.242500	2.000000	22.722943
9.000000	32.000000	31.000000	550.000000	884.000000	74.000000	545.823126	864.242500	2.000000	23.178463
9.000000	33.000000	0.000000	930.000000	817.000000	68.000000	955.801829	811.723142	2.000000	25.122455
9.000000	34.000000	32.000000	953.000000	807.000000	68.000000	955.801829	811.723142	2.000000	25.673173
9.000000	35.000000	33.000000	874.000000	808.000000	67.000000	876.004677	806.480630	1.000000	26.105901
9.000000	36.000000	34.000000	856.000000	712.000000	57.000000	862.148015	719.186896	1.000000	26.658627
9.000000	37.000000	35.000000	1078.000000	805.000000	69.000000	1071.445468	812.319401	1.000000	27.409443
9.000000	38.000000	36.000000	1198.000000	790.000000	70.000000	1203.179150	789.976469	2.000000	28.577542
9.000000	39.000000	37.000000	1195.000000	714.000000	60.000000	1193.640479	712.398487	1.000000	29.025654
9.000000	40.000000	38.000000	1066.000000	695.000000	59.000000	1060.449365	680.653132	1.000000	29.602523
9.000000	41.000000	39.000000	971.000000	624.000000	48.000000	962.541530	613.119235	1.000000	30.337129
9.000000	42.000000	40.000000	870.000000	581.000000	47.000000	872.596556	577.418604	1.000000	30.930477
10.000000	1.000000	1.000000	209.000000	144.000000	1.000000	204.149211	145.653864	2.000000	1.617096
10.000000	2.000000	2.000000	761.000000	130.000000	6.000000	776.385296	138.518732	2.000000	2.719520
10.000000	3.000000	0.000000	761.000000	130.000000	5.000000	648.752473	135.661810	3.000000	2.815942
10.000000	4.000000	3.000000	1206.000000	159.000000	10.000000	1212.137510	183.046464	1.000000	4.311565
10.000000	5.000000	4.000000	1088.000000	147.000000	9.000000	1089.298903	132.450381	2.000000	4.935101
10.000000	6.000000	0.000000	977.000000	256.000000	18.000000	954.550220	244.168195	2.000000	5.888071
10.000000	7.000000	5.000000	964.000000	248.000000	18.000000	954.550220	244.168195	2.000000	6.328356
10.000000	8.000000	6.000000	1075.000000	335.000000	29.000000	1077.889863	342.407697	1.000000	6.823700
10.000000	9.000000	7.000000	1105.000000	436.000000	39.000000	1103.559252	444.829025	1.000000	7.400270
10.000000	10.000000	8.000000	991.000000	387.000000	28.000000	993.707502	377.680003	2.000000	8.105063
10.000000	11.000000	9.000000	1070.000000	587.000000	49.000000	1073.808049	605.752096	2.000000	8.783844
10.000000	12.000000	10.000000	993.000000	589.000000	48.000000	989.033591	599.194375	2.000000	9.151905
10.000000	13.000000	11.000000	976.000000	675.000000	58.000000	972.912427	672.502266	2.000000	9.679490
10.000000	14.000000	12.000000	976.000000	769.000000	68.000000	967.647254	783.357936	2.000000	10.096307
10.000000	15.000000	13.000000	1094.000000	695.000000	59.000000	1092.446104	681.645627	1.000000	10.673069
10.000000	16.000000	14.000000	1205.000000	690.000000	60.000000	1196.736961	684.744655	2.000000	11.080839
10.000000	17.000000	15.000000	1065.000000	816.000000	69.000000	1057.698853	798.627953	1.000000	11.792897
10.000000	18.000000	16.000000	1166.000000	893.000000	80.000000	1177.830840	901.244553	1.000000	12.199485
10.000000	19.000000	17.000000	984.000000	880.000000	78.000000	988.118389	874.676222	1.000000	12.807623
10.000000	20.000000	18.000000	880.000000	886.000000	77.000000	875.695844	893.541910	1.000000	13.343828
10.000000	21.000000	19.000000	765.000000	895.000000	76.000000	750.911539	903.370439	1.000000	13.783902
10.000000	22.000000	20.000000	723.000000	769.000000	66.000000	729.914966	778.050901	2.000000	14.737012
10.000000	23.000000	21.000000	644.000000	784.000000	65.000000	639.743577	797.465519	2.000000	15.135816
10.000000	24.000000	22.000000	563.000000	864.000000	74.000000	555.919720	875.523462	2.000000	15.888533
10.000000	25.000000	23.000000	622.000000	866.000000	75.000000	630.657372	873.989004	1.000000	16.449251
10.000000	26.000000	24.000000	463.000000	802.000000	63.000000	446.840337	795.567693	1.000000	16.984301
10.000000	27.000000	25.000000	412.000000	903.000000	73.000000	410.417328	913.319356	1.000000	17.567114
10.000000	28.000000	26.000000	213.000000	825.000000	61.000000	194.717556	818.951332	1.000000	18.935492
10.000000	29.000000	27.000000	298.000000	718.000000	52.000000	302.756878	702.812265	2.000000	19.631433
10.000000	30.000000	28.000000	534.000000	552.000000	44.000000	541.346546	551.978095	1.000000	22.816332
10.000000	31.000000	29.000000	828.000000	488.000000	37.000000	841.883627	479.960783	1.000000	24.528253
10.000000	32.000000	30.000000	879.000000	533.000000	47.000000	883.245707	549.199127	1.000000	24.952558
10.000000	33.000000	31.000000	757.000000	388.000000	26.000000	758.681537	380.959221	1.000000	25.503045
10.000000	34.000000	32.000000	639.000000	248.000000	15.000000	629.016280	245.391213	2.000000	26.552148
10.000000	35.000000	33.000000	528.000000	273.000000	14.000000	515.245600	279.875195	1.000000	27.256474
10.000000	36.000000	34.000000	317.000000	367.000000	22.000000	312.719974	374.688676	2.000000	28.760946
10.000000	37.000000	35.000000	211.000000	327.000000	21.000000	188.732331	331.208037	2.000000	29.184014
10.000000	38.000000	36.000000	300.000000	499.000000	32.000000	311.156702	494.315127	2.000000	29.935930
10.000000	39.000000	37.000000	439.000000	557.000000	43.000000	447.050625	570.184022	2.000000	30.679077
10.000000	40.000000	38.000000	539.000000	479.000000	34.000000	536.237421	471.146590	2.000000	31.255824
10.000000	41.000000	39.000000	215.000000	270.000000	11.000000	205.016904	258.342119	1.000000	33.600361
10.000000	42.000000	0.000000	752.000000	635.000000	56.000000	780.882272	654.887131	1.000000	35.920710
10.000000	43.000000	40.000000	764.000000	638.000000	56.000000	780.882272	654.887131	1.000000	36.208515
11.000000	1.000000	1.000000	315.000000	151.000000	2.000000	303.269077	156.917188	2.000000	1.382330
11.000000	2.000000	2.000000	432.000000	135.000000	3.000000	447.443913	127.788635	1.000000	1.958345
11.000000	3.000000	3.000000	543.000000	145.000000	4.000000	547.647264	148.138862	1.000000	2.389516
11.000000	4.000000	4.000000	965.000000	158.000000	8.000000	982.432117	163.703874	2.000000	4.510236
11.000000	5.000000	5.000000	1210.000000	230.000000	20.000000	1212.455515	239.060866	1.000000	5.934965
11.000000	6.000000	6.000000	1202.000000	577.000000	50.000000	1194.099667	572.852953	1.000000	8.285513
11.000000	7.000000	7.000000	1070.000000	568.000000	49.000000	1064.297441	566.848384	2.000000	9.399256
11.000000	8.000000	8.000000	971.000000	671.000000	58.000000	966.282861	678.069907	2.000000	10.005949
11.000000	9.000000	9.000000	953.000000	571.000000	48.000000	951.673195	575.642858	1.000000	10.518787
11.000000	10.000000	10.000000	878.000000	587.000000	47.000000	871.757587	596.970265	1.000000	10.901884
11.000000	11.000000	11.000000	861.000000	685.000000	57.000000	851.178505	688.806078	1.000000	11.391303
11.000000	12.000000	12.000000	1008.000000	923.000000	78.000000	1000.296382	931.615273	1.000000	13.430111
11.000000	13.000000	13.000000	758.000000	783.000000	66.000000	738.118874	778.210448	1.000000	14.310427
11.000000	14.000000	14.000000	751.000000	723.000000	56.000000	752.037815	709.507185	1.000000	14.589383
11.000000	15.000000	15.000000	777.000000	464.000000	36.000000	766.628221	471.027974	1.000000	15.550513
11.000000	16.000000	16.000000	851.000000	445.000000	37.000000	853.058378	449.715977	1.000000	15.895400
11.000000	17.000000	17.000000	842.000000	216.000000	17.000000	837.975978	230.089373	1.000000	16.926433
11.000000	18.000000	18.000000	644.000000	341.000000	25.000000	656.326995	352.888696	1.000000	18.381701
11.000000	19.000000	19.000000	650.000000	247.000000	15.000000	665.297871	236.937885	2.000000	19.014058
11.000000	20.000000	20.000000	764.000000	248.000000	16.000000	770.244257	258.244603	2.000000	19.429973
11.000000	21.000000	21.000000	460.000000	263.000000	13.000000	442.291738	262.175802	2.000000	20.613472
11.000000	22.000000	22.000000	299.000000	302.000000	12.000000	294.152620	287.902105	2.000000	21.015699
11.000000	23.000000	23.000000	220.000000	389.000000	21.000000	219.168977	379.301827	2.000000	21.686369
11.000000	24.000000	24.000000	225.000000	459.000000	31.000000	222.854290	479.059038	2.000000	22.046879
11.000000	25.000000	25.000000	339.000000	445.000000	32.000000	318.014931	443.836816	2.000000	22.510590
11.000000	26.000000	26.000000	435.000000	445.000000	33.000000	431.921580	444.018628	2.000000	22.893389
11.000000	27.000000	27.000000	525.000000	582.000000	44.000000	536.616124	580.045328	2.000000	23.525912
11.000000	28.000000	28.000000	624.000000	604.000000	45.000000	637.442395	605.697984	2.000000	23.999074
11.000000	29.000000	29.000000	544.000000	662.000000	54.000000	559.210144	671.423657	2.000000	24.415646
11.000000	30.000000	30.000000	299.000000	698.000000	52.000000	299.075796	702.182401	2.000000	25.126391
11.000000	31.000000	31.000000	185.000000	672.000000	51.000000	190.192053	669.812561	2.000000	25.647059
11.000000	32.000000	32.000000	206.000000	791.000000	61.000000	205.143922	793.458045	2.000000	26.167030
11.000000	33.000000	33.000000	230.000000	557.000000	41.000000	228.508719	555.300008	1.000000	26.727538
11.000000	34.000000	34.000000	299.000000	390.000000	22.000000	300.409842	389.846797	1.000000	27.223484
11.000000	35.000000	35.000000	435.000000	358.000000	23.000000	422.366214	357.948967	1.000000	27.711214
11.000000	36.000000	36.000000	434.000000	744.000000	63.000000	431.658753	759.538952	1.000000	28.823643
11.000000	37.000000	37.000000	448.000000	877.000000	73.000000	445.521755	890.814824	1.000000	29.629555
11.000000	38.000000	38.000000	664.000000	917.000000	75.000000	654.180954	918.520316	1.000000	30.294923
11.000000	39.000000	39.000000	733.000000	881.000000	76.000000	741.296543	879.981896	2.000000	31.782145
11.000000	40.000000	40.000000	575.000000	910.000000	74.000000	553.644261	919.618406	2.000000	32.287433
12.000000	1.000000	1.000000	184.000000	243.000000	11.000000	189.498554	249.086844	1.000000	1.161813
12.000000	2.000000	2.000000	323.000000	154.000000	2.000000	333.356809	158.866258	2.000000	2.179962
12.000000	3.000000	3.000000	1088.000000	148.000000	9.000000	1093.908545	147.416420	1.000000	5.323103
12.000000	4.000000	4.000000	1163.000000	222.000000	20.000000	1177.149782	229.680121	1.000000	5.746651
12.000000	5.000000	5.000000	1066.000000	282.000000	19.000000	1058.687882	271.644980	2.000000	6.226583
12.000000	6.000000	6.000000	994.000000	266.000000	18.000000	996.409680	260.518016	2.000000	6.570646
12.000000	7.000000	7.000000	842.000000	257.000000	17.000000	844.293075	255.387292	2.000000	7.090465
12.000000	8.000000	8.000000	1166.000000	396.000000	30.000000	1176.545773	391.037080	2.000000	7.763314
12.000000	9.000000	9.000000	1073.000000	362.000000	29.000000	1058.498359	354.141019	1.000000	8.201944
12.000000	10.000000	10.000000	1095.000000	457.000000	39.000000	1085.049251	461.885784	2.000000	8.587352
12.000000	11.000000	11.000000	960.000000	399.000000	28.000000	953.851736	387.748251	2.000000	9.067925
12.000000	12.000000	12.000000	950.000000	462.000000	38.000000	952.349658	458.231534	2.000000	9.355245
12.000000	13.000000	13.000000	1191.000000	540.000000	50.000000	1197.276837	548.379482	1.000000	9.842925
12.000000	14.000000	14.000000	1206.000000	794.000000	70.000000	1214.300031	804.873324	2.000000	11.091112
12.000000	15.000000	15.000000	1095.000000	908.000000	79.000000	1075.240022	914.429806	2.000000	11.682427
12.000000	16.000000	16.000000	982.000000	863.000000	78.000000	975.925793	880.292198	1.000000	12.123110
12.000000	17.000000	17.000000	956.000000	807.000000	68.000000	961.116318	812.647005	1.000000	12.379169
12.000000	18.000000	18.000000	863.000000	807.000000	67.000000	874.508995	809.987665	1.000000	12.651768
12.000000	19.000000	19.000000	861.000000	910.000000	77.000000	861.248775	929.413708	1.000000	13.035515
12.000000	20.000000	20.000000	782.000000	888.000000	76.000000	777.627884	882.729666	1.000000	13.698870
12.000000	21.000000	21.000000	679.000000	871.000000	75.000000	668.687717	861.260794	2.000000	14.356042
12.000000	22.000000	22.000000	838.000000	695.000000	57.000000	841.205325	692.625970	2.000000	15.075296
12.000000	23.000000	23.000000	765.000000	696.000000	56.000000	765.609955	703.887743	1.000000	15.873906
12.000000	24.000000	24.000000	763.000000	575.000000	46.000000	761.693928	569.589744	1.000000	16.466373
12.000000	25.000000	25.000000	888.000000	552.000000	47.000000	889.882428	551.636644	1.000000	16.859884
12.000000	26.000000	26.000000	650.000000	584.000000	45.000000	640.812310	575.376606	2.000000	17.409868
12.000000	27.000000	27.000000	640.000000	695.000000	55.000000	628.193582	693.414013	2.000000	17.763985
12.000000	28.000000	28.000000	518.000000	667.000000	54.000000	522.999199	672.708793	2.000000	18.138488
12.000000	29.000000	29.000000	531.000000	557.000000	44.000000	526.306835	554.586405	1.000000	18.962049
12.000000	30.000000	30.000000	654.000000	379.000000	25.000000	669.060990	375.852210	1.000000	19.755959
12.000000	31.000000	31.000000	748.000000	346.000000	26.000000	765.486421	331.047588	1.000000	20.348023
12.000000	32.000000	32.000000	858.000000	353.000000	27.000000	850.859107	363.335559	1.000000	20.762987
12.000000	33.000000	33.000000	429.000000	347.000000	23.000000	430.018974	346.938257	2.000000	21.796157
12.000000	34.000000	34.000000	289.000000	339.000000	22.000000	295.866733	350.694545	2.000000	22.730872
12.000000	35.000000	35.000000	332.000000	500.000000	32.000000	336.240403	506.834753	2.000000	23.170306
12.000000	36.000000	0.000000	230.000000	527.000000	41.000000	222.559354	552.155136	2.000000	23.689963
12.000000	37.000000	36.000000	217.000000	563.000000	41.000000	222.559354	552.155136	2.000000	24.291937
12.000000	38.000000	37.000000	300.000000	599.000000	42.000000	298.752131	592.715692	2.000000	24.610572
12.000000	39.000000	38.000000	323.000000	686.000000	52.000000	318.626548	696.546105	1.000000	25.097997
12.000000	40.000000	39.000000	212.000000	684.000000	51.000000	215.096439	673.461317	1.000000	25.466579
12.000000	41.000000	40.000000	332.000000	924.000000	72.000000	331.705603	929.058471	1.000000	26.555213
13.000000	1.000000	1.000000	198.000000	113.000000	1.000000	203.097521	124.592620	1.000000	0.657446
13.000000	2.000000	2.000000	277.000000	118.000000	2.000000	292.676890	121.716837	1.000000	1.465780
13.000000	3.000000	3.000000	558.000000	121.000000	4.000000	562.167988	118.353919	2.000000	2.672980
13.000000	4.000000	4.000000	646.000000	160.000000	5.000000	634.011640	152.867652	1.000000	3.320879
13.000000	5.000000	5.000000	844.000000	149.000000	7.000000	852.303092	138.896400	2.000000	3.904998
13.000000	6.000000	6.000000	984.000000	251.000000	18.000000	979.201478	242.890016	2.000000	5.897602
13.000000	7.000000	7.000000	890.000000	232.000000	17.000000	884.232893	225.982126	2.000000	6.370562
13.000000	8.000000	8.000000	1101.000000	281.000000	19.000000	1105.745155	285.040528	1.000000	6.952946
13.000000	9.000000	9.000000	764.000000	259.000000	16.000000	769.994711	251.632535	2.000000	7.778005
13.000000	10.000000	10.000000	663.000000	237.000000	15.000000	641.587135	236.651687	2.000000	8.298099
13.000000	11.000000	0.000000	427.000000	252.000000	13.000000	404.253956	271.340756	2.000000	8.826025
13.000000	12.000000	11.000000	419.000000	271.000000	13.000000	404.253956	271.340756	2.000000	9.097025
13.000000	13.000000	12.000000	835.000000	364.000000	27.000000	841.846570	362.860970	2.000000	11.049837
13.000000	14.000000	13.000000	736.000000	386.000000	26.000000	727.640142	386.072270	1.000000	11.617536
13.000000	15.000000	14.000000	1075.000000	384.000000	29.000000	1077.940889	380.718865	1.000000	13.386876
13.000000	16.000000	15.000000	1215.000000	463.000000	40.000000	1209.834186	472.667774	1.000000	15.241488
13.000000	17.000000	16.000000	1186.000000	557.000000	50.000000	1190.275594	559.688463	1.000000	15.586110
13.000000	18.000000	17.000000	1187.000000	686.000000	60.000000	1192.030105	693.329734	1.000000	16.297621
13.000000	19.000000	18.000000	1087.000000	701.000000	59.000000	1090.702162	698.140412	1.000000	16.721342
13.000000	20.000000	19.000000	1185.000000	872.000000	80.000000	1196.682214	887.207960	1.000000	17.306476
13.000000	21.000000	20.000000	1100.000000	890.000000	79.000000	1111.277843	895.403489	2.000000	17.778562
13.000000	22.000000	21.000000	962.000000	826.000000	68.000000	970.211297	816.698368	2.000000	18.313480
13.000000	23.000000	22.000000	1080.000000	568.000000	49.000000	1078.394931	550.324663	2.000000	18.977123
13.000000	24.000000	23.000000	974.000000	565.000000	48.000000	962.854436	558.821762	2.000000	19.386861
13.000000	25.000000	24.000000	944.000000	679.000000	58.000000	951.218822	689.746408	1.000000	20.521403
13.000000	26.000000	25.000000	848.000000	598.000000	47.000000	855.786915	594.786454	1.000000	20.906267
13.000000	27.000000	26.000000	782.000000	797.000000	66.000000	778.525314	808.313312	1.000000	21.521181
13.000000	28.000000	27.000000	781.000000	866.000000	76.000000	776.957979	873.951903	1.000000	21.985648
13.000000	29.000000	28.000000	725.000000	563.000000	46.000000	733.186911	562.105880	2.000000	23.898087
13.000000	30.000000	29.000000	557.000000	774.000000	64.000000	557.270428	768.962208	1.000000	25.249436
13.000000	31.000000	30.000000	543.000000	563.000000	44.000000	542.221052	546.947041	1.000000	25.968845
13.000000	32.000000	31.000000	564.000000	471.000000	34.000000	559.384528	487.764170	1.000000	26.337686
13.000000	33.000000	32.000000	651.000000	533.000000	45.000000	658.841483	545.236360	1.000000	26.858423
13.000000	34.000000	33.000000	724.000000	449.000000	36.000000	731.209063	461.460964	1.000000	27.401941
13.000000	35.000000	34.000000	462.000000	541.000000	43.000000	448.538911	552.001493	2.000000	28.273144
13.000000	36.000000	35.000000	343.000000	509.000000	32.000000	335.667500	498.605787	2.000000	28.738856
13.000000	37.000000	36.000000	190.000000	568.000000	41.000000	190.000435	566.554479	2.000000	29.433412
13.000000	38.000000	37.000000	290.000000	706.000000	52.000000	298.027049	717.585510	2.000000	29.978690
13.000000	39.000000	38.000000	302.000000	798.000000	62.000000	307.047698	813.338421	2.000000	30.386516
13.000000	40.000000	39.000000	196.000000	780.000000	61.000000	188.128305	771.425437	2.000000	30.834615
13.000000	41.000000	40.000000	226.000000	935.000000	71.000000	226.664540	923.725427	2.000000	31.513775
14.000000	1.000000	1.000000	226.000000	150.000000	1.000000	225.389763	154.624486	1.000000	0.679372
14.000000	2.000000	2.000000	294.000000	155.000000	2.000000	301.366693	158.086282	1.000000	1.111622
14.000000	3.000000	3.000000	649.000000	126.000000	5.000000	652.835061	118.377045	1.000000	2.110859
14.000000	4.000000	4.000000	988.000000	140.000000	8.000000	988.369882	138.659661	2.000000	3.103066
14.000000	5.000000	5.000000	1125.000000	142.000000	9.000000	1108.072092	150.272531	2.000000	3.487147
14.000000	6.000000	6.000000	1193.000000	150.000000	10.000000	1183.469862	158.234069	2.000000	3.910518
14.000000	7.000000	7.000000	872.000000	266.000000	17.000000	865.309881	266.677803	1.000000	4.815457
14.000000	8.000000	8.000000	886.000000	377.000000	27.000000	868.398543	374.187711	1.000000	5.494545
14.000000	9.000000	9.000000	623.000000	245.000000	15.000000	621.477658	229.810090	1.000000	6.223866
14.000000	10.000000	10.000000	880.000000	477.000000	37.000000	873.117678	487.064939	1.000000	7.006435
14.000000	11.000000	11.000000	729.000000	480.000000	36.000000	742.227390	489.017835	1.000000	7.375026
14.000000	12.000000	12.000000	775.000000	572.000000	46.000000	760.112136	579.434052	2.000000	8.607213
14.000000	13.000000	13.000000	1020.000000	592.000000	48.000000	999.620932	588.440276	2.000000	9.366915
14.000000	14.000000	14.000000	1064.000000	462.000000	39.000000	1060.353471	468.006991	2.000000	9.903891
14.000000	15.000000	15.000000	1207.000000	740.000000	70.000000	1214.197547	757.497634	2.000000	10.589841
14.000000	16.000000	16.000000	966.000000	718.000000	58.000000	952.099471	702.116256	2.000000	11.038559
14.000000	17.000000	17.000000	1047.000000	899.000000	79.000000	1060.805407	901.306871	2.000000	11.535166
14.000000	18.000000	18.000000	1077.000000	794.000000	69.000000	1084.897567	786.082625	1.000000	12.102932
14.000000	19.000000	0.000000	1064.000000	711.000000	59.000000	1072.182360	685.225796	1.000000	12.471106
14.000000	20.000000	19.000000	1054.000000	702.000000	59.000000	1072.182360	685.225796	1.000000	13.174670
14.000000	21.000000	20.000000	761.000000	798.000000	66.000000	753.280091	790.157422	1.000000	14.607072
14.000000	22.000000	21.000000	757.000000	910.000000	76.000000	768.298930	906.459579	1.000000	15.093932
14.000000	23.000000	22.000000	638.000000	876.000000	75.000000	634.282073	876.869837	1.000000	15.565806
14.000000	24.000000	23.000000	641.000000	793.000000	65.000000	627.814522	808.605974	2.000000	16.527921
14.000000	25.000000	24.000000	657.000000	700.000000	55.000000	656.900180	694.791951	2.000000	17.159645
14.000000	26.000000	25.000000	648.000000	500.000000	35.000000	658.828273	493.711586	2.000000	17.782003
14.000000	27.000000	26.000000	515.000000	507.000000	34.000000	522.000248	502.448245	2.000000	18.183787
14.000000	28.000000	27.000000	630.000000	337.000000	25.000000	639.147098	346.276427	2.000000	18.870983
14.000000	29.000000	0.000000	523.000000	347.000000	24.000000	525.949528	373.041928	2.000000	19.079749
14.000000	30.000000	28.000000	521.000000	374.000000	24.000000	525.949528	373.041928	2.000000	19.437902
14.000000	31.000000	29.000000	424.000000	338.000000	23.000000	416.505126	334.701627	2.000000	19.831729
14.000000	32.000000	30.000000	338.000000	446.000000	32.000000	331.873527	440.648296	2.000000	20.287144
14.000000	33.000000	0.000000	243.000000	268.000000	11.000000	224.338244	246.971655	1.000000	21.431918
14.000000	34.000000	31.000000	220.000000	251.000000	11.000000	224.338244	246.971655	1.000000	22.046905
14.000000	35.000000	32.000000	300.000000	390.000000	22.000000	301.301059	395.091952	1.000000	22.687839
14.000000	36.000000	33.000000	186.000000	558.000000	41.000000	183.635499	555.388666	1.000000	23.638284
14.000000	37.000000	34.000000	210.000000	663.000000	51.000000	207.821042	662.965820	1.000000	24.157853
14.000000	38.000000	35.000000	330.000000	632.000000	42.000000	333.175799	613.643902	2.000000	24.695003
14.000000	39.000000	36.000000	459.000000	665.000000	53.000000	450.588811	657.668416	2.000000	25.150319
14.000000	40.000000	37.000000	311.000000	848.000000	72.000000	307.855832	865.004726	1.000000	25.712020
14.000000	41.000000	38.000000	191.000000	890.000000	71.000000	194.841122	898.862299	1.000000	26.192022
14.000000	42.000000	39.000000	431.000000	898.000000	73.000000	435.749056	904.566776	2.000000	26.735286
14.000000	43.000000	40.000000	1189.000000	541.000000	50.000000	1187.262892	546.737577	1.000000	29.566033
15.000000	1.000000	1.000000	190.000000	226.000000	11.000000	191.358676	248.030366	1.000000	1.058629
15.000000	2.000000	2.000000	204.000000	321.000000	21.000000	205.890582	342.579468	1.000000	1.545432
15.000000	3.000000	3.000000	394.000000	182.000000	3.000000	410.399332	163.653128	1.000000	2.065365
15.000000	4.000000	4.000000	535.000000	193.000000	4.000000	515.894792	181.120560	1.000000	2.458506
15.000000	5.000000	5.000000	551.000000	230.000000	14.000000	555.496428	230.148578	1.000000	2.818216
15.000000	6.000000	6.000000	464.000000	233.000000	13.000000	450.844515	245.999676	2.000000	3.602444
15.000000	7.000000	7.000000	756.000000	151.000000	6.000000	739.071498	150.673343	2.000000	4.258225
15.000000	8.000000	8.000000	866.000000	134.000000	7.000000	874.699953	133.856661	1.000000	4.840307
15.000000	9.000000	9.000000	894.000000	225.000000	17.000000	880.217971	224.158241	2.000000	5.320770
15.000000	10.000000	10.000000	986.000000	175.000000	8.000000	972.162339	182.194976	2.000000	5.673930
15.000000	11.000000	11.000000	1003.000000	233.000000	18.000000	998.952469	230.124867	1.000000	6.041623
15.000000	12.000000	12.000000	1180.000000	229.000000	20.000000	1180.152939	236.106152	2.000000	6.674505
15.000000	13.000000	13.000000	1174.000000	343.000000	30.000000	1180.814638	346.377445	1.000000	7.481761
15.000000	14.000000	14.000000	1211.000000	448.000000	40.000000	1214.495606	455.939676	1.000000	8.009461
15.000000	15.000000	15.000000	1006.000000	453.000000	38.000000	996.992916	449.753123	1.000000	9.193105
15.000000	16.000000	16.000000	976.000000	391.000000	28.000000	975.719857	389.235888	2.000000	9.490548
15.000000	17.000000	17.000000	1207.000000	565.000000	50.000000	1217.719517	565.857423	2.000000	10.393532
15.000000	18.000000	18.000000	1009.000000	562.000000	48.000000	997.953421	559.391210	2.000000	10.809752
15.000000	19.000000	19.000000	1060.000000	779.000000	69.000000	1061.367120	787.914469	1.000000	12.257867
15.000000	20.000000	20.000000	1218.000000	899.000000	80.000000	1220.563624	901.321850	2.000000	14.865468
15.000000	21.000000	21.000000	885.000000	803.000000	67.000000	872.435069	791.363974	2.000000	15.617614
15.000000	22.000000	22.000000	675.000000	873.000000	75.000000	664.672871	880.925468	2.000000	16.384843
15.000000	23.000000	23.000000	644.000000	778.000000	65.000000	634.442153	765.441633	2.000000	16.744707
15.000000	24.000000	24.000000	528.000000	692.000000	54.000000	532.366736	699.832209	2.000000	17.346038
15.000000	25.000000	25.000000	438.000000	652.000000	53.000000	436.577746	661.298625	2.000000	17.705823
15.000000	26.000000	26.000000	666.000000	653.000000	55.000000	666.627946	652.000373	1.000000	18.104764
15.000000	27.000000	27.000000	621.000000	541.000000	45.000000	629.985098	547.597910	1.000000	18.729755
15.000000	28.000000	28.000000	645.000000	453.000000	35.000000	637.541335	457.579893	1.000000	19.168386
15.000000	29.000000	29.000000	673.000000	391.000000	25.000000	669.942473	394.102521	1.000000	19.633008
15.000000	30.000000	30.000000	740.000000	551.000000	46.000000	731.214970	556.781078	2.000000	20.384655
15.000000	31.000000	31.000000	838.000000	448.000000	37.000000	840.973781	447.708875	2.000000	21.106000
15.000000	32.000000	32.000000	538.000000	371.000000	24.000000	539.989451	372.537607	1.000000	23.321131
15.000000	33.000000	33.000000	412.000000	466.000000	33.000000	408.066952	469.094397	2.000000	24.225158
15.000000	34.000000	34.000000	329.000000	704.000000	52.000000	326.904492	702.486376	2.000000	25.154676
15.000000	35.000000	35.000000	340.000000	862.000000	72.000000	337.292695	876.386518	2.000000	25.625965
15.000000	36.000000	36.000000	437.000000	883.000000	73.000000	434.996028	899.996391	2.000000	26.202796
15.000000	37.000000	37.000000	388.000000	825.000000	63.000000	406.315124	822.585402	1.000000	26.721840
15.000000	38.000000	38.000000	285.000000	792.000000	62.000000	290.288644	791.072736	1.000000	27.224850
15.000000	39.000000	39.000000	210.000000	628.000000	41.000000	211.417553	611.595443	1.000000	28.265508
15.000000	40.000000	40.000000	309.000000	584.000000	42.000000	317.459100	562.182995	1.000000	28.673649
16.000000	1.000000	1.000000	322.000000	162.000000	2.000000	322.057579	154.589424	1.000000	0.722493
16.000000	2.000000	2.000000	413.000000	259.000000	13.000000	418.689984	266.508693	1.000000	1.131135
16.000000	3.000000	3.000000	548.000000	236.000000	14.000000	556.245063	240.176785	1.000000	1.537480
16.000000	4.000000	4.000000	649.000000	173.000000	5.000000	640.169838	179.968279	1.000000	2.067133
16.000000	5.000000	5.000000	735.000000	132.000000	6.000000	732.985357	134.619193	1.000000	2.451210
16.000000	6.000000	6.000000	998.000000	248.000000	18.000000	1002.171876	259.936113	1.000000	3.195660
16.000000	7.000000	7.000000	1071.000000	161.000000	9.000000	1079.846280	172.527440	1.000000	3.554867
16.000000	8.000000	8.000000	1205.000000	156.000000	10.000000	1205.957904	153.191482	2.000000	4.042430
16.000000	9.000000	9.000000	518.000000	179.000000	4.000000	507.667560	181.178904	2.000000	4.746799
16.000000	10.000000	10.000000	411.000000	159.000000	3.000000	432.694317	149.490094	2.000000	5.138309
16.000000	11.000000	11.000000	200.000000	165.000000	1.000000	191.960502	163.106281	2.000000	5.673531
16.000000	12.000000	12.000000	210.000000	253.000000	11.000000	211.545638	261.882517	2.000000	6.051327
16.000000	13.000000	13.000000	187.000000	343.000000	21.000000	183.611950	337.889923	2.000000	6.874625
16.000000	14.000000	14.000000	337.000000	368.000000	22.000000	327.589803	376.290063	1.000000	8.322764
16.000000	15.000000	15.000000	521.000000	353.000000	24.000000	526.214277	343.314802	2.000000	8.810732
16.000000	16.000000	16.000000	502.000000	439.000000	34.000000	510.584188	438.142429	1.000000	9.274492
16.000000	17.000000	17.000000	1126.000000	467.000000	39.000000	1111.813904	468.465227	1.000000	11.754479
16.000000	18.000000	18.000000	1000.000000	478.000000	38.000000	995.418304	484.977168	2.000000	12.241638
16.000000	19.000000	19.000000	762.000000	474.000000	36.000000	764.569740	478.580045	2.000000	12.810764
16.000000	20.000000	20.000000	326.000000	507.000000	32.000000	328.061956	504.487990	2.000000	14.922153
16.000000	21.000000	21.000000	177.000000	656.000000	51.000000	191.973994	662.448807	1.000000	16.321622
16.000000	22.000000	22.000000	210.000000	770.000000	61.000000	206.084636	781.774983	2.000000	17.802138
16.000000	23.000000	23.000000	314.000000	796.000000	62.000000	326.319758	801.764533	2.000000	18.161554
16.000000	24.000000	24.000000	226.000000	889.000000	71.000000	225.240185	886.248107	2.000000	18.690319
16.000000	25.000000	25.000000	435.000000	834.000000	63.000000	433.959777	825.423330	1.000000	19.810319
16.000000	26.000000	26.000000	675.000000	806.000000	65.000000	671.713500	797.682065	2.000000	20.819177
16.000000	27.000000	0.000000	647.000000	900.000000	75.000000	662.234509	872.143812	2.000000	21.163271
16.000000	28.000000	27.000000	654.000000	886.000000	75.000000	662.234509	872.143812	2.000000	21.531123
16.000000	29.000000	28.000000	550.000000	937.000000	74.000000	561.695433	922.038907	2.000000	21.923061
16.000000	30.000000	29.000000	891.000000	767.000000	67.000000	889.807871	766.201326	2.000000	22.883133
16.000000	31.000000	30.000000	973.000000	817.000000	68.000000	958.870984	817.014376	2.000000	23.346905
16.000000	32.000000	31.000000	1083.000000	788.000000	69.000000	1081.943419	794.443234	2.000000	23.786224
16.000000	33.000000	32.000000	1075.000000	899.000000	79.000000	1075.214560	899.408586	1.000000	24.194986
16.000000	34.000000	33.000000	988.000000	913.000000	78.000000	980.815262	906.124707	1.000000	24.651774
16.000000	35.000000	34.000000	851.000000	871.000000	77.000000	858.538302	865.142117	1.000000	25.209937
16.000000	36.000000	35.000000	736.000000	826.000000	66.000000	742.671370	824.470023	1.000000	25.762587
16.000000	37.000000	36.000000	745.000000	886.000000	76.000000	741.630828	885.893130	1.000000	26.105978
16.000000	38.000000	37.000000	1096.000000	700.000000	59.000000	1103.121564	705.218050	1.000000	27.417871
16.000000	39.000000	38.000000	891.000000	695.000000	57.000000	892.008245	694.878925	1.000000	27.986341
16.000000	40.000000	39.000000	1165.000000	555.000000	50.000000	1169.609066	558.459002	1.000000	29.219608
16.000000	41.000000	40.000000	637.000000	654.000000	55.000000	619.351936	658.788161	2.000000	30.841990
17.000000	1.000000	1.000000	204.000000	146.000000	1.000000	198.519998	134.817752	2.000000	0.831280
17.000000	2.000000	2.000000	316.000000	227.000000	12.000000	336.417583	236.332144	2.000000	1.406764
17.000000	3.000000	3.000000	418.000000	274.000000	13.000000	415.597898	283.066920	2.000000	2.269627
17.000000	4.000000	4.000000	634.000000	168.000000	5.000000	631.387883	173.867449	1.000000	3.231303
17.000000	5.000000	5.000000	659.000000	250.000000	15.000000	647.899952	250.381062	2.000000	4.805232
17.000000	6.000000	6.000000	966.000000	263.000000	18.000000	964.628027	272.360398	1.000000	5.558913
17.000000	7.000000	7.000000	1169.000000	143.000000	10.000000	1175.620296	141.649777	1.000000	6.519302
17.000000	8.000000	8.000000	1048.000000	352.000000	29.000000	1059.827363	344.700652	2.000000	7.167031
17.000000	9.000000	9.000000	875.000000	386.000000	27.000000	881.487699	379.811559	2.000000	7.726236
17.000000	10.000000	10.000000	992.000000	462.000000	38.000000	977.151016	461.497221	2.000000	8.126031
17.000000	11.000000	11.000000	955.000000	564.000000	48.000000	953.605196	561.953520	2.000000	8.893653
17.000000	12.000000	12.000000	1093.000000	468.000000	39.000000	1101.406875	453.161388	1.000000	9.446669
17.000000	13.000000	13.000000	1089.000000	657.000000	59.000000	1092.683528	672.121101	1.000000	9.911001
17.000000	14.000000	14.000000	1218.000000	656.000000	60.000000	1214.138581	656.301626	1.000000	10.445932
17.000000	15.000000	15.000000	1204.000000	795.000000	70.000000	1190.178899	813.239206	1.000000	11.078159
17.000000	16.000000	16.000000	1190.000000	568.000000	50.000000	1190.535481	557.238028	2.000000	11.870412
17.000000	17.000000	17.000000	1065.000000	815.000000	69.000000	1064.440455	808.945892	1.000000	12.511333
17.000000	18.000000	18.000000	1091.000000	863.000000	79.000000	1098.389067	877.610509	2.000000	12.989989
17.000000	19.000000	19.000000	967.000000	870.000000	78.000000	960.403950	872.472391	1.000000	13.445288
17.000000	20.000000	20.000000	867.000000	874.000000	77.000000	865.949966	878.963362	2.000000	13.886162
17.000000	21.000000	21.000000	860.000000	803.000000	67.000000	875.503078	809.969961	1.000000	14.326886
17.000000	22.000000	22.000000	772.000000	813.000000	66.000000	766.321287	810.254558	1.000000	14.734876
17.000000	23.000000	23.000000	765.000000	891.000000	76.000000	768.050166	903.689227	1.000000	15.150205
17.000000	24.000000	24.000000	876.000000	679.000000	57.000000	878.861787	681.361965	1.000000	15.814572
17.000000	25.000000	25.000000	751.000000	599.000000	46.000000	759.752350	596.479395	2.000000	17.109508
17.000000	26.000000	26.000000	638.000000	703.000000	55.000000	650.723693	709.667126	2.000000	17.725961
17.000000	27.000000	27.000000	652.000000	604.000000	45.000000	655.390884	602.585717	1.000000	18.399401
17.000000	28.000000	28.000000	654.000000	458.000000	35.000000	656.595896	463.176905	1.000000	18.863334
17.000000	29.000000	29.000000	541.000000	679.000000	54.000000	544.623803	677.080688	2.000000	19.637344
17.000000	30.000000	30.000000	533.000000	613.000000	44.000000	528.739060	607.001195	2.000000	19.958049
17.000000	31.000000	31.000000	522.000000	803.000000	64.000000	523.030058	811.694044	2.000000	20.581836
17.000000	32.000000	32.000000	428.000000	618.000000	43.000000	419.333609	611.603643	2.000000	21.407331
17.000000	33.000000	33.000000	419.000000	864.000000	73.000000	428.233510	861.976114	1.000000	22.293980
17.000000	34.000000	34.000000	349.000000	822.000000	62.000000	340.221329	808.548282	1.000000	22.613844
17.000000	35.000000	35.000000	543.000000	898.000000	74.000000	530.571193	904.988558	1.000000	23.205570
17.000000	36.000000	36.000000	192.000000	815.000000	61.000000	183.746994	810.396737	2.000000	24.390077
17.000000	37.000000	37.000000	229.000000	737.000000	51.000000	228.676999	716.012829	2.000000	25.221365
17.000000	38.000000	38.000000	227.000000	556.000000	41.000000	225.664922	557.883745	1.000000	26.119118
17.000000	39.000000	39.000000	312.000000	438.000000	32.000000	320.400933	438.386918	1.000000	26.613526
17.000000	40.000000	40.000000	520.000000	460.000000	34.000000	529.717250	462.451975	2.000000	27.661932
18.000000	1.000000	1.000000	402.000000	161.000000	3.000000	399.794479	166.125123	2.000000	1.482246
18.000000	2.000000	2.000000	504.000000	156.000000	4.000000	508.888183	155.042006	1.000000	1.915552
18.000000	3.000000	3.000000	750.000000	171.000000	6.000000	753.023442	173.043195	1.000000	2.956259
18.000000	4.000000	4.000000	1156.000000	132.000000	10.000000	1169.929102	133.737959	2.000000	4.090623
18.000000	5.000000	5.000000	1117.000000	281.000000	19.000000	1107.502569	291.449743	2.000000	4.602573
18.000000	6.000000	6.000000	895.000000	269.000000	17.000000	890.734309	262.619248	2.000000	5.067067
18.000000	7.000000	7.000000	734.000000	362.000000	26.000000	732.400041	364.088109	2.000000	5.651485
18.000000	8.000000	8.000000	973.000000	461.000000	38.000000	972.034119	476.195610	2.000000	6.362787
18.000000	9.000000	0.000000	1101.000000	464.000000	39.000000	1092.076954	488.121995	2.000000	6.611242
18.000000	10.000000	9.000000	1098.000000	507.000000	39.000000	1092.076954	488.121995	2.000000	7.091341
18.000000	11.000000	10.000000	1187.000000	587.000000	50.000000	1183.068227	594.812357	2.000000	7.626404
18.000000	12.000000	11.000000	1187.000000	653.000000	60.000000	1198.732028	669.832425	1.000000	8.090657
18.000000	13.000000	12.000000	1192.000000	455.000000	40.000000	1187.673503	451.042887	1.000000	8.652491
18.000000	14.000000	13.000000	966.000000	341.000000	28.000000	975.210805	356.766893	1.000000	9.316121
18.000000	15.000000	14.000000	1087.000000	178.000000	9.000000	1097.849593	185.408570	1.000000	9.962362
18.000000	16.000000	15.000000	857.000000	584.000000	47.000000	854.896660	594.356248	1.000000	10.738218
18.000000	17.000000	16.000000	1057.000000	775.000000	69.000000	1062.610523	769.681711	1.000000	11.276184
18.000000	18.000000	17.000000	1171.000000	777.000000	70.000000	1169.700057	778.282097	2.000000	12.611289
18.000000	19.000000	0.000000	1239.000000	922.000000	80.000000	1218.668508	907.183519	2.000000	13.019876
18.000000	20.000000	18.000000	1216.000000	912.000000	80.000000	1218.668508	907.183519	2.000000	14.066255
18.000000	21.000000	19.000000	1096.000000	917.000000	79.000000	1101.065489	925.784269	1.000000	14.812247
18.000000	22.000000	20.000000	902.000000	710.000000	57.000000	889.893338	704.961022	2.000000	16.963600
18.000000	23.000000	21.000000	787.000000	920.000000	76.000000	776.379626	930.592803	2.000000	18.820368
18.000000	24.000000	22.000000	737.000000	728.000000	56.000000	734.879281	715.269452	2.000000	19.355868
18.000000	25.000000	23.000000	649.000000	870.000000	75.000000	649.031416	877.098768	2.000000	20.004246
18.000000	26.000000	24.000000	536.000000	874.000000	74.000000	550.280267	880.326571	1.000000	20.395166
18.000000	27.000000	25.000000	405.000000	918.000000	73.000000	409.677280	931.364227	1.000000	21.138423
18.000000	28.000000	26.000000	195.000000	909.000000	71.000000	180.478575	908.162098	1.000000	21.692183
18.000000	29.000000	27.000000	462.000000	774.000000	63.000000	451.083089	778.309934	1.000000	22.276347
18.000000	30.000000	28.000000	522.000000	774.000000	64.000000	535.898277	769.106730	1.000000	22.651563
18.000000	31.000000	29.000000	310.000000	775.000000	62.000000	318.911623	771.838485	2.000000	23.170474
18.000000	32.000000	30.000000	222.000000	773.000000	61.000000	211.866319	773.730088	2.000000	23.434594
18.000000	33.000000	31.000000	231.000000	673.000000	51.000000	231.525489	664.694674	1.000000	23.875221
18.000000	34.000000	32.000000	324.000000	687.000000	52.000000	324.075348	680.962759	1.000000	24.291087
18.000000	35.000000	33.000000	450.000000	668.000000	53.000000	451.598959	656.213637	1.000000	24.748397
18.000000	36.000000	34.000000	616.000000	692.000000	55.000000	627.196077	703.212986	1.000000	25.507399
18.000000	37.000000	35.000000	408.000000	492.000000	33.000000	405.252834	502.974595	1.000000	26.739427
18.000000	38.000000	36.000000	206.000000	436.000000	31.000000	202.034811	444.491677	2.000000	28.323963
18.000000	39.000000	37.000000	310.000000	367.000000	22.000000	296.990011	359.607094	2.000000	28.691048
18.000000	40.000000	38.000000	301.000000	484.000000	32.000000	303.401878	473.292411	2.000000	29.091788
18.000000	41.000000	39.000000	542.000000	444.000000	34.000000	558.024180	450.760001	2.000000	29.700230
18.000000	42.000000	40.000000	650.000000	375.000000	25.000000	655.026553	377.780166	1.000000	30.658525
19.000000	1.000000	1.000000	237.000000	197.000000	1.000000	232.093464	187.765778	2.000000	1.167474
19.000000	2.000000	2.000000	301.000000	171.000000	2.000000	296.732254	156.299412	2.000000	1.591344
19.000000	3.000000	3.000000	329.000000	213.000000	12.000000	335.183158	227.123887	2.000000	1.919035
19.000000	4.000000	4.000000	675.000000	268.000000	15.000000	660.407134	277.479879	2.000000	3.431772
19.000000	5.000000	5.000000	878.000000	171.000000	7.000000	871.745302	168.902384	2.000000	3.976324
19.000000	6.000000	6.000000	856.000000	213.000000	17.000000	850.865132	224.516461	1.000000	4.431705
19.000000	7.000000	7.000000	995.000000	150.000000	8.000000	1001.972753	163.499606	1.000000	4.888440
19.000000	8.000000	8.000000	1198.000000	124.000000	10.000000	1191.165187	117.799543	1.000000	5.415131
19.000000	9.000000	9.000000	1219.000000	333.000000	30.000000	1213.348569	341.924286	2.000000	6.944616
19.000000	10.000000	10.000000	1091.000000	393.000000	29.000000	1076.176852	382.595503	2.000000	7.431113
19.000000	11.000000	11.000000	1064.000000	464.000000	39.000000	1061.575972	447.772871	2.000000	7.848721
19.000000	12.000000	12.000000	1209.000000	512.000000	40.000000	1204.579550	507.084824	1.000000	8.296420
19.000000	13.000000	13.000000	1198.000000	557.000000	50.000000	1199.509657	563.279561	1.000000	8.679607
19.000000	14.000000	14.000000	1098.000000	577.000000	49.000000	1109.828343	574.090170	1.000000	9.087169
19.000000	15.000000	15.000000	1101.000000	654.000000	59.000000	1083.065446	662.434145	1.000000	9.430941
19.000000	16.000000	16.000000	1191.000000	702.000000	60.000000	1178.297469	696.493996	2.000000	9.887759
19.000000	17.000000	17.000000	1220.000000	797.000000	70.000000	1220.744817	813.920266	2.000000	10.414409
19.000000	18.000000	18.000000	1109.000000	925.000000	79.000000	1108.280557	926.548619	1.000000	11.399378
19.000000	19.000000	19.000000	780.000000	790.000000	66.000000	775.641041	787.349178	2.000000	12.766448
19.000000	20.000000	20.000000	604.000000	798.000000	65.000000	619.074592	807.891969	1.000000	13.799230
19.000000	21.000000	21.000000	520.000000	777.000000	64.000000	524.710161	783.543787	1.000000	14.478394
19.000000	22.000000	22.000000	564.000000	690.000000	54.000000	551.087676	692.762499	2.000000	15.007018
19.000000	23.000000	23.000000	625.000000	695.000000	55.000000	634.842339	705.616509	2.000000	15.519063
19.000000	24.000000	24.000000	728.000000	577.000000	46.000000	736.331031	592.728413	2.000000	16.062577
19.000000	25.000000	25.000000	845.000000	426.000000	37.000000	851.474798	439.734168	2.000000	16.552711
19.000000	26.000000	26.000000	846.000000	332.000000	27.000000	851.159894	344.922371	1.000000	17.224520
19.000000	27.000000	27.000000	657.000000	372.000000	25.000000	658.759870	375.782071	1.000000	19.062741
19.000000	28.000000	28.000000	637.000000	423.000000	35.000000	628.503249	437.984451	2.000000	19.495384
19.000000	29.000000	29.000000	658.000000	538.000000	45.000000	667.319694	551.363084	1.000000	20.294838
19.000000	30.000000	30.000000	549.000000	491.000000	34.000000	550.449042	483.800332	1.000000	20.719982
19.000000	31.000000	31.000000	546.000000	588.000000	44.000000	536.645552	589.616781	1.000000	21.111475
19.000000	32.000000	32.000000	426.000000	410.000000	23.000000	411.201646	394.655846	2.000000	22.368618
19.000000	33.000000	33.000000	337.000000	380.000000	22.000000	331.956485	371.389841	1.000000	23.911113
19.000000	34.000000	34.000000	294.000000	466.000000	32.000000	296.216297	476.143862	1.000000	24.655915
19.000000	35.000000	35.000000	214.000000	467.000000	31.000000	221.354800	466.124318	1.000000	24.960673
19.000000	36.000000	36.000000	206.000000	543.000000	41.000000	210.104556	543.924335	1.000000	25.560655
19.000000	37.000000	37.000000	223.000000	682.000000	51.000000	222.173475	676.324791	2.000000	26.199616
19.000000	38.000000	38.000000	328.000000	861.000000	72.000000	329.221289	866.667758	2.000000	27.550967
19.000000	39.000000	39.000000	501.000000	898.000000	74.000000	511.105180	909.634616	2.000000	28.320482
19.000000	40.000000	40.000000	410.000000	694.000000	53.000000	414.181000	681.472522	1.000000	29.544530
20.000000	1.000000	1.000000	400.000000	148.000000	3.000000	411.192556	143.374180	2.000000	5.720953
20.000000	2.000000	2.000000	562.000000	122.000000	4.000000	553.253704	124.574699	1.000000	6.329081
20.000000	3.000000	3.000000	855.000000	148.000000	7.000000	864.283137	151.438845	1.000000	8.561237
20.000000	4.000000	4.000000	962.000000	126.000000	8.000000	979.136199	118.844042	1.000000	9.201004
20.000000	5.000000	5.000000	1097.000000	138.000000	9.000000	1109.029779	146.482641	1.000000	9.641413
20.000000	6.000000	6.000000	1113.000000	288.000000	19.000000	1106.881503	277.572383	2.000000	10.258347
20.000000	7.000000	7.000000	1198.000000	285.000000	20.000000	1181.465411	277.257650	2.000000	10.537785
20.000000	8.000000	8.000000	1002.000000	246.000000	18.000000	994.640081	236.714592	2.000000	11.034531
20.000000	9.000000	9.000000	1078.000000	395.000000	29.000000	1079.124993	390.807650	2.000000	11.529892
20.000000	10.000000	10.000000	978.000000	393.000000	28.000000	981.246985	382.621052	2.000000	11.873686
20.000000	11.000000	11.000000	860.000000	255.000000	17.000000	862.604268	257.033451	2.000000	12.288869
20.000000	12.000000	12.000000	967.000000	496.000000	38.000000	982.135318	501.355514	2.000000	13.170214
20.000000	13.000000	13.000000	1049.000000	583.000000	49.000000	1062.708506	599.223221	2.000000	13.594219
20.000000	14.000000	14.000000	1078.000000	774.000000	69.000000	1070.433248	787.154859	2.000000	14.186437
20.000000	15.000000	0.000000	1220.000000	781.000000	70.000000	1193.142348	781.861507	2.000000	14.714025
20.000000	16.000000	15.000000	1195.000000	473.000000	40.000000	1187.955154	468.276498	1.000000	15.210826
20.000000	17.000000	16.000000	1166.000000	343.000000	30.000000	1169.266614	345.156400	1.000000	15.570319
20.000000	18.000000	17.000000	975.000000	576.000000	48.000000	969.269998	578.258017	1.000000	16.746967
20.000000	19.000000	18.000000	946.000000	658.000000	58.000000	952.116922	650.044819	1.000000	17.025077
20.000000	20.000000	19.000000	1003.000000	884.000000	78.000000	992.652589	896.625637	1.000000	17.690766
20.000000	21.000000	20.000000	870.000000	625.000000	47.000000	862.561934	613.351144	1.000000	18.386078
20.000000	22.000000	21.000000	875.000000	471.000000	37.000000	868.048940	482.469687	1.000000	18.800987
20.000000	23.000000	22.000000	1187.000000	776.000000	70.000000	1193.142348	781.861507	2.000000	19.882761
20.000000	24.000000	23.000000	753.000000	712.000000	56.000000	745.749468	688.506391	1.000000	21.025211
20.000000	25.000000	24.000000	644.000000	836.000000	65.000000	630.430885	824.973638	1.000000	21.481410
20.000000	26.000000	25.000000	641.000000	924.000000	75.000000	624.959336	919.962278	1.000000	21.857904
20.000000	27.000000	0.000000	531.000000	850.000000	74.000000	538.250419	877.668308	1.000000	22.265027
20.000000	28.000000	26.000000	533.000000	863.000000	74.000000	538.250419	877.668308	1.000000	22.641659
20.000000	29.000000	27.000000	537.000000	705.000000	54.000000	538.571965	708.620997	1.000000	23.041722
20.000000	30.000000	28.000000	532.000000	508.000000	34.000000	522.860172	500.953390	2.000000	24.169326
20.000000	31.000000	29.000000	439.000000	570.000000	43.000000	427.214602	569.867240	2.000000	24.522942
20.000000	32.000000	30.000000	558.000000	384.000000	24.000000	554.410056	367.679428	2.000000	25.057502
20.000000	33.000000	31.000000	647.000000	291.000000	15.000000	643.278812	290.688919	2.000000	25.682622
20.000000	34.000000	32.000000	549.000000	232.000000	14.000000	530.075572	231.553342	2.000000	26.082299
20.000000	35.000000	33.000000	321.000000	289.000000	12.000000	315.498927	294.345527	2.000000	26.778707
20.000000	36.000000	34.000000	194.000000	258.000000	11.000000	210.382108	258.333868	2.000000	27.162530
20.000000	37.000000	35.000000	277.000000	338.000000	22.000000	290.110762	337.331016	1.000000	27.562950
20.000000	38.000000	36.000000	277.000000	444.000000	32.000000	295.944473	439.105691	2.000000	27.993173
20.000000	39.000000	37.000000	244.000000	449.000000	31.000000	231.271186	454.822707	2.000000	28.345697
20.000000	40.000000	38.000000	292.000000	610.000000	42.000000	297.781648	605.718708	1.000000	29.713949
20.000000	41.000000	39.000000	300.000000	667.000000	52.000000	317.280430	659.518986	1.000000	30.147126
20.000000	42.000000	40.000000	850.000000	358.000000	27.000000	872.605170	351.453681	1.000000	33.898688
21.000000	1.000000	1.000000	224.000000	148.000000	1.000000	216.592519	133.144851	1.000000	1.194803
21.000000	2.000000	2.000000	195.000000	258.000000	11.000000	205.112923	269.406077	1.000000	1.698960
21.000000	3.000000	3.000000	348.000000	235.000000	12.000000	339.747288	235.440797	1.000000	2.257257
21.000000	4.000000	4.000000	436.000000	231.000000	13.000000	426.846791	226.896053	1.000000	2.683623
21.000000	5.000000	5.000000	325.000000	351.000000	22.000000	313.887971	339.823533	1.000000	3.098198
21.000000	6.000000	6.000000	304.000000	453.000000	32.000000	295.104837	465.418667	1.000000	3.627276
21.000000	7.000000	7.000000	204.000000	499.000000	31.000000	216.733983	504.156737	1.000000	4.057374
21.000000	8.000000	8.000000	202.000000	381.000000	21.000000	197.470546	394.647409	2.000000	4.361034
21.000000	9.000000	9.000000	227.000000	589.000000	41.000000	228.093132	586.625395	1.000000	5.058110
21.000000	10.000000	10.000000	218.000000	652.000000	51.000000	208.454973	658.429107	2.000000	5.427542
21.000000	11.000000	11.000000	311.000000	692.000000	52.000000	307.733746	691.524555	2.000000	5.938899
21.000000	12.000000	12.000000	324.000000	787.000000	62.000000	324.351828	786.839690	2.000000	6.835105
21.000000	13.000000	13.000000	312.000000	853.000000	72.000000	307.193219	867.728090	2.000000	7.195406
21.000000	14.000000	14.000000	415.000000	614.000000	43.000000	408.719451	610.481760	1.000000	8.505311
21.000000	15.000000	15.000000	554.000000	464.000000	34.000000	548.321468	461.668607	2.000000	10.001529
21.000000	16.000000	16.000000	526.000000	393.000000	24.000000	531.994804	389.360053	2.000000	10.386534
21.000000	17.000000	0.000000	532.000000	231.000000	14.000000	524.290960	270.323877	2.000000	10.770797
21.000000	18.000000	17.000000	532.000000	254.000000	14.000000	524.290960	270.323877	2.000000	11.067374
21.000000	19.000000	18.000000	659.000000	395.000000	25.000000	669.213523	382.763053	2.000000	11.883500
21.000000	20.000000	19.000000	865.000000	272.000000	17.000000	866.776008	275.362660	2.000000	12.626754
21.000000	21.000000	20.000000	950.000000	193.000000	8.000000	965.203838	182.362776	2.000000	13.322146
21.000000	22.000000	21.000000	774.000000	144.000000	6.000000	770.618357	135.923203	1.000000	14.170975
21.000000	23.000000	22.000000	1087.000000	174.000000	9.000000	1100.311290	171.237540	1.000000	15.403561
21.000000	24.000000	23.000000	1014.000000	371.000000	28.000000	994.762950	367.378155	2.000000	16.058728
21.000000	25.000000	0.000000	795.000000	407.000000	26.000000	768.891344	398.803608	1.000000	16.953960
21.000000	26.000000	24.000000	770.000000	404.000000	26.000000	768.891344	398.803608	1.000000	17.378419
21.000000	27.000000	25.000000	652.000000	469.000000	35.000000	640.945413	467.064610	1.000000	17.745835
21.000000	28.000000	26.000000	877.000000	480.000000	37.000000	873.727137	500.645903	1.000000	18.193945
21.000000	29.000000	0.000000	949.000000	435.000000	38.000000	959.399556	459.039778	1.000000	18.514959
21.000000	30.000000	27.000000	504.000000	554.000000	44.000000	512.352259	570.035280	1.000000	19.242507
21.000000	31.000000	28.000000	957.000000	460.000000	38.000000	959.399556	459.039778	1.000000	19.891441
21.000000	32.000000	29.000000	953.000000	595.000000	48.000000	960.168400	609.316301	1.000000	20.330410
21.000000	33.000000	30.000000	1087.000000	583.000000	49.000000	1098.280970	581.697528	1.000000	20.875402
21.000000	34.000000	31.000000	1075.000000	486.000000	39.000000	1070.545926	492.430744	2.000000	21.449730
21.000000	35.000000	32.000000	1185.000000	429.000000	40.000000	1178.710387	436.921186	2.000000	21.762254
21.000000	36.000000	33.000000	1184.000000	552.000000	50.000000	1175.621130	571.121412	2.000000	22.138465
21.000000	37.000000	34.000000	1173.000000	691.000000	60.000000	1172.590854	710.720319	2.000000	23.026576
21.000000	38.000000	35.000000	1108.000000	705.000000	59.000000	1106.752513	712.709340	2.000000	23.443087
21.000000	39.000000	36.000000	999.000000	710.000000	58.000000	987.291506	707.861854	2.000000	23.835521
21.000000	40.000000	37.000000	897.000000	674.000000	57.000000	882.609927	656.692620	2.000000	24.338153
21.000000	41.000000	38.000000	1058.000000	884.000000	79.000000	1073.452179	895.813230	2.000000	25.873813
21.000000	42.000000	39.000000	1062.000000	800.000000	69.000000	1064.215720	800.481503	1.000000	26.450492
21.000000	43.000000	40.000000	953.000000	944.000000	78.000000	960.124480	931.925992	1.000000	26.962151
22.000000	1.000000	1.000000	231.000000	254.000000	11.000000	226.646503	266.404445	1.000000	1.024372
22.000000	2.000000	0.000000	319.000000	256.000000	12.000000	288.572633	257.038957	1.000000	1.368670
22.000000	3.000000	2.000000	275.000000	253.000000	12.000000	288.572633	257.038957	1.000000	1.912944
22.000000	4.000000	3.000000	440.000000	254.000000	13.000000	450.591376	253.963781	1.000000	2.600222
22.000000	5.000000	4.000000	648.000000	187.000000	5.000000	640.632942	185.165177	1.000000	3.272273
22.000000	6.000000	5.000000	635.000000	246.000000	15.000000	635.196781	263.519286	1.000000	3.601737
22.000000	7.000000	6.000000	505.000000	135.000000	4.000000	512.819804	136.682278	2.000000	4.160557
22.000000	8.000000	7.000000	749.000000	122.000000	6.000000	761.414576	119.512901	2.000000	4.904394
22.000000	9.000000	8.000000	740.000000	222.000000	16.000000	751.667138	229.744360	2.000000	5.185611
22.000000	10.000000	9.000000	826.000000	185.000000	7.000000	839.407855	178.395151	2.000000	5.570263
22.000000	11.000000	10.000000	984.000000	143.000000	8.000000	962.392849	139.845271	2.000000	5.994159
22.000000	12.000000	11.000000	1101.000000	137.000000	9.000000	1100.347573	141.625926	1.000000	6.426005
22.000000	13.000000	12.000000	1068.000000	270.000000	19.000000	1060.761082	271.919379	1.000000	7.137071
22.000000	14.000000	13.000000	965.000000	353.000000	28.000000	961.779796	342.802048	2.000000	7.688984
22.000000	15.000000	14.000000	856.000000	405.000000	27.000000	848.808515	396.930205	1.000000	9.065419
22.000000	16.000000	15.000000	859.000000	480.000000	37.000000	851.062892	482.182657	1.000000	9.321859
22.000000	17.000000	16.000000	843.000000	538.000000	47.000000	848.348627	544.548810	1.000000	9.665526
22.000000	18.000000	17.000000	751.000000	446.000000	36.000000	750.994815	445.434316	1.000000	10.152692
22.000000	19.000000	18.000000	730.000000	387.000000	26.000000	739.597118	394.134045	2.000000	10.474210
22.000000	20.000000	19.000000	629.000000	365.000000	25.000000	632.137424	350.779381	2.000000	10.848857
22.000000	21.000000	20.000000	637.000000	465.000000	35.000000	622.074842	469.841708	1.000000	11.272873
22.000000	22.000000	21.000000	521.000000	480.000000	34.000000	507.669149	484.657215	1.000000	11.656209
22.000000	23.000000	22.000000	414.000000	382.000000	23.000000	420.127787	385.352735	1.000000	12.400158
22.000000	24.000000	23.000000	210.000000	541.000000	41.000000	192.634360	544.166373	2.000000	13.008145
22.000000	25.000000	24.000000	414.000000	689.000000	53.000000	413.722291	691.712032	1.000000	14.265843
22.000000	26.000000	25.000000	341.000000	799.000000	62.000000	338.144887	811.722352	2.000000	14.881257
22.000000	27.000000	26.000000	201.000000	788.000000	61.000000	201.276618	773.862023	2.000000	15.329011
22.000000	28.000000	27.000000	319.000000	868.000000	72.000000	321.279611	865.370330	2.000000	15.977577
22.000000	29.000000	28.000000	436.000000	811.000000	63.000000	439.599003	816.698999	1.000000	16.834133
22.000000	30.000000	29.000000	636.000000	704.000000	55.000000	638.551211	696.773152	1.000000	17.569866
22.000000	31.000000	30.000000	632.000000	611.000000	45.000000	640.457823	606.717893	1.000000	18.185262
22.000000	32.000000	31.000000	513.000000	638.000000	54.000000	517.033932	653.620793	2.000000	18.522454
22.000000	33.000000	32.000000	761.000000	594.000000	46.000000	765.261223	592.598922	2.000000	19.130300
22.000000	34.000000	33.000000	776.000000	676.000000	56.000000	770.031719	675.806409	2.000000	19.425792
22.000000	35.000000	34.000000	761.000000	781.000000	66.000000	763.471709	798.054176	1.000000	20.489221
22.000000	36.000000	35.000000	863.000000	861.000000	77.000000	857.659247	872.314710	2.000000	21.377713
22.000000	37.000000	36.000000	995.000000	858.000000	78.000000	997.817343	864.864072	1.000000	22.185544
22.000000	38.000000	37.000000	1100.000000	800.000000	69.000000	1108.101409	795.127765	2.000000	23.288556
22.000000	39.000000	38.000000	1203.000000	756.000000	70.000000	1215.367777	760.966431	2.000000	23.768154
22.000000	40.000000	39.000000	1201.000000	886.000000	80.000000	1207.964634	871.665577	2.000000	24.129675
22.000000	41.000000	40.000000	1068.000000	480.000000	39.000000	1066.857891	481.865208	2.000000	26.177760
23.000000	1.000000	1.000000	220.000000	149.000000	1.000000	208.842255	145.078723	2.000000	2.240047
23.000000	2.000000	2.000000	207.000000	378.000000	21.000000	205.457583	371.097552	2.000000	3.521919
23.000000	3.000000	3.000000	391.000000	357.000000	23.000000	398.224744	355.298460	2.000000	4.072230
23.000000	4.000000	4.000000	429.000000	259.000000	13.000000	436.655615	252.230345	2.000000	4.400972
23.000000	5.000000	5.000000	634.000000	287.000000	15.000000	621.554166	285.604778	2.000000	4.903770
23.000000	6.000000	6.000000	240.000000	518.000000	31.000000	230.121282	505.957196	2.000000	5.607707
23.000000	7.000000	0.000000	237.000000	565.000000	41.000000	230.986104	590.530820	2.000000	5.865082
23.000000	8.000000	7.000000	305.000000	400.000000	22.000000	294.196441	398.994281	1.000000	6.400245
23.000000	9.000000	8.000000	318.000000	459.000000	32.000000	318.573153	447.452115	1.000000	6.865501
23.000000	10.000000	9.000000	419.000000	474.000000	33.000000	422.940132	473.770045	2.000000	7.200410
23.000000	11.000000	10.000000	226.000000	590.000000	41.000000	230.986104	590.530820	2.000000	7.775833
23.000000	12.000000	11.000000	339.000000	709.000000	52.000000	337.057024	706.469101	2.000000	9.320579
23.000000	13.000000	12.000000	200.000000	808.000000	61.000000	195.727133	794.173036	1.000000	10.968765
23.000000	14.000000	13.000000	331.000000	782.000000	62.000000	324.843116	776.892890	3.000000	12.039908
24.000000	1.000000	1.000000	435.000000	167.000000	3.000000	444.707063	173.652730	2.000000	5.270591
24.000000	2.000000	2.000000	520.000000	149.000000	4.000000	532.591964	153.023746	1.000000	5.965792
24.000000	3.000000	3.000000	631.000000	172.000000	5.000000	635.121781	176.643031	2.000000	6.446645
24.000000	4.000000	4.000000	637.000000	223.000000	15.000000	650.737880	234.913178	2.000000	6.838519
24.000000	5.000000	5.000000	889.000000	185.000000	7.000000	887.477356	175.582303	1.000000	7.542089
24.000000	6.000000	6.000000	1113.000000	147.000000	9.000000	1109.064620	138.695529	2.000000	8.526057
24.000000	7.000000	7.000000	1086.000000	277.000000	19.000000	1086.865839	283.464491	1.000000	10.278078
24.000000	8.000000	8.000000	210.000000	257.000000	11.000000	200.037868	261.445361	2.000000	11.877514
24.000000	9.000000	9.000000	279.000000	342.000000	22.000000	289.610428	343.133928	2.000000	12.327535
24.000000	10.000000	10.000000	186.000000	489.000000	31.000000	192.800226	484.413071	1.000000	13.183608
24.000000	11.000000	11.000000	199.000000	571.000000	41.000000	203.724061	572.020362	1.000000	13.631394
24.000000	12.000000	12.000000	338.000000	465.000000	32.000000	338.335767	460.924591	1.000000	14.181589
24.000000	13.000000	13.000000	318.000000	872.000000	72.000000	325.687753	889.993910	1.000000	15.197441
24.000000	14.000000	14.000000	178.000000	794.000000	61.000000	180.949676	791.237110	2.000000	15.741966
24.000000	15.000000	15.000000	524.000000	883.000000	74.000000	526.106473	892.303311	1.000000	17.351463
24.000000	16.000000	0.000000	415.000000	810.000000	63.000000	441.078235	821.754347	2.000000	17.886367
24.000000	17.000000	16.000000	442.000000	820.000000	63.000000	441.078235	821.754347	2.000000	18.239582
24.000000	18.000000	17.000000	840.000000	921.000000	77.000000	851.860837	922.264586	1.000000	19.045658
24.000000	19.000000	18.000000	945.000000	869.000000	78.000000	947.855628	873.700999	2.000000	19.541526
24.000000	20.000000	0.000000	992.000000	770.000000	68.000000	977.043813	802.676067	2.000000	19.941883
24.000000	21.000000	19.000000	983.000000	814.000000	68.000000	977.043813	802.676067	2.000000	20.310728
24.000000	22.000000	20.000000	1108.000000	721.000000	59.000000	1097.913445	715.002960	2.000000	21.174997
24.000000	23.000000	21.000000	1185.000000	771.000000	70.000000	1170.118953	771.359907	2.000000	21.502061
24.000000	24.000000	22.000000	1203.000000	884.000000	80.000000	1187.252430	885.616710	1.000000	21.919113
24.000000	25.000000	23.000000	1090.000000	906.000000	79.000000	1093.210638	906.701574	1.000000	22.278040
24.000000	26.000000	24.000000	1175.000000	590.000000	50.000000	1183.397985	585.461832	1.000000	22.903588
24.000000	27.000000	25.000000	1068.000000	590.000000	49.000000	1084.571806	590.615159	1.000000	23.238786
24.000000	28.000000	26.000000	871.000000	517.000000	37.000000	854.859644	506.076744	1.000000	24.167380
24.000000	29.000000	27.000000	772.000000	466.000000	36.000000	761.739958	455.489240	1.000000	24.750783
24.000000	30.000000	28.000000	542.000000	377.000000	24.000000	545.910747	386.558894	1.000000	25.695506
24.000000	31.000000	29.000000	405.000000	329.000000	23.000000	411.515861	331.304706	1.000000	26.494885
24.000000	32.000000	30.000000	525.000000	259.000000	14.000000	523.135632	255.348708	1.000000	27.125625
24.000000	33.000000	31.000000	515.000000	474.000000	34.000000	519.336854	481.347294	2.000000	28.790435
24.000000	34.000000	32.000000	305.000000	553.000000	42.000000	300.400614	544.000687	2.000000	29.461970
24.000000	35.000000	33.000000	660.000000	494.000000	35.000000	667.582025	490.190024	2.000000	30.206516
24.000000	36.000000	34.000000	657.000000	610.000000	45.000000	662.740885	601.937204	2.000000	30.637775
24.000000	37.000000	35.000000	878.000000	705.000000	57.000000	884.152069	713.602023	2.000000	31.534774
24.000000	38.000000	36.000000	975.000000	507.000000	38.000000	971.230557	496.807512	2.000000	32.093582
24.000000	39.000000	37.000000	1171.000000	402.000000	30.000000	1173.774788	387.994289	2.000000	32.813674
24.000000	40.000000	38.000000	1160.000000	471.000000	40.000000	1169.619397	472.426394	2.000000	33.206284
24.000000	41.000000	39.000000	745.000000	660.000000	56.000000	744.700851	666.194901	1.000000	35.613953
24.000000	42.000000	40.000000	636.000000	698.000000	55.000000	630.475959	703.246784	1.000000	35.989955
