MultiTargForag_2	Participant_Code = 40b
Search_Type = 2	CB_Targets = 1
Trial	Click_Num	Target_Click_Order	Click_X	Click_y	Item_selected	Item_X	Item_Y	Target_Set	RT
1.000000	1.000000	1.000000	549.000000	495.000000	34.000000	543.106013	498.712171	1.000000	1.469663
1.000000	2.000000	2.000000	562.000000	538.000000	44.000000	561.090743	559.147512	1.000000	2.107568
1.000000	3.000000	3.000000	640.000000	368.000000	25.000000	643.037931	382.155521	1.000000	2.698540
1.000000	4.000000	4.000000	561.000000	340.000000	24.000000	555.824782	343.760805	1.000000	3.217479
1.000000	5.000000	5.000000	552.000000	146.000000	4.000000	548.158017	149.899184	1.000000	4.370758
1.000000	6.000000	6.000000	314.000000	263.000000	12.000000	317.667711	261.846007	1.000000	5.786526
1.000000	7.000000	7.000000	333.000000	355.000000	22.000000	333.281161	359.072451	1.000000	6.394879
1.000000	8.000000	8.000000	203.000000	287.000000	11.000000	201.981924	279.987314	1.000000	6.986199
1.000000	9.000000	9.000000	221.000000	453.000000	31.000000	214.425013	455.459599	1.000000	7.682437
1.000000	10.000000	10.000000	300.000000	571.000000	42.000000	289.813369	579.673942	1.000000	8.387549
1.000000	11.000000	11.000000	333.000000	755.000000	62.000000	340.486143	765.378152	1.000000	9.090496
1.000000	12.000000	0.000000	214.000000	951.000000	71.000000	232.180999	928.204087	1.000000	9.689608
1.000000	13.000000	12.000000	227.000000	933.000000	71.000000	232.180999	928.204087	1.000000	10.146895
1.000000	14.000000	13.000000	414.000000	931.000000	73.000000	407.087407	928.758650	1.000000	10.682454
1.000000	15.000000	14.000000	625.000000	897.000000	75.000000	630.732283	892.598936	1.000000	11.426854
1.000000	16.000000	15.000000	753.000000	648.000000	56.000000	774.055664	657.492435	1.000000	12.195113
1.000000	17.000000	16.000000	959.000000	555.000000	48.000000	953.299594	566.495976	1.000000	12.931343
1.000000	18.000000	17.000000	750.000000	475.000000	36.000000	743.432259	480.954003	1.000000	13.683485
1.000000	19.000000	18.000000	980.000000	164.000000	8.000000	987.029475	184.162806	1.000000	14.625958
1.000000	20.000000	19.000000	1011.000000	924.000000	78.000000	999.361711	920.143367	1.000000	16.337579
1.000000	21.000000	20.000000	1194.000000	904.000000	80.000000	1201.661570	908.740315	1.000000	16.922296
1.000000	22.000000	21.000000	401.000000	130.000000	3.000000	404.679557	139.192736	2.000000	19.322553
1.000000	23.000000	22.000000	291.000000	133.000000	2.000000	297.944839	143.521427	2.000000	20.258904
1.000000	24.000000	23.000000	621.000000	125.000000	5.000000	630.074243	133.031760	2.000000	21.177963
1.000000	25.000000	24.000000	771.000000	285.000000	16.000000	767.924449	278.355642	2.000000	21.835689
1.000000	26.000000	25.000000	877.000000	244.000000	17.000000	874.067157	250.627636	2.000000	22.282612
1.000000	27.000000	26.000000	756.000000	368.000000	26.000000	748.374040	371.074811	2.000000	22.866791
1.000000	28.000000	27.000000	858.000000	382.000000	27.000000	853.455862	399.909487	2.000000	23.441411
1.000000	29.000000	28.000000	650.000000	460.000000	35.000000	649.812357	471.842107	2.000000	24.115586
1.000000	30.000000	29.000000	763.000000	528.000000	46.000000	757.963127	549.905518	2.000000	24.753852
1.000000	31.000000	30.000000	838.000000	536.000000	47.000000	847.127822	548.146200	2.000000	25.403580
1.000000	32.000000	31.000000	1001.000000	447.000000	38.000000	999.307672	453.744149	2.000000	26.058786
1.000000	33.000000	32.000000	1202.000000	338.000000	30.000000	1200.762195	342.622932	2.000000	27.155112
1.000000	34.000000	33.000000	444.000000	470.000000	33.000000	443.332140	476.339252	2.000000	29.186383
1.000000	35.000000	34.000000	215.000000	668.000000	51.000000	226.356520	678.551865	2.000000	29.849992
1.000000	36.000000	35.000000	518.000000	663.000000	54.000000	529.418864	671.477078	2.000000	30.593772
1.000000	37.000000	36.000000	389.000000	756.000000	63.000000	400.067823	763.655425	2.000000	31.163578
1.000000	38.000000	37.000000	543.000000	774.000000	64.000000	536.335588	789.019070	2.000000	31.890285
1.000000	39.000000	38.000000	786.000000	768.000000	66.000000	781.659817	770.894212	2.000000	32.610695
1.000000	40.000000	39.000000	900.000000	867.000000	77.000000	877.658706	872.730295	2.000000	33.922436
1.000000	41.000000	40.000000	1204.000000	815.000000	70.000000	1208.533767	810.013229	2.000000	34.787453
1.000000	1.000000	1.000000	736.000000	351.000000	26.000000	736.234727	356.551781	1.000000	1.802288
1.000000	2.000000	2.000000	733.000000	279.000000	16.000000	729.290103	269.039763	1.000000	2.571525
1.000000	3.000000	3.000000	622.000000	241.000000	15.000000	626.527873	241.602719	1.000000	3.514296
1.000000	4.000000	4.000000	541.000000	255.000000	14.000000	530.722834	262.589934	1.000000	4.113932
1.000000	5.000000	5.000000	531.000000	130.000000	4.000000	533.309907	143.407060	1.000000	4.865804
1.000000	6.000000	6.000000	334.000000	164.000000	2.000000	337.957932	170.615698	1.000000	5.402033
1.000000	7.000000	7.000000	246.000000	129.000000	1.000000	230.894634	129.196553	1.000000	6.018471
1.000000	8.000000	8.000000	232.000000	259.000000	11.000000	231.139123	278.244200	1.000000	6.842364
1.000000	9.000000	9.000000	442.000000	584.000000	43.000000	443.711800	581.715957	1.000000	8.185962
1.000000	10.000000	10.000000	217.000000	767.000000	61.000000	205.443095	782.490251	1.000000	9.082257
1.000000	11.000000	11.000000	310.000000	914.000000	72.000000	306.523433	906.890015	1.000000	9.770388
1.000000	12.000000	12.000000	429.000000	873.000000	73.000000	434.715052	872.984617	1.000000	10.451390
1.000000	13.000000	13.000000	547.000000	790.000000	64.000000	554.447886	794.617333	1.000000	11.065375
1.000000	14.000000	14.000000	1111.000000	588.000000	49.000000	1107.237081	593.488303	1.000000	13.779192
1.000000	15.000000	15.000000	873.000000	557.000000	47.000000	864.645620	552.857671	1.000000	14.681585
1.000000	16.000000	16.000000	1071.000000	505.000000	39.000000	1070.235074	491.474856	1.000000	15.801326
1.000000	17.000000	17.000000	958.000000	348.000000	28.000000	950.774868	345.416775	1.000000	16.667128
1.000000	18.000000	18.000000	938.000000	234.000000	18.000000	949.557695	238.787803	1.000000	17.410898
1.000000	19.000000	19.000000	1066.000000	153.000000	9.000000	1072.173984	144.537736	1.000000	17.994184
1.000000	20.000000	20.000000	1213.000000	130.000000	10.000000	1205.584645	134.184114	1.000000	18.802426
1.000000	21.000000	21.000000	1220.000000	238.000000	20.000000	1218.657488	255.081768	2.000000	19.409960
1.000000	22.000000	22.000000	1094.000000	241.000000	19.000000	1095.789029	244.560716	2.000000	19.937436
1.000000	23.000000	23.000000	992.000000	140.000000	8.000000	997.469768	149.820363	2.000000	20.633969
1.000000	24.000000	24.000000	852.000000	122.000000	7.000000	855.059867	121.196530	2.000000	21.627556
1.000000	25.000000	25.000000	1167.000000	671.000000	60.000000	1167.975393	667.374306	2.000000	23.874715
1.000000	26.000000	26.000000	1116.000000	668.000000	59.000000	1111.503904	663.502995	2.000000	24.305520
1.000000	27.000000	27.000000	994.000000	603.000000	48.000000	982.878688	598.504905	2.000000	24.953679
1.000000	28.000000	28.000000	1211.000000	793.000000	70.000000	1207.587895	813.769781	2.000000	25.698990
1.000000	29.000000	29.000000	983.000000	709.000000	58.000000	971.449870	708.998251	2.000000	26.625855
1.000000	30.000000	30.000000	990.000000	869.000000	78.000000	978.817014	890.111489	2.000000	27.403083
1.000000	31.000000	31.000000	748.000000	699.000000	56.000000	739.406994	695.437102	2.000000	28.387058
1.000000	32.000000	32.000000	660.000000	819.000000	65.000000	650.403896	823.227490	2.000000	29.266772
1.000000	33.000000	33.000000	656.000000	909.000000	75.000000	647.542162	919.766978	2.000000	30.122942
1.000000	34.000000	34.000000	623.000000	567.000000	45.000000	628.946030	583.472602	2.000000	30.963394
1.000000	35.000000	35.000000	434.000000	670.000000	53.000000	431.724994	689.170647	2.000000	31.842098
1.000000	36.000000	36.000000	304.000000	781.000000	62.000000	309.373857	770.403415	2.000000	32.643552
1.000000	37.000000	37.000000	317.000000	652.000000	52.000000	308.071075	648.765242	2.000000	33.187554
1.000000	38.000000	38.000000	187.000000	580.000000	41.000000	196.272032	585.221932	2.000000	34.019491
1.000000	39.000000	39.000000	294.000000	250.000000	12.000000	303.600697	243.273608	2.000000	35.113386
1.000000	40.000000	40.000000	550.000000	347.000000	24.000000	556.961531	351.625096	2.000000	36.122801
2.000000	1.000000	1.000000	548.000000	434.000000	34.000000	547.712993	447.423266	1.000000	0.830800
2.000000	2.000000	2.000000	441.000000	437.000000	33.000000	443.502915	447.789879	1.000000	1.335367
2.000000	3.000000	3.000000	511.000000	274.000000	14.000000	514.481759	270.590354	1.000000	1.894062
2.000000	4.000000	4.000000	403.000000	163.000000	3.000000	400.003958	154.294513	1.000000	2.670979
2.000000	5.000000	5.000000	190.000000	139.000000	1.000000	184.361460	147.541163	1.000000	3.679097
2.000000	6.000000	6.000000	325.000000	350.000000	22.000000	331.024031	359.616013	1.000000	4.470943
2.000000	7.000000	7.000000	193.000000	556.000000	41.000000	189.001426	563.291183	1.000000	5.118493
2.000000	8.000000	8.000000	303.000000	686.000000	52.000000	303.146943	680.465356	1.000000	5.830345
2.000000	9.000000	9.000000	509.000000	700.000000	54.000000	511.273130	704.480745	1.000000	6.366785
2.000000	10.000000	10.000000	194.000000	914.000000	71.000000	188.682195	929.159007	1.000000	7.399614
2.000000	11.000000	11.000000	1166.000000	697.000000	60.000000	1173.400251	693.301685	1.000000	9.343559
2.000000	12.000000	12.000000	729.000000	529.000000	46.000000	738.488785	543.219196	1.000000	10.469726
2.000000	13.000000	13.000000	992.000000	534.000000	48.000000	985.626464	545.068055	1.000000	11.127440
2.000000	14.000000	14.000000	1170.000000	485.000000	40.000000	1170.675413	491.017061	1.000000	11.750464
2.000000	15.000000	15.000000	1102.000000	463.000000	39.000000	1108.502211	459.532353	1.000000	12.174838
2.000000	16.000000	16.000000	1110.000000	328.000000	29.000000	1104.787362	343.704185	1.000000	12.997610
2.000000	17.000000	17.000000	1173.000000	360.000000	30.000000	1173.345063	374.066031	2.000000	13.622065
2.000000	18.000000	18.000000	1179.000000	253.000000	20.000000	1175.637824	253.564978	2.000000	14.215596
2.000000	19.000000	19.000000	1104.000000	233.000000	19.000000	1107.925063	229.624652	1.000000	14.935111
2.000000	20.000000	20.000000	975.000000	277.000000	18.000000	978.109730	278.115944	1.000000	15.566973
2.000000	21.000000	21.000000	979.000000	163.000000	8.000000	981.551808	175.808857	1.000000	16.559710
2.000000	22.000000	22.000000	844.000000	225.000000	17.000000	841.513214	237.010412	2.000000	17.678518
2.000000	23.000000	23.000000	642.000000	171.000000	5.000000	647.027270	171.757336	2.000000	18.383579
2.000000	24.000000	24.000000	1169.000000	146.000000	10.000000	1184.693624	144.574474	1.000000	19.302838
2.000000	25.000000	25.000000	766.000000	395.000000	26.000000	760.697652	401.217997	2.000000	21.886120
2.000000	26.000000	26.000000	966.000000	390.000000	28.000000	955.848611	398.947513	2.000000	22.942033
2.000000	27.000000	27.000000	650.000000	460.000000	35.000000	650.179088	462.269963	2.000000	24.406343
2.000000	28.000000	28.000000	786.000000	493.000000	36.000000	770.586158	503.911253	2.000000	25.071706
2.000000	29.000000	29.000000	831.000000	571.000000	47.000000	842.150410	577.471484	2.000000	25.814699
2.000000	30.000000	30.000000	1063.000000	664.000000	59.000000	1063.254965	671.958207	2.000000	26.615064
2.000000	31.000000	31.000000	1175.000000	885.000000	80.000000	1182.593638	894.372531	2.000000	27.702974
2.000000	32.000000	32.000000	627.000000	663.000000	55.000000	632.346342	673.273219	2.000000	29.654142
2.000000	33.000000	33.000000	345.000000	483.000000	32.000000	334.989259	478.560457	2.000000	31.071255
2.000000	34.000000	34.000000	414.000000	374.000000	23.000000	417.159432	380.934571	2.000000	31.670467
2.000000	35.000000	35.000000	537.000000	373.000000	24.000000	525.694600	373.456203	2.000000	32.183614
2.000000	36.000000	36.000000	451.000000	212.000000	13.000000	449.389620	226.386595	2.000000	33.093485
2.000000	37.000000	37.000000	214.000000	461.000000	31.000000	208.499484	464.294272	2.000000	34.190687
2.000000	38.000000	38.000000	202.000000	799.000000	61.000000	214.280849	809.056016	2.000000	35.094846
2.000000	39.000000	39.000000	428.000000	802.000000	63.000000	438.886521	808.399838	2.000000	35.903463
2.000000	40.000000	40.000000	409.000000	907.000000	73.000000	409.041469	918.320873	2.000000	36.781913
3.000000	1.000000	1.000000	744.000000	449.000000	36.000000	747.109131	447.434283	1.000000	1.400016
3.000000	2.000000	2.000000	544.000000	589.000000	44.000000	544.261260	592.924587	1.000000	2.408251
3.000000	3.000000	3.000000	648.000000	269.000000	15.000000	652.731703	273.538897	1.000000	3.232140
3.000000	4.000000	4.000000	868.000000	338.000000	27.000000	867.027829	337.434692	1.000000	4.183114
3.000000	5.000000	5.000000	638.000000	345.000000	25.000000	643.614005	339.616281	2.000000	5.088873
3.000000	6.000000	6.000000	525.000000	113.000000	4.000000	519.599300	122.783081	1.000000	5.895381
3.000000	7.000000	7.000000	424.000000	124.000000	3.000000	426.641272	128.264285	1.000000	6.375434
3.000000	8.000000	8.000000	341.000000	121.000000	2.000000	337.144093	124.162906	1.000000	6.841238
3.000000	9.000000	9.000000	220.000000	145.000000	1.000000	211.493448	160.508916	1.000000	7.424227
3.000000	10.000000	10.000000	194.000000	285.000000	11.000000	201.760806	279.334924	1.000000	8.152522
3.000000	11.000000	11.000000	303.000000	274.000000	12.000000	308.676468	273.269072	2.000000	8.591367
3.000000	12.000000	12.000000	564.000000	239.000000	14.000000	547.109111	239.309143	2.000000	9.257100
3.000000	13.000000	13.000000	209.000000	394.000000	21.000000	197.771206	391.832859	1.000000	10.297188
3.000000	14.000000	14.000000	215.000000	467.000000	31.000000	208.102786	485.803293	2.000000	11.200308
3.000000	15.000000	15.000000	338.000000	485.000000	32.000000	329.608637	505.535583	2.000000	12.008310
3.000000	16.000000	16.000000	222.000000	708.000000	51.000000	217.411045	711.010502	2.000000	13.784633
3.000000	17.000000	17.000000	741.000000	779.000000	66.000000	739.599155	776.875337	1.000000	16.103820
3.000000	18.000000	18.000000	752.000000	862.000000	76.000000	753.965182	866.853455	1.000000	16.728339
3.000000	19.000000	19.000000	853.000000	810.000000	67.000000	849.248228	809.704517	2.000000	17.584288
3.000000	20.000000	20.000000	965.000000	664.000000	58.000000	966.335735	679.686507	1.000000	18.449182
3.000000	21.000000	21.000000	1094.000000	698.000000	59.000000	1101.739182	717.955168	1.000000	19.136228
3.000000	22.000000	22.000000	1179.000000	756.000000	70.000000	1181.377933	759.832090	1.000000	19.808213
3.000000	23.000000	23.000000	1199.000000	707.000000	60.000000	1197.828900	713.296797	2.000000	20.849207
3.000000	24.000000	24.000000	1066.000000	761.000000	69.000000	1071.779285	766.148773	2.000000	21.391185
3.000000	25.000000	25.000000	1215.000000	917.000000	80.000000	1212.037125	912.339348	2.000000	22.184375
3.000000	26.000000	26.000000	1199.000000	606.000000	50.000000	1206.999961	605.346658	1.000000	23.352021
3.000000	27.000000	27.000000	1217.000000	450.000000	40.000000	1211.323453	455.033210	2.000000	24.535432
3.000000	28.000000	28.000000	970.000000	131.000000	8.000000	961.221538	134.657966	1.000000	28.448222
3.000000	29.000000	29.000000	764.000000	136.000000	6.000000	770.615234	139.032732	1.000000	29.377123
3.000000	30.000000	30.000000	445.000000	341.000000	23.000000	438.901560	362.224771	2.000000	30.671245
3.000000	31.000000	31.000000	888.000000	569.000000	47.000000	884.639917	578.643695	2.000000	31.887847
3.000000	32.000000	32.000000	738.000000	586.000000	46.000000	728.163178	607.125426	2.000000	32.543607
3.000000	33.000000	33.000000	737.000000	689.000000	56.000000	743.167396	694.924851	2.000000	33.143741
3.000000	34.000000	34.000000	562.000000	655.000000	54.000000	558.642307	653.901388	2.000000	33.751261
3.000000	35.000000	35.000000	544.000000	774.000000	64.000000	544.614073	780.099082	2.000000	34.367744
3.000000	36.000000	36.000000	400.000000	793.000000	63.000000	398.564716	797.979224	2.000000	35.247922
3.000000	37.000000	37.000000	433.000000	905.000000	73.000000	425.745510	918.819964	2.000000	35.911712
3.000000	38.000000	38.000000	533.000000	906.000000	74.000000	526.462598	908.452401	2.000000	36.377064
3.000000	39.000000	39.000000	1213.000000	374.000000	30.000000	1200.953662	387.466005	1.000000	39.111345
3.000000	40.000000	40.000000	993.000000	485.000000	38.000000	987.720062	481.914005	1.000000	39.656659
4.000000	1.000000	1.000000	898.000000	552.000000	47.000000	890.532562	561.690736	1.000000	2.240770
4.000000	2.000000	2.000000	790.000000	660.000000	56.000000	777.161703	659.913158	1.000000	3.272336
4.000000	3.000000	3.000000	657.000000	678.000000	55.000000	651.028573	687.333522	1.000000	3.833243
4.000000	4.000000	4.000000	570.000000	774.000000	64.000000	558.725968	783.882576	1.000000	4.360960
4.000000	5.000000	5.000000	659.000000	820.000000	65.000000	652.520497	820.237585	1.000000	5.224898
4.000000	6.000000	6.000000	430.000000	761.000000	63.000000	423.815266	756.494334	1.000000	5.881184
4.000000	7.000000	7.000000	418.000000	869.000000	73.000000	414.287028	889.192536	1.000000	6.497208
4.000000	8.000000	8.000000	860.000000	887.000000	77.000000	851.947845	896.169302	1.000000	7.176387
4.000000	9.000000	9.000000	1073.000000	481.000000	39.000000	1071.078454	490.950005	1.000000	7.993460
4.000000	10.000000	10.000000	1085.000000	748.000000	69.000000	1087.738367	772.810208	1.000000	8.743454
4.000000	11.000000	11.000000	1232.000000	891.000000	80.000000	1222.171549	883.819133	1.000000	9.551718
4.000000	12.000000	12.000000	1067.000000	260.000000	19.000000	1061.430014	252.207315	1.000000	10.752141
4.000000	13.000000	13.000000	846.000000	260.000000	17.000000	851.124309	266.231943	1.000000	11.441182
4.000000	14.000000	14.000000	759.000000	238.000000	16.000000	765.845315	237.162179	1.000000	11.911311
4.000000	15.000000	15.000000	842.000000	128.000000	7.000000	838.560118	127.597858	1.000000	12.648553
4.000000	16.000000	16.000000	732.000000	329.000000	26.000000	739.607339	330.747818	1.000000	13.352617
4.000000	17.000000	17.000000	626.000000	284.000000	15.000000	629.519080	288.905678	1.000000	13.967315
4.000000	18.000000	18.000000	516.000000	173.000000	4.000000	532.988358	188.552285	1.000000	14.855396
4.000000	19.000000	19.000000	185.000000	224.000000	11.000000	179.250808	234.924796	1.000000	15.744440
4.000000	20.000000	20.000000	452.000000	571.000000	43.000000	447.007196	581.045573	1.000000	16.817310
4.000000	21.000000	21.000000	988.000000	594.000000	48.000000	996.888806	585.882090	2.000000	18.599938
4.000000	22.000000	22.000000	1066.000000	699.000000	59.000000	1074.399494	697.887710	2.000000	19.192144
4.000000	23.000000	23.000000	1114.000000	854.000000	79.000000	1110.524100	874.164292	2.000000	19.895962
4.000000	24.000000	24.000000	1183.000000	595.000000	50.000000	1186.249431	604.139863	2.000000	20.720239
4.000000	25.000000	25.000000	1170.000000	162.000000	10.000000	1176.733686	161.622749	2.000000	21.865121
4.000000	26.000000	26.000000	995.000000	845.000000	78.000000	989.416636	868.464023	2.000000	23.456917
4.000000	27.000000	27.000000	542.000000	222.000000	14.000000	545.850975	229.755629	2.000000	25.496088
4.000000	28.000000	28.000000	539.000000	314.000000	24.000000	538.366960	331.326541	2.000000	26.105295
4.000000	29.000000	29.000000	619.000000	485.000000	35.000000	619.814551	479.383030	2.000000	26.728363
4.000000	30.000000	30.000000	646.000000	610.000000	45.000000	644.556783	610.738957	2.000000	27.345172
4.000000	31.000000	31.000000	505.000000	598.000000	44.000000	515.406745	594.382971	2.000000	27.975874
4.000000	32.000000	32.000000	549.000000	665.000000	54.000000	542.000982	685.566549	2.000000	28.776176
4.000000	33.000000	33.000000	625.000000	933.000000	75.000000	622.697803	921.447025	2.000000	29.632723
4.000000	34.000000	34.000000	510.000000	929.000000	74.000000	517.104638	923.384175	2.000000	30.256215
4.000000	35.000000	35.000000	401.000000	650.000000	53.000000	397.636419	653.556725	2.000000	31.095801
4.000000	36.000000	36.000000	202.000000	815.000000	61.000000	197.470444	816.467122	2.000000	32.160478
4.000000	37.000000	37.000000	297.000000	339.000000	22.000000	304.241979	346.992254	2.000000	33.839591
4.000000	38.000000	38.000000	181.000000	340.000000	21.000000	183.501566	347.382614	2.000000	34.457481
4.000000	39.000000	39.000000	294.000000	245.000000	12.000000	291.369632	250.901719	2.000000	35.159303
4.000000	40.000000	40.000000	429.000000	151.000000	3.000000	422.573787	153.136289	2.000000	35.760378
5.000000	1.000000	1.000000	1087.000000	154.000000	9.000000	1075.731219	157.433829	1.000000	2.784039
5.000000	2.000000	2.000000	884.000000	147.000000	7.000000	886.073377	146.023898	1.000000	3.440338
5.000000	3.000000	3.000000	888.000000	224.000000	17.000000	888.425003	237.598739	1.000000	3.976772
5.000000	4.000000	4.000000	958.000000	261.000000	18.000000	961.877690	277.971288	1.000000	4.496691
5.000000	5.000000	5.000000	883.000000	549.000000	47.000000	890.825155	547.982118	1.000000	5.786216
5.000000	6.000000	6.000000	983.000000	669.000000	58.000000	970.925650	666.274777	1.000000	6.610034
5.000000	7.000000	7.000000	749.000000	720.000000	56.000000	753.271295	717.191584	1.000000	7.840829
5.000000	8.000000	8.000000	1187.000000	784.000000	70.000000	1182.875735	805.674282	1.000000	9.609443
5.000000	9.000000	9.000000	739.000000	894.000000	76.000000	728.724008	888.029819	1.000000	10.808277
5.000000	10.000000	10.000000	644.000000	887.000000	75.000000	627.045253	892.951943	1.000000	11.377810
5.000000	11.000000	11.000000	510.000000	909.000000	74.000000	518.087689	910.791661	1.000000	12.001401
5.000000	12.000000	12.000000	185.000000	895.000000	71.000000	195.279950	902.231899	1.000000	12.905331
5.000000	13.000000	13.000000	328.000000	481.000000	32.000000	330.728009	492.539014	1.000000	13.887873
5.000000	14.000000	14.000000	430.000000	482.000000	33.000000	433.524674	485.521072	1.000000	14.473211
5.000000	15.000000	15.000000	433.000000	531.000000	43.000000	441.410349	548.890614	1.000000	14.976658
5.000000	16.000000	16.000000	407.000000	336.000000	23.000000	406.815601	348.080908	1.000000	15.633981
5.000000	17.000000	17.000000	570.000000	348.000000	24.000000	558.187195	347.316588	1.000000	16.329292
5.000000	18.000000	18.000000	528.000000	269.000000	14.000000	528.479097	283.858454	1.000000	17.064796
5.000000	19.000000	19.000000	522.000000	111.000000	4.000000	524.772704	128.526630	1.000000	17.801380
5.000000	20.000000	20.000000	185.000000	151.000000	1.000000	177.507344	169.511141	1.000000	18.632061
5.000000	21.000000	21.000000	398.000000	660.000000	53.000000	408.189257	665.802164	2.000000	21.168867
5.000000	22.000000	22.000000	517.000000	595.000000	44.000000	507.960617	594.567446	2.000000	21.824785
5.000000	23.000000	23.000000	303.000000	700.000000	52.000000	297.666002	696.733472	2.000000	22.552996
5.000000	24.000000	24.000000	200.000000	709.000000	51.000000	213.699964	704.035518	2.000000	23.112745
5.000000	25.000000	25.000000	201.000000	271.000000	11.000000	203.232130	285.449937	2.000000	24.056612
5.000000	26.000000	26.000000	325.000000	261.000000	12.000000	332.475110	261.704395	2.000000	24.729246
5.000000	27.000000	27.000000	316.000000	126.000000	2.000000	311.974677	127.750230	2.000000	25.288027
5.000000	28.000000	28.000000	437.000000	150.000000	3.000000	443.321666	152.300431	2.000000	25.841308
5.000000	29.000000	29.000000	643.000000	253.000000	15.000000	651.886882	253.416215	2.000000	26.576001
5.000000	30.000000	30.000000	751.000000	387.000000	26.000000	735.486092	389.911742	2.000000	27.688050
5.000000	31.000000	31.000000	678.000000	447.000000	35.000000	669.427077	447.807671	2.000000	28.208610
5.000000	32.000000	32.000000	784.000000	449.000000	36.000000	773.047934	452.393388	2.000000	28.624046
5.000000	33.000000	33.000000	963.000000	487.000000	38.000000	962.954629	486.873999	2.000000	29.345324
5.000000	34.000000	34.000000	1063.000000	459.000000	39.000000	1077.226325	459.656288	2.000000	29.935752
5.000000	35.000000	35.000000	1222.000000	478.000000	40.000000	1211.908299	480.725275	2.000000	30.641008
5.000000	36.000000	36.000000	1178.000000	252.000000	20.000000	1174.317369	247.984952	2.000000	31.305300
5.000000	37.000000	37.000000	977.000000	177.000000	8.000000	969.710540	186.791108	2.000000	32.025030
5.000000	38.000000	38.000000	1232.000000	689.000000	60.000000	1218.819733	704.955633	2.000000	33.017113
5.000000	39.000000	39.000000	642.000000	818.000000	65.000000	652.688975	814.701769	2.000000	34.608940
5.000000	40.000000	40.000000	422.000000	898.000000	73.000000	422.900253	905.989289	2.000000	35.265339
6.000000	1.000000	1.000000	744.000000	461.000000	36.000000	743.789204	469.001546	1.000000	1.447938
6.000000	2.000000	2.000000	840.000000	269.000000	17.000000	847.863004	289.544098	1.000000	2.247413
6.000000	3.000000	3.000000	989.000000	347.000000	28.000000	984.671781	357.711287	1.000000	3.071906
6.000000	4.000000	4.000000	1006.000000	277.000000	18.000000	997.263269	287.634776	1.000000	3.536445
6.000000	5.000000	5.000000	1074.000000	174.000000	9.000000	1086.931147	179.783572	1.000000	4.016528
6.000000	6.000000	6.000000	1221.000000	667.000000	60.000000	1215.549201	671.899105	1.000000	5.015218
6.000000	7.000000	7.000000	968.000000	615.000000	48.000000	956.088504	613.496070	1.000000	5.832517
6.000000	8.000000	8.000000	766.000000	689.000000	56.000000	767.592801	699.095630	1.000000	6.743466
6.000000	9.000000	9.000000	506.000000	565.000000	44.000000	509.764074	577.340380	1.000000	7.455692
6.000000	10.000000	10.000000	443.000000	582.000000	43.000000	439.649526	591.336810	1.000000	7.903790
6.000000	11.000000	11.000000	347.000000	812.000000	62.000000	336.808361	825.904496	1.000000	8.904250
6.000000	12.000000	12.000000	224.000000	811.000000	61.000000	210.624351	810.526431	1.000000	9.416919
6.000000	13.000000	13.000000	187.000000	724.000000	51.000000	183.085749	707.849113	1.000000	9.935253
6.000000	14.000000	14.000000	335.000000	492.000000	32.000000	332.967179	482.925056	1.000000	10.688112
6.000000	15.000000	15.000000	421.000000	456.000000	33.000000	423.525887	455.960046	1.000000	11.278989
6.000000	16.000000	16.000000	423.000000	379.000000	23.000000	419.331169	367.003435	1.000000	11.895028
6.000000	17.000000	17.000000	527.000000	330.000000	24.000000	524.523574	333.849044	1.000000	12.696495
6.000000	18.000000	18.000000	636.000000	175.000000	5.000000	637.921468	184.292995	1.000000	13.479442
6.000000	19.000000	19.000000	221.000000	365.000000	21.000000	210.007556	361.723477	1.000000	14.255362
6.000000	20.000000	20.000000	188.000000	151.000000	1.000000	183.482254	153.840498	1.000000	15.552177
6.000000	21.000000	21.000000	212.000000	281.000000	11.000000	213.373550	283.226466	2.000000	16.191461
6.000000	22.000000	22.000000	196.000000	571.000000	41.000000	199.632362	565.107226	2.000000	17.160964
6.000000	23.000000	23.000000	305.000000	589.000000	42.000000	316.463402	594.982296	2.000000	17.688652
6.000000	24.000000	24.000000	203.000000	860.000000	71.000000	204.647557	869.316385	2.000000	18.575784
6.000000	25.000000	25.000000	312.000000	862.000000	72.000000	306.950926	865.592588	2.000000	19.064166
6.000000	26.000000	26.000000	509.000000	799.000000	64.000000	525.472135	787.009046	2.000000	19.686934
6.000000	27.000000	27.000000	621.000000	769.000000	65.000000	620.469038	760.524170	2.000000	20.224431
6.000000	28.000000	28.000000	543.000000	476.000000	34.000000	543.841053	481.143614	2.000000	20.967136
6.000000	29.000000	29.000000	755.000000	806.000000	66.000000	763.197768	799.348601	2.000000	21.671786
6.000000	30.000000	30.000000	871.000000	782.000000	67.000000	874.952963	781.540705	2.000000	22.446863
6.000000	31.000000	31.000000	975.000000	863.000000	78.000000	975.342929	862.845028	2.000000	23.193065
6.000000	32.000000	32.000000	834.000000	907.000000	77.000000	844.956170	910.197370	2.000000	23.959219
6.000000	33.000000	33.000000	1218.000000	763.000000	70.000000	1216.626822	763.182723	2.000000	25.151507
6.000000	34.000000	34.000000	1197.000000	605.000000	50.000000	1209.414204	606.066834	2.000000	25.895634
6.000000	35.000000	35.000000	934.000000	670.000000	58.000000	947.572470	670.066552	2.000000	26.656782
6.000000	36.000000	36.000000	1179.000000	500.000000	40.000000	1185.583883	501.367143	2.000000	27.326877
6.000000	37.000000	37.000000	1000.000000	497.000000	38.000000	991.586425	496.673309	2.000000	28.055647
6.000000	38.000000	38.000000	1074.000000	396.000000	29.000000	1074.417813	400.697967	2.000000	28.632818
6.000000	39.000000	39.000000	890.000000	399.000000	27.000000	880.381441	398.915248	2.000000	29.280631
6.000000	40.000000	40.000000	1082.000000	234.000000	19.000000	1085.011848	246.424591	2.000000	30.152992
7.000000	1.000000	1.000000	883.000000	432.000000	37.000000	883.624226	437.739971	1.000000	1.615734
7.000000	2.000000	2.000000	753.000000	248.000000	16.000000	758.630071	250.861517	1.000000	2.518592
7.000000	3.000000	3.000000	656.000000	191.000000	5.000000	663.591647	187.205948	1.000000	3.000234
7.000000	4.000000	4.000000	858.000000	131.000000	7.000000	864.447732	127.496096	1.000000	3.623044
7.000000	5.000000	5.000000	1068.000000	126.000000	9.000000	1083.622587	126.961489	1.000000	4.191555
7.000000	6.000000	6.000000	1207.000000	251.000000	20.000000	1200.101166	254.893059	1.000000	5.087620
7.000000	7.000000	7.000000	1183.000000	317.000000	30.000000	1191.902886	332.279861	1.000000	5.662309
7.000000	8.000000	8.000000	1088.000000	711.000000	59.000000	1077.851834	717.505531	1.000000	6.878638
7.000000	9.000000	9.000000	992.000000	719.000000	58.000000	982.840476	717.760848	1.000000	7.422985
7.000000	10.000000	10.000000	874.000000	757.000000	67.000000	865.711983	762.331734	1.000000	8.351901
7.000000	11.000000	11.000000	1003.000000	912.000000	78.000000	997.267667	916.805118	1.000000	8.967874
7.000000	12.000000	12.000000	1059.000000	889.000000	79.000000	1061.314274	891.679560	1.000000	9.486264
7.000000	13.000000	13.000000	1170.000000	875.000000	80.000000	1169.332142	877.236423	1.000000	10.007057
7.000000	14.000000	14.000000	518.000000	750.000000	64.000000	527.153717	757.723720	1.000000	11.191699
7.000000	15.000000	15.000000	441.000000	800.000000	63.000000	434.173228	807.346063	1.000000	11.798063
7.000000	16.000000	16.000000	349.000000	868.000000	72.000000	342.146103	888.310718	1.000000	12.815375
7.000000	17.000000	17.000000	216.000000	364.000000	21.000000	228.005709	379.083789	1.000000	13.751624
7.000000	18.000000	18.000000	343.000000	365.000000	22.000000	332.249520	379.542376	1.000000	14.295923
7.000000	19.000000	19.000000	415.000000	341.000000	23.000000	410.790906	340.864396	1.000000	14.752252
7.000000	20.000000	20.000000	424.000000	134.000000	3.000000	422.081118	143.041588	1.000000	15.519655
7.000000	21.000000	21.000000	418.000000	456.000000	33.000000	417.306628	458.736691	2.000000	18.590751
7.000000	22.000000	22.000000	535.000000	357.000000	24.000000	541.210990	362.767248	2.000000	19.303503
7.000000	23.000000	0.000000	560.000000	234.000000	14.000000	557.693404	261.225361	2.000000	20.103583
7.000000	24.000000	23.000000	568.000000	258.000000	14.000000	557.693404	261.225361	2.000000	20.912280
7.000000	25.000000	24.000000	639.000000	223.000000	15.000000	630.507269	232.359662	2.000000	21.566507
7.000000	26.000000	25.000000	670.000000	381.000000	25.000000	672.224091	391.604604	2.000000	22.184433
7.000000	27.000000	26.000000	766.000000	357.000000	26.000000	769.851747	368.590529	2.000000	22.734292
7.000000	28.000000	27.000000	639.000000	461.000000	35.000000	639.887557	478.056780	2.000000	23.454762
7.000000	29.000000	28.000000	566.000000	479.000000	34.000000	561.161332	493.066780	2.000000	24.038932
7.000000	30.000000	29.000000	671.000000	556.000000	45.000000	671.779494	549.832335	2.000000	24.638787
7.000000	31.000000	30.000000	727.000000	589.000000	46.000000	735.707943	599.973721	2.000000	25.344312
7.000000	32.000000	31.000000	566.000000	858.000000	74.000000	559.987384	864.401608	2.000000	26.280246
7.000000	33.000000	32.000000	552.000000	662.000000	54.000000	542.169042	654.279466	2.000000	26.902234
7.000000	34.000000	33.000000	210.000000	680.000000	51.000000	212.464662	693.435121	2.000000	27.646884
7.000000	35.000000	34.000000	204.000000	870.000000	71.000000	212.813165	869.672876	2.000000	28.288336
7.000000	36.000000	35.000000	755.000000	828.000000	66.000000	762.865853	826.228646	2.000000	29.560018
7.000000	37.000000	36.000000	994.000000	816.000000	68.000000	1001.922309	816.851875	2.000000	30.311067
7.000000	38.000000	37.000000	1080.000000	490.000000	39.000000	1080.263921	506.204324	2.000000	31.040435
7.000000	39.000000	38.000000	991.000000	372.000000	28.000000	995.331571	380.471823	2.000000	31.639161
7.000000	40.000000	39.000000	884.000000	318.000000	27.000000	884.857541	332.065665	2.000000	32.343964
7.000000	41.000000	40.000000	960.000000	234.000000	18.000000	960.343151	240.928371	2.000000	32.998240
8.000000	1.000000	1.000000	663.000000	468.000000	35.000000	651.481267	466.366756	1.000000	0.839867
8.000000	2.000000	2.000000	639.000000	585.000000	45.000000	638.398877	599.755617	1.000000	1.551516
8.000000	3.000000	3.000000	733.000000	797.000000	66.000000	734.616319	798.968576	1.000000	2.257361
8.000000	4.000000	4.000000	994.000000	680.000000	58.000000	998.894809	684.258566	1.000000	2.848666
8.000000	5.000000	5.000000	1085.000000	762.000000	69.000000	1095.734614	772.451722	1.000000	3.393134
8.000000	6.000000	6.000000	1162.000000	669.000000	60.000000	1171.611794	659.479454	1.000000	3.943278
8.000000	7.000000	7.000000	1218.000000	579.000000	50.000000	1216.613236	578.459950	1.000000	4.615622
8.000000	8.000000	8.000000	985.000000	888.000000	78.000000	974.357971	903.902503	1.000000	5.432095
8.000000	9.000000	9.000000	1086.000000	353.000000	29.000000	1088.155517	346.717798	1.000000	6.624380
8.000000	10.000000	10.000000	1085.000000	143.000000	9.000000	1075.719955	142.792953	1.000000	7.816794
8.000000	11.000000	11.000000	891.000000	247.000000	17.000000	891.143317	250.597724	1.000000	8.407876
8.000000	12.000000	12.000000	428.000000	507.000000	33.000000	426.629756	500.503117	1.000000	9.439549
8.000000	13.000000	13.000000	322.000000	557.000000	42.000000	332.407462	566.149890	1.000000	9.905489
8.000000	14.000000	14.000000	322.000000	687.000000	52.000000	333.805780	701.465710	1.000000	10.504427
8.000000	15.000000	15.000000	318.000000	814.000000	62.000000	324.957471	819.960405	1.000000	11.040942
8.000000	16.000000	16.000000	415.000000	784.000000	63.000000	405.480128	789.627117	1.000000	11.792204
8.000000	17.000000	17.000000	615.000000	820.000000	65.000000	625.991418	825.882899	1.000000	12.457374
8.000000	18.000000	18.000000	188.000000	923.000000	71.000000	189.150310	910.990600	1.000000	13.408570
8.000000	19.000000	19.000000	324.000000	230.000000	12.000000	326.108814	241.004489	1.000000	14.767724
8.000000	20.000000	20.000000	322.000000	122.000000	2.000000	319.846057	129.087169	1.000000	15.335930
8.000000	21.000000	21.000000	561.000000	133.000000	4.000000	551.795041	147.061777	2.000000	16.095836
8.000000	22.000000	22.000000	663.000000	151.000000	5.000000	670.496030	163.053152	2.000000	16.656950
8.000000	23.000000	23.000000	764.000000	161.000000	6.000000	757.289103	173.244380	2.000000	17.239916
8.000000	24.000000	24.000000	989.000000	128.000000	8.000000	991.386857	131.147774	2.000000	18.177153
8.000000	25.000000	25.000000	1225.000000	247.000000	20.000000	1217.603665	245.543403	2.000000	18.816353
8.000000	26.000000	26.000000	901.000000	378.000000	27.000000	881.449395	388.302726	2.000000	19.663365
8.000000	27.000000	27.000000	1112.000000	516.000000	39.000000	1096.582545	506.218039	2.000000	20.417071
8.000000	28.000000	28.000000	1081.000000	553.000000	49.000000	1067.558405	565.905947	2.000000	20.896154
8.000000	29.000000	29.000000	1091.000000	687.000000	59.000000	1087.182264	685.055501	2.000000	21.393222
8.000000	30.000000	30.000000	1183.000000	814.000000	70.000000	1180.612240	806.624186	2.000000	21.983338
8.000000	31.000000	31.000000	994.000000	790.000000	68.000000	981.428580	783.743617	2.000000	22.577192
8.000000	32.000000	32.000000	887.000000	721.000000	57.000000	870.837569	718.354567	2.000000	23.225150
8.000000	33.000000	33.000000	768.000000	573.000000	46.000000	782.208442	588.474490	2.000000	24.055470
8.000000	34.000000	34.000000	535.000000	244.000000	14.000000	528.778367	256.708864	2.000000	24.951283
8.000000	35.000000	35.000000	644.000000	670.000000	55.000000	648.976714	684.378811	2.000000	25.895627
8.000000	36.000000	36.000000	217.000000	455.000000	31.000000	225.810614	462.084891	2.000000	27.113409
8.000000	37.000000	37.000000	320.000000	350.000000	22.000000	331.358273	356.845882	2.000000	27.671215
8.000000	38.000000	38.000000	508.000000	440.000000	34.000000	515.688966	455.360826	2.000000	28.399444
8.000000	39.000000	39.000000	341.000000	902.000000	72.000000	341.622976	907.028357	2.000000	30.401484
8.000000	40.000000	40.000000	437.000000	889.000000	73.000000	439.587127	889.422154	2.000000	30.856422
9.000000	1.000000	1.000000	551.000000	557.000000	44.000000	559.499151	549.437159	1.000000	1.337923
9.000000	2.000000	2.000000	661.000000	560.000000	45.000000	645.832111	564.061448	1.000000	1.858413
9.000000	3.000000	3.000000	545.000000	668.000000	54.000000	543.011916	658.526716	1.000000	2.513523
9.000000	4.000000	4.000000	744.000000	667.000000	56.000000	748.571516	660.413180	1.000000	3.025531
9.000000	5.000000	5.000000	756.000000	603.000000	46.000000	756.014583	589.419279	1.000000	3.440926
9.000000	6.000000	6.000000	713.000000	805.000000	66.000000	728.882010	818.176317	1.000000	4.218817
9.000000	7.000000	7.000000	634.000000	776.000000	65.000000	644.204180	790.806054	1.000000	4.650285
9.000000	8.000000	8.000000	545.000000	796.000000	64.000000	534.159025	807.307782	1.000000	5.233850
9.000000	9.000000	9.000000	208.000000	521.000000	41.000000	203.578226	544.878586	1.000000	6.394869
9.000000	10.000000	10.000000	221.000000	489.000000	31.000000	221.390176	481.105238	1.000000	6.896879
9.000000	11.000000	11.000000	430.000000	469.000000	33.000000	428.998932	466.520198	1.000000	7.434722
9.000000	12.000000	12.000000	521.000000	324.000000	24.000000	518.546115	336.403695	1.000000	8.210127
9.000000	13.000000	13.000000	552.000000	265.000000	14.000000	544.549427	280.943900	1.000000	8.625350
9.000000	14.000000	14.000000	217.000000	254.000000	11.000000	220.410140	251.928718	1.000000	9.376904
9.000000	15.000000	15.000000	732.000000	284.000000	16.000000	742.847116	287.690137	1.000000	10.377026
9.000000	16.000000	16.000000	1078.000000	260.000000	19.000000	1089.130680	257.596418	1.000000	11.113702
9.000000	17.000000	0.000000	1112.000000	139.000000	9.000000	1102.218950	166.830858	1.000000	11.634052
9.000000	18.000000	17.000000	1109.000000	156.000000	9.000000	1102.218950	166.830858	1.000000	12.233481
9.000000	19.000000	18.000000	995.000000	488.000000	38.000000	990.413617	501.092998	1.000000	13.081194
9.000000	20.000000	19.000000	1096.000000	650.000000	59.000000	1098.756700	653.387443	1.000000	13.834002
9.000000	21.000000	20.000000	1076.000000	902.000000	79.000000	1058.679376	887.605816	1.000000	14.586309
9.000000	22.000000	21.000000	1107.000000	767.000000	69.000000	1101.715296	770.827295	2.000000	15.865996
9.000000	23.000000	22.000000	1213.000000	863.000000	80.000000	1214.620941	878.008094	2.000000	16.537414
9.000000	24.000000	23.000000	1212.000000	687.000000	60.000000	1208.308858	671.073118	2.000000	17.249684
9.000000	25.000000	24.000000	1111.000000	576.000000	49.000000	1096.722381	575.861264	2.000000	17.962865
9.000000	26.000000	25.000000	1000.000000	381.000000	28.000000	993.472499	385.827677	2.000000	18.674471
9.000000	27.000000	26.000000	967.000000	284.000000	18.000000	967.073541	277.778475	2.000000	19.209746
9.000000	28.000000	27.000000	852.000000	174.000000	7.000000	855.236656	179.049348	4.000000	19.826188
10.000000	1.000000	1.000000	530.000000	170.000000	4.000000	543.094553	170.835395	1.000000	3.432322
10.000000	2.000000	2.000000	418.000000	164.000000	3.000000	404.175083	167.979645	1.000000	3.894926
10.000000	3.000000	0.000000	297.000000	223.000000	12.000000	332.695709	233.251826	1.000000	4.382660
10.000000	4.000000	3.000000	323.000000	225.000000	12.000000	332.695709	233.251826	1.000000	4.951853
10.000000	5.000000	4.000000	555.000000	372.000000	24.000000	552.888086	377.607271	1.000000	6.807522
10.000000	6.000000	5.000000	902.000000	144.000000	7.000000	889.381891	153.750339	1.000000	7.576154
10.000000	7.000000	6.000000	1101.000000	234.000000	19.000000	1109.733752	253.161631	1.000000	8.647228
10.000000	8.000000	7.000000	1061.000000	365.000000	29.000000	1063.240162	362.386523	1.000000	9.510487
10.000000	9.000000	8.000000	982.000000	434.000000	38.000000	978.766430	451.988558	1.000000	10.231793
10.000000	10.000000	9.000000	1095.000000	429.000000	39.000000	1106.558202	445.735163	1.000000	10.760048
10.000000	11.000000	10.000000	1227.000000	575.000000	50.000000	1214.663346	576.812143	1.000000	11.822649
10.000000	12.000000	11.000000	962.000000	686.000000	58.000000	956.732947	698.441189	1.000000	12.598270
10.000000	13.000000	12.000000	976.000000	811.000000	68.000000	979.500733	808.987316	1.000000	13.271555
10.000000	14.000000	13.000000	993.000000	872.000000	78.000000	993.033564	894.823886	1.000000	13.968168
10.000000	15.000000	14.000000	1229.000000	804.000000	70.000000	1209.957406	813.291762	1.000000	14.639773
10.000000	16.000000	15.000000	556.000000	815.000000	64.000000	549.369936	821.278080	1.000000	15.399265
10.000000	17.000000	16.000000	554.000000	876.000000	74.000000	553.891507	865.829978	1.000000	15.894629
10.000000	18.000000	17.000000	442.000000	721.000000	53.000000	428.912002	717.941196	1.000000	16.567212
10.000000	19.000000	18.000000	334.000000	558.000000	42.000000	337.535583	568.036743	1.000000	17.616253
10.000000	20.000000	19.000000	419.000000	435.000000	33.000000	421.598850	441.042840	2.000000	18.398861
10.000000	21.000000	20.000000	336.000000	350.000000	22.000000	333.956310	357.838247	2.000000	19.006292
10.000000	22.000000	21.000000	507.000000	492.000000	34.000000	511.035254	487.632070	2.000000	19.672076
10.000000	23.000000	22.000000	312.000000	148.000000	2.000000	317.177629	169.082417	2.000000	20.663487
10.000000	24.000000	23.000000	231.000000	170.000000	1.000000	226.990973	184.775191	2.000000	21.246856
10.000000	25.000000	24.000000	441.000000	260.000000	13.000000	437.723618	261.126099	2.000000	21.966815
10.000000	26.000000	25.000000	192.000000	392.000000	21.000000	192.198866	397.457440	2.000000	22.736123
10.000000	27.000000	26.000000	554.000000	223.000000	14.000000	557.112221	229.376948	2.000000	23.855111
10.000000	28.000000	27.000000	877.000000	442.000000	37.000000	880.873743	439.565289	2.000000	24.816032
10.000000	29.000000	28.000000	680.000000	400.000000	25.000000	672.433684	400.136888	2.000000	25.598132
10.000000	30.000000	29.000000	944.000000	169.000000	8.000000	950.679180	170.314495	2.000000	26.367704
10.000000	31.000000	30.000000	1174.000000	428.000000	40.000000	1185.097517	437.339407	2.000000	27.119183
10.000000	32.000000	31.000000	1094.000000	576.000000	49.000000	1080.994959	585.201635	2.000000	27.711756
10.000000	33.000000	32.000000	1190.000000	707.000000	60.000000	1184.769478	708.871278	2.000000	28.328122
10.000000	34.000000	33.000000	763.000000	597.000000	46.000000	753.407686	594.531578	2.000000	29.288101
10.000000	35.000000	34.000000	1092.000000	756.000000	69.000000	1097.716822	773.649602	2.000000	30.150162
10.000000	36.000000	35.000000	1094.000000	910.000000	79.000000	1101.358004	920.915571	2.000000	30.823318
10.000000	37.000000	36.000000	893.000000	806.000000	67.000000	883.634925	810.919000	2.000000	31.479803
10.000000	38.000000	37.000000	769.000000	866.000000	76.000000	757.905399	863.658995	2.000000	32.222283
10.000000	39.000000	38.000000	419.000000	801.000000	63.000000	427.999734	802.318726	2.000000	33.414517
10.000000	40.000000	39.000000	742.000000	653.000000	56.000000	747.522090	664.249148	1.000000	37.078825
10.000000	41.000000	40.000000	675.000000	681.000000	55.000000	672.398611	692.989445	1.000000	37.607409
11.000000	1.000000	1.000000	303.000000	243.000000	12.000000	295.718779	248.785233	1.000000	2.976478
11.000000	2.000000	2.000000	298.000000	170.000000	2.000000	296.640801	160.730228	1.000000	3.721692
11.000000	3.000000	3.000000	210.000000	281.000000	11.000000	210.800704	281.690496	1.000000	4.322543
11.000000	4.000000	4.000000	203.000000	346.000000	21.000000	196.420830	360.307347	1.000000	4.808965
11.000000	5.000000	5.000000	174.000000	466.000000	31.000000	180.194711	476.845952	1.000000	5.521579
11.000000	6.000000	6.000000	190.000000	776.000000	61.000000	201.945570	792.125609	1.000000	6.480877
11.000000	7.000000	7.000000	458.000000	647.000000	53.000000	445.956730	654.680723	1.000000	7.184554
11.000000	8.000000	8.000000	516.000000	479.000000	34.000000	510.222813	488.541258	1.000000	7.778202
11.000000	9.000000	9.000000	631.000000	748.000000	65.000000	624.267672	759.388705	1.000000	8.936404
11.000000	10.000000	10.000000	757.000000	691.000000	56.000000	750.512058	692.599129	1.000000	9.480814
11.000000	11.000000	11.000000	887.000000	682.000000	57.000000	886.731091	684.671974	1.000000	9.986452
11.000000	12.000000	12.000000	1060.000000	647.000000	59.000000	1059.258317	650.471035	1.000000	10.729297
11.000000	13.000000	13.000000	1090.000000	781.000000	69.000000	1093.003405	790.223703	1.000000	11.336412
11.000000	14.000000	14.000000	977.000000	870.000000	78.000000	971.820586	870.775620	1.000000	11.905941
11.000000	15.000000	15.000000	1088.000000	365.000000	29.000000	1092.226562	366.705443	1.000000	12.984234
11.000000	16.000000	16.000000	974.000000	362.000000	28.000000	973.254529	362.518843	1.000000	13.521769
11.000000	17.000000	17.000000	1221.000000	237.000000	20.000000	1219.925639	245.279746	1.000000	14.313010
11.000000	18.000000	18.000000	1106.000000	172.000000	9.000000	1103.428136	176.393658	1.000000	14.802452
11.000000	19.000000	19.000000	956.000000	148.000000	8.000000	954.259794	147.255236	1.000000	15.441064
11.000000	20.000000	20.000000	1179.000000	126.000000	10.000000	1182.475695	121.267780	1.000000	16.169436
11.000000	21.000000	21.000000	523.000000	122.000000	4.000000	535.334471	128.829808	2.000000	17.576548
11.000000	22.000000	22.000000	404.000000	168.000000	3.000000	403.657428	181.336598	2.000000	18.370210
11.000000	23.000000	23.000000	424.000000	209.000000	13.000000	424.394194	224.375312	2.000000	18.824839
11.000000	24.000000	24.000000	419.000000	337.000000	23.000000	420.288723	355.124194	2.000000	19.536992
11.000000	25.000000	25.000000	631.000000	352.000000	25.000000	618.716100	365.700807	2.000000	20.320848
11.000000	26.000000	26.000000	728.000000	545.000000	46.000000	731.989320	547.624271	2.000000	21.161980
11.000000	27.000000	27.000000	992.000000	708.000000	58.000000	976.078707	719.045155	2.000000	22.258158
11.000000	28.000000	28.000000	964.000000	763.000000	68.000000	967.475662	764.006752	2.000000	22.761304
11.000000	29.000000	29.000000	847.000000	789.000000	67.000000	848.272019	803.154485	2.000000	23.218087
11.000000	30.000000	30.000000	798.000000	922.000000	76.000000	775.787641	923.414625	2.000000	23.946121
11.000000	31.000000	31.000000	1081.000000	477.000000	39.000000	1091.987148	482.857888	2.000000	25.513880
11.000000	32.000000	32.000000	1179.000000	498.000000	40.000000	1180.589197	507.365610	2.000000	26.138433
11.000000	33.000000	33.000000	1212.000000	649.000000	60.000000	1209.146604	650.803600	2.000000	26.736920
11.000000	34.000000	34.000000	1217.000000	791.000000	70.000000	1210.679317	789.071383	2.000000	27.321452
11.000000	35.000000	35.000000	530.000000	769.000000	64.000000	526.105122	764.685207	2.000000	28.408986
11.000000	36.000000	36.000000	427.000000	791.000000	63.000000	430.855201	791.272467	2.000000	28.977345
11.000000	37.000000	37.000000	420.000000	881.000000	73.000000	407.839776	888.466320	2.000000	29.594238
11.000000	38.000000	38.000000	328.000000	881.000000	72.000000	331.969816	882.669630	2.000000	30.450326
11.000000	39.000000	39.000000	228.000000	862.000000	71.000000	223.187623	868.646271	2.000000	31.041905
11.000000	40.000000	40.000000	298.000000	554.000000	42.000000	307.215909	550.453914	2.000000	31.953692
12.000000	1.000000	1.000000	222.000000	162.000000	1.000000	231.901950	169.976754	1.000000	2.401077
12.000000	2.000000	2.000000	211.000000	453.000000	31.000000	211.634623	459.791844	1.000000	3.242039
12.000000	3.000000	3.000000	318.000000	380.000000	22.000000	318.477096	378.490570	1.000000	3.786388
12.000000	4.000000	4.000000	180.000000	658.000000	51.000000	189.093855	665.611788	1.000000	4.977665
12.000000	5.000000	5.000000	399.000000	489.000000	33.000000	403.687595	479.793430	1.000000	5.769523
12.000000	6.000000	6.000000	525.000000	243.000000	14.000000	528.820894	248.794541	1.000000	6.624692
12.000000	7.000000	7.000000	624.000000	186.000000	5.000000	623.591155	186.403859	1.000000	7.217104
12.000000	8.000000	8.000000	630.000000	808.000000	65.000000	630.859882	818.103686	1.000000	8.809748
12.000000	9.000000	9.000000	773.000000	695.000000	56.000000	762.305944	696.319281	1.000000	9.585084
12.000000	10.000000	10.000000	831.000000	759.000000	67.000000	841.345592	774.551955	1.000000	10.144680
12.000000	11.000000	11.000000	860.000000	911.000000	77.000000	864.430564	931.603676	1.000000	11.041349
12.000000	12.000000	12.000000	1076.000000	581.000000	49.000000	1081.238866	578.668236	1.000000	12.352758
12.000000	13.000000	13.000000	1184.000000	468.000000	40.000000	1179.727494	461.394905	1.000000	13.122391
12.000000	14.000000	14.000000	1207.000000	342.000000	30.000000	1198.149280	346.285715	1.000000	13.737123
12.000000	15.000000	15.000000	971.000000	339.000000	28.000000	960.242519	335.512215	1.000000	14.489008
12.000000	16.000000	16.000000	788.000000	346.000000	26.000000	778.329693	350.815014	1.000000	15.170310
12.000000	17.000000	17.000000	954.000000	274.000000	18.000000	949.541417	261.916494	1.000000	15.880896
12.000000	18.000000	18.000000	1009.000000	179.000000	8.000000	996.769858	185.761503	1.000000	16.945122
12.000000	19.000000	19.000000	889.000000	156.000000	7.000000	877.483391	145.104178	1.000000	17.730149
12.000000	20.000000	20.000000	1207.000000	166.000000	10.000000	1205.339326	180.730171	1.000000	18.480905
12.000000	21.000000	21.000000	1090.000000	166.000000	9.000000	1093.714310	176.215331	2.000000	19.865712
12.000000	22.000000	22.000000	1114.000000	332.000000	29.000000	1107.546472	346.897258	2.000000	20.906134
12.000000	23.000000	23.000000	1001.000000	497.000000	38.000000	999.763761	487.587826	2.000000	21.504361
12.000000	24.000000	24.000000	861.000000	389.000000	27.000000	847.589744	393.576946	2.000000	22.136819
12.000000	25.000000	25.000000	1219.000000	748.000000	70.000000	1219.202692	764.562108	2.000000	23.312449
12.000000	26.000000	26.000000	953.000000	903.000000	78.000000	956.897073	901.438271	2.000000	24.153985
12.000000	27.000000	27.000000	839.000000	689.000000	57.000000	842.128959	705.390653	2.000000	25.032455
12.000000	28.000000	28.000000	730.000000	767.000000	66.000000	728.086902	777.355180	2.000000	25.553827
12.000000	29.000000	29.000000	671.000000	921.000000	75.000000	662.783307	914.987096	2.000000	26.329135
12.000000	30.000000	30.000000	642.000000	605.000000	45.000000	630.554219	604.947960	2.000000	27.184418
12.000000	31.000000	31.000000	516.000000	707.000000	54.000000	510.473501	705.581478	2.000000	27.784654
12.000000	32.000000	32.000000	541.000000	882.000000	74.000000	524.835957	879.134273	2.000000	28.497329
12.000000	33.000000	33.000000	543.000000	490.000000	34.000000	540.348359	495.544022	2.000000	29.417260
12.000000	34.000000	34.000000	535.000000	401.000000	24.000000	526.694094	400.216333	2.000000	30.098284
12.000000	35.000000	0.000000	646.000000	343.000000	25.000000	619.882074	351.778067	2.000000	30.833590
12.000000	36.000000	35.000000	633.000000	349.000000	25.000000	619.882074	351.778067	2.000000	31.416353
12.000000	37.000000	36.000000	518.000000	155.000000	4.000000	517.577712	164.357806	2.000000	32.521417
12.000000	38.000000	37.000000	329.000000	131.000000	2.000000	328.070174	132.821791	2.000000	33.161278
12.000000	39.000000	38.000000	327.000000	268.000000	12.000000	323.200074	284.442130	2.000000	33.832382
12.000000	40.000000	39.000000	300.000000	603.000000	42.000000	291.567549	611.429853	2.000000	34.817532
12.000000	41.000000	40.000000	233.000000	794.000000	61.000000	228.021936	789.939378	2.000000	35.433511
13.000000	1.000000	1.000000	651.000000	604.000000	45.000000	657.419651	611.776714	2.000000	2.111916
13.000000	2.000000	2.000000	773.000000	482.000000	36.000000	776.270198	484.748277	2.000000	2.728635
13.000000	3.000000	3.000000	854.000000	481.000000	37.000000	852.007539	484.428061	2.000000	3.254736
13.000000	4.000000	4.000000	974.000000	487.000000	38.000000	975.183222	496.579315	2.000000	4.016831
13.000000	5.000000	5.000000	1095.000000	481.000000	39.000000	1101.608495	481.690207	2.000000	4.687842
13.000000	6.000000	6.000000	1084.000000	354.000000	29.000000	1091.651672	350.277669	2.000000	5.352588
13.000000	7.000000	7.000000	1190.000000	347.000000	30.000000	1204.519115	344.348448	2.000000	6.031526
13.000000	8.000000	8.000000	1194.000000	134.000000	10.000000	1196.020958	126.069719	2.000000	6.935649
13.000000	9.000000	9.000000	880.000000	712.000000	57.000000	874.159670	712.419122	2.000000	8.480073
13.000000	10.000000	10.000000	975.000000	826.000000	68.000000	968.023217	815.527789	2.000000	9.272800
13.000000	11.000000	11.000000	984.000000	705.000000	58.000000	983.060127	699.065271	1.000000	9.920487
13.000000	12.000000	12.000000	1083.000000	710.000000	59.000000	1079.608941	713.760917	1.000000	10.392663
13.000000	13.000000	0.000000	1087.000000	776.000000	69.000000	1088.864067	801.234811	1.000000	11.120791
13.000000	14.000000	13.000000	1090.000000	796.000000	69.000000	1088.864067	801.234811	1.000000	11.936762
13.000000	15.000000	14.000000	1201.000000	774.000000	70.000000	1197.320666	783.641975	1.000000	12.464725
13.000000	16.000000	15.000000	1191.000000	910.000000	80.000000	1185.700000	930.433032	1.000000	13.696366
13.000000	17.000000	16.000000	1194.000000	548.000000	50.000000	1197.663676	545.970831	1.000000	14.728415
13.000000	18.000000	17.000000	882.000000	545.000000	47.000000	883.412447	546.189986	1.000000	15.624743
13.000000	19.000000	18.000000	1062.000000	234.000000	19.000000	1065.294804	233.117445	1.000000	16.440264
13.000000	20.000000	19.000000	1086.000000	186.000000	9.000000	1081.073954	178.533431	1.000000	17.119286
13.000000	21.000000	20.000000	750.000000	586.000000	46.000000	746.365085	591.212458	1.000000	18.286919
13.000000	22.000000	21.000000	764.000000	386.000000	26.000000	748.813823	382.024571	1.000000	18.990867
13.000000	23.000000	22.000000	887.000000	146.000000	7.000000	887.232257	159.177538	1.000000	20.127591
13.000000	24.000000	23.000000	949.000000	901.000000	78.000000	948.684226	914.143636	1.000000	21.168768
13.000000	25.000000	24.000000	552.000000	874.000000	74.000000	542.743988	863.074085	1.000000	22.192781
13.000000	26.000000	25.000000	540.000000	744.000000	64.000000	548.705181	759.395975	2.000000	23.006563
13.000000	27.000000	26.000000	641.000000	803.000000	65.000000	629.503201	803.486772	2.000000	23.839088
13.000000	28.000000	27.000000	509.000000	701.000000	54.000000	509.886535	710.777823	1.000000	24.648792
13.000000	29.000000	28.000000	525.000000	330.000000	24.000000	522.250388	339.263672	1.000000	26.487510
13.000000	30.000000	29.000000	403.000000	342.000000	23.000000	417.507842	343.747438	1.000000	27.000195
13.000000	31.000000	30.000000	321.000000	562.000000	42.000000	316.675815	558.067180	1.000000	28.014852
13.000000	32.000000	31.000000	225.000000	644.000000	51.000000	223.908754	651.585146	1.000000	28.887435
13.000000	33.000000	32.000000	210.000000	764.000000	61.000000	211.381177	767.662344	1.000000	29.720525
13.000000	34.000000	33.000000	201.000000	552.000000	41.000000	197.965620	560.436838	2.000000	30.495928
13.000000	35.000000	34.000000	229.000000	447.000000	31.000000	220.476353	462.240665	2.000000	31.015312
13.000000	36.000000	35.000000	319.000000	273.000000	12.000000	309.901419	284.341770	2.000000	32.048774
13.000000	37.000000	36.000000	431.000000	508.000000	33.000000	433.547510	496.909366	2.000000	32.992044
13.000000	38.000000	37.000000	421.000000	760.000000	63.000000	421.846650	756.731969	2.000000	34.392547
13.000000	39.000000	38.000000	299.000000	862.000000	72.000000	292.238653	870.495870	2.000000	35.200460
13.000000	40.000000	39.000000	562.000000	216.000000	14.000000	557.606235	225.601412	2.000000	37.151298
13.000000	41.000000	40.000000	631.000000	144.000000	5.000000	627.595807	145.879052	2.000000	37.830843
14.000000	1.000000	1.000000	658.000000	276.000000	15.000000	659.962917	286.640856	1.000000	1.387604
14.000000	2.000000	2.000000	749.000000	273.000000	16.000000	752.938298	272.226000	1.000000	1.890749
14.000000	3.000000	3.000000	548.000000	378.000000	24.000000	555.233525	378.214691	1.000000	2.795109
14.000000	4.000000	4.000000	518.000000	136.000000	4.000000	507.953235	141.247476	1.000000	3.561607
14.000000	5.000000	5.000000	421.000000	142.000000	3.000000	403.478934	144.343697	1.000000	4.265602
14.000000	6.000000	6.000000	301.000000	143.000000	2.000000	294.630381	148.519141	1.000000	5.249624
14.000000	7.000000	7.000000	223.000000	120.000000	1.000000	211.134074	117.602731	1.000000	5.785172
14.000000	8.000000	8.000000	500.000000	494.000000	34.000000	513.223269	506.997869	1.000000	6.842641
14.000000	9.000000	9.000000	404.000000	603.000000	43.000000	399.905587	605.943429	1.000000	7.538305
14.000000	10.000000	10.000000	652.000000	555.000000	45.000000	655.676850	557.689199	1.000000	8.249808
14.000000	11.000000	11.000000	314.000000	883.000000	72.000000	310.128454	889.757667	1.000000	9.217948
14.000000	12.000000	12.000000	854.000000	511.000000	37.000000	864.454325	505.186482	1.000000	10.602166
14.000000	13.000000	13.000000	954.000000	494.000000	38.000000	957.532763	494.861643	1.000000	11.235561
14.000000	14.000000	14.000000	954.000000	655.000000	58.000000	950.795892	655.673684	1.000000	11.898939
14.000000	15.000000	15.000000	988.000000	803.000000	68.000000	980.073058	810.428589	1.000000	12.530637
14.000000	16.000000	16.000000	1100.000000	874.000000	79.000000	1103.976017	887.314573	1.000000	13.298111
14.000000	17.000000	17.000000	1185.000000	635.000000	60.000000	1177.201187	651.920106	1.000000	14.345639
14.000000	18.000000	18.000000	1112.000000	358.000000	29.000000	1105.194108	354.897360	1.000000	15.234518
14.000000	19.000000	19.000000	1169.000000	263.000000	20.000000	1170.918772	265.112228	1.000000	15.795300
14.000000	20.000000	20.000000	1211.000000	146.000000	10.000000	1203.365593	159.292819	1.000000	16.466041
14.000000	21.000000	21.000000	1013.000000	236.000000	18.000000	1001.782963	236.982139	2.000000	17.321382
14.000000	22.000000	22.000000	1074.000000	222.000000	19.000000	1065.718537	231.352454	2.000000	17.721923
14.000000	23.000000	23.000000	1195.000000	352.000000	30.000000	1195.055399	355.216750	2.000000	18.481611
14.000000	24.000000	24.000000	1095.000000	483.000000	39.000000	1090.175867	480.102054	2.000000	19.226174
14.000000	25.000000	25.000000	1204.000000	545.000000	50.000000	1211.404757	551.036760	2.000000	19.969348
14.000000	26.000000	26.000000	1206.000000	887.000000	80.000000	1203.929334	899.536141	2.000000	20.891516
14.000000	27.000000	27.000000	971.000000	929.000000	78.000000	970.516988	928.242342	2.000000	21.691428
14.000000	28.000000	28.000000	868.000000	895.000000	77.000000	858.410832	900.410587	2.000000	22.250529
14.000000	29.000000	29.000000	849.000000	758.000000	67.000000	851.454958	757.741086	2.000000	22.835323
14.000000	30.000000	30.000000	777.000000	663.000000	56.000000	768.276556	649.400653	2.000000	23.554120
14.000000	31.000000	31.000000	738.000000	572.000000	46.000000	747.797028	588.824777	2.000000	24.146678
14.000000	32.000000	32.000000	791.000000	353.000000	26.000000	782.475192	349.926858	2.000000	24.985553
14.000000	33.000000	33.000000	660.000000	381.000000	25.000000	660.589401	394.901897	2.000000	25.538405
14.000000	34.000000	34.000000	728.000000	160.000000	6.000000	737.408446	166.168798	2.000000	26.433542
14.000000	35.000000	35.000000	555.000000	246.000000	14.000000	545.669126	259.019771	2.000000	27.170308
14.000000	36.000000	36.000000	413.000000	244.000000	13.000000	405.039217	247.438203	2.000000	27.785739
14.000000	37.000000	37.000000	225.000000	248.000000	11.000000	214.781735	252.028225	2.000000	28.433851
14.000000	38.000000	38.000000	209.000000	551.000000	41.000000	203.729609	567.610320	2.000000	29.347071
14.000000	39.000000	39.000000	423.000000	672.000000	53.000000	430.478210	689.500307	2.000000	30.162213
14.000000	40.000000	40.000000	329.000000	767.000000	62.000000	331.795758	767.283288	2.000000	30.818495
15.000000	1.000000	1.000000	511.000000	247.000000	14.000000	514.907095	259.839017	1.000000	1.806610
15.000000	2.000000	2.000000	555.000000	173.000000	4.000000	550.518681	177.192170	1.000000	2.335775
15.000000	3.000000	3.000000	672.000000	144.000000	5.000000	671.646983	151.770158	1.000000	2.943083
15.000000	4.000000	4.000000	448.000000	145.000000	3.000000	440.045353	149.074126	1.000000	3.591021
15.000000	5.000000	5.000000	349.000000	136.000000	2.000000	341.528158	139.480115	1.000000	4.230210
15.000000	6.000000	6.000000	285.000000	238.000000	12.000000	290.041060	242.590592	1.000000	5.367090
15.000000	7.000000	7.000000	217.000000	228.000000	11.000000	203.537309	227.563319	1.000000	5.847764
15.000000	8.000000	8.000000	227.000000	393.000000	21.000000	214.384917	395.792561	2.000000	6.694978
15.000000	9.000000	9.000000	225.000000	441.000000	31.000000	218.054628	457.680982	1.000000	7.399455
15.000000	10.000000	10.000000	218.000000	531.000000	41.000000	216.290757	546.819914	1.000000	8.126431
15.000000	11.000000	11.000000	184.000000	676.000000	51.000000	186.455036	678.395788	1.000000	8.814904
15.000000	12.000000	12.000000	332.000000	696.000000	52.000000	330.578075	697.815602	1.000000	10.270095
15.000000	13.000000	13.000000	421.000000	785.000000	63.000000	429.368284	789.163252	1.000000	11.015342
15.000000	14.000000	14.000000	543.000000	877.000000	74.000000	542.942718	880.825033	1.000000	11.631450
15.000000	15.000000	15.000000	549.000000	779.000000	64.000000	548.950827	781.062714	2.000000	12.183048
15.000000	16.000000	16.000000	549.000000	683.000000	54.000000	539.694139	691.251337	2.000000	12.775130
15.000000	17.000000	17.000000	663.000000	901.000000	75.000000	664.447713	902.645171	1.000000	13.390223
15.000000	18.000000	18.000000	766.000000	903.000000	76.000000	761.416961	913.282268	1.000000	14.006952
15.000000	19.000000	19.000000	743.000000	691.000000	56.000000	742.667442	698.147749	1.000000	14.767672
15.000000	20.000000	20.000000	750.000000	618.000000	46.000000	745.307152	612.056020	2.000000	15.294121
15.000000	21.000000	21.000000	623.000000	701.000000	55.000000	627.265773	711.022074	2.000000	16.008314
15.000000	22.000000	22.000000	632.000000	560.000000	45.000000	632.072787	580.751527	2.000000	16.559451
15.000000	23.000000	23.000000	621.000000	482.000000	35.000000	620.909170	484.105723	2.000000	17.166763
15.000000	24.000000	24.000000	874.000000	652.000000	57.000000	877.234641	649.546428	2.000000	17.878624
15.000000	25.000000	25.000000	408.000000	479.000000	33.000000	414.368314	480.266793	2.000000	18.992207
15.000000	26.000000	26.000000	894.000000	563.000000	47.000000	887.638142	562.179248	1.000000	19.727599
15.000000	27.000000	27.000000	1012.000000	711.000000	58.000000	999.188286	711.433772	1.000000	20.559709
15.000000	28.000000	28.000000	993.000000	757.000000	68.000000	980.758805	770.591212	2.000000	21.167043
15.000000	29.000000	29.000000	1060.000000	790.000000	69.000000	1065.730511	807.717559	2.000000	21.758247
15.000000	30.000000	30.000000	1173.000000	781.000000	70.000000	1172.673045	796.017213	2.000000	22.344184
15.000000	31.000000	31.000000	1176.000000	902.000000	80.000000	1170.885202	915.455005	2.000000	23.150236
15.000000	32.000000	32.000000	1196.000000	584.000000	50.000000	1202.039250	584.553673	2.000000	24.262318
15.000000	33.000000	33.000000	1081.000000	294.000000	19.000000	1086.224982	290.798670	1.000000	25.382286
15.000000	34.000000	34.000000	955.000000	243.000000	18.000000	969.731862	242.471647	2.000000	26.135747
15.000000	35.000000	35.000000	858.000000	234.000000	17.000000	840.200076	230.981546	2.000000	26.670755
15.000000	36.000000	36.000000	995.000000	373.000000	28.000000	990.177412	376.238740	2.000000	27.359693
15.000000	37.000000	37.000000	748.000000	377.000000	26.000000	744.447424	389.173702	2.000000	27.904290
15.000000	38.000000	38.000000	862.000000	474.000000	37.000000	854.854557	468.643985	2.000000	28.631293
15.000000	39.000000	39.000000	1203.000000	223.000000	20.000000	1203.800189	225.522398	1.000000	29.814591
15.000000	40.000000	40.000000	676.000000	242.000000	15.000000	664.836898	244.975437	2.000000	33.599517
16.000000	1.000000	1.000000	637.000000	360.000000	25.000000	648.419087	356.291224	1.000000	1.465473
16.000000	2.000000	2.000000	730.000000	424.000000	36.000000	733.585386	438.943936	1.000000	2.207747
16.000000	3.000000	3.000000	770.000000	568.000000	46.000000	766.733855	566.685364	1.000000	2.904988
16.000000	4.000000	4.000000	746.000000	699.000000	56.000000	745.966863	691.513590	1.000000	3.632548
16.000000	5.000000	5.000000	742.000000	811.000000	66.000000	741.470520	814.786641	1.000000	4.345198
16.000000	6.000000	6.000000	441.000000	813.000000	63.000000	437.672564	814.011552	1.000000	5.264185
16.000000	7.000000	7.000000	421.000000	587.000000	43.000000	423.993809	587.401798	1.000000	6.145398
16.000000	8.000000	8.000000	303.000000	554.000000	42.000000	316.695887	554.790433	1.000000	6.656719
16.000000	9.000000	9.000000	436.000000	381.000000	23.000000	431.521438	387.118482	1.000000	7.400681
16.000000	10.000000	10.000000	325.000000	473.000000	32.000000	327.607800	487.280098	2.000000	8.104066
16.000000	11.000000	11.000000	207.000000	475.000000	31.000000	206.418423	489.722014	2.000000	8.639882
16.000000	12.000000	12.000000	280.000000	337.000000	22.000000	297.322185	334.587069	1.000000	9.256913
16.000000	13.000000	13.000000	195.000000	241.000000	11.000000	206.327638	239.574306	2.000000	10.159426
16.000000	14.000000	14.000000	188.000000	161.000000	1.000000	180.553860	170.418294	1.000000	10.768069
16.000000	15.000000	15.000000	202.000000	815.000000	61.000000	198.584841	816.283156	2.000000	12.567349
16.000000	16.000000	16.000000	969.000000	781.000000	68.000000	983.689884	773.832405	1.000000	16.552566
16.000000	17.000000	17.000000	1166.000000	780.000000	70.000000	1184.244761	785.611892	1.000000	17.423506
16.000000	18.000000	18.000000	1098.000000	596.000000	49.000000	1099.616489	601.944089	1.000000	18.328641
16.000000	19.000000	0.000000	990.000000	429.000000	38.000000	967.130384	440.710810	1.000000	19.241717
16.000000	20.000000	19.000000	963.000000	436.000000	38.000000	967.130384	440.710810	1.000000	19.777481
16.000000	21.000000	20.000000	1101.000000	373.000000	29.000000	1100.501164	379.153736	1.000000	20.369188
16.000000	22.000000	21.000000	987.000000	355.000000	28.000000	981.754043	347.620050	1.000000	21.063652
16.000000	23.000000	22.000000	903.000000	336.000000	27.000000	888.720121	345.799910	1.000000	22.463421
16.000000	24.000000	23.000000	885.000000	267.000000	17.000000	881.407458	282.196747	2.000000	23.200185
16.000000	25.000000	24.000000	962.000000	232.000000	18.000000	965.417836	240.144368	2.000000	23.904443
16.000000	26.000000	25.000000	1094.000000	242.000000	19.000000	1100.152399	251.334537	2.000000	24.600431
16.000000	27.000000	26.000000	955.000000	152.000000	8.000000	960.411354	155.964235	1.000000	25.232902
16.000000	28.000000	27.000000	882.000000	161.000000	7.000000	874.493976	172.886038	1.000000	25.703804
16.000000	29.000000	28.000000	1202.000000	166.000000	10.000000	1191.944370	178.033486	2.000000	26.567830
16.000000	30.000000	29.000000	1174.000000	354.000000	30.000000	1174.578543	372.838491	2.000000	27.447996
16.000000	31.000000	30.000000	1229.000000	537.000000	50.000000	1220.633456	548.908490	2.000000	28.167562
16.000000	32.000000	31.000000	1216.000000	635.000000	60.000000	1214.968195	656.941179	2.000000	29.056459
16.000000	33.000000	32.000000	1001.000000	572.000000	48.000000	999.517381	578.359352	2.000000	29.887988
16.000000	34.000000	33.000000	969.000000	696.000000	58.000000	968.091596	703.978953	2.000000	30.537321
16.000000	35.000000	34.000000	872.000000	655.000000	57.000000	861.994886	660.057179	2.000000	31.031496
16.000000	36.000000	35.000000	638.000000	470.000000	35.000000	636.308659	477.139309	2.000000	32.225616
16.000000	37.000000	36.000000	541.000000	471.000000	34.000000	537.365070	483.450255	2.000000	32.783752
16.000000	38.000000	37.000000	517.000000	814.000000	64.000000	515.887359	818.326520	2.000000	33.609313
16.000000	39.000000	38.000000	392.000000	870.000000	73.000000	398.354699	879.334290	2.000000	34.193469
16.000000	40.000000	39.000000	310.000000	753.000000	62.000000	308.673344	755.139880	2.000000	34.689039
16.000000	41.000000	40.000000	413.000000	140.000000	3.000000	400.884689	140.721413	2.000000	37.040441
17.000000	1.000000	1.000000	295.000000	247.000000	12.000000	295.351144	245.186789	1.000000	1.791557
17.000000	2.000000	2.000000	231.000000	130.000000	1.000000	216.944597	137.565923	1.000000	4.071267
17.000000	3.000000	3.000000	218.000000	221.000000	11.000000	210.626724	229.795820	2.000000	4.719212
17.000000	4.000000	4.000000	205.000000	365.000000	21.000000	202.815385	373.682971	1.000000	5.399508
17.000000	5.000000	5.000000	180.000000	568.000000	41.000000	180.141708	581.660543	1.000000	6.278757
17.000000	6.000000	6.000000	215.000000	694.000000	51.000000	216.040197	693.627891	2.000000	6.968263
17.000000	7.000000	7.000000	176.000000	880.000000	71.000000	178.245682	898.083156	2.000000	7.910686
17.000000	8.000000	8.000000	306.000000	874.000000	72.000000	315.978384	878.291681	2.000000	8.542324
17.000000	9.000000	9.000000	303.000000	761.000000	62.000000	292.617472	772.742320	1.000000	9.078081
17.000000	10.000000	10.000000	304.000000	649.000000	52.000000	301.590353	662.380847	1.000000	9.608151
17.000000	11.000000	11.000000	324.000000	474.000000	32.000000	328.442094	492.191728	1.000000	10.414169
17.000000	12.000000	12.000000	415.000000	467.000000	33.000000	418.360861	464.341923	1.000000	10.919728
17.000000	13.000000	13.000000	401.000000	404.000000	23.000000	397.592029	395.033294	2.000000	11.496073
17.000000	14.000000	14.000000	543.000000	159.000000	4.000000	541.245916	163.169905	2.000000	14.927994
17.000000	15.000000	15.000000	565.000000	260.000000	14.000000	560.001611	266.032024	1.000000	15.560214
17.000000	16.000000	16.000000	658.000000	232.000000	15.000000	663.948530	238.166202	2.000000	16.295204
17.000000	17.000000	17.000000	654.000000	161.000000	5.000000	657.490876	163.812540	2.000000	16.791557
17.000000	18.000000	18.000000	739.000000	368.000000	26.000000	740.509854	370.919513	1.000000	17.454947
17.000000	19.000000	19.000000	735.000000	545.000000	46.000000	732.185968	561.589627	1.000000	18.494979
17.000000	20.000000	20.000000	674.000000	572.000000	45.000000	671.439009	580.880613	2.000000	19.176086
17.000000	21.000000	21.000000	667.000000	681.000000	55.000000	663.182289	688.777224	1.000000	19.799482
17.000000	22.000000	22.000000	633.000000	772.000000	65.000000	631.236535	780.150438	2.000000	21.221965
17.000000	23.000000	23.000000	542.000000	906.000000	74.000000	532.683371	907.880986	1.000000	22.815064
17.000000	24.000000	24.000000	744.000000	900.000000	76.000000	762.119899	902.300409	1.000000	23.423317
17.000000	25.000000	25.000000	888.000000	795.000000	67.000000	887.424731	796.842631	1.000000	24.104181
17.000000	26.000000	26.000000	1082.000000	887.000000	79.000000	1075.053229	890.349745	1.000000	24.830118
17.000000	27.000000	27.000000	1069.000000	798.000000	69.000000	1072.369747	790.450322	1.000000	25.350747
17.000000	28.000000	28.000000	1061.000000	443.000000	39.000000	1064.176603	448.571065	1.000000	26.574454
17.000000	29.000000	29.000000	894.000000	246.000000	17.000000	892.289717	239.570646	1.000000	27.430647
17.000000	30.000000	30.000000	969.000000	127.000000	8.000000	964.577888	148.108877	1.000000	28.247596
17.000000	31.000000	31.000000	959.000000	284.000000	18.000000	955.995763	280.618420	2.000000	29.046728
17.000000	32.000000	32.000000	1199.000000	122.000000	10.000000	1192.121233	127.004775	2.000000	30.511456
17.000000	33.000000	33.000000	762.000000	120.000000	6.000000	767.712351	127.691025	2.000000	31.767083
17.000000	34.000000	34.000000	969.000000	560.000000	48.000000	963.305362	555.682408	2.000000	33.574786
17.000000	35.000000	35.000000	895.000000	598.000000	47.000000	883.949535	609.212274	2.000000	34.326405
17.000000	36.000000	36.000000	1186.000000	665.000000	60.000000	1184.949233	678.772809	2.000000	35.167798
17.000000	37.000000	37.000000	634.000000	506.000000	35.000000	622.903081	506.576746	2.000000	36.511888
17.000000	38.000000	38.000000	511.000000	489.000000	34.000000	517.774984	483.992379	2.000000	37.264143
17.000000	39.000000	39.000000	961.000000	941.000000	78.000000	958.774458	931.603093	2.000000	41.398007
17.000000	40.000000	40.000000	1206.000000	902.000000	80.000000	1194.221191	904.331405	2.000000	42.087054
18.000000	1.000000	1.000000	627.000000	448.000000	35.000000	629.244327	440.425966	1.000000	1.888637
18.000000	2.000000	2.000000	545.000000	471.000000	34.000000	542.215355	480.931978	1.000000	2.376212
18.000000	3.000000	3.000000	659.000000	173.000000	5.000000	662.526020	165.903625	1.000000	3.368646
18.000000	4.000000	4.000000	765.000000	171.000000	6.000000	768.933188	181.302791	2.000000	4.073215
18.000000	5.000000	5.000000	552.000000	168.000000	4.000000	550.870689	168.341180	2.000000	4.639337
18.000000	6.000000	6.000000	234.000000	264.000000	11.000000	232.340969	274.257381	1.000000	6.023820
18.000000	7.000000	7.000000	304.000000	363.000000	22.000000	311.232858	366.510077	1.000000	6.560322
18.000000	8.000000	8.000000	413.000000	359.000000	23.000000	413.879237	360.604603	1.000000	7.000093
18.000000	9.000000	9.000000	286.000000	461.000000	32.000000	287.934560	457.419055	1.000000	7.784483
18.000000	10.000000	10.000000	389.000000	293.000000	13.000000	402.518639	290.149786	2.000000	8.417120
18.000000	11.000000	11.000000	296.000000	162.000000	2.000000	305.499345	173.360158	2.000000	9.432955
18.000000	12.000000	12.000000	414.000000	455.000000	33.000000	415.508446	468.255361	2.000000	10.263664
18.000000	13.000000	13.000000	207.000000	483.000000	31.000000	218.510884	495.600921	2.000000	11.127299
18.000000	14.000000	14.000000	196.000000	676.000000	51.000000	196.847901	670.757451	1.000000	12.487434
18.000000	15.000000	15.000000	410.000000	869.000000	73.000000	407.116824	867.829566	1.000000	14.049318
18.000000	16.000000	16.000000	533.000000	882.000000	74.000000	536.905372	890.040398	1.000000	14.711456
18.000000	17.000000	17.000000	536.000000	763.000000	64.000000	531.271057	763.166781	1.000000	15.383430
18.000000	18.000000	18.000000	784.000000	673.000000	56.000000	777.505794	665.286894	1.000000	16.144767
18.000000	19.000000	19.000000	863.000000	683.000000	57.000000	865.058233	679.013770	1.000000	16.648568
18.000000	20.000000	20.000000	852.000000	493.000000	37.000000	849.740779	495.419157	1.000000	17.280872
18.000000	21.000000	21.000000	967.000000	377.000000	28.000000	968.257431	380.496971	1.000000	17.943310
18.000000	22.000000	22.000000	1105.000000	570.000000	49.000000	1103.739677	575.627070	1.000000	18.801028
18.000000	23.000000	23.000000	1168.000000	365.000000	30.000000	1168.374144	353.042310	1.000000	19.495669
18.000000	24.000000	24.000000	1181.000000	284.000000	20.000000	1179.875293	284.402824	1.000000	20.087337
18.000000	25.000000	25.000000	1193.000000	765.000000	70.000000	1188.614790	776.281799	1.000000	20.967767
18.000000	26.000000	26.000000	1214.000000	923.000000	80.000000	1216.512877	920.966169	1.000000	21.616174
18.000000	27.000000	27.000000	1097.000000	356.000000	29.000000	1095.553057	356.907584	2.000000	24.081289
18.000000	28.000000	28.000000	975.000000	491.000000	38.000000	968.189653	497.281665	2.000000	24.896224
18.000000	29.000000	29.000000	1094.000000	685.000000	59.000000	1085.907426	678.841438	2.000000	25.735218
18.000000	30.000000	30.000000	865.000000	405.000000	27.000000	863.188730	394.825281	2.000000	26.535389
18.000000	31.000000	31.000000	845.000000	535.000000	47.000000	847.882471	552.068359	2.000000	27.376353
18.000000	32.000000	32.000000	864.000000	882.000000	77.000000	870.338080	879.900333	2.000000	29.975929
18.000000	33.000000	33.000000	795.000000	908.000000	76.000000	779.967874	912.775107	2.000000	30.511818
18.000000	34.000000	34.000000	650.000000	908.000000	75.000000	660.251565	898.029488	2.000000	31.143385
18.000000	35.000000	35.000000	645.000000	810.000000	65.000000	632.193604	801.062600	2.000000	31.703140
18.000000	36.000000	36.000000	411.000000	762.000000	63.000000	419.146584	770.323570	2.000000	32.632122
18.000000	37.000000	37.000000	305.000000	885.000000	72.000000	299.753708	896.765639	2.000000	33.247575
18.000000	38.000000	38.000000	232.000000	927.000000	71.000000	228.924664	930.591528	2.000000	33.760559
18.000000	39.000000	39.000000	448.000000	592.000000	43.000000	431.793959	604.350109	2.000000	34.568918
18.000000	40.000000	40.000000	518.000000	577.000000	44.000000	511.521922	569.940577	2.000000	35.041195
19.000000	1.000000	1.000000	429.000000	453.000000	33.000000	426.143094	454.429103	1.000000	1.982361
19.000000	2.000000	2.000000	552.000000	396.000000	24.000000	551.336080	388.449130	1.000000	2.574126
19.000000	3.000000	3.000000	638.000000	378.000000	25.000000	638.575052	370.889151	1.000000	3.309684
19.000000	4.000000	4.000000	623.000000	695.000000	55.000000	625.252102	703.772401	1.000000	4.733948
19.000000	5.000000	5.000000	659.000000	799.000000	65.000000	665.036225	812.002323	1.000000	5.502199
19.000000	6.000000	6.000000	653.000000	896.000000	75.000000	654.341495	915.853612	1.000000	6.349780
19.000000	7.000000	7.000000	503.000000	907.000000	74.000000	509.313071	920.939203	1.000000	7.111209
19.000000	8.000000	8.000000	771.000000	883.000000	76.000000	766.597526	883.003606	1.000000	7.847719
19.000000	9.000000	9.000000	849.000000	757.000000	67.000000	864.759467	764.864352	1.000000	8.551635
19.000000	10.000000	10.000000	986.000000	869.000000	78.000000	990.012652	887.744742	1.000000	9.413399
19.000000	11.000000	11.000000	1086.000000	613.000000	49.000000	1086.878755	609.127149	1.000000	10.213977
19.000000	12.000000	12.000000	997.000000	792.000000	68.000000	996.394234	781.590661	2.000000	10.973592
19.000000	13.000000	13.000000	1052.000000	911.000000	79.000000	1057.593463	912.667939	2.000000	11.517735
19.000000	14.000000	14.000000	1170.000000	863.000000	80.000000	1175.052197	865.232891	2.000000	12.078047
19.000000	15.000000	15.000000	761.000000	818.000000	66.000000	753.833543	807.286275	2.000000	12.983013
19.000000	16.000000	16.000000	863.000000	686.000000	57.000000	862.207442	684.587650	2.000000	13.781880
19.000000	17.000000	17.000000	740.000000	665.000000	56.000000	756.292822	659.848302	2.000000	14.573801
19.000000	18.000000	18.000000	846.000000	602.000000	47.000000	854.421755	595.939774	2.000000	15.214893
19.000000	19.000000	19.000000	875.000000	482.000000	37.000000	881.120540	476.049824	1.000000	15.902635
19.000000	20.000000	20.000000	1115.000000	480.000000	39.000000	1107.980114	475.732026	1.000000	16.766820
19.000000	21.000000	21.000000	1223.000000	553.000000	50.000000	1215.906934	555.856175	2.000000	17.421936
19.000000	22.000000	22.000000	1225.000000	337.000000	30.000000	1215.429939	343.724511	2.000000	18.423723
19.000000	23.000000	23.000000	1180.000000	271.000000	20.000000	1177.214969	265.693851	1.000000	19.167127
19.000000	24.000000	24.000000	907.000000	362.000000	27.000000	885.318617	359.317030	1.000000	20.078034
19.000000	25.000000	25.000000	967.000000	238.000000	18.000000	958.636648	253.605600	1.000000	20.981692
19.000000	26.000000	26.000000	993.000000	189.000000	8.000000	996.409344	182.425304	2.000000	21.719166
19.000000	27.000000	27.000000	762.000000	147.000000	6.000000	753.299469	158.855752	1.000000	23.334569
19.000000	28.000000	28.000000	216.000000	240.000000	11.000000	204.214267	250.233369	1.000000	24.437546
19.000000	29.000000	29.000000	211.000000	346.000000	21.000000	211.371775	353.941850	1.000000	25.190674
19.000000	30.000000	30.000000	209.000000	551.000000	41.000000	212.959191	567.067822	1.000000	26.495714
19.000000	31.000000	31.000000	320.000000	919.000000	72.000000	327.757299	928.920992	2.000000	27.934352
19.000000	32.000000	32.000000	532.000000	799.000000	64.000000	532.851386	801.282462	2.000000	28.798856
19.000000	33.000000	33.000000	457.000000	667.000000	53.000000	437.353316	659.186512	2.000000	29.310999
19.000000	34.000000	34.000000	301.000000	431.000000	32.000000	305.429099	439.305741	2.000000	30.253791
19.000000	35.000000	35.000000	335.000000	366.000000	22.000000	339.032404	361.093925	2.000000	30.934209
19.000000	36.000000	36.000000	432.000000	347.000000	23.000000	425.606248	339.641306	2.000000	31.549588
19.000000	37.000000	37.000000	421.000000	173.000000	3.000000	415.873528	186.833308	2.000000	32.583304
19.000000	38.000000	38.000000	630.000000	162.000000	5.000000	627.196268	169.311058	2.000000	33.246481
19.000000	39.000000	39.000000	206.000000	135.000000	1.000000	189.803635	139.467745	2.000000	34.677585
19.000000	40.000000	40.000000	745.000000	229.000000	16.000000	742.449879	226.414367	2.000000	36.270986
20.000000	1.000000	1.000000	442.000000	180.000000	3.000000	444.186872	182.571241	1.000000	2.169143
20.000000	2.000000	2.000000	513.000000	244.000000	14.000000	513.982454	257.898457	1.000000	2.817491
20.000000	3.000000	3.000000	541.000000	338.000000	24.000000	542.046680	355.335221	1.000000	3.577606
20.000000	4.000000	4.000000	537.000000	114.000000	4.000000	525.925185	127.555827	2.000000	4.112807
20.000000	5.000000	5.000000	419.000000	249.000000	13.000000	422.012565	261.110809	2.000000	4.818053
20.000000	6.000000	6.000000	216.000000	126.000000	1.000000	210.665876	130.607830	1.000000	6.633558
20.000000	7.000000	7.000000	238.000000	364.000000	21.000000	227.812634	381.777110	2.000000	7.441091
20.000000	8.000000	8.000000	187.000000	456.000000	31.000000	187.311724	455.543470	1.000000	7.993754
20.000000	9.000000	9.000000	334.000000	470.000000	32.000000	325.522271	483.296793	1.000000	8.577168
20.000000	10.000000	10.000000	413.000000	472.000000	33.000000	404.480309	478.156692	1.000000	9.066475
20.000000	11.000000	11.000000	303.000000	601.000000	42.000000	288.398194	598.511428	1.000000	9.792508
20.000000	12.000000	12.000000	209.000000	601.000000	41.000000	211.120298	609.469801	2.000000	10.378298
20.000000	13.000000	13.000000	338.000000	689.000000	52.000000	335.638920	684.251749	1.000000	11.568623
20.000000	14.000000	14.000000	215.000000	816.000000	61.000000	206.906454	814.922672	1.000000	12.681511
20.000000	15.000000	15.000000	637.000000	816.000000	65.000000	640.235181	822.230060	1.000000	13.978545
20.000000	16.000000	16.000000	759.000000	793.000000	66.000000	752.965176	801.975868	1.000000	14.616651
20.000000	17.000000	17.000000	766.000000	920.000000	76.000000	765.042308	926.301453	1.000000	15.289543
20.000000	18.000000	18.000000	845.000000	864.000000	77.000000	843.017346	863.198925	2.000000	15.761776
20.000000	19.000000	19.000000	524.000000	783.000000	64.000000	521.772238	784.416662	2.000000	16.458671
20.000000	20.000000	20.000000	406.000000	896.000000	73.000000	410.848939	896.099371	2.000000	17.088820
20.000000	21.000000	21.000000	333.000000	902.000000	72.000000	315.332035	904.715092	2.000000	17.506640
20.000000	22.000000	22.000000	875.000000	768.000000	67.000000	886.211601	773.890566	1.000000	18.697695
20.000000	23.000000	23.000000	999.000000	758.000000	68.000000	990.270029	756.505215	1.000000	19.232797
20.000000	24.000000	24.000000	1177.000000	867.000000	80.000000	1177.537460	871.961386	1.000000	20.186633
20.000000	25.000000	25.000000	1221.000000	800.000000	70.000000	1205.919432	807.823087	1.000000	20.698129
20.000000	26.000000	26.000000	1064.000000	807.000000	69.000000	1060.599849	797.924594	2.000000	21.506546
20.000000	27.000000	27.000000	1076.000000	847.000000	79.000000	1074.667879	865.557408	2.000000	22.186401
20.000000	28.000000	28.000000	852.000000	677.000000	57.000000	864.665564	681.578266	2.000000	22.874474
20.000000	29.000000	29.000000	1085.000000	555.000000	49.000000	1081.093442	554.862548	2.000000	24.800971
20.000000	30.000000	30.000000	976.000000	499.000000	38.000000	970.304475	488.299165	2.000000	25.569791
20.000000	31.000000	31.000000	978.000000	379.000000	28.000000	975.758409	382.282060	2.000000	26.337383
20.000000	32.000000	32.000000	1076.000000	378.000000	29.000000	1062.497978	389.868729	1.000000	27.122840
20.000000	33.000000	33.000000	1212.000000	268.000000	20.000000	1217.583941	259.164541	2.000000	28.474311
20.000000	34.000000	34.000000	1201.000000	159.000000	10.000000	1199.385349	178.811092	2.000000	29.248666
20.000000	35.000000	35.000000	1092.000000	112.000000	9.000000	1079.976956	117.853528	1.000000	29.850397
20.000000	36.000000	36.000000	843.000000	225.000000	17.000000	845.341529	236.376084	1.000000	30.497298
20.000000	37.000000	37.000000	780.000000	476.000000	36.000000	758.774782	475.481648	2.000000	32.040567
20.000000	38.000000	38.000000	755.000000	576.000000	46.000000	746.996970	589.966501	2.000000	32.889101
20.000000	39.000000	39.000000	650.000000	595.000000	45.000000	645.392130	612.548088	2.000000	33.746164
20.000000	40.000000	40.000000	520.000000	572.000000	44.000000	519.983134	566.816225	2.000000	34.386008
21.000000	1.000000	1.000000	627.000000	505.000000	35.000000	633.954960	506.598588	1.000000	1.367200
21.000000	2.000000	2.000000	661.000000	580.000000	45.000000	671.242252	594.740746	1.000000	1.991893
21.000000	3.000000	3.000000	502.000000	593.000000	44.000000	509.306238	606.888162	1.000000	2.494089
21.000000	4.000000	4.000000	341.000000	189.000000	2.000000	330.317021	186.838665	1.000000	3.526254
21.000000	5.000000	5.000000	290.000000	251.000000	12.000000	302.231952	245.341759	1.000000	4.183583
21.000000	6.000000	6.000000	231.000000	168.000000	1.000000	231.912814	173.218390	1.000000	5.510521
21.000000	7.000000	7.000000	410.000000	264.000000	13.000000	414.358269	274.441514	2.000000	6.231727
21.000000	8.000000	8.000000	199.000000	487.000000	31.000000	195.055642	491.692006	1.000000	7.078235
21.000000	9.000000	9.000000	215.000000	592.000000	41.000000	211.850625	603.222548	1.000000	7.768088
21.000000	10.000000	10.000000	287.000000	595.000000	42.000000	294.902790	606.096899	1.000000	8.270688
21.000000	11.000000	11.000000	320.000000	670.000000	52.000000	329.104089	674.383174	2.000000	8.791398
21.000000	12.000000	12.000000	323.000000	737.000000	62.000000	316.661440	758.037112	2.000000	9.504030
21.000000	13.000000	13.000000	444.000000	691.000000	53.000000	440.289940	697.659370	2.000000	10.319776
21.000000	14.000000	14.000000	209.000000	787.000000	61.000000	199.129124	790.179506	2.000000	11.016089
21.000000	15.000000	15.000000	524.000000	773.000000	64.000000	534.886945	769.109103	2.000000	12.038712
21.000000	16.000000	16.000000	644.000000	896.000000	75.000000	634.760769	902.766284	1.000000	13.799644
21.000000	17.000000	17.000000	846.000000	894.000000	77.000000	868.433170	895.256158	1.000000	14.463526
21.000000	18.000000	18.000000	1081.000000	902.000000	79.000000	1088.460260	887.604701	1.000000	15.205873
21.000000	19.000000	19.000000	950.000000	925.000000	78.000000	953.731953	917.212327	2.000000	15.958415
21.000000	20.000000	20.000000	794.000000	890.000000	76.000000	777.657675	882.035822	2.000000	16.686092
21.000000	21.000000	21.000000	887.000000	800.000000	67.000000	888.640089	806.821928	2.000000	17.184129
21.000000	22.000000	22.000000	955.000000	791.000000	68.000000	960.086060	785.772593	2.000000	17.687267
21.000000	23.000000	23.000000	751.000000	722.000000	56.000000	750.218737	718.944235	2.000000	18.663327
21.000000	24.000000	24.000000	1114.000000	776.000000	69.000000	1108.921576	784.579844	2.000000	19.519321
21.000000	25.000000	25.000000	1074.000000	690.000000	59.000000	1070.769720	704.081465	1.000000	20.256077
21.000000	26.000000	26.000000	1220.000000	807.000000	70.000000	1215.567009	821.312438	1.000000	21.021932
21.000000	27.000000	27.000000	1210.000000	469.000000	40.000000	1211.973638	474.800921	1.000000	21.975087
21.000000	28.000000	28.000000	1003.000000	455.000000	38.000000	992.714976	449.214901	1.000000	22.557854
21.000000	29.000000	29.000000	774.000000	226.000000	16.000000	778.940160	230.141059	1.000000	23.479668
21.000000	30.000000	30.000000	878.000000	113.000000	7.000000	882.238291	123.611043	1.000000	24.230602
21.000000	31.000000	31.000000	974.000000	145.000000	8.000000	967.948634	149.714203	2.000000	25.327654
21.000000	32.000000	32.000000	1086.000000	265.000000	19.000000	1081.615151	268.801392	2.000000	25.934085
21.000000	33.000000	33.000000	1203.000000	366.000000	30.000000	1199.210214	372.953504	2.000000	26.678655
21.000000	34.000000	34.000000	1117.000000	508.000000	39.000000	1109.570915	496.547458	2.000000	27.446783
21.000000	35.000000	35.000000	631.000000	217.000000	15.000000	629.127114	226.408781	2.000000	28.821737
21.000000	36.000000	36.000000	734.000000	177.000000	6.000000	739.614184	187.556780	2.000000	29.423824
21.000000	37.000000	37.000000	635.000000	108.000000	5.000000	639.198677	119.647323	2.000000	30.158599
21.000000	38.000000	38.000000	555.000000	437.000000	34.000000	554.068213	438.715096	2.000000	31.086853
21.000000	39.000000	39.000000	855.000000	546.000000	47.000000	863.155918	561.009432	1.000000	32.991901
21.000000	40.000000	40.000000	534.000000	671.000000	54.000000	521.574808	686.940361	1.000000	40.967212
