MultiTargForag_2	Participant_Code = 21
Search_Type = 1	CB_Targets = 2
Trial	Click_Num	Target_Click_Order	Click_X	Click_y	Item_selected	Item_X	Item_Y	Target_Set	RT
1.000000	1.000000	1.000000	592.000000	490.000000	34.000000	585.390948	493.895071	1.000000	3.253768
1.000000	2.000000	2.000000	462.000000	451.000000	23.000000	466.537624	443.392763	2.000000	4.683212
1.000000	3.000000	3.000000	474.000000	490.000000	33.000000	479.447431	504.115026	1.000000	5.875784
1.000000	4.000000	4.000000	331.000000	449.000000	22.000000	323.906055	451.962275	1.000000	6.883893
1.000000	5.000000	5.000000	235.000000	429.000000	21.000000	245.188490	432.111247	1.000000	7.628291
1.000000	6.000000	6.000000	338.000000	177.000000	2.000000	339.396327	172.010835	1.000000	9.372390
1.000000	7.000000	7.000000	597.000000	187.000000	4.000000	610.385881	193.695770	1.000000	10.843628
1.000000	8.000000	8.000000	739.000000	141.000000	5.000000	754.336718	141.683393	1.000000	11.626402
1.000000	9.000000	0.000000	772.000000	230.000000	15.000000	769.257380	256.210007	1.000000	12.338579
1.000000	10.000000	9.000000	759.000000	259.000000	15.000000	769.257380	256.210007	1.000000	13.307762
1.000000	11.000000	10.000000	603.000000	365.000000	24.000000	591.688441	370.534835	2.000000	14.050571
1.000000	12.000000	11.000000	866.000000	198.000000	6.000000	854.605537	201.724610	2.000000	14.954464
1.000000	13.000000	12.000000	1024.000000	272.000000	17.000000	1003.405129	267.548376	2.000000	16.298585
1.000000	14.000000	13.000000	1270.000000	308.000000	19.000000	1258.252979	306.825712	1.000000	17.075605
1.000000	15.000000	14.000000	1419.000000	127.000000	10.000000	1399.684248	141.066647	1.000000	18.067161
1.000000	16.000000	15.000000	1233.000000	431.000000	29.000000	1220.255980	445.880707	2.000000	19.547163
1.000000	17.000000	16.000000	1220.000000	497.000000	39.000000	1227.337899	512.579359	1.000000	20.356184
1.000000	18.000000	17.000000	1147.000000	576.000000	38.000000	1131.260379	574.265653	1.000000	21.146621
1.000000	19.000000	18.000000	1146.000000	643.000000	48.000000	1144.488326	656.363405	1.000000	21.747100
1.000000	20.000000	0.000000	1041.000000	541.000000	37.000000	1030.399274	516.510130	2.000000	22.532202
1.000000	21.000000	19.000000	996.000000	456.000000	27.000000	989.563276	449.983053	2.000000	23.300573
1.000000	22.000000	20.000000	1035.000000	517.000000	37.000000	1030.399274	516.510130	2.000000	23.978289
1.000000	23.000000	21.000000	843.000000	619.000000	46.000000	832.216331	626.820976	1.000000	24.946358
1.000000	24.000000	22.000000	727.000000	651.000000	45.000000	725.564982	638.318056	2.000000	25.610785
1.000000	25.000000	23.000000	720.000000	587.000000	35.000000	720.926138	576.183012	2.000000	26.523998
1.000000	26.000000	24.000000	612.000000	618.000000	44.000000	612.800576	627.209938	2.000000	27.139498
1.000000	27.000000	25.000000	459.000000	681.000000	43.000000	451.250633	697.289379	1.000000	27.852665
1.000000	28.000000	26.000000	435.000000	789.000000	53.000000	440.527171	795.264406	2.000000	28.459609
1.000000	29.000000	27.000000	345.000000	811.000000	52.000000	344.308795	819.531606	1.000000	29.012412
1.000000	30.000000	28.000000	342.000000	885.000000	62.000000	342.901512	901.862600	1.000000	29.594660
1.000000	31.000000	29.000000	449.000000	927.000000	63.000000	458.480400	936.404185	1.000000	30.674863
1.000000	32.000000	30.000000	579.000000	910.000000	64.000000	578.415770	905.042581	1.000000	31.484625
1.000000	33.000000	31.000000	198.000000	762.000000	51.000000	190.706348	760.051167	2.000000	33.331681
1.000000	34.000000	32.000000	215.000000	1050.000000	71.000000	207.632680	1047.350528	2.000000	34.378944
1.000000	35.000000	33.000000	755.000000	873.000000	65.000000	753.072163	870.315201	2.000000	35.715851
1.000000	36.000000	34.000000	744.000000	1027.000000	75.000000	733.455914	1023.953408	2.000000	36.531157
1.000000	37.000000	35.000000	865.000000	957.000000	66.000000	872.579558	953.286843	2.000000	37.252557
1.000000	38.000000	36.000000	1018.000000	778.000000	57.000000	1028.911074	774.823619	2.000000	38.004275
1.000000	39.000000	37.000000	1126.000000	900.000000	68.000000	1113.606317	895.036996	2.000000	38.890774
1.000000	40.000000	38.000000	1265.000000	1050.000000	79.000000	1268.752769	1056.805715	1.000000	40.292212
1.000000	41.000000	39.000000	1384.000000	833.000000	60.000000	1386.141675	822.630976	2.000000	41.204362
1.000000	42.000000	40.000000	1351.000000	939.000000	70.000000	1353.159797	944.092331	2.000000	41.964529
1.000000	1.000000	1.000000	230.000000	125.000000	1.000000	232.613779	121.777437	1.000000	1.985338
1.000000	2.000000	2.000000	237.000000	251.000000	11.000000	231.827894	245.604622	2.000000	2.905148
1.000000	3.000000	3.000000	336.000000	198.000000	2.000000	343.073194	188.952787	2.000000	3.682509
1.000000	4.000000	4.000000	441.000000	175.000000	3.000000	442.228578	169.469319	1.000000	4.546036
1.000000	5.000000	5.000000	461.000000	268.000000	13.000000	463.108880	277.292946	1.000000	5.505561
1.000000	6.000000	6.000000	630.000000	185.000000	4.000000	635.663808	170.380675	2.000000	6.241352
1.000000	7.000000	7.000000	711.000000	248.000000	15.000000	710.393167	245.117170	1.000000	7.147220
1.000000	8.000000	8.000000	600.000000	311.000000	14.000000	591.122819	312.806692	2.000000	8.018014
1.000000	9.000000	9.000000	595.000000	354.000000	24.000000	591.380810	368.227948	1.000000	8.562735
1.000000	10.000000	10.000000	367.000000	532.000000	32.000000	366.565161	526.436085	1.000000	9.835237
1.000000	11.000000	11.000000	196.000000	637.000000	41.000000	204.603490	633.991831	2.000000	11.154930
1.000000	12.000000	12.000000	439.000000	671.000000	43.000000	445.883669	672.355576	1.000000	12.226546
1.000000	13.000000	13.000000	350.000000	692.000000	42.000000	341.546103	699.497113	2.000000	12.985336
1.000000	14.000000	14.000000	336.000000	872.000000	62.000000	327.096226	889.903198	2.000000	13.897856
1.000000	15.000000	15.000000	311.000000	1063.000000	72.000000	311.692312	1067.768170	1.000000	14.585651
1.000000	16.000000	16.000000	459.000000	942.000000	63.000000	463.408647	934.358636	2.000000	15.497958
1.000000	17.000000	17.000000	496.000000	842.000000	53.000000	497.006202	828.627810	2.000000	16.459221
1.000000	18.000000	18.000000	503.000000	1049.000000	73.000000	505.689934	1066.322507	1.000000	17.289841
1.000000	19.000000	19.000000	707.000000	1070.000000	75.000000	699.791228	1070.546462	1.000000	18.217722
1.000000	20.000000	20.000000	620.000000	671.000000	44.000000	615.804118	658.200353	2.000000	19.491224
1.000000	21.000000	21.000000	698.000000	673.000000	45.000000	699.239234	669.019305	2.000000	20.186946
1.000000	22.000000	22.000000	645.000000	570.000000	34.000000	642.238679	551.306772	1.000000	20.969286
1.000000	23.000000	23.000000	722.000000	534.000000	35.000000	717.737059	523.724312	2.000000	21.506238
1.000000	24.000000	24.000000	737.000000	455.000000	25.000000	737.942757	447.660078	1.000000	22.306968
1.000000	25.000000	25.000000	896.000000	379.000000	26.000000	900.406139	388.830680	1.000000	23.074456
1.000000	26.000000	26.000000	976.000000	165.000000	7.000000	976.180807	171.109750	2.000000	23.898254
1.000000	27.000000	27.000000	972.000000	276.000000	17.000000	965.022812	282.917682	2.000000	24.785479
1.000000	28.000000	28.000000	868.000000	533.000000	36.000000	862.215236	530.585785	2.000000	26.027337
1.000000	29.000000	29.000000	853.000000	682.000000	46.000000	842.898236	686.739471	1.000000	26.802541
1.000000	30.000000	30.000000	1241.000000	164.000000	9.000000	1230.897377	161.126621	1.000000	27.787339
1.000000	31.000000	31.000000	1146.000000	574.000000	38.000000	1135.136408	565.384929	1.000000	28.722580
1.000000	32.000000	32.000000	1150.000000	656.000000	48.000000	1156.120362	659.718494	1.000000	29.561897
1.000000	33.000000	33.000000	1278.000000	565.000000	39.000000	1287.069540	559.457882	1.000000	30.482210
1.000000	34.000000	34.000000	1288.000000	806.000000	59.000000	1287.001232	803.757615	1.000000	31.515081
1.000000	35.000000	35.000000	1109.000000	931.000000	68.000000	1097.188294	928.174338	2.000000	35.019450
1.000000	36.000000	36.000000	1011.000000	1027.000000	77.000000	1000.358322	1022.478501	1.000000	36.027037
1.000000	37.000000	37.000000	1110.000000	1030.000000	78.000000	1109.915010	1032.335179	2.000000	36.641098
1.000000	38.000000	38.000000	1246.000000	937.000000	69.000000	1249.257722	929.812455	2.000000	37.434209
1.000000	39.000000	39.000000	1278.000000	1034.000000	79.000000	1281.637007	1039.722142	2.000000	38.066181
1.000000	40.000000	40.000000	1405.000000	1007.000000	80.000000	1404.340900	1003.175785	2.000000	38.665371
2.000000	1.000000	1.000000	507.000000	1074.000000	73.000000	506.689290	1073.101789	1.000000	1.426413
2.000000	2.000000	2.000000	480.000000	917.000000	63.000000	472.756350	907.243404	1.000000	2.433319
2.000000	3.000000	3.000000	498.000000	825.000000	53.000000	491.433575	820.813827	1.000000	3.256363
2.000000	4.000000	4.000000	589.000000	913.000000	64.000000	591.499428	921.904511	1.000000	4.224473
2.000000	5.000000	5.000000	600.000000	1003.000000	74.000000	588.559988	997.348057	2.000000	4.786348
2.000000	6.000000	6.000000	584.000000	764.000000	54.000000	579.564610	756.422060	2.000000	5.737114
2.000000	7.000000	7.000000	700.000000	816.000000	55.000000	700.172020	828.315082	1.000000	6.458012
2.000000	8.000000	8.000000	726.000000	699.000000	45.000000	714.134207	685.992398	2.000000	7.026232
2.000000	9.000000	9.000000	573.000000	604.000000	44.000000	573.907485	619.869795	1.000000	8.025235
2.000000	10.000000	10.000000	470.000000	572.000000	33.000000	467.158626	565.136601	1.000000	8.602309
2.000000	11.000000	11.000000	456.000000	612.000000	43.000000	448.332168	620.017743	2.000000	9.369102
2.000000	12.000000	12.000000	201.000000	876.000000	61.000000	208.787767	871.539659	1.000000	10.425401
2.000000	13.000000	13.000000	249.000000	685.000000	41.000000	245.024194	686.911934	2.000000	11.344370
2.000000	14.000000	14.000000	349.000000	502.000000	32.000000	337.719401	512.345874	1.000000	12.289526
2.000000	15.000000	15.000000	432.000000	422.000000	23.000000	438.117819	410.586598	1.000000	12.817877
2.000000	16.000000	16.000000	334.000000	329.000000	12.000000	337.086858	329.362738	1.000000	13.625229
2.000000	17.000000	17.000000	252.000000	317.000000	11.000000	241.496251	311.225712	1.000000	14.385964
2.000000	18.000000	18.000000	244.000000	375.000000	21.000000	236.632243	389.334221	2.000000	14.954299
2.000000	19.000000	19.000000	471.000000	108.000000	3.000000	468.556612	119.339262	2.000000	15.937685
2.000000	20.000000	20.000000	590.000000	140.000000	4.000000	596.754874	150.747802	2.000000	16.680392
2.000000	21.000000	21.000000	630.000000	301.000000	14.000000	616.839455	302.952332	2.000000	17.682503
2.000000	22.000000	22.000000	619.000000	426.000000	24.000000	614.050860	437.381863	2.000000	18.432541
2.000000	23.000000	23.000000	722.000000	377.000000	25.000000	731.371172	370.827938	1.000000	19.057122
2.000000	24.000000	24.000000	1034.000000	278.000000	17.000000	1026.630112	280.280319	2.000000	20.370074
2.000000	25.000000	25.000000	1024.000000	388.000000	27.000000	1029.637648	396.219287	1.000000	20.993339
2.000000	26.000000	26.000000	1116.000000	405.000000	28.000000	1121.555602	412.971870	1.000000	21.704923
2.000000	27.000000	27.000000	1403.000000	272.000000	20.000000	1391.134390	269.242061	2.000000	22.744615
2.000000	28.000000	28.000000	1390.000000	395.000000	30.000000	1381.080675	409.576818	1.000000	23.362277
2.000000	29.000000	29.000000	1261.000000	562.000000	39.000000	1242.205645	573.905414	2.000000	24.025528
2.000000	30.000000	30.000000	1163.000000	683.000000	48.000000	1148.742257	682.548076	1.000000	24.682481
2.000000	31.000000	31.000000	1017.000000	761.000000	57.000000	1005.717029	761.110054	1.000000	25.352856
2.000000	32.000000	32.000000	893.000000	785.000000	56.000000	890.690955	776.005294	2.000000	26.048835
2.000000	33.000000	33.000000	1214.000000	766.000000	59.000000	1223.231371	765.339734	2.000000	27.008439
2.000000	34.000000	34.000000	1388.000000	654.000000	50.000000	1400.562904	652.447636	2.000000	27.776399
2.000000	35.000000	35.000000	1355.000000	770.000000	60.000000	1352.849449	765.611971	1.000000	28.434556
2.000000	36.000000	36.000000	1341.000000	889.000000	70.000000	1348.220462	884.630704	2.000000	29.305745
2.000000	37.000000	37.000000	1258.000000	932.000000	69.000000	1258.318963	934.615020	1.000000	29.896904
2.000000	38.000000	38.000000	1173.000000	886.000000	68.000000	1159.174877	891.121129	2.000000	30.610019
2.000000	39.000000	39.000000	1244.000000	1054.000000	79.000000	1244.104772	1039.714152	2.000000	31.858497
2.000000	40.000000	40.000000	882.000000	1039.000000	76.000000	871.868176	1047.937317	2.000000	32.913531
3.000000	1.000000	1.000000	221.000000	170.000000	1.000000	203.517505	165.068549	1.000000	2.465920
3.000000	2.000000	2.000000	197.000000	232.000000	11.000000	179.082597	249.402894	1.000000	3.266075
3.000000	3.000000	3.000000	505.000000	149.000000	3.000000	511.582549	143.434507	2.000000	4.113215
3.000000	4.000000	4.000000	511.000000	425.000000	23.000000	504.581074	423.871030	1.000000	5.106467
3.000000	5.000000	5.000000	319.000000	521.000000	32.000000	325.446738	535.142835	1.000000	5.809477
3.000000	6.000000	6.000000	251.000000	529.000000	31.000000	239.270186	540.730443	1.000000	6.338154
3.000000	7.000000	7.000000	387.000000	643.000000	42.000000	379.165040	631.758843	1.000000	7.129619
3.000000	8.000000	8.000000	464.000000	655.000000	43.000000	473.094624	661.249183	1.000000	7.457283
3.000000	9.000000	9.000000	587.000000	634.000000	44.000000	597.684540	634.517694	2.000000	8.073546
3.000000	10.000000	10.000000	612.000000	504.000000	34.000000	606.599698	506.573890	2.000000	8.665730
3.000000	11.000000	11.000000	639.000000	410.000000	24.000000	636.769679	400.845595	1.000000	9.265884
3.000000	12.000000	12.000000	777.000000	158.000000	5.000000	770.831001	171.192878	2.000000	10.153141
3.000000	13.000000	13.000000	860.000000	308.000000	16.000000	865.511138	318.839529	2.000000	10.824909
3.000000	14.000000	14.000000	872.000000	402.000000	26.000000	872.708612	413.709783	2.000000	11.464558
3.000000	15.000000	15.000000	1098.000000	126.000000	8.000000	1096.428606	117.604914	1.000000	12.249565
3.000000	16.000000	16.000000	1262.000000	112.000000	9.000000	1264.046817	118.731299	1.000000	12.993396
3.000000	17.000000	17.000000	1410.000000	137.000000	10.000000	1401.461869	145.212544	2.000000	13.592654
3.000000	18.000000	18.000000	1029.000000	278.000000	17.000000	1025.879427	272.283240	1.000000	14.456822
3.000000	19.000000	19.000000	989.000000	451.000000	27.000000	980.326592	438.722592	1.000000	15.553249
3.000000	20.000000	20.000000	1001.000000	541.000000	37.000000	989.211075	538.197222	2.000000	16.193359
3.000000	21.000000	21.000000	854.000000	682.000000	46.000000	849.005575	681.054194	2.000000	16.906433
3.000000	22.000000	22.000000	742.000000	800.000000	55.000000	730.163948	813.442019	1.000000	17.624743
3.000000	23.000000	23.000000	746.000000	907.000000	65.000000	741.782289	911.145960	2.000000	18.385717
3.000000	24.000000	24.000000	494.000000	805.000000	53.000000	491.581051	820.182466	2.000000	19.154382
3.000000	25.000000	25.000000	474.000000	902.000000	63.000000	467.286569	911.219182	2.000000	19.818504
3.000000	26.000000	26.000000	178.000000	1093.000000	71.000000	193.891692	1075.727988	2.000000	20.858250
3.000000	27.000000	27.000000	618.000000	1042.000000	74.000000	624.257173	1050.059728	2.000000	21.778036
3.000000	28.000000	28.000000	616.000000	953.000000	64.000000	621.318491	936.592672	1.000000	22.226423
3.000000	29.000000	29.000000	846.000000	899.000000	66.000000	827.875420	897.525951	1.000000	23.066446
3.000000	30.000000	30.000000	905.000000	999.000000	76.000000	896.834649	1009.663681	2.000000	23.714185
3.000000	31.000000	31.000000	1013.000000	889.000000	67.000000	998.835219	880.122279	2.000000	24.578285
3.000000	32.000000	32.000000	1097.000000	1057.000000	78.000000	1103.195353	1050.302049	1.000000	25.337557
3.000000	33.000000	33.000000	1021.000000	1078.000000	77.000000	1003.501276	1079.955035	1.000000	26.001431
3.000000	34.000000	34.000000	1158.000000	907.000000	68.000000	1155.674279	899.693385	1.000000	28.409025
3.000000	35.000000	0.000000	1146.000000	785.000000	58.000000	1143.032794	759.722888	2.000000	29.233336
3.000000	36.000000	35.000000	1151.000000	741.000000	58.000000	1143.032794	759.722888	2.000000	29.929023
3.000000	37.000000	36.000000	1278.000000	493.000000	39.000000	1272.419800	498.144326	1.000000	31.073637
3.000000	38.000000	37.000000	1357.000000	434.000000	30.000000	1367.568950	425.421496	2.000000	31.792482
3.000000	39.000000	38.000000	1373.000000	681.000000	50.000000	1372.360894	689.406886	2.000000	32.769129
3.000000	40.000000	39.000000	1376.000000	991.000000	80.000000	1382.631953	998.563051	1.000000	33.810476
3.000000	41.000000	40.000000	1278.000000	1073.000000	79.000000	1271.503154	1066.355863	2.000000	34.378060
4.000000	1.000000	1.000000	1110.000000	166.000000	8.000000	1094.139969	164.175571	1.000000	1.991521
4.000000	2.000000	2.000000	1394.000000	133.000000	10.000000	1379.043014	124.084366	1.000000	3.190668
4.000000	3.000000	3.000000	726.000000	170.000000	5.000000	712.761201	168.358595	2.000000	4.414469
4.000000	4.000000	4.000000	484.000000	149.000000	3.000000	475.682322	146.109527	1.000000	5.286525
4.000000	5.000000	5.000000	475.000000	268.000000	13.000000	479.811361	258.352221	1.000000	6.175373
4.000000	6.000000	6.000000	338.000000	307.000000	12.000000	331.747166	304.824816	2.000000	6.655552
4.000000	7.000000	7.000000	231.000000	406.000000	21.000000	229.455752	408.471876	1.000000	7.166826
4.000000	8.000000	8.000000	221.000000	498.000000	31.000000	209.084137	497.745312	1.000000	7.701919
4.000000	9.000000	9.000000	307.000000	457.000000	22.000000	311.553213	445.973555	2.000000	8.191538
4.000000	10.000000	10.000000	356.000000	524.000000	32.000000	355.810316	528.739537	2.000000	8.782747
4.000000	11.000000	11.000000	452.000000	397.000000	23.000000	457.875045	392.628257	2.000000	9.423397
4.000000	12.000000	12.000000	579.000000	462.000000	24.000000	587.208255	452.756628	2.000000	10.037629
4.000000	13.000000	13.000000	623.000000	570.000000	34.000000	619.769270	570.057463	2.000000	10.862363
4.000000	14.000000	14.000000	462.000000	646.000000	43.000000	449.757573	658.458015	1.000000	11.621683
4.000000	15.000000	15.000000	317.000000	649.000000	42.000000	308.720684	639.895777	1.000000	12.597455
4.000000	16.000000	16.000000	246.000000	1003.000000	71.000000	245.604869	998.715604	1.000000	13.566635
4.000000	17.000000	17.000000	444.000000	1005.000000	73.000000	448.236809	1011.742240	1.000000	14.333290
4.000000	18.000000	18.000000	454.000000	944.000000	63.000000	455.792595	932.557027	2.000000	14.790530
4.000000	19.000000	19.000000	631.000000	738.000000	54.000000	622.325292	743.012726	2.000000	19.167357
4.000000	20.000000	20.000000	753.000000	633.000000	45.000000	751.365092	624.790800	1.000000	19.725591
4.000000	21.000000	21.000000	739.000000	829.000000	55.000000	737.308772	824.907672	1.000000	20.550722
4.000000	22.000000	22.000000	763.000000	931.000000	65.000000	764.450051	918.830937	2.000000	21.150610
4.000000	23.000000	23.000000	743.000000	1011.000000	75.000000	738.766867	1023.571009	1.000000	21.775080
4.000000	24.000000	24.000000	874.000000	966.000000	66.000000	880.502208	953.064515	1.000000	22.341945
4.000000	25.000000	25.000000	998.000000	1072.000000	77.000000	1007.378617	1076.239825	1.000000	22.918885
4.000000	26.000000	26.000000	1151.000000	1012.000000	78.000000	1146.287177	1000.677688	1.000000	23.542358
4.000000	27.000000	27.000000	1015.000000	846.000000	57.000000	1008.278324	830.132887	1.000000	24.638830
4.000000	28.000000	28.000000	871.000000	590.000000	36.000000	875.552649	573.183747	2.000000	25.573980
4.000000	29.000000	29.000000	986.000000	397.000000	27.000000	984.716378	396.942425	2.000000	26.495152
4.000000	30.000000	30.000000	1013.000000	527.000000	37.000000	1017.944129	538.121762	1.000000	27.133740
4.000000	31.000000	31.000000	1091.000000	540.000000	38.000000	1105.741327	534.857113	2.000000	27.623045
4.000000	32.000000	32.000000	1096.000000	664.000000	48.000000	1093.104772	670.504834	2.000000	28.287131
4.000000	33.000000	33.000000	1230.000000	575.000000	39.000000	1219.161776	576.268028	2.000000	29.014247
4.000000	34.000000	34.000000	1230.000000	686.000000	49.000000	1238.360984	693.199768	2.000000	29.655164
4.000000	35.000000	35.000000	1162.000000	794.000000	58.000000	1157.967116	798.546753	1.000000	30.374116
4.000000	36.000000	36.000000	1339.000000	653.000000	50.000000	1348.204255	638.830174	2.000000	31.086377
4.000000	37.000000	37.000000	1420.000000	765.000000	60.000000	1410.268140	774.217481	1.000000	31.942351
4.000000	38.000000	38.000000	1390.000000	953.000000	70.000000	1378.005790	942.851539	2.000000	33.287168
4.000000	39.000000	39.000000	1364.000000	374.000000	30.000000	1374.888805	380.113648	2.000000	34.542724
4.000000	40.000000	40.000000	1276.000000	337.000000	19.000000	1275.868500	326.890753	2.000000	35.007396
5.000000	1.000000	1.000000	201.000000	167.000000	1.000000	189.760488	167.131596	1.000000	1.424053
5.000000	2.000000	2.000000	319.000000	151.000000	2.000000	338.894600	140.313167	1.000000	2.048852
5.000000	3.000000	3.000000	250.000000	309.000000	11.000000	242.524933	304.796430	2.000000	2.848062
5.000000	4.000000	4.000000	358.000000	289.000000	12.000000	351.511292	287.370530	2.000000	3.831655
5.000000	5.000000	5.000000	493.000000	146.000000	3.000000	493.837027	157.607242	2.000000	4.535898
5.000000	6.000000	6.000000	576.000000	140.000000	4.000000	587.047333	138.337030	1.000000	5.112216
5.000000	7.000000	7.000000	349.000000	360.000000	22.000000	344.379417	372.011719	1.000000	5.937622
5.000000	8.000000	8.000000	253.000000	524.000000	31.000000	244.253401	509.434778	1.000000	6.680921
5.000000	9.000000	9.000000	342.000000	507.000000	32.000000	343.723218	493.859988	2.000000	7.281260
5.000000	10.000000	10.000000	481.000000	575.000000	33.000000	477.305867	571.849124	2.000000	8.127654
5.000000	11.000000	11.000000	459.000000	620.000000	43.000000	455.500577	625.697804	1.000000	8.568361
5.000000	12.000000	12.000000	331.000000	708.000000	42.000000	329.874271	704.174273	2.000000	9.623778
5.000000	13.000000	13.000000	218.000000	754.000000	51.000000	219.743690	761.354042	2.000000	10.240346
5.000000	14.000000	14.000000	437.000000	777.000000	53.000000	440.247499	774.786523	1.000000	11.640193
5.000000	15.000000	15.000000	478.000000	873.000000	63.000000	465.735502	878.055301	1.000000	12.656149
5.000000	16.000000	16.000000	375.000000	1006.000000	72.000000	372.808008	994.166512	2.000000	13.456767
5.000000	17.000000	17.000000	482.000000	1042.000000	73.000000	482.782326	1045.673804	1.000000	14.032502
5.000000	18.000000	18.000000	591.000000	541.000000	34.000000	592.930820	537.816113	1.000000	15.264860
5.000000	19.000000	19.000000	710.000000	546.000000	35.000000	717.583574	543.770762	2.000000	16.001449
5.000000	20.000000	20.000000	582.000000	958.000000	64.000000	575.530558	954.089850	2.000000	17.056226
5.000000	21.000000	21.000000	707.000000	913.000000	65.000000	709.534272	906.459417	1.000000	17.808119
5.000000	22.000000	22.000000	776.000000	691.000000	45.000000	767.046149	676.264720	1.000000	18.713571
5.000000	23.000000	23.000000	856.000000	641.000000	46.000000	860.687825	636.300258	2.000000	19.345613
5.000000	24.000000	24.000000	877.000000	509.000000	36.000000	869.334930	516.086839	2.000000	20.128228
5.000000	25.000000	25.000000	901.000000	438.000000	26.000000	901.750163	424.804282	2.000000	20.704967
5.000000	26.000000	26.000000	908.000000	341.000000	16.000000	898.867301	319.709731	1.000000	21.303409
5.000000	27.000000	27.000000	873.000000	219.000000	6.000000	868.401769	207.052213	1.000000	22.105525
5.000000	28.000000	28.000000	1033.000000	409.000000	27.000000	1030.510277	416.276736	2.000000	22.777372
5.000000	29.000000	29.000000	1149.000000	279.000000	18.000000	1158.260179	276.396868	2.000000	23.561339
5.000000	30.000000	30.000000	1278.000000	313.000000	19.000000	1278.805008	312.757997	2.000000	24.409384
5.000000	31.000000	31.000000	1418.000000	270.000000	20.000000	1416.619823	255.524436	1.000000	25.295905
5.000000	32.000000	32.000000	1269.000000	431.000000	29.000000	1264.524602	422.421331	1.000000	26.041168
5.000000	33.000000	33.000000	1160.000000	588.000000	38.000000	1154.226675	578.299800	2.000000	26.728441
5.000000	34.000000	34.000000	1121.000000	662.000000	48.000000	1123.052239	657.668776	1.000000	27.328770
5.000000	35.000000	35.000000	1413.000000	628.000000	50.000000	1417.689867	624.822319	2.000000	28.104895
5.000000	36.000000	36.000000	1385.000000	769.000000	60.000000	1387.630967	773.733457	1.000000	28.735925
5.000000	37.000000	37.000000	1370.000000	887.000000	70.000000	1358.722691	889.134015	2.000000	29.641500
5.000000	38.000000	38.000000	1261.000000	1012.000000	79.000000	1250.975881	1002.400086	2.000000	30.368053
5.000000	39.000000	39.000000	1093.000000	1078.000000	78.000000	1099.631200	1069.240865	1.000000	31.272694
5.000000	40.000000	40.000000	1408.000000	1049.000000	80.000000	1405.915165	1050.330388	1.000000	32.457063
6.000000	1.000000	1.000000	169.000000	412.000000	21.000000	183.483511	413.393111	2.000000	1.571383
6.000000	2.000000	2.000000	183.000000	494.000000	31.000000	180.173001	507.488572	2.000000	2.170734
6.000000	3.000000	3.000000	324.000000	312.000000	12.000000	331.757495	313.099928	1.000000	2.970356
6.000000	4.000000	4.000000	365.000000	387.000000	22.000000	360.211008	390.578135	1.000000	3.579477
6.000000	5.000000	5.000000	564.000000	193.000000	4.000000	569.749467	182.153366	1.000000	4.386295
6.000000	6.000000	6.000000	618.000000	313.000000	14.000000	614.380238	307.983040	1.000000	5.666232
6.000000	7.000000	7.000000	614.000000	392.000000	24.000000	616.491252	388.018823	2.000000	6.259157
6.000000	8.000000	8.000000	495.000000	520.000000	33.000000	492.933429	525.285062	1.000000	7.043937
6.000000	9.000000	9.000000	361.000000	693.000000	42.000000	367.222457	680.745952	2.000000	8.066960
6.000000	10.000000	10.000000	202.000000	915.000000	61.000000	201.208367	913.740888	1.000000	9.074067
6.000000	11.000000	11.000000	335.000000	821.000000	52.000000	326.764863	826.902693	1.000000	10.098740
6.000000	12.000000	12.000000	347.000000	908.000000	62.000000	344.788326	915.678146	2.000000	10.699911
6.000000	13.000000	13.000000	246.000000	1070.000000	71.000000	248.393634	1074.557677	1.000000	11.675035
6.000000	14.000000	14.000000	459.000000	1059.000000	73.000000	467.936262	1063.282004	2.000000	12.443607
6.000000	15.000000	15.000000	623.000000	1022.000000	74.000000	622.519030	1033.680303	1.000000	13.500184
6.000000	16.000000	16.000000	594.000000	903.000000	64.000000	583.636075	900.733326	2.000000	14.242397
6.000000	17.000000	17.000000	467.000000	894.000000	63.000000	457.705774	890.950692	2.000000	14.979117
6.000000	18.000000	18.000000	504.000000	751.000000	53.000000	507.713949	752.340852	2.000000	15.570725
6.000000	19.000000	19.000000	602.000000	810.000000	54.000000	601.762013	799.768432	1.000000	16.290807
6.000000	20.000000	20.000000	761.000000	297.000000	15.000000	753.158857	302.583146	1.000000	17.442897
6.000000	21.000000	21.000000	847.000000	270.000000	16.000000	859.098691	274.568388	2.000000	18.066718
6.000000	22.000000	22.000000	985.000000	183.000000	7.000000	980.209653	202.535204	2.000000	18.978141
6.000000	23.000000	23.000000	1115.000000	180.000000	8.000000	1120.378685	192.258752	1.000000	19.650741
6.000000	24.000000	24.000000	1114.000000	245.000000	18.000000	1113.671757	258.155060	1.000000	20.226550
6.000000	25.000000	25.000000	1275.000000	164.000000	9.000000	1268.629805	159.373482	2.000000	20.803142
6.000000	26.000000	26.000000	1227.000000	297.000000	19.000000	1221.098866	292.300106	1.000000	21.482583
6.000000	27.000000	27.000000	1388.000000	269.000000	20.000000	1376.582488	274.643993	1.000000	22.403743
6.000000	28.000000	28.000000	1024.000000	437.000000	27.000000	1028.901602	426.574992	2.000000	23.538175
6.000000	29.000000	29.000000	1168.000000	421.000000	28.000000	1148.107745	429.848127	2.000000	24.339031
6.000000	30.000000	30.000000	748.000000	568.000000	35.000000	745.145652	566.453442	2.000000	25.387682
6.000000	31.000000	31.000000	1030.000000	629.000000	47.000000	1026.298207	624.095504	1.000000	26.306484
6.000000	32.000000	32.000000	1029.000000	737.000000	57.000000	1027.158797	745.393745	1.000000	26.946770
6.000000	33.000000	33.000000	1159.000000	737.000000	58.000000	1160.077488	746.583503	1.000000	27.618114
6.000000	34.000000	34.000000	1275.000000	661.000000	49.000000	1262.193045	662.709619	1.000000	28.170849
6.000000	35.000000	35.000000	1381.000000	743.000000	60.000000	1383.268692	753.172544	2.000000	29.162314
6.000000	36.000000	36.000000	1249.000000	901.000000	69.000000	1245.784329	904.665634	2.000000	30.083816
6.000000	37.000000	37.000000	1395.000000	1009.000000	80.000000	1377.938554	1011.161967	1.000000	31.482076
6.000000	38.000000	38.000000	973.000000	909.000000	67.000000	969.697807	911.012635	2.000000	32.258751
6.000000	39.000000	39.000000	848.000000	1018.000000	76.000000	857.868184	1026.969742	2.000000	33.787748
6.000000	40.000000	40.000000	756.000000	890.000000	65.000000	739.949429	883.580467	2.000000	34.730617
7.000000	1.000000	1.000000	216.000000	175.000000	1.000000	227.080027	166.501967	2.000000	2.094677
7.000000	2.000000	2.000000	337.000000	246.000000	12.000000	338.317698	245.945939	2.000000	2.815803
7.000000	3.000000	3.000000	211.000000	440.000000	21.000000	207.988894	440.337583	1.000000	3.760682
7.000000	4.000000	4.000000	338.000000	463.000000	22.000000	335.813523	456.039369	1.000000	4.511526
7.000000	5.000000	5.000000	242.000000	511.000000	31.000000	231.721516	509.770948	2.000000	5.071416
7.000000	6.000000	6.000000	195.000000	690.000000	41.000000	199.045337	699.605827	1.000000	5.680164
7.000000	7.000000	7.000000	230.000000	740.000000	51.000000	241.378180	751.546897	1.000000	6.232173
7.000000	8.000000	8.000000	627.000000	147.000000	4.000000	632.921673	136.113022	1.000000	7.422676
7.000000	9.000000	9.000000	749.000000	192.000000	5.000000	739.078585	194.764103	1.000000	8.110634
7.000000	10.000000	10.000000	735.000000	297.000000	15.000000	729.310847	312.489569	2.000000	8.944182
7.000000	11.000000	11.000000	864.000000	199.000000	6.000000	872.557253	198.668797	2.000000	9.527124
7.000000	12.000000	12.000000	1144.000000	128.000000	8.000000	1149.843474	117.637449	1.000000	10.590984
7.000000	13.000000	13.000000	1226.000000	157.000000	9.000000	1228.853313	153.082494	2.000000	11.135184
7.000000	14.000000	14.000000	1264.000000	316.000000	19.000000	1264.867523	313.760840	1.000000	11.864713
7.000000	15.000000	15.000000	1249.000000	409.000000	29.000000	1246.105543	411.027555	2.000000	12.415389
7.000000	16.000000	16.000000	1410.000000	397.000000	30.000000	1404.786107	384.444849	2.000000	12.912188
7.000000	17.000000	17.000000	1287.000000	515.000000	39.000000	1284.912545	510.018236	2.000000	13.847712
7.000000	18.000000	18.000000	1383.000000	650.000000	50.000000	1379.541970	655.622981	2.000000	14.735425
7.000000	19.000000	19.000000	1293.000000	681.000000	49.000000	1285.111802	676.425688	2.000000	15.295473
7.000000	20.000000	20.000000	1257.000000	773.000000	59.000000	1244.708422	776.843228	2.000000	15.831442
7.000000	21.000000	21.000000	1412.000000	753.000000	60.000000	1420.058907	744.808308	1.000000	16.463391
7.000000	22.000000	22.000000	1368.000000	906.000000	70.000000	1364.691702	913.339396	2.000000	17.111429
7.000000	23.000000	23.000000	1131.000000	947.000000	68.000000	1124.912046	950.414587	1.000000	18.543772
7.000000	24.000000	24.000000	1026.000000	1050.000000	77.000000	1010.881300	1055.573057	1.000000	19.351599
7.000000	25.000000	25.000000	863.000000	999.000000	76.000000	864.259149	994.158559	2.000000	20.368140
7.000000	26.000000	26.000000	724.000000	924.000000	65.000000	728.414000	926.579341	2.000000	21.400629
7.000000	27.000000	27.000000	631.000000	956.000000	64.000000	634.761114	953.987014	2.000000	22.118449
7.000000	28.000000	28.000000	601.000000	1042.000000	74.000000	603.988564	1047.299353	1.000000	22.742726
7.000000	29.000000	29.000000	341.000000	1026.000000	72.000000	336.217781	1031.958546	1.000000	23.423523
7.000000	30.000000	30.000000	245.000000	1062.000000	71.000000	241.322438	1069.089917	2.000000	24.694814
7.000000	31.000000	31.000000	374.000000	695.000000	42.000000	378.541408	692.602101	1.000000	25.774681
7.000000	32.000000	32.000000	446.000000	811.000000	53.000000	458.345423	819.033224	2.000000	26.600064
7.000000	33.000000	33.000000	569.000000	821.000000	54.000000	569.377797	824.178650	1.000000	27.311584
7.000000	34.000000	34.000000	508.000000	644.000000	43.000000	506.309791	642.463478	2.000000	28.280605
7.000000	35.000000	35.000000	461.000000	551.000000	33.000000	464.153710	546.056107	1.000000	29.079818
7.000000	36.000000	36.000000	614.000000	582.000000	34.000000	613.617408	578.932041	1.000000	29.839218
7.000000	37.000000	37.000000	748.000000	543.000000	35.000000	740.503190	541.200222	1.000000	30.558896
7.000000	38.000000	38.000000	896.000000	518.000000	36.000000	899.375149	512.886834	2.000000	31.144659
7.000000	39.000000	39.000000	845.000000	657.000000	46.000000	842.827520	662.407909	1.000000	31.998762
7.000000	40.000000	40.000000	974.000000	692.000000	47.000000	978.590979	695.461141	1.000000	32.688442
8.000000	1.000000	1.000000	223.000000	272.000000	11.000000	212.340615	289.358039	2.000000	1.567852
8.000000	2.000000	2.000000	217.000000	419.000000	21.000000	221.295718	422.063244	2.000000	2.118762
8.000000	3.000000	3.000000	310.000000	270.000000	12.000000	311.637859	257.286291	1.000000	2.799905
8.000000	4.000000	4.000000	305.000000	463.000000	22.000000	309.103387	457.047849	1.000000	3.454779
8.000000	5.000000	5.000000	252.000000	619.000000	41.000000	248.953816	641.333473	2.000000	4.053981
8.000000	6.000000	6.000000	328.000000	887.000000	62.000000	320.082476	896.551914	1.000000	5.023751
8.000000	7.000000	7.000000	519.000000	921.000000	63.000000	508.279801	938.938525	1.000000	5.656088
8.000000	8.000000	8.000000	492.000000	991.000000	73.000000	483.782563	994.779731	2.000000	6.095240
8.000000	9.000000	9.000000	487.000000	633.000000	43.000000	475.431550	625.031028	2.000000	6.927067
8.000000	10.000000	10.000000	443.000000	233.000000	13.000000	446.448364	243.671491	2.000000	7.783694
8.000000	11.000000	11.000000	627.000000	158.000000	4.000000	622.244171	155.766296	2.000000	8.575495
8.000000	12.000000	12.000000	713.000000	199.000000	5.000000	710.946693	202.078884	2.000000	9.014238
8.000000	13.000000	13.000000	629.000000	299.000000	14.000000	623.157469	297.493797	1.000000	9.543668
8.000000	14.000000	14.000000	743.000000	309.000000	15.000000	731.432886	315.225620	2.000000	10.182093
8.000000	15.000000	15.000000	835.000000	125.000000	6.000000	834.709973	126.794382	1.000000	10.830407
8.000000	16.000000	16.000000	1012.000000	165.000000	7.000000	1002.945796	168.437157	1.000000	11.446841
8.000000	17.000000	17.000000	870.000000	308.000000	16.000000	859.417759	317.308111	1.000000	12.214482
8.000000	18.000000	18.000000	849.000000	409.000000	26.000000	850.399934	398.646705	1.000000	13.134457
8.000000	19.000000	19.000000	732.000000	434.000000	25.000000	729.598083	436.009966	2.000000	13.799004
8.000000	20.000000	20.000000	756.000000	520.000000	35.000000	753.296139	528.673578	1.000000	14.527098
8.000000	21.000000	21.000000	859.000000	535.000000	36.000000	868.666348	547.027119	2.000000	15.191776
8.000000	22.000000	22.000000	859.000000	627.000000	46.000000	851.934353	636.896901	2.000000	15.766848
8.000000	23.000000	23.000000	1025.000000	439.000000	27.000000	1014.938511	444.831384	1.000000	16.543421
8.000000	24.000000	24.000000	856.000000	952.000000	66.000000	845.710464	948.425036	1.000000	17.607636
8.000000	25.000000	25.000000	749.000000	1050.000000	75.000000	745.294044	1056.822542	2.000000	18.358468
8.000000	26.000000	26.000000	890.000000	1062.000000	76.000000	891.026026	1080.388123	2.000000	19.103831
8.000000	27.000000	27.000000	979.000000	1005.000000	77.000000	968.528079	1017.986903	1.000000	19.678678
8.000000	28.000000	28.000000	1006.000000	736.000000	57.000000	997.631244	743.470643	1.000000	20.503375
8.000000	29.000000	29.000000	1016.000000	698.000000	47.000000	1025.362007	686.328062	1.000000	20.958486
8.000000	30.000000	30.000000	1165.000000	691.000000	48.000000	1160.392045	702.745930	2.000000	21.799480
8.000000	31.000000	31.000000	1236.000000	639.000000	49.000000	1224.365783	630.592760	2.000000	22.270613
8.000000	32.000000	32.000000	1248.000000	308.000000	19.000000	1253.192392	308.383591	1.000000	22.998046
8.000000	33.000000	33.000000	1421.000000	438.000000	30.000000	1422.177535	444.788854	1.000000	23.719777
8.000000	34.000000	34.000000	1395.000000	559.000000	40.000000	1381.942423	567.736195	2.000000	24.239480
8.000000	35.000000	35.000000	1355.000000	683.000000	50.000000	1354.040852	666.128321	1.000000	24.943496
8.000000	36.000000	36.000000	1386.000000	763.000000	60.000000	1383.481092	763.646533	2.000000	25.454480
8.000000	37.000000	37.000000	1281.000000	808.000000	59.000000	1274.970332	814.204620	1.000000	26.159249
8.000000	38.000000	38.000000	1365.000000	876.000000	70.000000	1362.483421	889.392623	2.000000	26.759939
8.000000	39.000000	39.000000	1134.000000	1016.000000	78.000000	1130.752522	1016.606442	2.000000	27.527162
8.000000	40.000000	40.000000	1410.000000	1032.000000	80.000000	1410.436351	1039.646674	1.000000	28.439525
9.000000	1.000000	1.000000	246.000000	178.000000	1.000000	240.253620	192.252477	2.000000	2.553239
9.000000	2.000000	2.000000	195.000000	430.000000	21.000000	201.240451	430.241557	1.000000	3.424564
9.000000	3.000000	3.000000	217.000000	530.000000	31.000000	216.807414	538.221332	2.000000	3.865576
9.000000	4.000000	0.000000	192.000000	646.000000	41.000000	184.752279	670.500954	2.000000	4.489287
9.000000	5.000000	4.000000	477.000000	155.000000	3.000000	460.694473	167.691895	1.000000	5.632702
9.000000	6.000000	5.000000	568.000000	141.000000	4.000000	568.878399	148.910157	2.000000	6.209509
9.000000	7.000000	6.000000	487.000000	246.000000	13.000000	490.143852	251.592539	2.000000	6.801402
9.000000	8.000000	7.000000	611.000000	269.000000	14.000000	609.441678	276.252367	1.000000	7.409183
9.000000	9.000000	8.000000	703.000000	170.000000	5.000000	710.689691	171.274938	2.000000	8.113928
9.000000	10.000000	9.000000	731.000000	301.000000	15.000000	733.946181	294.961816	1.000000	8.826116
9.000000	11.000000	10.000000	732.000000	404.000000	25.000000	723.777509	407.820027	1.000000	9.361434
9.000000	12.000000	11.000000	626.000000	419.000000	24.000000	623.325818	419.408018	1.000000	10.049147
9.000000	13.000000	12.000000	452.000000	445.000000	23.000000	459.197126	447.107389	1.000000	10.714255
9.000000	14.000000	13.000000	354.000000	568.000000	32.000000	350.506191	559.071100	1.000000	11.818011
9.000000	15.000000	14.000000	484.000000	506.000000	33.000000	484.779896	505.567460	1.000000	12.520099
9.000000	16.000000	15.000000	633.000000	498.000000	34.000000	628.566368	502.152423	1.000000	13.217469
9.000000	17.000000	16.000000	743.000000	500.000000	35.000000	739.096965	502.669409	2.000000	13.888793
9.000000	18.000000	17.000000	836.000000	452.000000	26.000000	828.986476	447.297370	2.000000	14.450083
9.000000	19.000000	18.000000	987.000000	444.000000	27.000000	990.842627	455.113999	1.000000	15.496248
9.000000	20.000000	19.000000	1024.000000	491.000000	37.000000	1030.887085	497.240710	1.000000	16.208998
9.000000	21.000000	20.000000	1123.000000	384.000000	28.000000	1119.125697	390.458418	2.000000	16.881219
9.000000	22.000000	21.000000	1128.000000	138.000000	8.000000	1119.378633	135.167813	2.000000	17.977080
9.000000	23.000000	22.000000	1249.000000	279.000000	19.000000	1235.247200	272.377020	1.000000	18.825222
9.000000	24.000000	23.000000	1426.000000	137.000000	10.000000	1420.791126	130.569159	1.000000	19.593978
9.000000	25.000000	24.000000	1393.000000	310.000000	20.000000	1384.703584	318.920114	2.000000	20.480355
9.000000	26.000000	25.000000	1244.000000	455.000000	29.000000	1237.312550	446.354056	2.000000	21.168050
9.000000	27.000000	26.000000	1130.000000	624.000000	48.000000	1116.892658	620.614038	1.000000	21.801205
9.000000	28.000000	27.000000	1006.000000	675.000000	47.000000	1005.294027	669.777004	2.000000	22.360826
9.000000	29.000000	28.000000	737.000000	662.000000	45.000000	746.062441	654.556285	1.000000	23.370076
9.000000	30.000000	29.000000	516.000000	662.000000	43.000000	507.686852	657.167233	2.000000	24.057720
9.000000	31.000000	30.000000	173.000000	673.000000	41.000000	184.752279	670.500954	2.000000	25.329043
9.000000	32.000000	31.000000	193.000000	924.000000	61.000000	186.097386	940.495759	1.000000	26.321296
9.000000	33.000000	32.000000	227.000000	998.000000	71.000000	228.195250	1015.264514	1.000000	26.929024
9.000000	34.000000	33.000000	598.000000	794.000000	54.000000	616.729010	790.151160	2.000000	28.265622
9.000000	35.000000	34.000000	702.000000	808.000000	55.000000	701.675938	816.475469	1.000000	28.992765
9.000000	36.000000	35.000000	514.000000	1048.000000	73.000000	510.812439	1060.453817	2.000000	30.343886
9.000000	37.000000	36.000000	874.000000	1058.000000	76.000000	880.293286	1068.213090	2.000000	31.729203
9.000000	38.000000	37.000000	873.000000	928.000000	66.000000	869.798710	909.193323	2.000000	32.329485
9.000000	39.000000	38.000000	1248.000000	772.000000	59.000000	1245.489354	769.750250	2.000000	33.672195
9.000000	40.000000	39.000000	1275.000000	915.000000	69.000000	1263.572672	907.670962	1.000000	34.370012
9.000000	41.000000	40.000000	1275.000000	1058.000000	79.000000	1282.067065	1066.842841	2.000000	35.144416
10.000000	1.000000	1.000000	212.000000	145.000000	1.000000	210.207119	139.119262	1.000000	1.553633
10.000000	2.000000	2.000000	207.000000	245.000000	11.000000	202.394529	258.367776	2.000000	2.073204
10.000000	3.000000	3.000000	336.000000	206.000000	2.000000	335.835140	205.313239	2.000000	2.713837
10.000000	4.000000	4.000000	485.000000	146.000000	3.000000	491.347352	147.042027	3.000000	3.768448
11.000000	1.000000	1.000000	244.000000	136.000000	1.000000	230.948875	132.134688	1.000000	1.481325
11.000000	2.000000	2.000000	336.000000	151.000000	2.000000	333.812326	154.288858	2.000000	2.200811
11.000000	3.000000	3.000000	331.000000	310.000000	12.000000	333.139133	305.642941	2.000000	2.776979
11.000000	4.000000	4.000000	242.000000	388.000000	21.000000	231.989617	385.363253	1.000000	3.815351
11.000000	5.000000	5.000000	316.000000	383.000000	22.000000	320.715326	375.216428	2.000000	4.272410
11.000000	6.000000	6.000000	465.000000	215.000000	3.000000	472.894592	204.402085	1.000000	5.167487
11.000000	7.000000	7.000000	496.000000	277.000000	13.000000	506.305506	271.732890	1.000000	5.767452
11.000000	8.000000	8.000000	704.000000	329.000000	15.000000	708.091014	329.803682	2.000000	7.007801
11.000000	9.000000	9.000000	728.000000	403.000000	25.000000	731.078448	390.895709	1.000000	7.689084
11.000000	10.000000	10.000000	599.000000	461.000000	24.000000	604.161474	455.278204	2.000000	8.615541
11.000000	11.000000	11.000000	591.000000	512.000000	34.000000	594.019409	503.891519	2.000000	9.112695
11.000000	12.000000	12.000000	519.000000	541.000000	33.000000	509.611011	535.526100	1.000000	9.495273
11.000000	13.000000	13.000000	436.000000	669.000000	43.000000	437.800440	665.130175	2.000000	10.096200
11.000000	14.000000	14.000000	351.000000	790.000000	52.000000	350.476078	787.571524	1.000000	11.024660
11.000000	15.000000	15.000000	456.000000	929.000000	63.000000	453.370571	920.843740	1.000000	11.999482
11.000000	16.000000	16.000000	325.000000	1014.000000	72.000000	321.755000	1007.216143	2.000000	12.921377
11.000000	17.000000	17.000000	222.000000	1084.000000	71.000000	215.702877	1073.163775	2.000000	13.719412
11.000000	18.000000	18.000000	583.000000	1018.000000	74.000000	578.440733	1016.847866	2.000000	15.121331
11.000000	19.000000	19.000000	744.000000	1058.000000	75.000000	731.339479	1061.200821	1.000000	16.055447
11.000000	20.000000	20.000000	746.000000	910.000000	65.000000	738.801083	907.332772	1.000000	16.920956
11.000000	21.000000	21.000000	872.000000	1008.000000	76.000000	871.240765	994.648881	2.000000	17.871903
11.000000	22.000000	22.000000	974.000000	1049.000000	77.000000	970.112504	1041.868729	2.000000	18.495759
11.000000	23.000000	23.000000	1141.000000	1040.000000	78.000000	1139.169403	1034.709894	1.000000	19.031324
11.000000	24.000000	24.000000	1156.000000	932.000000	68.000000	1147.549188	933.234923	1.000000	19.823560
11.000000	25.000000	25.000000	1126.000000	808.000000	58.000000	1117.669015	792.748665	2.000000	20.416129
11.000000	26.000000	26.000000	1270.000000	784.000000	59.000000	1265.511723	763.447751	1.000000	21.241257
11.000000	27.000000	27.000000	1420.000000	877.000000	70.000000	1419.293881	885.973228	2.000000	21.841105
11.000000	28.000000	28.000000	1390.000000	583.000000	40.000000	1377.830364	567.788664	2.000000	22.704786
11.000000	29.000000	29.000000	1413.000000	456.000000	30.000000	1402.351654	456.231593	2.000000	23.792524
11.000000	30.000000	30.000000	1409.000000	272.000000	20.000000	1395.738021	260.165086	2.000000	24.568455
11.000000	31.000000	31.000000	1162.000000	161.000000	8.000000	1159.654278	153.919679	2.000000	25.609372
11.000000	32.000000	32.000000	986.000000	153.000000	7.000000	983.956274	149.922203	1.000000	26.649385
11.000000	33.000000	33.000000	976.000000	280.000000	17.000000	961.376040	264.179002	1.000000	27.919925
11.000000	34.000000	34.000000	1101.000000	304.000000	18.000000	1105.198844	310.907870	1.000000	28.608072
11.000000	35.000000	35.000000	901.000000	571.000000	36.000000	899.754642	578.797009	1.000000	29.399454
11.000000	36.000000	36.000000	996.000000	671.000000	47.000000	1001.141961	673.736724	1.000000	30.313422
11.000000	37.000000	37.000000	864.000000	627.000000	46.000000	860.746197	623.689159	1.000000	31.016421
11.000000	38.000000	38.000000	709.000000	685.000000	45.000000	706.620799	686.160116	1.000000	31.751462
11.000000	39.000000	39.000000	624.000000	754.000000	54.000000	611.026235	752.430843	2.000000	32.656723
11.000000	40.000000	40.000000	835.000000	776.000000	56.000000	827.906986	778.022734	2.000000	33.471833
12.000000	1.000000	0.000000	264.000000	179.000000	1.000000	210.198796	161.922728	1.000000	1.487921
12.000000	2.000000	0.000000	274.000000	186.000000	2.000000	318.815702	194.564949	2.000000	2.127348
12.000000	3.000000	0.000000	289.000000	192.000000	2.000000	318.815702	194.564949	2.000000	2.342846
12.000000	4.000000	1.000000	306.000000	197.000000	2.000000	318.815702	194.564949	2.000000	2.542224
12.000000	5.000000	2.000000	193.000000	172.000000	1.000000	210.198796	161.922728	1.000000	3.310925
12.000000	6.000000	3.000000	197.000000	270.000000	11.000000	198.110822	294.557690	2.000000	3.799838
12.000000	7.000000	0.000000	197.000000	282.000000	21.000000	198.240724	400.031606	1.000000	3.968232
12.000000	8.000000	4.000000	191.000000	391.000000	21.000000	198.240724	400.031606	1.000000	4.400482
12.000000	9.000000	5.000000	343.000000	447.000000	22.000000	348.155653	452.916215	1.000000	5.278561
12.000000	10.000000	6.000000	621.000000	242.000000	14.000000	612.503202	247.031808	2.000000	6.471385
12.000000	11.000000	7.000000	451.000000	537.000000	33.000000	453.276362	532.045443	2.000000	7.590867
12.000000	12.000000	8.000000	605.000000	507.000000	34.000000	603.348111	501.402295	2.000000	8.335904
12.000000	13.000000	9.000000	694.000000	552.000000	35.000000	698.324499	544.657694	2.000000	9.054328
12.000000	14.000000	10.000000	601.000000	625.000000	44.000000	598.599075	637.568352	2.000000	9.720418
12.000000	15.000000	11.000000	489.000000	670.000000	43.000000	483.350056	681.019489	1.000000	10.495505
12.000000	16.000000	12.000000	343.000000	679.000000	42.000000	330.068108	684.588589	1.000000	11.166358
12.000000	17.000000	13.000000	228.000000	794.000000	51.000000	221.205742	806.337556	1.000000	12.223637
12.000000	18.000000	14.000000	353.000000	787.000000	52.000000	342.519187	781.722335	2.000000	12.695505
12.000000	19.000000	15.000000	240.000000	900.000000	61.000000	241.131990	892.647511	1.000000	13.695478
12.000000	20.000000	16.000000	309.000000	934.000000	62.000000	310.967642	932.439407	2.000000	14.360107
12.000000	21.000000	17.000000	338.000000	1049.000000	72.000000	338.074348	1043.185710	2.000000	15.087437
12.000000	22.000000	18.000000	438.000000	1014.000000	73.000000	444.527623	1005.099750	2.000000	15.751562
12.000000	23.000000	19.000000	616.000000	767.000000	54.000000	614.777978	755.661376	2.000000	16.750433
12.000000	24.000000	20.000000	624.000000	892.000000	64.000000	625.883507	887.400389	1.000000	17.800288
12.000000	25.000000	21.000000	770.000000	704.000000	45.000000	768.998074	688.198596	1.000000	18.735582
12.000000	26.000000	22.000000	864.000000	822.000000	56.000000	870.886471	818.715033	2.000000	19.606392
12.000000	27.000000	23.000000	844.000000	888.000000	66.000000	845.920874	888.773605	2.000000	20.272382
12.000000	28.000000	24.000000	706.000000	1016.000000	75.000000	699.417174	1015.443932	2.000000	21.167193
12.000000	29.000000	25.000000	1101.000000	258.000000	18.000000	1096.382396	246.146041	1.000000	22.303103
12.000000	30.000000	26.000000	1002.000000	429.000000	27.000000	1003.763857	429.831308	1.000000	23.248205
12.000000	31.000000	27.000000	989.000000	506.000000	37.000000	982.500952	500.268771	1.000000	23.726669
12.000000	32.000000	28.000000	1300.000000	131.000000	9.000000	1291.260612	117.720183	2.000000	24.719184
12.000000	33.000000	29.000000	1275.000000	286.000000	19.000000	1270.854121	281.381251	1.000000	25.488087
12.000000	34.000000	30.000000	1247.000000	445.000000	29.000000	1241.748109	449.626229	2.000000	26.175548
12.000000	35.000000	31.000000	1411.000000	409.000000	30.000000	1413.584073	407.101293	1.000000	27.134707
12.000000	36.000000	32.000000	1275.000000	556.000000	39.000000	1277.272704	553.849393	1.000000	28.015348
12.000000	37.000000	33.000000	1101.000000	717.000000	48.000000	1103.531340	706.820060	1.000000	28.936078
12.000000	38.000000	34.000000	1117.000000	809.000000	58.000000	1117.665746	804.463745	1.000000	29.558835
12.000000	39.000000	35.000000	1018.000000	960.000000	67.000000	1013.471568	956.458002	1.000000	30.342398
12.000000	40.000000	36.000000	1266.000000	688.000000	49.000000	1260.324386	690.220262	2.000000	31.271700
12.000000	41.000000	37.000000	1234.000000	799.000000	59.000000	1242.848884	790.181487	1.000000	31.735413
12.000000	42.000000	38.000000	1374.000000	682.000000	50.000000	1378.688321	676.276645	2.000000	32.320004
12.000000	43.000000	39.000000	1395.000000	768.000000	60.000000	1403.383342	760.963702	1.000000	32.848662
12.000000	44.000000	40.000000	1284.000000	1043.000000	79.000000	1277.521269	1044.514910	2.000000	33.575800
13.000000	1.000000	1.000000	222.000000	185.000000	1.000000	210.643553	177.625217	1.000000	0.939986
13.000000	2.000000	2.000000	185.000000	283.000000	11.000000	180.519600	289.139697	1.000000	1.604344
13.000000	3.000000	3.000000	455.000000	202.000000	3.000000	437.669361	185.689866	2.000000	2.332294
13.000000	4.000000	0.000000	553.000000	143.000000	4.000000	578.674146	122.198959	2.000000	2.963796
13.000000	5.000000	4.000000	568.000000	129.000000	4.000000	578.674146	122.198959	2.000000	3.731667
13.000000	6.000000	5.000000	317.000000	428.000000	22.000000	322.487244	414.104438	1.000000	4.573299
13.000000	7.000000	0.000000	203.000000	656.000000	41.000000	202.468011	619.098667	2.000000	5.501526
13.000000	8.000000	6.000000	203.000000	625.000000	41.000000	202.468011	619.098667	2.000000	5.924679
13.000000	9.000000	7.000000	211.000000	750.000000	51.000000	216.347237	758.764210	1.000000	6.565370
13.000000	10.000000	8.000000	387.000000	703.000000	42.000000	379.255956	690.636447	2.000000	7.381384
13.000000	11.000000	9.000000	446.000000	669.000000	43.000000	437.957614	667.274001	1.000000	7.812330
13.000000	12.000000	10.000000	593.000000	533.000000	34.000000	611.591954	517.798082	1.000000	8.589051
13.000000	13.000000	11.000000	616.000000	684.000000	44.000000	618.706790	684.812033	2.000000	9.276620
13.000000	14.000000	12.000000	470.000000	893.000000	63.000000	464.845484	897.542581	1.000000	10.028494
13.000000	15.000000	13.000000	496.000000	1025.000000	73.000000	493.869710	1028.487709	2.000000	10.948464
13.000000	16.000000	14.000000	628.000000	948.000000	64.000000	616.654289	956.379427	2.000000	11.740474
13.000000	17.000000	15.000000	593.000000	1011.000000	74.000000	601.523002	1016.158648	1.000000	12.076898
13.000000	18.000000	16.000000	696.000000	1031.000000	75.000000	706.189393	1027.806748	1.000000	12.596494
13.000000	19.000000	17.000000	729.000000	903.000000	65.000000	746.113945	895.212177	1.000000	13.148228
13.000000	20.000000	18.000000	732.000000	805.000000	55.000000	736.410306	803.705581	1.000000	13.548091
13.000000	21.000000	19.000000	849.000000	689.000000	46.000000	850.580474	686.378073	1.000000	14.547671
13.000000	22.000000	20.000000	749.000000	526.000000	35.000000	730.222887	522.432145	2.000000	15.307490
13.000000	23.000000	0.000000	759.000000	465.000000	25.000000	755.615720	436.899024	2.000000	15.708494
13.000000	24.000000	21.000000	768.000000	437.000000	25.000000	755.615720	436.899024	2.000000	16.469413
13.000000	25.000000	22.000000	865.000000	313.000000	16.000000	862.764963	299.331947	2.000000	17.380478
13.000000	26.000000	23.000000	980.000000	280.000000	17.000000	990.034510	277.299095	2.000000	18.459672
13.000000	27.000000	24.000000	1233.000000	140.000000	9.000000	1234.545766	131.315758	2.000000	19.429201
13.000000	28.000000	25.000000	1132.000000	324.000000	18.000000	1117.733819	327.148698	2.000000	20.213476
13.000000	29.000000	26.000000	1092.000000	499.000000	38.000000	1096.719366	499.779369	2.000000	22.476040
13.000000	30.000000	27.000000	1029.000000	630.000000	47.000000	1024.666238	621.777614	2.000000	23.132519
13.000000	31.000000	28.000000	1012.000000	758.000000	57.000000	1013.649319	770.825830	1.000000	24.124206
13.000000	32.000000	29.000000	1111.000000	665.000000	48.000000	1120.418733	655.617939	2.000000	24.757598
13.000000	33.000000	30.000000	1115.000000	744.000000	58.000000	1110.088012	761.802376	2.000000	25.165085
13.000000	34.000000	31.000000	1262.000000	701.000000	49.000000	1274.838940	700.547725	1.000000	25.732665
13.000000	35.000000	32.000000	1230.000000	796.000000	59.000000	1231.006118	807.537867	1.000000	26.292386
13.000000	36.000000	33.000000	1154.000000	863.000000	68.000000	1131.306396	872.179813	1.000000	26.860141
13.000000	37.000000	34.000000	972.000000	1027.000000	77.000000	981.891864	1033.429140	1.000000	27.948777
13.000000	38.000000	35.000000	1153.000000	1051.000000	78.000000	1146.748916	1044.928336	2.000000	28.644327
13.000000	39.000000	36.000000	1373.000000	935.000000	70.000000	1375.883243	944.182312	1.000000	29.349616
13.000000	40.000000	0.000000	1254.000000	522.000000	39.000000	1221.955132	512.953113	2.000000	30.453341
13.000000	41.000000	37.000000	1221.000000	520.000000	39.000000	1221.955132	512.953113	2.000000	31.052074
13.000000	42.000000	38.000000	1351.000000	547.000000	40.000000	1348.499727	554.106902	2.000000	31.684931
13.000000	43.000000	39.000000	1384.000000	401.000000	30.000000	1388.310864	380.121864	1.000000	32.276077
13.000000	44.000000	40.000000	1241.000000	270.000000	19.000000	1238.065507	246.917867	1.000000	33.436826
14.000000	1.000000	1.000000	207.000000	152.000000	1.000000	188.020591	140.163357	1.000000	2.093841
14.000000	2.000000	2.000000	326.000000	276.000000	12.000000	323.799251	274.691618	2.000000	2.927719
14.000000	3.000000	3.000000	465.000000	145.000000	3.000000	471.408363	152.681764	2.000000	3.606160
14.000000	4.000000	0.000000	371.000000	151.000000	2.000000	363.795554	178.108871	1.000000	4.136068
14.000000	5.000000	4.000000	371.000000	163.000000	2.000000	363.795554	178.108871	1.000000	4.695245
14.000000	6.000000	5.000000	654.000000	134.000000	4.000000	636.157588	138.127354	2.000000	5.808167
14.000000	7.000000	6.000000	759.000000	183.000000	5.000000	746.774670	182.107118	1.000000	6.414321
14.000000	8.000000	7.000000	893.000000	132.000000	6.000000	881.514324	137.595704	2.000000	7.054942
14.000000	9.000000	0.000000	1132.000000	180.000000	8.000000	1106.865051	181.313975	1.000000	8.070228
14.000000	10.000000	8.000000	1111.000000	189.000000	8.000000	1106.865051	181.313975	1.000000	8.792091
14.000000	11.000000	9.000000	1093.000000	318.000000	18.000000	1088.146493	324.277256	2.000000	9.630075
14.000000	12.000000	10.000000	1021.000000	443.000000	27.000000	1010.008729	435.849335	2.000000	10.373991
14.000000	13.000000	11.000000	1282.000000	402.000000	29.000000	1279.699048	410.048339	1.000000	11.527000
14.000000	14.000000	12.000000	1347.000000	395.000000	30.000000	1352.534632	395.863510	2.000000	12.021819
14.000000	15.000000	13.000000	1118.000000	627.000000	48.000000	1114.975339	638.880991	1.000000	12.871301
14.000000	16.000000	14.000000	1293.000000	685.000000	49.000000	1289.595846	694.321039	2.000000	13.718585
14.000000	17.000000	15.000000	1376.000000	672.000000	50.000000	1364.218179	670.744141	2.000000	14.630139
14.000000	18.000000	16.000000	1407.000000	763.000000	60.000000	1395.653757	755.822385	2.000000	15.150455
14.000000	19.000000	17.000000	1277.000000	807.000000	59.000000	1280.410411	800.455109	1.000000	15.655750
14.000000	20.000000	18.000000	1013.000000	796.000000	57.000000	994.541710	796.837159	2.000000	16.550777
14.000000	21.000000	19.000000	1422.000000	976.000000	80.000000	1421.042446	995.366643	1.000000	17.750715
14.000000	22.000000	20.000000	1267.000000	1025.000000	79.000000	1257.273689	1019.979128	1.000000	18.406566
14.000000	23.000000	21.000000	1083.000000	1027.000000	78.000000	1088.347619	1032.236911	1.000000	19.111907
14.000000	24.000000	22.000000	1025.000000	932.000000	67.000000	1026.631658	934.330122	2.000000	19.839045
14.000000	25.000000	23.000000	885.000000	953.000000	66.000000	886.912078	953.950688	1.000000	20.613960
14.000000	26.000000	24.000000	851.000000	1040.000000	76.000000	841.733116	1050.147130	2.000000	21.583012
14.000000	27.000000	25.000000	763.000000	902.000000	65.000000	764.752580	905.113171	2.000000	22.535171
14.000000	28.000000	26.000000	847.000000	772.000000	56.000000	844.580459	774.185011	1.000000	23.247908
14.000000	29.000000	27.000000	834.000000	709.000000	46.000000	835.294773	703.666119	1.000000	23.695176
14.000000	30.000000	28.000000	789.000000	646.000000	45.000000	770.045920	654.640643	1.000000	24.430196
14.000000	31.000000	29.000000	448.000000	997.000000	73.000000	438.568583	996.232415	1.000000	25.671743
14.000000	32.000000	30.000000	447.000000	783.000000	53.000000	455.287329	788.200239	1.000000	26.726639
14.000000	33.000000	31.000000	307.000000	811.000000	52.000000	313.884209	818.743368	2.000000	27.447627
14.000000	34.000000	32.000000	215.000000	864.000000	61.000000	204.541606	868.231570	2.000000	28.349973
14.000000	35.000000	33.000000	451.000000	659.000000	43.000000	449.693497	662.827362	1.000000	29.215697
14.000000	36.000000	34.000000	322.000000	611.000000	42.000000	314.879234	618.954592	1.000000	30.278720
14.000000	37.000000	35.000000	333.000000	562.000000	32.000000	319.710928	580.016581	2.000000	30.670170
14.000000	38.000000	36.000000	209.000000	621.000000	41.000000	195.033485	623.979332	1.000000	31.583309
14.000000	39.000000	37.000000	235.000000	503.000000	31.000000	227.141573	503.966659	2.000000	32.239207
14.000000	40.000000	38.000000	308.000000	467.000000	22.000000	308.621273	453.909797	1.000000	32.807612
14.000000	41.000000	39.000000	454.000000	517.000000	33.000000	451.655991	526.835054	2.000000	33.414240
14.000000	42.000000	40.000000	462.000000	399.000000	23.000000	465.856198	398.355462	2.000000	34.062321
15.000000	1.000000	1.000000	353.000000	212.000000	2.000000	353.447085	201.223665	1.000000	1.168546
15.000000	2.000000	2.000000	509.000000	193.000000	3.000000	492.230273	178.901761	1.000000	1.720821
15.000000	3.000000	3.000000	607.000000	116.000000	4.000000	603.588959	123.630263	1.000000	2.545038
15.000000	4.000000	4.000000	513.000000	394.000000	23.000000	512.379972	375.535754	1.000000	3.352876
15.000000	5.000000	0.000000	653.000000	453.000000	24.000000	624.535007	436.740529	2.000000	3.866689
15.000000	6.000000	0.000000	630.000000	482.000000	34.000000	628.237603	508.750474	2.000000	4.233143
15.000000	7.000000	5.000000	624.000000	425.000000	24.000000	624.535007	436.740529	2.000000	4.593163
15.000000	8.000000	6.000000	624.000000	508.000000	34.000000	628.237603	508.750474	2.000000	5.066099
15.000000	9.000000	7.000000	738.000000	504.000000	35.000000	718.798272	504.669983	2.000000	5.474713
15.000000	10.000000	8.000000	762.000000	373.000000	25.000000	756.733838	370.022127	1.000000	6.232724
15.000000	11.000000	9.000000	875.000000	393.000000	26.000000	858.201810	388.804720	1.000000	6.705678
15.000000	12.000000	10.000000	488.000000	530.000000	33.000000	503.352337	548.212885	1.000000	7.545044
15.000000	13.000000	11.000000	499.000000	673.000000	43.000000	511.992801	674.671136	1.000000	8.106412
15.000000	14.000000	12.000000	323.000000	643.000000	42.000000	325.383459	640.756722	2.000000	8.898748
15.000000	15.000000	13.000000	350.000000	795.000000	52.000000	359.078859	789.696280	2.000000	9.410177
15.000000	16.000000	14.000000	305.000000	892.000000	62.000000	317.318825	870.831059	2.000000	10.024431
15.000000	17.000000	15.000000	235.000000	824.000000	51.000000	221.658082	826.080783	2.000000	10.570009
15.000000	18.000000	16.000000	214.000000	951.000000	61.000000	201.025228	950.008009	1.000000	11.193914
15.000000	19.000000	17.000000	446.000000	883.000000	63.000000	442.490107	895.746921	1.000000	11.826059
15.000000	20.000000	18.000000	459.000000	809.000000	53.000000	460.476688	819.213522	2.000000	12.225254
15.000000	21.000000	19.000000	635.000000	916.000000	64.000000	633.709516	923.812544	1.000000	13.081363
15.000000	22.000000	20.000000	622.000000	1049.000000	74.000000	622.907880	1063.797342	1.000000	13.994202
15.000000	23.000000	21.000000	829.000000	646.000000	46.000000	832.996363	648.535216	2.000000	15.568768
15.000000	24.000000	22.000000	873.000000	564.000000	36.000000	874.509646	560.183883	2.000000	16.088951
15.000000	25.000000	23.000000	963.000000	637.000000	47.000000	958.178857	649.158201	1.000000	17.153356
15.000000	26.000000	24.000000	971.000000	748.000000	57.000000	969.536358	764.515277	2.000000	17.736562
15.000000	27.000000	25.000000	878.000000	1038.000000	76.000000	877.694851	1038.823769	2.000000	18.609992
15.000000	28.000000	26.000000	1006.000000	961.000000	67.000000	996.177813	952.346721	2.000000	19.218212
15.000000	29.000000	27.000000	1032.000000	1041.000000	77.000000	1025.701869	1053.929438	2.000000	19.794094
15.000000	30.000000	28.000000	1110.000000	1019.000000	78.000000	1101.403647	1017.090963	1.000000	20.346243
15.000000	31.000000	29.000000	1111.000000	905.000000	68.000000	1095.703341	901.520451	2.000000	20.929713
15.000000	32.000000	30.000000	1247.000000	869.000000	69.000000	1244.940696	875.358864	2.000000	21.705469
15.000000	33.000000	31.000000	1228.000000	1047.000000	79.000000	1232.679614	1043.386382	2.000000	22.337788
15.000000	34.000000	32.000000	1401.000000	945.000000	70.000000	1397.267264	953.660814	1.000000	23.370615
15.000000	35.000000	33.000000	1399.000000	668.000000	50.000000	1400.800101	667.601657	2.000000	24.521977
15.000000	36.000000	34.000000	1140.000000	631.000000	48.000000	1139.983322	623.506196	1.000000	25.377796
15.000000	37.000000	35.000000	1099.000000	437.000000	28.000000	1099.670080	442.710228	2.000000	26.264871
15.000000	38.000000	36.000000	994.000000	281.000000	17.000000	998.623275	277.743399	1.000000	27.089016
15.000000	39.000000	37.000000	1108.000000	241.000000	18.000000	1104.744522	243.181368	2.000000	28.210071
15.000000	40.000000	38.000000	1237.000000	410.000000	29.000000	1235.692398	409.566491	1.000000	28.834628
15.000000	41.000000	39.000000	1355.000000	375.000000	30.000000	1360.770026	381.548093	1.000000	29.410565
15.000000	42.000000	40.000000	1393.000000	297.000000	20.000000	1380.366662	303.325007	1.000000	29.746400
16.000000	1.000000	1.000000	217.000000	110.000000	1.000000	207.975705	120.030607	2.000000	1.414044
16.000000	2.000000	2.000000	484.000000	238.000000	13.000000	480.389230	243.288092	2.000000	2.455083
16.000000	3.000000	3.000000	602.000000	245.000000	14.000000	600.089476	251.530909	2.000000	3.230340
16.000000	4.000000	4.000000	722.000000	169.000000	5.000000	720.144704	158.519543	2.000000	3.830600
16.000000	5.000000	5.000000	750.000000	279.000000	15.000000	737.963432	274.781793	2.000000	4.661447
16.000000	6.000000	6.000000	833.000000	275.000000	16.000000	848.484879	282.288674	1.000000	5.047468
16.000000	7.000000	7.000000	876.000000	191.000000	6.000000	892.722657	195.507356	2.000000	5.437901
16.000000	8.000000	8.000000	1006.000000	183.000000	7.000000	995.238330	199.202929	2.000000	5.829181
16.000000	9.000000	9.000000	1108.000000	149.000000	8.000000	1124.823932	150.653581	2.000000	6.431071
16.000000	10.000000	10.000000	984.000000	300.000000	17.000000	989.929930	310.565475	2.000000	7.173619
16.000000	11.000000	11.000000	852.000000	389.000000	26.000000	862.395115	404.960772	2.000000	8.039184
16.000000	12.000000	12.000000	717.000000	446.000000	25.000000	729.110747	443.856632	2.000000	8.590344
16.000000	13.000000	0.000000	632.000000	438.000000	24.000000	604.721190	439.873636	1.000000	9.109189
16.000000	14.000000	13.000000	622.000000	435.000000	24.000000	604.721190	439.873636	1.000000	9.606104
16.000000	15.000000	14.000000	363.000000	653.000000	42.000000	351.376641	670.202058	2.000000	10.493889
16.000000	16.000000	15.000000	218.000000	440.000000	21.000000	224.266019	444.276130	1.000000	11.189090
16.000000	17.000000	16.000000	227.000000	910.000000	61.000000	226.622654	918.614252	1.000000	12.823121
16.000000	18.000000	17.000000	268.000000	995.000000	71.000000	244.053805	996.849132	1.000000	13.230784
16.000000	19.000000	18.000000	378.000000	953.000000	62.000000	371.570946	945.526382	1.000000	14.070654
16.000000	20.000000	19.000000	455.000000	1058.000000	73.000000	447.776253	1057.967467	1.000000	14.927265
16.000000	21.000000	20.000000	585.000000	884.000000	64.000000	589.462073	879.428862	1.000000	15.525298
16.000000	22.000000	21.000000	631.000000	794.000000	54.000000	629.842738	776.067071	1.000000	16.117971
16.000000	23.000000	22.000000	601.000000	674.000000	44.000000	601.089978	661.879405	1.000000	16.741367
16.000000	24.000000	23.000000	713.000000	741.000000	55.000000	718.188805	751.458435	2.000000	17.717945
16.000000	25.000000	24.000000	870.000000	640.000000	46.000000	866.309106	641.947900	2.000000	18.638676
16.000000	26.000000	25.000000	996.000000	498.000000	37.000000	998.569272	502.316737	1.000000	19.406005
16.000000	27.000000	26.000000	895.000000	803.000000	56.000000	893.377993	815.287077	1.000000	20.367232
16.000000	28.000000	27.000000	1018.000000	802.000000	57.000000	1017.459868	805.698794	1.000000	20.878889
16.000000	29.000000	28.000000	1151.000000	787.000000	58.000000	1142.259806	776.736553	2.000000	21.365208
16.000000	30.000000	29.000000	1146.000000	713.000000	48.000000	1148.710099	705.668168	1.000000	21.709515
16.000000	31.000000	30.000000	1283.000000	535.000000	39.000000	1276.839723	521.574468	1.000000	22.517819
16.000000	32.000000	31.000000	1284.000000	614.000000	49.000000	1279.066221	621.860508	1.000000	23.029917
16.000000	33.000000	32.000000	1359.000000	538.000000	40.000000	1353.344730	544.933657	2.000000	23.471136
16.000000	34.000000	33.000000	1027.000000	939.000000	67.000000	1028.857471	938.489435	1.000000	24.454988
16.000000	35.000000	34.000000	891.000000	1024.000000	76.000000	877.760881	1029.746411	2.000000	25.270859
16.000000	36.000000	35.000000	701.000000	1069.000000	75.000000	721.598545	1074.908933	2.000000	25.757858
16.000000	37.000000	36.000000	644.000000	996.000000	74.000000	635.438356	999.131015	2.000000	26.518550
16.000000	38.000000	37.000000	1260.000000	1056.000000	79.000000	1253.524276	1057.392261	2.000000	27.853750
16.000000	39.000000	38.000000	1292.000000	943.000000	69.000000	1280.571196	943.721501	1.000000	28.605728
16.000000	40.000000	39.000000	1381.000000	988.000000	80.000000	1373.975780	1005.591021	1.000000	29.381602
16.000000	41.000000	40.000000	1398.000000	820.000000	60.000000	1394.877506	817.006178	1.000000	30.309377
17.000000	1.000000	1.000000	375.000000	200.000000	2.000000	378.569903	186.627403	2.000000	1.704724
17.000000	2.000000	2.000000	256.000000	274.000000	11.000000	251.924834	272.118154	1.000000	2.393938
17.000000	3.000000	3.000000	225.000000	409.000000	21.000000	215.813520	398.574780	1.000000	2.978136
17.000000	4.000000	4.000000	237.000000	533.000000	31.000000	247.875881	533.601763	2.000000	3.529960
17.000000	5.000000	5.000000	336.000000	432.000000	22.000000	351.546538	422.852434	1.000000	4.154122
17.000000	6.000000	6.000000	382.000000	493.000000	32.000000	373.777990	500.739801	2.000000	4.745166
17.000000	7.000000	7.000000	480.000000	562.000000	33.000000	494.749427	558.964077	2.000000	5.394709
17.000000	8.000000	8.000000	466.000000	683.000000	43.000000	461.124465	676.712356	2.000000	5.937933
17.000000	9.000000	9.000000	183.000000	678.000000	41.000000	185.179316	680.672265	1.000000	6.745032
17.000000	10.000000	10.000000	186.000000	764.000000	51.000000	186.338486	767.649071	2.000000	7.066793
17.000000	11.000000	11.000000	484.000000	764.000000	53.000000	498.640865	760.063303	1.000000	7.810340
17.000000	12.000000	12.000000	356.000000	915.000000	62.000000	350.944928	934.385713	2.000000	8.441298
17.000000	13.000000	13.000000	200.000000	1069.000000	71.000000	191.732350	1076.046455	2.000000	9.137967
17.000000	14.000000	14.000000	467.000000	1019.000000	73.000000	462.684974	1027.860383	2.000000	9.946092
17.000000	15.000000	15.000000	565.000000	1074.000000	74.000000	569.199264	1076.569097	2.000000	10.425379
17.000000	16.000000	16.000000	693.000000	774.000000	55.000000	697.908648	770.861729	2.000000	11.217363
17.000000	17.000000	17.000000	619.000000	511.000000	34.000000	618.567101	509.406668	1.000000	11.865768
17.000000	18.000000	18.000000	731.000000	532.000000	35.000000	728.673325	522.229057	1.000000	12.282730
17.000000	19.000000	19.000000	604.000000	400.000000	24.000000	609.163022	394.093181	2.000000	12.881219
17.000000	20.000000	20.000000	465.000000	268.000000	13.000000	458.290282	269.073440	2.000000	13.817912
17.000000	21.000000	21.000000	785.000000	289.000000	15.000000	771.535629	284.668472	1.000000	14.514210
17.000000	22.000000	22.000000	896.000000	394.000000	26.000000	900.863287	383.315252	1.000000	15.065242
17.000000	23.000000	23.000000	1004.000000	384.000000	27.000000	990.126650	387.364846	2.000000	15.730722
17.000000	24.000000	24.000000	991.000000	253.000000	17.000000	980.703591	246.248360	2.000000	16.376589
17.000000	25.000000	25.000000	999.000000	210.000000	7.000000	991.914150	186.904952	1.000000	17.266555
17.000000	26.000000	26.000000	1220.000000	304.000000	19.000000	1223.739341	301.943284	1.000000	19.066678
17.000000	27.000000	27.000000	1404.000000	155.000000	10.000000	1400.928755	142.074729	2.000000	19.794732
17.000000	28.000000	28.000000	901.000000	587.000000	36.000000	899.132175	574.913292	1.000000	20.770766
17.000000	29.000000	29.000000	1132.000000	541.000000	38.000000	1135.449149	536.967134	1.000000	21.545095
17.000000	30.000000	30.000000	1221.000000	547.000000	39.000000	1222.181626	539.038717	2.000000	22.377410
17.000000	31.000000	31.000000	1279.000000	632.000000	49.000000	1277.965319	626.556063	1.000000	22.857218
17.000000	32.000000	32.000000	1429.000000	590.000000	40.000000	1419.082478	581.588433	1.000000	23.554688
17.000000	33.000000	33.000000	1386.000000	873.000000	70.000000	1387.638025	871.531668	1.000000	24.434235
17.000000	34.000000	34.000000	1280.000000	835.000000	59.000000	1269.572713	829.787707	1.000000	24.873713
17.000000	35.000000	35.000000	1145.000000	793.000000	58.000000	1136.996753	783.498612	1.000000	25.666418
17.000000	36.000000	36.000000	1019.000000	864.000000	67.000000	1016.937103	876.364550	1.000000	26.442651
17.000000	37.000000	37.000000	920.000000	902.000000	66.000000	899.973613	899.136515	2.000000	27.146077
17.000000	38.000000	38.000000	884.000000	1061.000000	76.000000	887.588374	1050.844729	1.000000	28.009600
17.000000	39.000000	39.000000	1257.000000	946.000000	69.000000	1261.636341	939.655778	2.000000	29.009285
17.000000	40.000000	40.000000	1420.000000	1002.000000	80.000000	1414.236781	998.681014	2.000000	29.873082
18.000000	1.000000	1.000000	191.000000	320.000000	11.000000	189.947342	316.376407	1.000000	0.983713
18.000000	2.000000	2.000000	190.000000	382.000000	21.000000	191.373661	385.717303	2.000000	1.305285
18.000000	3.000000	3.000000	360.000000	149.000000	2.000000	380.830180	137.638652	2.000000	1.985575
18.000000	4.000000	4.000000	486.000000	287.000000	13.000000	477.319233	281.962918	2.000000	2.649656
18.000000	5.000000	5.000000	636.000000	271.000000	14.000000	634.364817	268.688531	2.000000	3.207823
18.000000	6.000000	6.000000	728.000000	292.000000	15.000000	724.592323	295.917172	1.000000	3.809069
18.000000	7.000000	7.000000	737.000000	157.000000	5.000000	742.767650	154.138037	2.000000	4.417818
18.000000	8.000000	8.000000	828.000000	156.000000	6.000000	827.538783	148.100838	2.000000	5.001383
18.000000	9.000000	9.000000	599.000000	376.000000	24.000000	600.180875	381.553136	1.000000	5.800087
18.000000	10.000000	10.000000	618.000000	518.000000	34.000000	617.437942	522.961640	1.000000	6.321054
18.000000	11.000000	11.000000	481.000000	588.000000	33.000000	477.541113	579.315355	1.000000	6.864156
18.000000	12.000000	12.000000	388.000000	573.000000	32.000000	372.225159	568.032030	1.000000	7.543889
18.000000	13.000000	13.000000	253.000000	785.000000	51.000000	243.310594	786.707450	1.000000	8.584516
18.000000	14.000000	14.000000	178.000000	964.000000	61.000000	179.493911	954.355378	2.000000	9.447722
18.000000	15.000000	15.000000	220.000000	1063.000000	71.000000	222.915763	1076.210806	2.000000	10.361547
18.000000	16.000000	16.000000	447.000000	1066.000000	73.000000	447.475828	1068.215022	1.000000	11.175606
18.000000	17.000000	17.000000	472.000000	874.000000	63.000000	468.674750	868.682714	2.000000	11.729241
18.000000	18.000000	18.000000	457.000000	781.000000	53.000000	460.073930	781.814658	2.000000	12.417420
18.000000	19.000000	19.000000	749.000000	625.000000	45.000000	746.473652	618.801881	2.000000	13.201649
18.000000	20.000000	20.000000	769.000000	812.000000	55.000000	767.533586	801.060536	1.000000	13.920609
18.000000	21.000000	21.000000	741.000000	897.000000	65.000000	740.289373	906.271264	2.000000	14.351412
18.000000	22.000000	22.000000	641.000000	993.000000	74.000000	637.412345	996.075829	1.000000	15.096139
18.000000	23.000000	23.000000	846.000000	379.000000	26.000000	837.661505	386.626302	1.000000	16.281600
18.000000	24.000000	24.000000	961.000000	328.000000	17.000000	968.654466	328.621195	2.000000	16.895682
18.000000	25.000000	25.000000	994.000000	405.000000	27.000000	999.181757	411.749627	2.000000	17.535558
18.000000	26.000000	26.000000	988.000000	492.000000	37.000000	974.039337	492.681594	1.000000	18.105454
18.000000	27.000000	27.000000	966.000000	669.000000	47.000000	967.988283	673.920197	2.000000	18.704070
18.000000	28.000000	28.000000	993.000000	798.000000	57.000000	986.959283	792.367028	2.000000	19.312427
18.000000	29.000000	29.000000	1011.000000	905.000000	67.000000	1005.243782	892.224616	2.000000	20.312294
18.000000	30.000000	30.000000	903.000000	1000.000000	76.000000	889.892653	997.288665	1.000000	21.017028
18.000000	31.000000	31.000000	1009.000000	996.000000	77.000000	1003.835915	1004.898746	1.000000	21.529472
18.000000	32.000000	32.000000	1101.000000	1035.000000	78.000000	1088.998483	1032.098896	1.000000	22.065761
18.000000	33.000000	33.000000	1285.000000	928.000000	69.000000	1270.562972	929.909009	1.000000	23.057450
18.000000	34.000000	34.000000	1394.000000	1018.000000	80.000000	1392.694793	1024.198330	1.000000	24.143637
18.000000	35.000000	35.000000	1430.000000	651.000000	50.000000	1420.925879	647.947677	1.000000	25.039741
18.000000	36.000000	36.000000	1249.000000	580.000000	39.000000	1252.784455	570.686262	1.000000	25.720837
18.000000	37.000000	37.000000	1243.000000	186.000000	9.000000	1241.919226	169.263404	2.000000	26.537814
18.000000	38.000000	38.000000	1262.000000	282.000000	19.000000	1257.420747	273.583207	2.000000	26.936324
18.000000	39.000000	39.000000	1387.000000	247.000000	20.000000	1376.685756	245.531634	1.000000	27.553579
18.000000	40.000000	40.000000	1415.000000	155.000000	10.000000	1415.360128	145.724044	2.000000	28.233581
19.000000	1.000000	1.000000	331.000000	193.000000	2.000000	330.893758	182.495747	2.000000	0.875956
19.000000	2.000000	2.000000	255.000000	303.000000	11.000000	246.281087	300.467873	2.000000	1.490047
19.000000	3.000000	0.000000	318.000000	311.000000	12.000000	353.898483	299.449899	1.000000	1.865864
19.000000	4.000000	3.000000	339.000000	305.000000	12.000000	353.898483	299.449899	1.000000	2.266663
19.000000	5.000000	4.000000	452.000000	192.000000	3.000000	463.007130	191.223963	2.000000	3.003781
19.000000	6.000000	5.000000	631.000000	201.000000	4.000000	623.631503	195.134495	2.000000	3.739575
19.000000	7.000000	6.000000	626.000000	268.000000	14.000000	613.598650	253.894214	1.000000	4.050361
19.000000	8.000000	7.000000	744.000000	246.000000	15.000000	722.343177	247.232905	2.000000	4.683817
19.000000	9.000000	8.000000	861.000000	131.000000	6.000000	855.825993	127.722757	2.000000	5.482552
19.000000	10.000000	9.000000	1306.000000	137.000000	9.000000	1286.987707	140.311578	2.000000	6.107555
19.000000	11.000000	10.000000	1403.000000	138.000000	10.000000	1413.728896	143.325627	2.000000	6.561839
19.000000	12.000000	11.000000	1269.000000	383.000000	29.000000	1273.324245	389.828341	1.000000	7.235395
19.000000	13.000000	12.000000	1153.000000	393.000000	28.000000	1156.488463	385.529692	1.000000	7.714510
19.000000	14.000000	13.000000	979.000000	342.000000	17.000000	966.720183	328.763225	2.000000	8.388026
19.000000	15.000000	14.000000	911.000000	412.000000	26.000000	899.147426	396.673212	1.000000	8.777803
19.000000	16.000000	15.000000	716.000000	412.000000	25.000000	706.574709	402.375836	1.000000	9.507152
19.000000	17.000000	16.000000	720.000000	516.000000	35.000000	708.256007	506.692003	2.000000	9.977847
19.000000	18.000000	17.000000	853.000000	512.000000	36.000000	870.671247	505.557074	2.000000	10.779755
19.000000	19.000000	18.000000	987.000000	510.000000	37.000000	972.996969	504.440666	2.000000	11.234436
19.000000	20.000000	19.000000	758.000000	658.000000	45.000000	754.320832	647.791601	1.000000	11.922908
19.000000	21.000000	20.000000	857.000000	666.000000	46.000000	838.744409	662.164912	2.000000	12.219931
19.000000	22.000000	21.000000	608.000000	660.000000	44.000000	590.953257	659.865753	1.000000	12.811706
19.000000	23.000000	22.000000	588.000000	755.000000	54.000000	595.460834	746.412003	1.000000	13.363095
19.000000	24.000000	23.000000	489.000000	508.000000	33.000000	487.274126	515.851602	1.000000	14.050564
19.000000	25.000000	24.000000	358.000000	466.000000	22.000000	348.525798	454.227159	1.000000	14.890684
19.000000	26.000000	25.000000	335.000000	557.000000	32.000000	329.404385	567.258568	1.000000	15.434140
19.000000	27.000000	26.000000	184.000000	579.000000	31.000000	192.897662	578.701117	2.000000	16.082112
19.000000	28.000000	27.000000	207.000000	644.000000	41.000000	204.565623	656.615858	2.000000	16.874900
19.000000	29.000000	28.000000	368.000000	694.000000	42.000000	365.876190	687.587916	1.000000	17.586318
19.000000	30.000000	29.000000	455.000000	697.000000	43.000000	438.067070	694.227244	2.000000	18.003675
19.000000	31.000000	30.000000	365.000000	1048.000000	72.000000	358.447384	1057.465458	1.000000	19.209982
19.000000	32.000000	31.000000	627.000000	960.000000	64.000000	631.083597	949.409276	1.000000	20.179545
19.000000	33.000000	32.000000	711.000000	942.000000	65.000000	714.941161	941.786936	2.000000	20.674148
19.000000	34.000000	33.000000	963.000000	918.000000	67.000000	959.106434	905.589722	1.000000	21.314876
19.000000	35.000000	34.000000	1024.000000	830.000000	57.000000	1028.553924	826.963557	1.000000	21.875834
19.000000	36.000000	35.000000	1149.000000	674.000000	48.000000	1142.041176	660.722947	2.000000	23.002468
19.000000	37.000000	36.000000	1359.000000	638.000000	50.000000	1363.838174	628.789534	2.000000	23.747233
19.000000	38.000000	37.000000	1224.000000	771.000000	59.000000	1226.234428	764.076043	1.000000	24.555532
19.000000	39.000000	38.000000	1252.000000	921.000000	69.000000	1248.615194	922.457920	1.000000	25.145891
19.000000	40.000000	39.000000	1233.000000	1007.000000	79.000000	1226.806799	1010.315707	2.000000	25.777932
19.000000	41.000000	40.000000	1391.000000	933.000000	70.000000	1396.654584	935.397318	1.000000	26.427388
20.000000	1.000000	1.000000	245.000000	119.000000	1.000000	242.414462	121.071535	2.000000	1.016404
20.000000	2.000000	2.000000	248.000000	430.000000	21.000000	236.156537	429.851499	2.000000	1.993803
20.000000	3.000000	3.000000	217.000000	567.000000	31.000000	216.102530	572.334944	1.000000	2.831785
20.000000	4.000000	4.000000	248.000000	630.000000	41.000000	246.278946	641.241670	1.000000	3.416862
20.000000	5.000000	5.000000	365.000000	700.000000	42.000000	364.370868	693.565087	1.000000	4.087944
20.000000	6.000000	6.000000	460.000000	673.000000	43.000000	456.391437	680.595844	1.000000	4.793802
20.000000	7.000000	7.000000	492.000000	532.000000	33.000000	488.910654	529.021108	1.000000	5.488085
20.000000	8.000000	8.000000	596.000000	367.000000	24.000000	590.059803	378.991705	2.000000	6.215363
20.000000	9.000000	9.000000	717.000000	392.000000	25.000000	704.308939	398.956481	1.000000	6.777118
20.000000	10.000000	10.000000	696.000000	202.000000	5.000000	699.698658	197.446281	1.000000	7.328996
20.000000	11.000000	11.000000	771.000000	251.000000	15.000000	756.012219	249.574449	2.000000	8.144616
20.000000	12.000000	12.000000	900.000000	272.000000	16.000000	899.984765	280.279833	2.000000	8.600517
20.000000	13.000000	13.000000	966.000000	387.000000	27.000000	970.911643	398.135897	2.000000	9.384686
20.000000	14.000000	14.000000	850.000000	512.000000	36.000000	844.597762	523.080186	2.000000	10.111663
20.000000	15.000000	15.000000	747.000000	560.000000	35.000000	758.383836	560.726584	2.000000	10.881632
20.000000	16.000000	16.000000	713.000000	621.000000	45.000000	703.721485	632.253600	1.000000	11.337439
20.000000	17.000000	17.000000	863.000000	659.000000	46.000000	858.930334	662.282813	2.000000	12.175590
20.000000	18.000000	18.000000	865.000000	802.000000	56.000000	857.164533	802.185402	1.000000	13.112093
20.000000	19.000000	19.000000	770.000000	916.000000	65.000000	771.975091	916.909307	1.000000	13.808216
20.000000	20.000000	20.000000	875.000000	1003.000000	76.000000	868.476091	1003.920110	2.000000	14.384938
20.000000	21.000000	21.000000	729.000000	1057.000000	75.000000	723.598071	1063.220356	2.000000	14.919997
20.000000	22.000000	22.000000	637.000000	989.000000	74.000000	630.130421	1001.794950	1.000000	15.608328
20.000000	23.000000	23.000000	585.000000	950.000000	64.000000	569.525711	956.977160	1.000000	16.143930
20.000000	24.000000	24.000000	460.000000	793.000000	53.000000	463.923150	796.407113	1.000000	17.217326
20.000000	25.000000	25.000000	374.000000	1008.000000	72.000000	365.752809	1014.264820	1.000000	18.105617
20.000000	26.000000	26.000000	186.000000	1060.000000	71.000000	189.590627	1064.642805	2.000000	18.839526
20.000000	27.000000	27.000000	1130.000000	113.000000	8.000000	1112.768532	121.898254	1.000000	20.151668
20.000000	28.000000	28.000000	1133.000000	325.000000	18.000000	1113.826518	322.377387	2.000000	21.265415
20.000000	29.000000	29.000000	1260.000000	413.000000	29.000000	1261.298505	426.540956	1.000000	22.089327
20.000000	30.000000	30.000000	1120.000000	533.000000	38.000000	1133.281945	530.816020	1.000000	22.561701
20.000000	31.000000	31.000000	1345.000000	504.000000	40.000000	1349.935370	498.102682	1.000000	23.159683
20.000000	32.000000	32.000000	1390.000000	646.000000	50.000000	1394.041168	649.401296	2.000000	23.775643
20.000000	33.000000	33.000000	1284.000000	692.000000	49.000000	1287.287055	707.458031	2.000000	24.231441
20.000000	34.000000	34.000000	1140.000000	671.000000	48.000000	1143.540685	669.886153	2.000000	24.848505
20.000000	35.000000	35.000000	1120.000000	751.000000	58.000000	1113.747246	753.826081	2.000000	25.496236
20.000000	36.000000	36.000000	1028.000000	763.000000	57.000000	1015.090395	776.987167	2.000000	26.153736
20.000000	37.000000	37.000000	1359.000000	865.000000	70.000000	1356.691857	879.042654	2.000000	26.976702
20.000000	38.000000	38.000000	1155.000000	910.000000	68.000000	1147.201359	914.633463	1.000000	27.600542
20.000000	39.000000	39.000000	979.000000	888.000000	67.000000	979.841726	896.645482	1.000000	28.321078
20.000000	40.000000	40.000000	1138.000000	1035.000000	78.000000	1136.799593	1051.479335	2.000000	29.128638
21.000000	1.000000	1.000000	588.000000	175.000000	4.000000	579.388561	174.687843	2.000000	1.548268
21.000000	2.000000	2.000000	381.000000	393.000000	22.000000	375.673311	386.156940	2.000000	2.995823
21.000000	3.000000	3.000000	497.000000	456.000000	23.000000	492.529395	454.695299	1.000000	3.756260
21.000000	4.000000	4.000000	188.000000	557.000000	31.000000	188.081742	557.644304	1.000000	4.683736
21.000000	5.000000	5.000000	466.000000	555.000000	33.000000	483.334776	556.855492	2.000000	5.387864
21.000000	6.000000	0.000000	483.000000	555.000000	32.000000	355.084484	500.466991	3.000000	5.716300
21.000000	7.000000	6.000000	458.000000	805.000000	53.000000	458.108226	818.359405	1.000000	7.365492
21.000000	8.000000	7.000000	577.000000	773.000000	54.000000	581.869438	761.044949	1.000000	7.884668
21.000000	9.000000	8.000000	571.000000	692.000000	44.000000	574.591151	675.226631	1.000000	8.332102
21.000000	10.000000	9.000000	231.000000	835.000000	51.000000	225.536972	831.126843	1.000000	9.005356
21.000000	11.000000	10.000000	339.000000	1003.000000	72.000000	337.114835	993.194712	2.000000	9.700268
21.000000	12.000000	11.000000	471.000000	1020.000000	73.000000	489.810047	1009.794040	2.000000	10.148881
21.000000	13.000000	12.000000	589.000000	1021.000000	74.000000	576.845864	1020.688774	1.000000	10.685248
21.000000	14.000000	13.000000	746.000000	1058.000000	75.000000	730.417472	1070.634476	1.000000	11.516347
21.000000	15.000000	14.000000	912.000000	1056.000000	76.000000	895.214369	1067.546984	2.000000	12.027834
21.000000	16.000000	0.000000	947.000000	1029.000000	77.000000	975.534410	1006.225248	2.000000	12.451973
21.000000	17.000000	15.000000	990.000000	1017.000000	77.000000	975.534410	1006.225248	2.000000	13.005253
21.000000	18.000000	16.000000	1159.000000	1065.000000	78.000000	1154.687673	1071.848744	2.000000	13.741274
21.000000	19.000000	17.000000	1106.000000	930.000000	68.000000	1102.177016	927.171811	1.000000	14.291777
21.000000	20.000000	18.000000	972.000000	909.000000	67.000000	971.078127	906.189084	1.000000	15.045091
21.000000	21.000000	19.000000	872.000000	821.000000	56.000000	853.476723	806.927058	1.000000	15.573189
21.000000	22.000000	20.000000	707.000000	800.000000	55.000000	718.328807	789.292868	2.000000	16.395883
21.000000	23.000000	21.000000	841.000000	702.000000	46.000000	847.684436	693.896592	2.000000	16.908716
21.000000	24.000000	22.000000	723.000000	570.000000	35.000000	722.663458	563.526575	1.000000	17.668527
21.000000	25.000000	23.000000	725.000000	299.000000	15.000000	715.834202	298.975902	1.000000	18.308513
21.000000	26.000000	24.000000	907.000000	308.000000	16.000000	900.061915	295.514546	2.000000	18.789803
21.000000	27.000000	25.000000	870.000000	388.000000	26.000000	856.789777	391.112984	2.000000	19.636847
21.000000	28.000000	26.000000	999.000000	177.000000	7.000000	1003.509396	162.980453	1.000000	20.204790
21.000000	29.000000	27.000000	1086.000000	288.000000	18.000000	1092.214145	285.316327	1.000000	20.645339
21.000000	30.000000	28.000000	1131.000000	362.000000	28.000000	1141.550104	370.054008	1.000000	21.115821
21.000000	31.000000	29.000000	1239.000000	292.000000	19.000000	1251.796543	290.924696	2.000000	21.668486
21.000000	32.000000	30.000000	1272.000000	425.000000	29.000000	1278.189347	414.058529	2.000000	22.133062
21.000000	33.000000	31.000000	1391.000000	377.000000	30.000000	1391.985249	387.041860	2.000000	22.556971
21.000000	34.000000	32.000000	1391.000000	1010.000000	80.000000	1381.568087	1019.814023	1.000000	23.717673
21.000000	35.000000	33.000000	1228.000000	904.000000	69.000000	1224.832633	905.451878	2.000000	24.540958
21.000000	36.000000	34.000000	1378.000000	764.000000	60.000000	1372.823084	752.840880	2.000000	25.196382
21.000000	37.000000	35.000000	1395.000000	666.000000	50.000000	1400.085764	659.769466	1.000000	25.852466
21.000000	38.000000	36.000000	1281.000000	565.000000	39.000000	1283.352547	550.685145	1.000000	26.501992
21.000000	39.000000	37.000000	1149.000000	746.000000	58.000000	1158.906897	742.974876	2.000000	27.388226
21.000000	40.000000	38.000000	995.000000	537.000000	37.000000	989.686546	525.532115	2.000000	28.277170
21.000000	41.000000	39.000000	1154.000000	627.000000	48.000000	1148.691673	621.995849	1.000000	28.835736
21.000000	42.000000	40.000000	1107.000000	567.000000	38.000000	1114.689386	563.346915	2.000000	29.260986
