MultiTargForag_2	Participant_Code = 39a
Search_Type = 1	CB_Targets = 1
Trial	Click_Num	Target_Click_Order	Click_X	Click_y	Item_selected	Item_X	Item_Y	Target_Set	RT
1.000000	1.000000	1.000000	770.000000	453.000000	36.000000	769.126955	449.711032	1.000000	1.179499
1.000000	2.000000	2.000000	781.000000	541.000000	46.000000	775.981353	551.509402	2.000000	1.984795
1.000000	3.000000	3.000000	878.000000	503.000000	37.000000	872.566349	503.554817	1.000000	2.962198
1.000000	4.000000	4.000000	997.000000	602.000000	48.000000	983.231950	602.739182	1.000000	4.024576
1.000000	5.000000	0.000000	964.000000	685.000000	58.000000	964.077787	651.723075	2.000000	4.385133
1.000000	6.000000	5.000000	968.000000	665.000000	58.000000	964.077787	651.723075	2.000000	4.688554
1.000000	7.000000	6.000000	1112.000000	550.000000	49.000000	1098.791170	564.815087	2.000000	5.409603
1.000000	8.000000	7.000000	1217.000000	487.000000	40.000000	1216.024779	482.816933	1.000000	6.192718
1.000000	9.000000	8.000000	1071.000000	408.000000	29.000000	1060.338695	397.101194	1.000000	6.960214
1.000000	10.000000	9.000000	997.000000	444.000000	38.000000	999.345373	447.059151	1.000000	7.552825
1.000000	11.000000	10.000000	988.000000	285.000000	18.000000	985.650149	273.228053	2.000000	8.176799
1.000000	12.000000	11.000000	1168.000000	250.000000	20.000000	1178.810689	254.886251	2.000000	9.177750
1.000000	13.000000	12.000000	1194.000000	99.000000	10.000000	1192.537921	118.253163	2.000000	9.794626
1.000000	14.000000	13.000000	759.000000	161.000000	6.000000	758.723210	174.326460	2.000000	10.824831
1.000000	15.000000	14.000000	680.000000	145.000000	5.000000	660.003737	142.059000	2.000000	11.313854
1.000000	16.000000	15.000000	660.000000	241.000000	15.000000	661.017428	255.642515	1.000000	11.969502
1.000000	17.000000	16.000000	890.000000	321.000000	27.000000	890.061724	330.410067	1.000000	12.832485
1.000000	18.000000	17.000000	628.000000	389.000000	25.000000	620.425258	380.036842	2.000000	13.784755
1.000000	19.000000	18.000000	502.000000	174.000000	4.000000	522.292819	187.878450	2.000000	14.424596
1.000000	20.000000	19.000000	429.000000	478.000000	33.000000	425.957302	489.073022	2.000000	15.609531
1.000000	21.000000	20.000000	624.000000	585.000000	45.000000	636.219771	585.706825	2.000000	16.401696
1.000000	22.000000	21.000000	778.000000	665.000000	56.000000	769.120627	679.057563	2.000000	17.074496
1.000000	23.000000	22.000000	857.000000	689.000000	57.000000	855.384054	692.259838	1.000000	17.977366
1.000000	24.000000	23.000000	974.000000	865.000000	78.000000	983.522142	870.665885	1.000000	18.809605
1.000000	25.000000	0.000000	1042.000000	878.000000	79.000000	1071.666119	878.997838	1.000000	19.249216
1.000000	26.000000	24.000000	1060.000000	874.000000	79.000000	1071.666119	878.997838	1.000000	19.577823
1.000000	27.000000	0.000000	1159.000000	865.000000	80.000000	1184.126356	865.780768	1.000000	20.057946
1.000000	28.000000	25.000000	1197.000000	854.000000	80.000000	1184.126356	865.780768	1.000000	20.474385
1.000000	29.000000	26.000000	866.000000	925.000000	77.000000	858.611942	928.328229	1.000000	21.504662
1.000000	30.000000	0.000000	745.000000	809.000000	66.000000	731.065334	788.045301	1.000000	22.225415
1.000000	31.000000	27.000000	737.000000	778.000000	66.000000	731.065334	788.045301	1.000000	22.600848
1.000000	32.000000	0.000000	574.000000	785.000000	64.000000	545.951728	785.379999	1.000000	23.248827
1.000000	33.000000	28.000000	564.000000	782.000000	64.000000	545.951728	785.379999	1.000000	23.553819
1.000000	34.000000	29.000000	535.000000	694.000000	54.000000	535.023774	693.422345	2.000000	24.001529
1.000000	35.000000	30.000000	418.000000	665.000000	53.000000	401.048713	662.472873	1.000000	24.498549
1.000000	36.000000	0.000000	391.000000	608.000000	43.000000	398.485960	578.058972	1.000000	24.872588
1.000000	37.000000	31.000000	395.000000	587.000000	43.000000	398.485960	578.058972	1.000000	25.193586
1.000000	38.000000	0.000000	402.000000	566.000000	42.000000	292.750944	557.686561	2.000000	25.424804
1.000000	39.000000	32.000000	358.000000	447.000000	32.000000	337.672330	447.293520	1.000000	26.009801
1.000000	40.000000	0.000000	190.000000	414.000000	21.000000	204.471122	392.625754	2.000000	27.265641
1.000000	41.000000	33.000000	202.000000	391.000000	21.000000	204.471122	392.625754	2.000000	27.648422
1.000000	42.000000	34.000000	184.000000	462.000000	31.000000	183.393664	463.045873	2.000000	28.106553
1.000000	43.000000	35.000000	185.000000	540.000000	41.000000	190.431055	561.800021	2.000000	28.544978
1.000000	44.000000	36.000000	310.000000	549.000000	42.000000	292.750944	557.686561	2.000000	29.370340
1.000000	45.000000	37.000000	308.000000	655.000000	52.000000	303.175327	667.319053	1.000000	29.922601
1.000000	46.000000	38.000000	204.000000	697.000000	51.000000	214.047571	702.511535	2.000000	30.658808
1.000000	47.000000	39.000000	343.000000	760.000000	62.000000	334.729804	773.242608	2.000000	31.337153
1.000000	48.000000	40.000000	309.000000	306.000000	12.000000	304.680368	294.215983	1.000000	32.449004
1.000000	1.000000	1.000000	200.000000	181.000000	1.000000	189.593182	179.646237	1.000000	0.980307
1.000000	2.000000	2.000000	317.000000	167.000000	2.000000	332.898415	177.077405	1.000000	1.509623
1.000000	3.000000	3.000000	421.000000	149.000000	3.000000	398.128826	144.211225	2.000000	1.852400
1.000000	4.000000	4.000000	311.000000	248.000000	12.000000	302.337918	257.450854	1.000000	2.420698
1.000000	5.000000	5.000000	187.000000	352.000000	21.000000	179.893547	362.729346	2.000000	2.844839
1.000000	6.000000	6.000000	323.000000	362.000000	22.000000	328.040400	353.004780	1.000000	3.389781
1.000000	7.000000	7.000000	415.000000	306.000000	13.000000	403.440755	293.600455	2.000000	3.749437
1.000000	8.000000	8.000000	410.000000	353.000000	23.000000	404.055040	369.872880	2.000000	4.156699
1.000000	9.000000	9.000000	322.000000	461.000000	32.000000	314.435060	468.497655	2.000000	4.691990
1.000000	10.000000	10.000000	239.000000	591.000000	41.000000	222.479305	596.589074	2.000000	5.525581
1.000000	11.000000	0.000000	419.000000	557.000000	43.000000	431.001357	581.178563	1.000000	6.380899
1.000000	12.000000	11.000000	427.000000	574.000000	43.000000	431.001357	581.178563	1.000000	6.981664
1.000000	13.000000	12.000000	430.000000	778.000000	63.000000	420.529076	786.302319	1.000000	7.659781
1.000000	14.000000	13.000000	359.000000	915.000000	72.000000	338.253982	921.950870	2.000000	8.325768
1.000000	15.000000	14.000000	641.000000	812.000000	65.000000	649.599215	800.771355	2.000000	9.052330
1.000000	16.000000	15.000000	662.000000	858.000000	75.000000	669.053793	880.882512	1.000000	9.411907
1.000000	17.000000	16.000000	727.000000	867.000000	76.000000	741.943974	883.090281	2.000000	9.859901
1.000000	18.000000	17.000000	751.000000	774.000000	66.000000	747.589495	790.259650	2.000000	10.461191
1.000000	19.000000	18.000000	575.000000	600.000000	44.000000	559.215111	598.461818	1.000000	11.084755
1.000000	20.000000	19.000000	641.000000	559.000000	45.000000	628.053974	574.167721	1.000000	11.405472
1.000000	21.000000	0.000000	629.000000	535.000000	35.000000	620.644869	495.977028	1.000000	11.749378
1.000000	22.000000	20.000000	627.000000	504.000000	35.000000	620.644869	495.977028	1.000000	12.076957
1.000000	23.000000	0.000000	598.000000	485.000000	34.000000	556.908605	471.422689	2.000000	12.381785
1.000000	24.000000	21.000000	537.000000	470.000000	34.000000	556.908605	471.422689	2.000000	12.660049
1.000000	25.000000	22.000000	545.000000	323.000000	24.000000	546.993633	344.269462	1.000000	13.109570
1.000000	26.000000	23.000000	746.000000	279.000000	16.000000	738.573375	287.085856	2.000000	14.124253
1.000000	27.000000	24.000000	869.000000	334.000000	27.000000	853.280233	345.392160	1.000000	14.732345
1.000000	28.000000	0.000000	771.000000	578.000000	46.000000	739.530680	582.900026	2.000000	15.581028
1.000000	29.000000	25.000000	735.000000	585.000000	46.000000	739.530680	582.900026	2.000000	16.629386
1.000000	30.000000	26.000000	880.000000	595.000000	47.000000	881.784617	598.658300	1.000000	17.091950
1.000000	31.000000	27.000000	953.000000	662.000000	58.000000	949.429961	670.101456	1.000000	17.613850
1.000000	32.000000	28.000000	890.000000	709.000000	57.000000	886.519227	701.676601	2.000000	17.972197
1.000000	33.000000	0.000000	941.000000	904.000000	78.000000	956.051895	928.239635	2.000000	18.580925
1.000000	34.000000	29.000000	965.000000	925.000000	78.000000	956.051895	928.239635	2.000000	18.931893
1.000000	35.000000	30.000000	1063.000000	918.000000	79.000000	1077.472800	923.235717	2.000000	19.404221
1.000000	36.000000	31.000000	1168.000000	857.000000	80.000000	1168.934736	868.850281	1.000000	20.467681
1.000000	37.000000	32.000000	1070.000000	776.000000	69.000000	1066.386766	776.574441	1.000000	21.140366
1.000000	38.000000	33.000000	1190.000000	663.000000	60.000000	1208.353080	674.827097	1.000000	21.588316
1.000000	39.000000	34.000000	1183.000000	571.000000	50.000000	1172.239773	576.611365	2.000000	22.132363
1.000000	40.000000	35.000000	1115.000000	570.000000	49.000000	1108.849285	568.992868	2.000000	22.508857
1.000000	41.000000	36.000000	1010.000000	547.000000	48.000000	1000.775550	544.363771	2.000000	22.916735
1.000000	42.000000	0.000000	974.000000	502.000000	38.000000	950.978890	491.244001	2.000000	23.275661
1.000000	43.000000	37.000000	948.000000	484.000000	38.000000	950.978890	491.244001	2.000000	23.620167
1.000000	44.000000	38.000000	999.000000	246.000000	18.000000	996.740596	238.048652	1.000000	24.380871
1.000000	45.000000	39.000000	1176.000000	258.000000	20.000000	1170.708068	250.760698	1.000000	24.949771
1.000000	46.000000	40.000000	1221.000000	362.000000	30.000000	1215.114357	366.240739	1.000000	25.589073
2.000000	1.000000	1.000000	230.000000	212.000000	11.000000	231.722294	226.836344	1.000000	1.896651
2.000000	2.000000	2.000000	356.000000	178.000000	2.000000	339.066289	164.624403	1.000000	2.280062
2.000000	3.000000	3.000000	553.000000	152.000000	4.000000	549.436804	147.281756	2.000000	2.814727
2.000000	4.000000	4.000000	555.000000	236.000000	14.000000	556.116244	237.012372	1.000000	3.288581
2.000000	5.000000	5.000000	427.000000	255.000000	13.000000	438.399189	266.328755	1.000000	3.640293
2.000000	6.000000	6.000000	423.000000	317.000000	23.000000	429.899125	331.256769	1.000000	3.959038
2.000000	7.000000	0.000000	320.000000	333.000000	22.000000	290.688309	337.252141	1.000000	4.464135
2.000000	8.000000	7.000000	286.000000	345.000000	22.000000	290.688309	337.252141	1.000000	4.735286
2.000000	9.000000	8.000000	213.000000	383.000000	21.000000	208.074375	377.648629	2.000000	5.271708
2.000000	10.000000	9.000000	214.000000	473.000000	31.000000	212.743003	470.835446	1.000000	5.719694
2.000000	11.000000	10.000000	176.000000	537.000000	41.000000	179.983885	561.605717	1.000000	6.215141
2.000000	12.000000	11.000000	321.000000	458.000000	32.000000	335.096189	457.806525	1.000000	6.936378
2.000000	13.000000	12.000000	417.000000	450.000000	33.000000	421.118805	465.665520	2.000000	7.510824
2.000000	14.000000	13.000000	316.000000	603.000000	42.000000	313.073129	603.179671	2.000000	8.094528
2.000000	15.000000	14.000000	328.000000	650.000000	52.000000	328.829914	657.538353	2.000000	8.454671
2.000000	16.000000	15.000000	307.000000	789.000000	62.000000	302.680481	805.307930	2.000000	8.920153
2.000000	17.000000	0.000000	377.000000	906.000000	73.000000	415.077634	895.054595	2.000000	9.312363
2.000000	18.000000	0.000000	366.000000	875.000000	72.000000	338.470197	865.021939	1.000000	9.751398
2.000000	19.000000	16.000000	353.000000	860.000000	72.000000	338.470197	865.021939	1.000000	10.351511
2.000000	20.000000	17.000000	421.000000	888.000000	73.000000	415.077634	895.054595	2.000000	10.911401
2.000000	21.000000	0.000000	550.000000	679.000000	54.000000	529.563187	695.107441	2.000000	11.447977
2.000000	22.000000	18.000000	523.000000	710.000000	54.000000	529.563187	695.107441	2.000000	12.070956
2.000000	23.000000	19.000000	509.000000	579.000000	44.000000	509.893624	585.740600	1.000000	12.552175
2.000000	24.000000	0.000000	610.000000	532.000000	45.000000	638.732548	543.062196	1.000000	12.975195
2.000000	25.000000	20.000000	621.000000	533.000000	45.000000	638.732548	543.062196	1.000000	13.414535
2.000000	26.000000	0.000000	659.000000	403.000000	25.000000	640.494302	384.282095	2.000000	13.895914
2.000000	27.000000	21.000000	653.000000	428.000000	35.000000	646.223821	445.786028	2.000000	14.320513
2.000000	28.000000	0.000000	647.000000	352.000000	25.000000	640.494302	384.282095	2.000000	14.622815
2.000000	29.000000	22.000000	645.000000	370.000000	25.000000	640.494302	384.282095	2.000000	14.966873
2.000000	30.000000	23.000000	538.000000	366.000000	24.000000	546.313651	371.186623	2.000000	15.406664
2.000000	31.000000	24.000000	756.000000	245.000000	16.000000	758.946333	247.461026	1.000000	16.231315
2.000000	32.000000	25.000000	778.000000	369.000000	26.000000	776.480050	377.465443	1.000000	17.063822
2.000000	33.000000	26.000000	672.000000	764.000000	65.000000	662.328725	776.692080	2.000000	17.976586
2.000000	34.000000	27.000000	664.000000	884.000000	75.000000	660.301813	875.924322	2.000000	18.583468
2.000000	35.000000	28.000000	769.000000	906.000000	76.000000	767.141494	919.770172	2.000000	19.127063
2.000000	36.000000	29.000000	755.000000	677.000000	56.000000	754.310925	681.396382	1.000000	19.958616
2.000000	37.000000	30.000000	860.000000	808.000000	67.000000	849.007427	824.843673	1.000000	20.840842
2.000000	38.000000	31.000000	983.000000	770.000000	68.000000	982.000307	779.398923	2.000000	21.239209
2.000000	39.000000	32.000000	972.000000	710.000000	58.000000	980.277608	712.603206	1.000000	22.038964
2.000000	40.000000	33.000000	1077.000000	802.000000	69.000000	1067.008416	792.988169	1.000000	22.838874
2.000000	41.000000	34.000000	1188.000000	808.000000	70.000000	1191.806101	825.948075	1.000000	23.423924
2.000000	42.000000	35.000000	1221.000000	661.000000	60.000000	1203.425263	659.718757	1.000000	23.888084
2.000000	43.000000	36.000000	1183.000000	605.000000	50.000000	1169.561716	599.448986	2.000000	24.359999
2.000000	44.000000	37.000000	1082.000000	574.000000	49.000000	1090.144152	568.486190	2.000000	24.768447
2.000000	45.000000	0.000000	1172.000000	459.000000	40.000000	1202.726859	453.517895	2.000000	25.286976
2.000000	46.000000	38.000000	1219.000000	467.000000	40.000000	1202.726859	453.517895	2.000000	25.688578
2.000000	47.000000	39.000000	991.000000	475.000000	38.000000	975.827752	482.987300	2.000000	26.544353
2.000000	48.000000	40.000000	873.000000	388.000000	27.000000	876.927517	392.827039	2.000000	27.039949
3.000000	1.000000	1.000000	217.000000	153.000000	1.000000	202.656757	143.756834	2.000000	1.268359
3.000000	2.000000	2.000000	300.000000	233.000000	12.000000	289.607349	228.980412	1.000000	1.699622
3.000000	3.000000	3.000000	452.000000	221.000000	13.000000	431.818201	235.111514	1.000000	2.116099
3.000000	4.000000	0.000000	541.000000	130.000000	4.000000	518.659092	156.208662	2.000000	2.611945
3.000000	5.000000	4.000000	532.000000	143.000000	4.000000	518.659092	156.208662	2.000000	3.011251
3.000000	6.000000	5.000000	618.000000	134.000000	5.000000	622.914957	132.075484	2.000000	3.396243
3.000000	7.000000	6.000000	640.000000	335.000000	25.000000	645.755600	341.616070	1.000000	4.228859
3.000000	8.000000	0.000000	651.000000	447.000000	35.000000	628.364496	475.065116	2.000000	4.635768
3.000000	9.000000	7.000000	633.000000	484.000000	35.000000	628.364496	475.065116	2.000000	4.917106
3.000000	10.000000	8.000000	326.000000	506.000000	32.000000	341.373971	498.619871	2.000000	5.651156
3.000000	11.000000	9.000000	304.000000	401.000000	22.000000	291.491903	383.445502	1.000000	6.250995
3.000000	12.000000	10.000000	220.000000	510.000000	31.000000	210.709268	498.177798	1.000000	6.834790
3.000000	13.000000	11.000000	199.000000	606.000000	41.000000	210.813489	592.677718	1.000000	7.171250
3.000000	14.000000	12.000000	293.000000	574.000000	42.000000	303.199474	560.760284	1.000000	7.643318
3.000000	15.000000	13.000000	331.000000	666.000000	52.000000	328.478823	667.997520	1.000000	8.052816
3.000000	16.000000	14.000000	213.000000	757.000000	61.000000	204.170167	768.509338	1.000000	8.557094
3.000000	17.000000	15.000000	282.000000	827.000000	62.000000	288.347258	810.583416	1.000000	8.997117
3.000000	18.000000	16.000000	312.000000	868.000000	72.000000	303.349309	870.085458	2.000000	9.332520
3.000000	19.000000	17.000000	194.000000	877.000000	71.000000	181.232606	896.440506	2.000000	9.691467
3.000000	20.000000	0.000000	412.000000	697.000000	53.000000	427.912346	673.517045	1.000000	10.339804
3.000000	21.000000	18.000000	424.000000	688.000000	53.000000	427.912346	673.517045	1.000000	10.868225
3.000000	22.000000	0.000000	411.000000	798.000000	63.000000	415.495812	765.079429	1.000000	11.156934
3.000000	23.000000	19.000000	413.000000	781.000000	63.000000	415.495812	765.079429	1.000000	11.595453
3.000000	24.000000	20.000000	403.000000	863.000000	73.000000	401.226950	863.385647	2.000000	12.028348
3.000000	25.000000	21.000000	537.000000	810.000000	64.000000	533.662076	814.154288	2.000000	12.484221
3.000000	26.000000	22.000000	557.000000	887.000000	74.000000	559.180271	887.620922	2.000000	12.796601
3.000000	27.000000	23.000000	653.000000	854.000000	75.000000	638.672053	861.901028	2.000000	13.084582
3.000000	28.000000	24.000000	762.000000	860.000000	76.000000	773.967911	866.945206	1.000000	13.852786
3.000000	29.000000	25.000000	972.000000	709.000000	58.000000	979.839355	712.917608	2.000000	14.380309
3.000000	30.000000	26.000000	1108.000000	747.000000	69.000000	1095.467809	756.130246	2.000000	15.731935
3.000000	31.000000	27.000000	1108.000000	700.000000	59.000000	1101.861378	718.734915	1.000000	15.979726
3.000000	32.000000	28.000000	894.000000	611.000000	47.000000	875.436655	608.185714	1.000000	16.717055
3.000000	33.000000	29.000000	881.000000	494.000000	37.000000	873.285392	488.090818	1.000000	17.275043
3.000000	34.000000	30.000000	759.000000	485.000000	36.000000	743.680301	483.047294	1.000000	17.683523
3.000000	35.000000	31.000000	992.000000	544.000000	48.000000	1000.937185	552.864936	1.000000	18.388387
3.000000	36.000000	32.000000	784.000000	153.000000	6.000000	771.601529	149.030278	2.000000	19.196079
3.000000	37.000000	33.000000	882.000000	130.000000	7.000000	872.231026	119.860559	2.000000	19.563533
3.000000	38.000000	34.000000	1074.000000	161.000000	9.000000	1079.243086	177.994592	2.000000	20.181090
3.000000	39.000000	35.000000	1183.000000	137.000000	10.000000	1184.575963	138.279104	2.000000	21.058915
3.000000	40.000000	36.000000	1215.000000	257.000000	20.000000	1207.780014	279.706973	2.000000	21.629066
3.000000	41.000000	37.000000	1175.000000	456.000000	40.000000	1183.527903	445.181815	2.000000	22.483768
3.000000	42.000000	38.000000	1110.000000	550.000000	49.000000	1098.106955	552.310001	2.000000	22.971543
3.000000	43.000000	39.000000	1226.000000	556.000000	50.000000	1216.704160	573.989555	1.000000	23.413000
3.000000	44.000000	40.000000	1214.000000	703.000000	60.000000	1218.240495	699.625193	1.000000	23.892227
4.000000	1.000000	1.000000	229.000000	136.000000	1.000000	225.745605	143.962922	2.000000	1.047782
4.000000	2.000000	2.000000	185.000000	229.000000	11.000000	178.037611	242.440021	1.000000	1.385390
4.000000	3.000000	0.000000	370.000000	170.000000	3.000000	398.518944	154.808280	1.000000	1.856259
4.000000	4.000000	3.000000	316.000000	172.000000	2.000000	334.682753	179.107493	2.000000	2.129255
4.000000	5.000000	4.000000	413.000000	155.000000	3.000000	398.518944	154.808280	1.000000	2.471878
4.000000	6.000000	5.000000	405.000000	238.000000	13.000000	401.185873	242.224070	1.000000	2.799410
4.000000	7.000000	6.000000	542.000000	123.000000	4.000000	538.815578	134.402686	2.000000	3.343967
4.000000	8.000000	7.000000	626.000000	123.000000	5.000000	631.973406	124.697053	1.000000	3.760353
4.000000	9.000000	0.000000	648.000000	337.000000	25.000000	665.876947	378.146193	1.000000	4.264663
4.000000	10.000000	8.000000	667.000000	385.000000	25.000000	665.876947	378.146193	1.000000	4.521125
4.000000	11.000000	9.000000	609.000000	468.000000	35.000000	624.379227	474.516350	1.000000	4.895235
4.000000	12.000000	0.000000	624.000000	556.000000	45.000000	619.454641	582.219712	1.000000	5.289326
4.000000	13.000000	10.000000	563.000000	572.000000	44.000000	554.416258	566.845083	1.000000	5.767285
4.000000	14.000000	11.000000	632.000000	581.000000	45.000000	619.454641	582.219712	1.000000	6.024348
4.000000	15.000000	12.000000	526.000000	472.000000	34.000000	522.007827	473.861719	2.000000	6.409470
4.000000	16.000000	13.000000	393.000000	403.000000	23.000000	405.419894	399.659219	2.000000	6.881134
4.000000	17.000000	14.000000	341.000000	483.000000	32.000000	327.776376	498.465725	2.000000	7.495981
4.000000	18.000000	15.000000	199.000000	488.000000	31.000000	179.238228	495.534730	2.000000	7.912827
4.000000	19.000000	0.000000	207.000000	778.000000	61.000000	190.202155	805.946860	2.000000	8.799447
4.000000	20.000000	16.000000	211.000000	800.000000	61.000000	190.202155	805.946860	2.000000	9.344490
4.000000	21.000000	17.000000	305.000000	807.000000	62.000000	301.304366	809.357462	2.000000	9.800004
4.000000	22.000000	18.000000	446.000000	779.000000	63.000000	435.861907	789.971046	2.000000	10.184037
4.000000	23.000000	19.000000	408.000000	686.000000	53.000000	411.996087	701.751681	1.000000	10.496713
4.000000	24.000000	20.000000	547.000000	800.000000	64.000000	551.863467	812.138215	1.000000	11.071450
4.000000	25.000000	21.000000	648.000000	774.000000	65.000000	635.958151	761.636966	1.000000	11.544285
4.000000	26.000000	22.000000	675.000000	901.000000	75.000000	665.786731	883.813536	2.000000	11.911503
4.000000	27.000000	23.000000	757.000000	580.000000	46.000000	742.917299	580.179423	2.000000	12.847455
4.000000	28.000000	24.000000	742.000000	416.000000	36.000000	747.635411	437.423961	1.000000	13.208679
4.000000	29.000000	25.000000	865.000000	494.000000	37.000000	857.335712	492.797189	1.000000	13.768344
4.000000	30.000000	26.000000	867.000000	680.000000	57.000000	863.124232	696.370938	1.000000	14.168277
4.000000	31.000000	27.000000	989.000000	819.000000	68.000000	987.474472	815.260168	1.000000	14.695761
4.000000	32.000000	28.000000	990.000000	882.000000	78.000000	990.324050	872.930104	1.000000	14.993104
4.000000	33.000000	29.000000	1067.000000	886.000000	79.000000	1072.396878	901.479029	2.000000	15.408912
4.000000	34.000000	30.000000	1109.000000	672.000000	59.000000	1108.920034	663.294999	2.000000	15.799422
4.000000	35.000000	31.000000	1191.000000	601.000000	50.000000	1182.793578	604.106301	2.000000	16.223947
4.000000	36.000000	32.000000	1204.000000	685.000000	60.000000	1200.680915	675.214963	2.000000	16.519664
4.000000	37.000000	33.000000	1075.000000	485.000000	39.000000	1057.522564	484.709348	1.000000	17.151506
4.000000	38.000000	0.000000	942.000000	467.000000	38.000000	975.456474	465.638040	2.000000	17.527375
4.000000	39.000000	34.000000	964.000000	457.000000	38.000000	975.456474	465.638040	2.000000	18.016101
4.000000	40.000000	35.000000	873.000000	377.000000	27.000000	861.025585	373.007812	2.000000	18.552877
4.000000	41.000000	0.000000	1195.000000	429.000000	40.000000	1192.135232	458.063389	1.000000	19.119522
4.000000	42.000000	36.000000	1194.000000	338.000000	30.000000	1176.523100	343.909979	2.000000	19.607555
4.000000	43.000000	37.000000	1201.000000	440.000000	40.000000	1192.135232	458.063389	1.000000	20.121361
4.000000	44.000000	38.000000	1222.000000	168.000000	10.000000	1209.554283	166.247930	1.000000	20.856160
4.000000	45.000000	39.000000	1091.000000	154.000000	9.000000	1097.243697	159.734948	2.000000	21.273422
4.000000	46.000000	40.000000	1196.000000	924.000000	80.000000	1181.820558	912.885986	1.000000	22.447570
5.000000	1.000000	1.000000	1206.000000	782.000000	70.000000	1208.799942	790.967727	2.000000	1.280583
5.000000	2.000000	2.000000	1185.000000	874.000000	80.000000	1188.410735	862.859495	2.000000	1.592954
5.000000	3.000000	3.000000	965.000000	681.000000	58.000000	979.888040	689.479128	1.000000	2.191317
5.000000	4.000000	4.000000	1188.000000	589.000000	50.000000	1210.486584	595.409516	1.000000	2.791340
5.000000	5.000000	5.000000	1077.000000	567.000000	49.000000	1064.167332	569.903044	2.000000	3.319525
5.000000	6.000000	0.000000	953.000000	528.000000	48.000000	976.453819	546.424339	2.000000	3.711540
5.000000	7.000000	6.000000	959.000000	470.000000	38.000000	954.538225	467.593903	2.000000	4.336771
5.000000	8.000000	7.000000	975.000000	548.000000	48.000000	976.453819	546.424339	2.000000	4.672094
5.000000	9.000000	8.000000	1010.000000	379.000000	28.000000	998.141352	388.323951	2.000000	5.088590
5.000000	10.000000	9.000000	1127.000000	364.000000	29.000000	1107.358266	353.313666	2.000000	5.662994
5.000000	11.000000	0.000000	1246.000000	366.000000	30.000000	1217.199685	379.889199	1.000000	6.041062
5.000000	12.000000	10.000000	1225.000000	373.000000	30.000000	1217.199685	379.889199	1.000000	6.352039
5.000000	13.000000	11.000000	1218.000000	134.000000	10.000000	1204.157995	135.116100	2.000000	6.999491
5.000000	14.000000	12.000000	836.000000	159.000000	7.000000	854.648535	155.517515	2.000000	7.647260
5.000000	15.000000	13.000000	731.000000	143.000000	6.000000	749.537736	137.220386	1.000000	8.071491
5.000000	16.000000	0.000000	646.000000	160.000000	5.000000	643.787533	186.328026	1.000000	8.527422
5.000000	17.000000	14.000000	864.000000	219.000000	17.000000	864.351651	224.977646	1.000000	9.424640
5.000000	18.000000	15.000000	661.000000	181.000000	5.000000	643.787533	186.328026	1.000000	10.143778
5.000000	19.000000	16.000000	736.000000	432.000000	36.000000	743.404876	440.091086	2.000000	10.984974
5.000000	20.000000	17.000000	861.000000	596.000000	47.000000	859.765166	583.743504	1.000000	11.601075
5.000000	21.000000	18.000000	840.000000	723.000000	57.000000	842.327472	719.176088	1.000000	12.032837
5.000000	22.000000	19.000000	733.000000	707.000000	56.000000	737.501056	714.809707	1.000000	12.624584
5.000000	23.000000	20.000000	790.000000	785.000000	66.000000	778.913412	787.532494	2.000000	13.152391
5.000000	24.000000	21.000000	876.000000	901.000000	77.000000	869.689921	897.488318	2.000000	13.592282
5.000000	25.000000	22.000000	625.000000	820.000000	65.000000	621.894910	811.921574	2.000000	14.248472
5.000000	26.000000	23.000000	643.000000	887.000000	75.000000	661.640535	899.053734	1.000000	14.591916
5.000000	27.000000	24.000000	547.000000	876.000000	74.000000	554.721719	889.466283	1.000000	15.055099
5.000000	28.000000	0.000000	522.000000	741.000000	64.000000	524.890233	802.251104	1.000000	15.398908
5.000000	29.000000	25.000000	527.000000	788.000000	64.000000	524.890233	802.251104	1.000000	15.792117
5.000000	30.000000	0.000000	692.000000	685.000000	55.000000	670.388431	706.348131	2.000000	16.240899
5.000000	31.000000	26.000000	678.000000	700.000000	55.000000	670.388431	706.348131	2.000000	16.671831
5.000000	32.000000	27.000000	452.000000	873.000000	73.000000	447.124668	875.982229	2.000000	17.359580
5.000000	33.000000	28.000000	321.000000	928.000000	72.000000	319.004715	919.484400	2.000000	17.903660
5.000000	34.000000	29.000000	309.000000	545.000000	42.000000	325.047141	562.934826	1.000000	18.742753
5.000000	35.000000	0.000000	317.000000	457.000000	32.000000	313.913731	486.249649	1.000000	19.104831
5.000000	36.000000	30.000000	313.000000	386.000000	22.000000	301.724950	395.819109	1.000000	19.577029
5.000000	37.000000	31.000000	308.000000	478.000000	32.000000	313.913731	486.249649	1.000000	19.976911
5.000000	38.000000	32.000000	234.000000	461.000000	31.000000	231.754211	465.131289	1.000000	20.431998
5.000000	39.000000	33.000000	210.000000	857.000000	71.000000	207.560085	865.461859	1.000000	21.175845
5.000000	40.000000	34.000000	534.000000	580.000000	44.000000	546.472392	582.336194	1.000000	21.896885
5.000000	41.000000	35.000000	544.000000	492.000000	34.000000	546.335610	479.766752	1.000000	22.256433
5.000000	42.000000	0.000000	675.000000	476.000000	35.000000	637.036540	473.068628	1.000000	22.727400
5.000000	43.000000	36.000000	193.000000	335.000000	21.000000	178.336894	339.591863	2.000000	23.655105
5.000000	44.000000	0.000000	189.000000	264.000000	11.000000	181.769139	235.830791	2.000000	24.224348
5.000000	45.000000	0.000000	207.000000	208.000000	11.000000	181.769139	235.830791	2.000000	24.848564
5.000000	46.000000	37.000000	183.000000	236.000000	11.000000	181.769139	235.830791	2.000000	25.191804
5.000000	47.000000	38.000000	294.000000	157.000000	2.000000	288.443893	167.728275	2.000000	25.975887
5.000000	48.000000	39.000000	322.000000	242.000000	12.000000	315.468048	246.967677	2.000000	26.519563
5.000000	49.000000	40.000000	635.000000	475.000000	35.000000	637.036540	473.068628	1.000000	28.144516
6.000000	1.000000	1.000000	175.000000	458.000000	31.000000	187.295797	453.574943	1.000000	1.243038
6.000000	2.000000	0.000000	239.000000	219.000000	11.000000	224.546292	250.681378	1.000000	1.947808
6.000000	3.000000	2.000000	208.000000	188.000000	1.000000	210.528652	178.554236	2.000000	2.531687
6.000000	4.000000	3.000000	214.000000	247.000000	11.000000	224.546292	250.681378	1.000000	2.905942
6.000000	5.000000	4.000000	324.000000	191.000000	2.000000	331.838155	172.767360	1.000000	3.371524
6.000000	6.000000	5.000000	324.000000	251.000000	12.000000	319.444793	252.218469	1.000000	3.842120
6.000000	7.000000	0.000000	342.000000	351.000000	22.000000	330.068612	372.973645	1.000000	4.282128
6.000000	8.000000	6.000000	443.000000	231.000000	13.000000	448.590942	224.660694	1.000000	4.913668
6.000000	9.000000	7.000000	344.000000	368.000000	22.000000	330.068612	372.973645	1.000000	5.723532
6.000000	10.000000	8.000000	430.000000	461.000000	33.000000	422.694232	471.367093	2.000000	6.315893
6.000000	11.000000	9.000000	431.000000	569.000000	43.000000	429.630661	567.276521	2.000000	6.978358
6.000000	12.000000	10.000000	349.000000	566.000000	42.000000	341.146664	568.727129	2.000000	7.459135
6.000000	13.000000	11.000000	222.000000	887.000000	71.000000	218.597945	889.680670	2.000000	8.722028
6.000000	14.000000	12.000000	407.000000	820.000000	63.000000	411.297614	821.491332	2.000000	9.257670
6.000000	15.000000	13.000000	442.000000	680.000000	53.000000	440.606319	692.043205	1.000000	10.097913
6.000000	16.000000	14.000000	529.000000	667.000000	54.000000	521.016455	672.016633	1.000000	10.490634
6.000000	17.000000	15.000000	510.000000	598.000000	44.000000	515.630116	612.367520	1.000000	10.770372
6.000000	18.000000	16.000000	561.000000	881.000000	74.000000	561.317980	891.923113	2.000000	11.507359
6.000000	19.000000	17.000000	651.000000	871.000000	75.000000	652.967631	861.353822	2.000000	11.881792
6.000000	20.000000	18.000000	739.000000	818.000000	66.000000	753.117629	821.501319	2.000000	12.307069
6.000000	21.000000	19.000000	759.000000	881.000000	76.000000	759.117563	877.583325	2.000000	12.593538
6.000000	22.000000	20.000000	513.000000	400.000000	24.000000	513.336909	391.257575	1.000000	13.514588
6.000000	23.000000	21.000000	770.000000	346.000000	26.000000	777.033828	350.236425	1.000000	14.169783
6.000000	24.000000	22.000000	667.000000	270.000000	15.000000	667.644385	274.971226	2.000000	15.075313
6.000000	25.000000	23.000000	622.000000	134.000000	5.000000	620.354715	140.964565	2.000000	15.881988
6.000000	26.000000	24.000000	751.000000	136.000000	6.000000	731.694494	140.284319	2.000000	16.545878
6.000000	27.000000	25.000000	826.000000	142.000000	7.000000	840.177596	149.199921	2.000000	17.042646
6.000000	28.000000	26.000000	877.000000	264.000000	17.000000	870.262746	263.613696	2.000000	17.651681
6.000000	29.000000	27.000000	969.000000	359.000000	28.000000	967.754380	352.631450	2.000000	18.035883
6.000000	30.000000	28.000000	1074.000000	286.000000	19.000000	1083.929589	275.806940	2.000000	18.411349
6.000000	31.000000	29.000000	1192.000000	248.000000	20.000000	1204.007304	240.047413	2.000000	19.073771
6.000000	32.000000	30.000000	1102.000000	358.000000	29.000000	1087.889970	354.967970	1.000000	19.723502
6.000000	33.000000	31.000000	1095.000000	458.000000	39.000000	1084.720098	476.203076	1.000000	20.145816
6.000000	34.000000	32.000000	1101.000000	572.000000	49.000000	1107.905120	569.170503	1.000000	20.627851
6.000000	35.000000	33.000000	961.000000	496.000000	38.000000	961.422502	487.794289	1.000000	21.131866
6.000000	36.000000	34.000000	851.000000	584.000000	47.000000	865.648959	598.411631	1.000000	21.722803
6.000000	37.000000	35.000000	978.000000	677.000000	58.000000	973.118013	689.802692	2.000000	22.259482
6.000000	38.000000	36.000000	1069.000000	867.000000	79.000000	1078.887489	876.765398	2.000000	22.931878
6.000000	39.000000	37.000000	988.000000	804.000000	68.000000	978.293225	784.948952	1.000000	23.386663
6.000000	40.000000	38.000000	967.000000	902.000000	78.000000	971.326661	898.334407	1.000000	23.771851
6.000000	41.000000	0.000000	896.000000	906.000000	77.000000	878.580612	924.294989	1.000000	24.129919
6.000000	42.000000	39.000000	890.000000	912.000000	77.000000	878.580612	924.294989	1.000000	24.500007
6.000000	43.000000	40.000000	1208.000000	799.000000	70.000000	1219.382937	808.243697	1.000000	25.386538
7.000000	1.000000	1.000000	324.000000	126.000000	2.000000	332.074405	121.569235	2.000000	1.209181
7.000000	2.000000	2.000000	313.000000	265.000000	12.000000	319.473913	252.703485	2.000000	1.666368
7.000000	3.000000	3.000000	191.000000	230.000000	11.000000	197.551102	225.765113	2.000000	2.289755
7.000000	4.000000	4.000000	222.000000	360.000000	21.000000	224.926955	382.655569	2.000000	2.976881
7.000000	5.000000	5.000000	294.000000	362.000000	22.000000	291.659632	367.429865	1.000000	3.369593
7.000000	6.000000	6.000000	334.000000	470.000000	32.000000	317.243206	479.460727	2.000000	3.865841
7.000000	7.000000	7.000000	207.000000	496.000000	31.000000	210.911456	497.983297	1.000000	4.521438
7.000000	8.000000	8.000000	212.000000	545.000000	41.000000	209.051642	545.446168	1.000000	4.802119
7.000000	9.000000	9.000000	326.000000	806.000000	62.000000	332.432320	814.551715	2.000000	5.920965
7.000000	10.000000	10.000000	322.000000	881.000000	72.000000	324.530691	883.327524	1.000000	6.258346
7.000000	11.000000	11.000000	179.000000	927.000000	71.000000	181.322299	924.442254	1.000000	6.898384
7.000000	12.000000	12.000000	409.000000	845.000000	73.000000	413.175603	862.315009	2.000000	7.490269
7.000000	13.000000	13.000000	524.000000	694.000000	54.000000	532.061980	704.754907	2.000000	8.224878
7.000000	14.000000	14.000000	538.000000	591.000000	44.000000	549.965663	610.970393	2.000000	8.625629
7.000000	15.000000	15.000000	448.000000	553.000000	43.000000	430.544728	560.658952	2.000000	9.122407
7.000000	16.000000	16.000000	520.000000	429.000000	34.000000	509.498041	447.075498	2.000000	9.792430
7.000000	17.000000	17.000000	553.000000	371.000000	24.000000	541.701317	387.714983	2.000000	10.072471
7.000000	18.000000	18.000000	523.000000	216.000000	14.000000	523.927267	225.861954	2.000000	10.584647
7.000000	19.000000	19.000000	524.000000	177.000000	4.000000	524.717627	172.805551	2.000000	10.865819
7.000000	20.000000	20.000000	659.000000	442.000000	35.000000	665.388881	441.864235	2.000000	11.464747
7.000000	21.000000	21.000000	742.000000	297.000000	16.000000	759.245209	287.906206	2.000000	11.945596
7.000000	22.000000	0.000000	855.000000	359.000000	27.000000	880.344115	362.862498	2.000000	12.545095
7.000000	23.000000	22.000000	947.000000	381.000000	28.000000	949.253485	389.373447	1.000000	13.290245
7.000000	24.000000	23.000000	875.000000	357.000000	27.000000	880.344115	362.862498	2.000000	13.641602
7.000000	25.000000	24.000000	841.000000	285.000000	17.000000	844.506135	278.395073	1.000000	14.065985
7.000000	26.000000	25.000000	736.000000	370.000000	26.000000	732.984189	365.054095	1.000000	14.642022
7.000000	27.000000	26.000000	784.000000	588.000000	46.000000	773.292107	590.276056	1.000000	15.281735
7.000000	28.000000	27.000000	637.000000	697.000000	55.000000	646.975155	701.143007	1.000000	16.329983
7.000000	29.000000	28.000000	628.000000	791.000000	65.000000	620.405097	789.038603	1.000000	16.872354
7.000000	30.000000	29.000000	858.000000	784.000000	67.000000	845.911113	788.666316	1.000000	17.352435
7.000000	31.000000	30.000000	876.000000	541.000000	47.000000	879.605213	542.672472	1.000000	18.178332
7.000000	32.000000	0.000000	937.000000	426.000000	38.000000	954.637275	454.657885	2.000000	18.600478
7.000000	33.000000	31.000000	946.000000	452.000000	38.000000	954.637275	454.657885	2.000000	18.938206
7.000000	34.000000	32.000000	971.000000	708.000000	58.000000	974.974082	709.512101	2.000000	19.665321
7.000000	35.000000	33.000000	1072.000000	812.000000	69.000000	1068.721707	817.974717	1.000000	20.330105
7.000000	36.000000	34.000000	1168.000000	587.000000	50.000000	1175.597479	582.615955	1.000000	21.016808
7.000000	37.000000	0.000000	1212.000000	436.000000	40.000000	1207.838408	466.212671	1.000000	21.489820
7.000000	38.000000	35.000000	1202.000000	472.000000	40.000000	1207.838408	466.212671	1.000000	21.864978
7.000000	39.000000	36.000000	1176.000000	401.000000	30.000000	1174.745366	390.354480	1.000000	22.369147
7.000000	40.000000	37.000000	1197.000000	269.000000	20.000000	1189.564727	263.106582	1.000000	22.897452
7.000000	41.000000	38.000000	1218.000000	169.000000	10.000000	1217.460922	167.185528	2.000000	23.281826
7.000000	42.000000	39.000000	1070.000000	232.000000	19.000000	1072.253050	245.869278	1.000000	23.921041
7.000000	43.000000	40.000000	995.000000	179.000000	8.000000	987.601219	172.436082	1.000000	24.289652
8.000000	1.000000	1.000000	309.000000	155.000000	2.000000	311.478857	146.259695	1.000000	0.893182
8.000000	2.000000	2.000000	180.000000	116.000000	1.000000	178.296801	117.957796	2.000000	1.621081
8.000000	3.000000	3.000000	296.000000	282.000000	12.000000	293.929467	291.123269	1.000000	2.166874
8.000000	4.000000	4.000000	238.000000	352.000000	21.000000	229.586103	337.804895	1.000000	2.605266
8.000000	5.000000	5.000000	165.000000	460.000000	31.000000	177.551917	460.107526	2.000000	3.375131
8.000000	6.000000	6.000000	360.000000	480.000000	32.000000	340.236546	487.235647	2.000000	4.055076
8.000000	7.000000	7.000000	351.000000	538.000000	42.000000	333.780954	545.750747	2.000000	4.598527
8.000000	8.000000	8.000000	224.000000	782.000000	61.000000	227.533293	799.511808	1.000000	5.325409
8.000000	9.000000	9.000000	203.000000	864.000000	71.000000	195.725418	862.569132	1.000000	5.678012
8.000000	10.000000	10.000000	330.000000	886.000000	72.000000	335.280255	903.085248	1.000000	6.158124
8.000000	11.000000	11.000000	392.000000	923.000000	73.000000	414.564857	922.275144	2.000000	6.494901
8.000000	12.000000	12.000000	454.000000	801.000000	63.000000	448.297014	781.668019	1.000000	6.927114
8.000000	13.000000	0.000000	527.000000	766.000000	64.000000	552.010195	758.988159	1.000000	7.375041
8.000000	14.000000	13.000000	557.000000	761.000000	64.000000	552.010195	758.988159	1.000000	7.782757
8.000000	15.000000	14.000000	569.000000	904.000000	74.000000	561.755346	915.048574	2.000000	8.389111
8.000000	16.000000	15.000000	620.000000	883.000000	75.000000	624.208821	878.975495	2.000000	8.757982
8.000000	17.000000	16.000000	664.000000	765.000000	65.000000	652.016277	770.804470	2.000000	9.333004
8.000000	18.000000	17.000000	573.000000	651.000000	54.000000	555.135337	649.877238	2.000000	9.973083
8.000000	19.000000	18.000000	548.000000	478.000000	34.000000	543.607843	474.834606	1.000000	10.479092
8.000000	20.000000	19.000000	656.000000	456.000000	35.000000	646.217487	447.451127	2.000000	10.885396
8.000000	21.000000	20.000000	542.000000	169.000000	4.000000	553.959230	162.770492	1.000000	11.565306
8.000000	22.000000	21.000000	760.000000	160.000000	6.000000	778.010767	160.443093	2.000000	12.293244
8.000000	23.000000	22.000000	972.000000	169.000000	8.000000	972.794986	160.871238	2.000000	13.423110
8.000000	24.000000	23.000000	1089.000000	161.000000	9.000000	1076.515898	169.185996	1.000000	14.109450
8.000000	25.000000	24.000000	1184.000000	128.000000	10.000000	1189.076195	131.780234	2.000000	14.598951
8.000000	26.000000	0.000000	1197.000000	287.000000	20.000000	1199.910097	260.103477	1.000000	15.285426
8.000000	27.000000	25.000000	1194.000000	458.000000	40.000000	1187.226411	457.892689	1.000000	16.021700
8.000000	28.000000	26.000000	1211.000000	246.000000	20.000000	1199.910097	260.103477	1.000000	16.550555
8.000000	29.000000	27.000000	1071.000000	456.000000	39.000000	1064.739505	478.895686	2.000000	17.254627
8.000000	30.000000	28.000000	962.000000	489.000000	38.000000	960.388505	491.301384	2.000000	17.878362
8.000000	31.000000	29.000000	906.000000	457.000000	37.000000	886.990304	465.071780	2.000000	18.494802
8.000000	32.000000	30.000000	840.000000	382.000000	27.000000	844.071129	394.238061	2.000000	18.941197
8.000000	33.000000	31.000000	764.000000	566.000000	46.000000	758.256702	566.986369	2.000000	19.550283
8.000000	34.000000	32.000000	859.000000	580.000000	47.000000	845.468501	583.222966	1.000000	20.150282
8.000000	35.000000	33.000000	974.000000	658.000000	58.000000	956.957905	666.830075	2.000000	20.822933
8.000000	36.000000	34.000000	879.000000	758.000000	67.000000	877.837557	761.236995	1.000000	21.429603
8.000000	37.000000	35.000000	741.000000	786.000000	66.000000	732.366225	778.607640	1.000000	22.255134
8.000000	38.000000	0.000000	758.000000	855.000000	76.000000	757.497552	888.577195	1.000000	22.733863
8.000000	39.000000	36.000000	760.000000	891.000000	76.000000	757.497552	888.577195	1.000000	23.077092
8.000000	40.000000	37.000000	969.000000	893.000000	78.000000	989.105295	892.940085	1.000000	23.693786
8.000000	41.000000	38.000000	1064.000000	912.000000	79.000000	1069.224768	927.367700	2.000000	24.357696
8.000000	42.000000	39.000000	1201.000000	869.000000	80.000000	1192.356950	864.758296	1.000000	24.804924
8.000000	43.000000	40.000000	1189.000000	692.000000	60.000000	1193.000864	709.554897	1.000000	25.645692
9.000000	1.000000	1.000000	234.000000	147.000000	1.000000	217.396820	131.984217	2.000000	0.985061
9.000000	2.000000	2.000000	303.000000	180.000000	2.000000	300.236171	156.284971	2.000000	1.370033
9.000000	3.000000	3.000000	316.000000	234.000000	12.000000	319.424694	246.188657	2.000000	1.842274
9.000000	4.000000	4.000000	392.000000	138.000000	3.000000	398.919441	131.896793	1.000000	2.265067
9.000000	5.000000	5.000000	508.000000	238.000000	14.000000	514.290292	239.858854	2.000000	2.793954
9.000000	6.000000	6.000000	203.000000	358.000000	21.000000	193.955370	370.503760	2.000000	3.441509
9.000000	7.000000	7.000000	202.000000	471.000000	31.000000	188.188142	485.642823	2.000000	3.737608
9.000000	8.000000	8.000000	198.000000	560.000000	41.000000	196.661701	555.900274	2.000000	4.051001
9.000000	9.000000	9.000000	307.000000	501.000000	32.000000	297.336808	489.138916	2.000000	4.601992
9.000000	10.000000	10.000000	432.000000	486.000000	33.000000	411.504248	484.074897	1.000000	4.905224
9.000000	11.000000	0.000000	503.000000	341.000000	24.000000	510.326476	365.199861	1.000000	5.305658
9.000000	12.000000	11.000000	625.000000	356.000000	25.000000	623.356348	356.171328	2.000000	5.786487
9.000000	13.000000	12.000000	513.000000	354.000000	24.000000	510.326476	365.199861	1.000000	6.154350
9.000000	14.000000	13.000000	532.000000	547.000000	44.000000	526.881065	562.347623	2.000000	6.642982
9.000000	15.000000	14.000000	505.000000	649.000000	54.000000	513.614627	652.792497	1.000000	7.145335
9.000000	16.000000	15.000000	446.000000	671.000000	53.000000	450.667700	676.232312	1.000000	7.393774
9.000000	17.000000	0.000000	438.000000	780.000000	63.000000	416.320574	794.221787	1.000000	7.906010
9.000000	18.000000	0.000000	543.000000	787.000000	64.000000	514.671890	792.160901	1.000000	8.275111
9.000000	19.000000	16.000000	490.000000	791.000000	64.000000	514.671890	792.160901	1.000000	8.570790
9.000000	20.000000	17.000000	415.000000	787.000000	63.000000	416.320574	794.221787	1.000000	8.882553
9.000000	21.000000	18.000000	205.000000	678.000000	51.000000	226.360731	676.341233	1.000000	9.730483
9.000000	22.000000	19.000000	210.000000	785.000000	61.000000	209.745757	802.370449	1.000000	10.227059
9.000000	23.000000	20.000000	324.000000	804.000000	62.000000	306.208274	793.720196	2.000000	10.841092
9.000000	24.000000	21.000000	325.000000	909.000000	72.000000	312.066087	914.211528	2.000000	11.234903
9.000000	25.000000	22.000000	830.000000	810.000000	67.000000	851.654882	807.031618	1.000000	12.337030
9.000000	26.000000	23.000000	850.000000	859.000000	77.000000	858.661768	880.663900	2.000000	12.777439
9.000000	27.000000	24.000000	988.000000	914.000000	78.000000	977.831177	928.195086	2.000000	13.211330
9.000000	28.000000	25.000000	1072.000000	896.000000	79.000000	1078.337079	901.714221	2.000000	13.625955
9.000000	29.000000	26.000000	1196.000000	903.000000	80.000000	1206.572669	907.992738	2.000000	14.099167
9.000000	30.000000	27.000000	1221.000000	795.000000	70.000000	1214.790621	799.554626	1.000000	14.529855
9.000000	31.000000	0.000000	1184.000000	658.000000	60.000000	1187.318758	695.659047	2.000000	14.897756
9.000000	32.000000	28.000000	1182.000000	604.000000	50.000000	1172.640376	598.855589	2.000000	15.427060
9.000000	33.000000	29.000000	1187.000000	719.000000	60.000000	1187.318758	695.659047	2.000000	15.874727
9.000000	34.000000	30.000000	958.000000	685.000000	58.000000	951.827519	676.042839	1.000000	16.746417
9.000000	35.000000	31.000000	734.000000	571.000000	46.000000	735.273800	584.518922	1.000000	17.378866
9.000000	36.000000	32.000000	889.000000	489.000000	37.000000	892.474162	494.538760	1.000000	18.033774
9.000000	37.000000	33.000000	999.000000	485.000000	38.000000	980.191481	488.181455	1.000000	18.378073
9.000000	38.000000	34.000000	954.000000	377.000000	28.000000	948.333711	384.166630	1.000000	19.041801
9.000000	39.000000	35.000000	874.000000	367.000000	27.000000	856.972442	369.555099	2.000000	19.458115
9.000000	40.000000	0.000000	1078.000000	441.000000	39.000000	1057.581860	459.693665	2.000000	20.251210
9.000000	41.000000	36.000000	1103.000000	360.000000	29.000000	1107.338702	352.919866	1.000000	20.650990
9.000000	42.000000	37.000000	1059.000000	458.000000	39.000000	1057.581860	459.693665	2.000000	21.058056
9.000000	43.000000	38.000000	761.000000	282.000000	16.000000	746.825823	265.878539	1.000000	21.626969
9.000000	44.000000	39.000000	1068.000000	181.000000	9.000000	1062.479704	181.283615	1.000000	22.506986
9.000000	45.000000	40.000000	1221.000000	210.000000	20.000000	1216.885152	225.926306	1.000000	23.154920
10.000000	1.000000	1.000000	429.000000	257.000000	13.000000	435.296717	261.186754	2.000000	0.880603
10.000000	2.000000	2.000000	409.000000	339.000000	23.000000	427.099166	330.877164	1.000000	1.255704
10.000000	3.000000	3.000000	323.000000	374.000000	22.000000	328.300267	390.282274	1.000000	1.878916
10.000000	4.000000	4.000000	516.000000	286.000000	14.000000	517.274802	269.350914	1.000000	2.431036
10.000000	5.000000	5.000000	534.000000	352.000000	24.000000	530.379933	346.046234	1.000000	2.784678
10.000000	6.000000	6.000000	649.000000	271.000000	15.000000	658.163652	273.868555	2.000000	3.384258
10.000000	7.000000	7.000000	299.000000	429.000000	32.000000	299.073942	447.814253	2.000000	4.062780
10.000000	8.000000	8.000000	192.000000	298.000000	11.000000	181.014925	292.986668	1.000000	4.496861
10.000000	9.000000	9.000000	222.000000	559.000000	41.000000	215.480031	569.170345	2.000000	5.160137
10.000000	10.000000	10.000000	206.000000	669.000000	51.000000	192.512468	675.429661	1.000000	6.079552
10.000000	11.000000	11.000000	194.000000	851.000000	71.000000	198.353548	861.410514	1.000000	6.713059
10.000000	12.000000	12.000000	318.000000	820.000000	62.000000	309.978690	812.191615	2.000000	7.160892
10.000000	13.000000	0.000000	429.000000	640.000000	53.000000	419.169977	686.984781	2.000000	7.831641
10.000000	14.000000	0.000000	448.000000	532.000000	43.000000	436.588297	559.591181	2.000000	8.256178
10.000000	15.000000	13.000000	443.000000	551.000000	43.000000	436.588297	559.591181	2.000000	8.584049
10.000000	16.000000	14.000000	424.000000	681.000000	53.000000	419.169977	686.984781	2.000000	9.254765
10.000000	17.000000	15.000000	661.000000	807.000000	65.000000	648.709726	812.417664	2.000000	9.808829
10.000000	18.000000	16.000000	654.000000	915.000000	75.000000	664.412218	912.667080	2.000000	10.256164
10.000000	19.000000	17.000000	764.000000	541.000000	46.000000	770.319024	546.174617	2.000000	11.224862
10.000000	20.000000	18.000000	861.000000	461.000000	37.000000	858.312988	459.256775	2.000000	11.623238
10.000000	21.000000	19.000000	739.000000	443.000000	36.000000	744.101050	458.034592	1.000000	12.031659
10.000000	22.000000	20.000000	638.000000	688.000000	55.000000	631.832894	695.774754	1.000000	12.695960
10.000000	23.000000	21.000000	555.000000	771.000000	64.000000	540.310288	778.812640	1.000000	13.303461
10.000000	24.000000	22.000000	743.000000	913.000000	76.000000	746.307111	924.618015	1.000000	13.863713
10.000000	25.000000	23.000000	881.000000	758.000000	67.000000	878.881212	759.904567	1.000000	14.623360
10.000000	26.000000	24.000000	982.000000	588.000000	48.000000	990.628142	589.881237	1.000000	15.383459
10.000000	27.000000	25.000000	1084.000000	753.000000	69.000000	1088.874763	770.160400	1.000000	16.024408
10.000000	28.000000	26.000000	1174.000000	752.000000	70.000000	1182.671227	763.604954	1.000000	16.487512
10.000000	29.000000	27.000000	1200.000000	873.000000	80.000000	1195.917966	874.594645	1.000000	16.952816
10.000000	30.000000	28.000000	1216.000000	549.000000	50.000000	1215.078957	544.133371	1.000000	17.640362
10.000000	31.000000	29.000000	980.000000	241.000000	18.000000	963.440828	233.181643	1.000000	18.519333
10.000000	32.000000	30.000000	995.000000	191.000000	8.000000	997.034687	177.457198	1.000000	18.888867
10.000000	33.000000	31.000000	865.000000	141.000000	7.000000	878.341454	140.057074	1.000000	19.503015
10.000000	34.000000	0.000000	1081.000000	156.000000	9.000000	1109.738006	160.766251	2.000000	20.016087
10.000000	35.000000	0.000000	1156.000000	204.000000	20.000000	1173.987303	234.382942	2.000000	20.479697
10.000000	36.000000	32.000000	1179.000000	229.000000	20.000000	1173.987303	234.382942	2.000000	21.176535
10.000000	37.000000	33.000000	1120.000000	156.000000	9.000000	1109.738006	160.766251	2.000000	21.583065
10.000000	38.000000	34.000000	1073.000000	278.000000	19.000000	1079.051707	280.751295	2.000000	22.248313
10.000000	39.000000	35.000000	1118.000000	447.000000	39.000000	1112.285251	470.722402	2.000000	22.815881
10.000000	40.000000	36.000000	1174.000000	475.000000	40.000000	1173.419757	476.598037	2.000000	23.416176
10.000000	41.000000	37.000000	1134.000000	587.000000	49.000000	1111.819344	591.996676	2.000000	23.928149
10.000000	42.000000	38.000000	982.000000	669.000000	58.000000	995.190447	685.090009	2.000000	24.527262
10.000000	43.000000	39.000000	1086.000000	901.000000	79.000000	1078.676985	902.428792	2.000000	25.183304
10.000000	44.000000	40.000000	998.000000	486.000000	38.000000	990.521631	490.122811	2.000000	25.840792
11.000000	1.000000	0.000000	351.000000	117.000000	2.000000	326.219161	137.795065	2.000000	0.803297
11.000000	2.000000	1.000000	320.000000	134.000000	2.000000	326.219161	137.795065	2.000000	1.571070
11.000000	3.000000	2.000000	414.000000	165.000000	3.000000	427.391643	174.177792	2.000000	2.075927
11.000000	4.000000	3.000000	540.000000	142.000000	4.000000	521.204984	130.650616	2.000000	2.556228
11.000000	5.000000	4.000000	551.000000	333.000000	24.000000	549.306605	345.811306	1.000000	3.378606
11.000000	6.000000	5.000000	448.000000	346.000000	23.000000	429.773865	362.478162	1.000000	3.786536
11.000000	7.000000	6.000000	197.000000	377.000000	21.000000	184.861106	379.171793	2.000000	4.468399
11.000000	8.000000	7.000000	336.000000	497.000000	32.000000	328.107733	502.278128	2.000000	4.924251
11.000000	9.000000	8.000000	452.000000	586.000000	43.000000	452.330405	573.030255	2.000000	5.492296
11.000000	10.000000	9.000000	529.000000	553.000000	44.000000	529.366661	543.027902	2.000000	5.892462
11.000000	11.000000	10.000000	522.000000	683.000000	54.000000	520.301958	684.548281	2.000000	6.396238
11.000000	12.000000	11.000000	331.000000	702.000000	52.000000	334.387571	713.228186	2.000000	6.954586
11.000000	13.000000	12.000000	186.000000	603.000000	41.000000	181.943088	597.454485	1.000000	7.644088
11.000000	14.000000	13.000000	198.000000	699.000000	51.000000	201.804137	701.618953	1.000000	8.011952
11.000000	15.000000	14.000000	207.000000	748.000000	61.000000	206.983603	765.679372	1.000000	8.370779
11.000000	16.000000	15.000000	351.000000	923.000000	72.000000	338.722315	926.537041	2.000000	9.556273
11.000000	17.000000	16.000000	565.000000	900.000000	74.000000	562.438571	897.096922	2.000000	10.044328
11.000000	18.000000	17.000000	659.000000	721.000000	55.000000	661.291413	715.025385	2.000000	10.786901
11.000000	19.000000	18.000000	661.000000	788.000000	65.000000	666.429156	810.229389	1.000000	11.156756
11.000000	20.000000	0.000000	733.000000	687.000000	56.000000	740.081587	715.664797	1.000000	11.667730
11.000000	21.000000	19.000000	740.000000	707.000000	56.000000	740.081587	715.664797	1.000000	11.963936
11.000000	22.000000	20.000000	750.000000	566.000000	46.000000	736.346737	580.663121	1.000000	12.379413
11.000000	23.000000	21.000000	628.000000	581.000000	45.000000	635.950447	571.968076	1.000000	12.843143
11.000000	24.000000	22.000000	768.000000	755.000000	66.000000	778.649571	763.390185	2.000000	13.539608
11.000000	25.000000	0.000000	828.000000	751.000000	67.000000	857.929996	756.853204	1.000000	13.938577
11.000000	26.000000	23.000000	865.000000	749.000000	67.000000	857.929996	756.853204	1.000000	14.418688
11.000000	27.000000	0.000000	761.000000	315.000000	26.000000	764.719485	350.163973	2.000000	15.547916
11.000000	28.000000	24.000000	779.000000	357.000000	26.000000	764.719485	350.163973	2.000000	15.835172
11.000000	29.000000	25.000000	762.000000	186.000000	6.000000	754.741664	186.884777	1.000000	16.548614
11.000000	30.000000	26.000000	855.000000	150.000000	7.000000	870.964191	145.911313	1.000000	17.131316
11.000000	31.000000	27.000000	894.000000	246.000000	17.000000	891.158950	259.738013	2.000000	17.611173
11.000000	32.000000	28.000000	1000.000000	184.000000	8.000000	995.632892	172.036044	2.000000	18.083570
11.000000	33.000000	29.000000	1106.000000	143.000000	9.000000	1107.573355	132.917824	1.000000	18.531027
11.000000	34.000000	30.000000	1197.000000	351.000000	30.000000	1189.327017	357.864953	1.000000	19.404368
11.000000	35.000000	31.000000	1071.000000	356.000000	29.000000	1070.703521	363.353498	1.000000	19.875746
11.000000	36.000000	0.000000	1009.000000	399.000000	28.000000	983.760539	396.169778	1.000000	20.275108
11.000000	37.000000	32.000000	1224.000000	501.000000	40.000000	1218.868663	504.563345	2.000000	20.780697
11.000000	38.000000	33.000000	999.000000	413.000000	28.000000	983.760539	396.169778	1.000000	21.291159
11.000000	39.000000	34.000000	1070.000000	654.000000	59.000000	1080.268977	658.694662	2.000000	22.106731
11.000000	40.000000	35.000000	999.000000	658.000000	58.000000	999.876323	661.814841	2.000000	22.772700
11.000000	41.000000	36.000000	1198.000000	695.000000	60.000000	1192.134655	700.603924	2.000000	23.363514
11.000000	42.000000	37.000000	1125.000000	775.000000	69.000000	1110.205112	777.897947	1.000000	23.835696
11.000000	43.000000	38.000000	1211.000000	870.000000	80.000000	1209.638245	878.264080	1.000000	24.347627
11.000000	44.000000	39.000000	1089.000000	938.000000	79.000000	1085.072464	927.151496	1.000000	24.778831
11.000000	45.000000	40.000000	986.000000	885.000000	78.000000	996.065470	877.202395	1.000000	25.188640
12.000000	1.000000	0.000000	345.000000	154.000000	2.000000	310.341923	159.327176	2.000000	1.223346
12.000000	2.000000	1.000000	287.000000	162.000000	2.000000	310.341923	159.327176	2.000000	1.525816
12.000000	3.000000	0.000000	219.000000	208.000000	11.000000	206.571783	238.692523	2.000000	2.039489
12.000000	4.000000	2.000000	214.000000	221.000000	11.000000	206.571783	238.692523	2.000000	2.278492
12.000000	5.000000	3.000000	430.000000	275.000000	13.000000	433.192061	292.615895	2.000000	3.151047
12.000000	6.000000	4.000000	408.000000	337.000000	23.000000	400.657987	349.597843	2.000000	3.709740
12.000000	7.000000	5.000000	298.000000	347.000000	22.000000	306.395961	362.126820	2.000000	4.142374
12.000000	8.000000	6.000000	182.000000	495.000000	31.000000	182.659400	493.438809	2.000000	4.878142
12.000000	9.000000	7.000000	312.000000	498.000000	32.000000	325.589958	500.256078	2.000000	5.359596
12.000000	10.000000	8.000000	520.000000	464.000000	34.000000	521.179028	469.671287	2.000000	6.302309
12.000000	11.000000	9.000000	430.000000	433.000000	33.000000	426.543122	437.105029	1.000000	6.790503
12.000000	12.000000	10.000000	515.000000	279.000000	14.000000	507.716825	293.925774	1.000000	7.511632
12.000000	13.000000	11.000000	660.000000	254.000000	15.000000	653.210458	249.194358	1.000000	8.069802
12.000000	14.000000	0.000000	670.000000	87.000000	5.000000	651.465650	120.314793	1.000000	8.533744
12.000000	15.000000	12.000000	661.000000	106.000000	5.000000	651.465650	120.314793	1.000000	8.790451
12.000000	16.000000	13.000000	764.000000	121.000000	6.000000	742.223283	122.242426	1.000000	9.535812
12.000000	17.000000	14.000000	674.000000	367.000000	25.000000	667.551507	379.676385	1.000000	10.351209
12.000000	18.000000	15.000000	864.000000	189.000000	7.000000	872.775321	183.763035	2.000000	11.157592
12.000000	19.000000	16.000000	869.000000	270.000000	17.000000	881.272282	254.893913	1.000000	11.479059
12.000000	20.000000	17.000000	963.000000	131.000000	8.000000	965.768932	134.911480	1.000000	12.191061
12.000000	21.000000	18.000000	1093.000000	244.000000	19.000000	1086.936354	266.845164	1.000000	12.991326
12.000000	22.000000	19.000000	1175.000000	157.000000	10.000000	1171.629544	144.497345	2.000000	13.486679
12.000000	23.000000	20.000000	1103.000000	358.000000	29.000000	1105.072245	372.394292	2.000000	14.334961
12.000000	24.000000	21.000000	987.000000	391.000000	28.000000	969.621930	392.911235	2.000000	14.926014
12.000000	25.000000	22.000000	1109.000000	499.000000	39.000000	1112.306147	498.860756	1.000000	15.519740
12.000000	26.000000	23.000000	667.000000	507.000000	35.000000	663.190670	498.751976	2.000000	16.679556
12.000000	27.000000	24.000000	739.000000	569.000000	46.000000	728.442709	560.686200	2.000000	17.143573
12.000000	28.000000	25.000000	229.000000	551.000000	41.000000	232.478922	553.119932	1.000000	17.813962
12.000000	29.000000	26.000000	341.000000	672.000000	52.000000	341.684444	676.006477	1.000000	18.614672
12.000000	30.000000	27.000000	431.000000	666.000000	53.000000	412.018852	672.544371	1.000000	18.974876
12.000000	31.000000	28.000000	319.000000	784.000000	62.000000	324.378183	796.838454	2.000000	19.774517
12.000000	32.000000	29.000000	558.000000	770.000000	64.000000	548.398684	769.363472	2.000000	20.270408
12.000000	33.000000	30.000000	748.000000	678.000000	56.000000	737.014519	675.820294	2.000000	20.837905
12.000000	34.000000	31.000000	630.000000	675.000000	55.000000	628.803672	671.233326	1.000000	21.303177
12.000000	35.000000	32.000000	736.000000	766.000000	66.000000	740.949320	770.904815	1.000000	21.814670
12.000000	36.000000	33.000000	611.000000	924.000000	75.000000	618.343990	925.372226	1.000000	22.447741
12.000000	37.000000	34.000000	878.000000	655.000000	57.000000	881.762898	656.043831	1.000000	23.238478
12.000000	38.000000	35.000000	891.000000	752.000000	67.000000	884.923331	767.843212	1.000000	23.709955
12.000000	39.000000	36.000000	974.000000	660.000000	58.000000	983.916773	655.371724	2.000000	24.359736
12.000000	40.000000	37.000000	965.000000	586.000000	48.000000	959.620491	567.995036	2.000000	24.773874
12.000000	41.000000	38.000000	1056.000000	803.000000	69.000000	1074.088818	819.732046	1.000000	25.583471
12.000000	42.000000	39.000000	993.000000	880.000000	78.000000	979.545346	882.593662	1.000000	26.271926
12.000000	43.000000	0.000000	1161.000000	799.000000	70.000000	1180.936217	777.961754	2.000000	26.919740
12.000000	44.000000	40.000000	1177.000000	789.000000	70.000000	1180.936217	777.961754	2.000000	27.447346
13.000000	1.000000	1.000000	173.000000	230.000000	11.000000	185.832009	238.158510	1.000000	1.168148
13.000000	2.000000	2.000000	400.000000	243.000000	13.000000	403.631209	235.503686	2.000000	1.751502
13.000000	3.000000	3.000000	184.000000	451.000000	31.000000	181.762453	457.859800	2.000000	2.383226
13.000000	4.000000	4.000000	416.000000	381.000000	23.000000	413.637416	383.201995	1.000000	2.999372
13.000000	5.000000	0.000000	410.000000	476.000000	33.000000	408.851228	450.589300	2.000000	3.312225
13.000000	6.000000	5.000000	320.000000	482.000000	32.000000	328.493029	479.029897	1.000000	3.775530
13.000000	7.000000	6.000000	228.000000	579.000000	41.000000	218.303119	579.601165	1.000000	4.278750
13.000000	8.000000	7.000000	329.000000	573.000000	42.000000	325.164626	581.377811	2.000000	4.663695
13.000000	9.000000	8.000000	400.000000	454.000000	33.000000	408.851228	450.589300	2.000000	5.255752
13.000000	10.000000	9.000000	432.000000	559.000000	43.000000	440.534349	555.626536	2.000000	5.623742
13.000000	11.000000	10.000000	557.000000	561.000000	44.000000	558.240714	571.101709	2.000000	6.254466
13.000000	12.000000	11.000000	630.000000	548.000000	45.000000	620.736777	548.138827	1.000000	6.608256
13.000000	13.000000	12.000000	630.000000	495.000000	35.000000	630.861350	502.086153	1.000000	6.918570
13.000000	14.000000	13.000000	558.000000	391.000000	24.000000	544.497436	386.738699	1.000000	7.342022
13.000000	15.000000	14.000000	631.000000	382.000000	25.000000	632.489257	385.763339	1.000000	7.734647
13.000000	16.000000	15.000000	633.000000	216.000000	15.000000	623.188683	226.440274	1.000000	8.567738
13.000000	17.000000	16.000000	751.000000	168.000000	6.000000	741.034106	157.272074	2.000000	9.119075
13.000000	18.000000	17.000000	781.000000	241.000000	16.000000	771.114241	241.446501	1.000000	9.495884
13.000000	19.000000	18.000000	858.000000	193.000000	7.000000	855.149655	182.909394	1.000000	9.830710
13.000000	20.000000	19.000000	851.000000	259.000000	17.000000	837.625538	249.089360	2.000000	10.215540
13.000000	21.000000	20.000000	758.000000	359.000000	26.000000	750.289990	360.762190	1.000000	10.751815
13.000000	22.000000	21.000000	769.000000	441.000000	36.000000	758.027757	444.266557	2.000000	11.080525
13.000000	23.000000	22.000000	963.000000	274.000000	18.000000	984.270469	266.535491	2.000000	11.760026
13.000000	24.000000	23.000000	1196.000000	190.000000	10.000000	1188.660378	181.522650	1.000000	12.958825
13.000000	25.000000	24.000000	999.000000	378.000000	28.000000	982.691637	391.844195	1.000000	13.743046
13.000000	26.000000	25.000000	1198.000000	539.000000	50.000000	1190.355818	553.681814	2.000000	14.575033
13.000000	27.000000	26.000000	1064.000000	486.000000	39.000000	1074.801702	486.993020	2.000000	15.247157
13.000000	28.000000	27.000000	945.000000	584.000000	48.000000	956.667686	585.442211	1.000000	15.895459
13.000000	29.000000	28.000000	1106.000000	683.000000	59.000000	1096.959395	691.407770	2.000000	16.566432
13.000000	30.000000	29.000000	762.000000	667.000000	56.000000	755.197177	663.169879	2.000000	17.280217
13.000000	31.000000	30.000000	642.000000	696.000000	55.000000	635.874455	707.977506	1.000000	17.702802
13.000000	32.000000	31.000000	563.000000	799.000000	64.000000	546.384765	800.705285	1.000000	18.479159
13.000000	33.000000	32.000000	195.000000	816.000000	61.000000	208.208312	812.909509	2.000000	19.862405
13.000000	34.000000	33.000000	508.000000	919.000000	74.000000	508.958264	924.828955	2.000000	20.783614
13.000000	35.000000	34.000000	655.000000	808.000000	65.000000	660.720362	808.530203	2.000000	21.400124
13.000000	36.000000	35.000000	753.000000	806.000000	66.000000	741.136949	807.843974	2.000000	21.998643
13.000000	37.000000	36.000000	866.000000	804.000000	67.000000	861.445600	794.086476	2.000000	22.384447
13.000000	38.000000	37.000000	861.000000	916.000000	77.000000	855.710096	912.442378	2.000000	22.840529
13.000000	39.000000	38.000000	992.000000	811.000000	68.000000	998.991274	823.536171	1.000000	23.719678
13.000000	40.000000	39.000000	1078.000000	887.000000	79.000000	1089.126168	896.314631	1.000000	24.311377
13.000000	41.000000	40.000000	1213.000000	923.000000	80.000000	1191.582927	926.550611	1.000000	24.776068
14.000000	1.000000	1.000000	186.000000	177.000000	1.000000	198.409880	173.619336	1.000000	1.122357
14.000000	2.000000	2.000000	433.000000	222.000000	13.000000	432.096041	240.922474	1.000000	1.785450
14.000000	3.000000	3.000000	428.000000	371.000000	23.000000	415.045655	372.787106	1.000000	2.338301
14.000000	4.000000	0.000000	452.000000	429.000000	33.000000	441.314052	452.720817	1.000000	2.826390
14.000000	5.000000	4.000000	445.000000	448.000000	33.000000	441.314052	452.720817	1.000000	3.290467
14.000000	6.000000	5.000000	534.000000	238.000000	14.000000	538.710033	244.550721	1.000000	3.898058
14.000000	7.000000	6.000000	639.000000	240.000000	15.000000	623.668093	247.201879	1.000000	4.512579
14.000000	8.000000	7.000000	766.000000	235.000000	16.000000	757.585415	234.642395	1.000000	4.874153
14.000000	9.000000	8.000000	728.000000	117.000000	6.000000	729.704519	128.436038	2.000000	5.522683
14.000000	10.000000	9.000000	888.000000	153.000000	7.000000	887.987674	161.711855	2.000000	6.137152
14.000000	11.000000	10.000000	879.000000	210.000000	17.000000	879.416431	232.479705	2.000000	6.505234
14.000000	12.000000	11.000000	971.000000	162.000000	8.000000	962.564701	169.401533	1.000000	6.930531
14.000000	13.000000	12.000000	1087.000000	181.000000	9.000000	1098.013895	184.686965	1.000000	7.546550
14.000000	14.000000	13.000000	1070.000000	231.000000	19.000000	1063.402011	239.761740	1.000000	7.929274
14.000000	15.000000	14.000000	1004.000000	282.000000	18.000000	1002.449402	292.416134	1.000000	8.312652
14.000000	16.000000	15.000000	1166.000000	192.000000	10.000000	1174.601396	187.507633	2.000000	8.801925
14.000000	17.000000	16.000000	1211.000000	295.000000	20.000000	1200.707310	290.353575	1.000000	9.296988
14.000000	18.000000	17.000000	1211.000000	345.000000	30.000000	1203.319254	338.237446	2.000000	9.624701
14.000000	19.000000	18.000000	1204.000000	478.000000	40.000000	1179.324663	476.565197	1.000000	10.345150
14.000000	20.000000	19.000000	849.000000	404.000000	27.000000	849.385903	394.425684	2.000000	10.970500
14.000000	21.000000	20.000000	1212.000000	610.000000	50.000000	1209.897796	609.810695	1.000000	12.361199
14.000000	22.000000	21.000000	986.000000	600.000000	48.000000	976.954284	592.663171	2.000000	12.857788
14.000000	23.000000	22.000000	875.000000	574.000000	47.000000	870.799588	570.312393	2.000000	13.320999
14.000000	24.000000	23.000000	769.000000	595.000000	46.000000	777.451580	605.556473	2.000000	13.681201
14.000000	25.000000	24.000000	742.000000	511.000000	36.000000	739.572470	500.811583	2.000000	14.009015
14.000000	26.000000	25.000000	630.000000	620.000000	45.000000	624.615751	611.619697	2.000000	14.386309
14.000000	27.000000	26.000000	213.000000	494.000000	31.000000	205.933942	489.788200	1.000000	15.066307
14.000000	28.000000	0.000000	181.000000	600.000000	41.000000	183.819813	573.817875	2.000000	15.450534
14.000000	29.000000	27.000000	185.000000	579.000000	41.000000	183.819813	573.817875	2.000000	15.745539
14.000000	30.000000	28.000000	356.000000	584.000000	42.000000	336.081563	587.076801	2.000000	16.273979
14.000000	31.000000	29.000000	535.000000	704.000000	54.000000	520.339176	714.852843	2.000000	16.896822
14.000000	32.000000	30.000000	522.000000	776.000000	64.000000	514.684522	775.213042	1.000000	17.378268
14.000000	33.000000	31.000000	303.000000	787.000000	62.000000	290.405642	796.686344	1.000000	17.922500
14.000000	34.000000	32.000000	324.000000	872.000000	72.000000	318.510135	891.285711	2.000000	18.992947
14.000000	35.000000	33.000000	207.000000	894.000000	71.000000	214.971823	906.786317	1.000000	19.761002
14.000000	36.000000	34.000000	640.000000	813.000000	65.000000	654.554104	811.611804	2.000000	20.488936
14.000000	37.000000	35.000000	750.000000	802.000000	66.000000	745.290635	799.744458	1.000000	21.130201
14.000000	38.000000	36.000000	876.000000	903.000000	77.000000	862.663813	910.121532	2.000000	21.634067
14.000000	39.000000	37.000000	901.000000	808.000000	67.000000	880.362038	818.163826	2.000000	21.984612
14.000000	40.000000	38.000000	1077.000000	918.000000	79.000000	1070.808406	924.110059	2.000000	22.584570
14.000000	41.000000	39.000000	1063.000000	811.000000	69.000000	1062.391590	798.530886	2.000000	22.920564
14.000000	42.000000	40.000000	1174.000000	930.000000	80.000000	1176.056796	927.797488	1.000000	23.778042
15.000000	1.000000	1.000000	333.000000	174.000000	2.000000	314.874719	172.435015	1.000000	1.215929
15.000000	2.000000	2.000000	331.000000	231.000000	12.000000	337.342605	232.226977	1.000000	1.575835
15.000000	3.000000	3.000000	433.000000	161.000000	3.000000	427.494762	165.851808	1.000000	1.975381
15.000000	4.000000	4.000000	507.000000	152.000000	4.000000	514.252189	147.450841	1.000000	2.607771
15.000000	5.000000	5.000000	448.000000	286.000000	13.000000	437.051958	284.427136	2.000000	3.273156
15.000000	6.000000	6.000000	394.000000	325.000000	23.000000	401.863245	337.259337	1.000000	3.640018
15.000000	7.000000	7.000000	213.000000	434.000000	31.000000	218.708943	440.520006	2.000000	4.296770
15.000000	8.000000	8.000000	635.000000	170.000000	5.000000	654.420612	157.545940	2.000000	4.976966
15.000000	9.000000	9.000000	862.000000	234.000000	17.000000	855.009898	248.072692	2.000000	5.560358
15.000000	10.000000	10.000000	893.000000	171.000000	7.000000	873.406350	177.416341	1.000000	5.895326
15.000000	11.000000	0.000000	1014.000000	217.000000	18.000000	996.551933	237.835205	1.000000	6.369211
15.000000	12.000000	11.000000	1008.000000	234.000000	18.000000	996.551933	237.835205	1.000000	6.776415
15.000000	13.000000	12.000000	1088.000000	161.000000	9.000000	1073.509535	152.401852	1.000000	7.191913
15.000000	14.000000	13.000000	1200.000000	179.000000	10.000000	1194.830305	179.110066	1.000000	7.625115
15.000000	15.000000	14.000000	1173.000000	273.000000	20.000000	1170.018891	265.067466	1.000000	8.007933
15.000000	16.000000	15.000000	1170.000000	394.000000	30.000000	1167.578911	390.233412	1.000000	8.375561
15.000000	17.000000	16.000000	832.000000	344.000000	27.000000	837.571721	344.041540	1.000000	9.144452
15.000000	18.000000	17.000000	993.000000	476.000000	38.000000	986.607614	472.291023	1.000000	9.639979
15.000000	19.000000	18.000000	991.000000	556.000000	48.000000	987.802917	553.004283	1.000000	9.935359
15.000000	20.000000	19.000000	884.000000	449.000000	37.000000	875.729410	452.577975	2.000000	10.447108
15.000000	21.000000	20.000000	665.000000	541.000000	45.000000	660.376643	562.290344	2.000000	11.223702
15.000000	22.000000	21.000000	540.000000	503.000000	34.000000	533.603873	498.510379	2.000000	11.688346
15.000000	23.000000	22.000000	538.000000	581.000000	44.000000	529.786864	590.859266	2.000000	12.000237
15.000000	24.000000	23.000000	438.000000	455.000000	33.000000	425.818880	450.217763	2.000000	12.535729
15.000000	25.000000	0.000000	307.000000	496.000000	32.000000	332.454305	503.998459	2.000000	12.919974
15.000000	26.000000	24.000000	346.000000	506.000000	32.000000	332.454305	503.998459	2.000000	13.479313
15.000000	27.000000	25.000000	390.000000	547.000000	43.000000	402.340130	553.442348	2.000000	13.816406
15.000000	28.000000	26.000000	198.000000	606.000000	41.000000	179.446997	609.884609	2.000000	14.351100
15.000000	29.000000	27.000000	211.000000	698.000000	51.000000	207.813111	690.704938	2.000000	14.816587
15.000000	30.000000	28.000000	340.000000	683.000000	52.000000	324.665523	672.133988	1.000000	15.216678
15.000000	31.000000	0.000000	316.000000	740.000000	62.000000	299.093686	760.213287	2.000000	15.615372
15.000000	32.000000	29.000000	210.000000	767.000000	61.000000	204.873933	774.940063	1.000000	16.168811
15.000000	33.000000	0.000000	233.000000	863.000000	71.000000	217.318315	893.316292	1.000000	17.192558
15.000000	34.000000	30.000000	225.000000	884.000000	71.000000	217.318315	893.316292	1.000000	17.497302
15.000000	35.000000	31.000000	304.000000	767.000000	62.000000	299.093686	760.213287	2.000000	18.144488
15.000000	36.000000	32.000000	347.000000	883.000000	72.000000	330.788974	892.203773	2.000000	18.784920
15.000000	37.000000	33.000000	543.000000	872.000000	74.000000	547.179641	862.859055	2.000000	19.303144
15.000000	38.000000	34.000000	671.000000	663.000000	55.000000	659.825769	660.697884	1.000000	20.176484
15.000000	39.000000	35.000000	740.000000	566.000000	46.000000	742.326109	578.053677	1.000000	20.904809
15.000000	40.000000	36.000000	755.000000	723.000000	56.000000	752.310549	711.865568	2.000000	21.488755
15.000000	41.000000	37.000000	1086.000000	834.000000	69.000000	1086.541563	824.596644	1.000000	22.128170
15.000000	42.000000	38.000000	842.000000	883.000000	77.000000	846.981561	883.111934	2.000000	22.631716
15.000000	43.000000	39.000000	1172.000000	884.000000	80.000000	1180.486910	889.973636	2.000000	23.528511
15.000000	44.000000	40.000000	1209.000000	687.000000	60.000000	1193.243166	679.409932	2.000000	24.168629
16.000000	1.000000	1.000000	196.000000	167.000000	1.000000	186.730271	184.280261	2.000000	0.905416
16.000000	2.000000	2.000000	199.000000	346.000000	21.000000	202.023821	347.245903	2.000000	1.545980
16.000000	3.000000	3.000000	419.000000	252.000000	13.000000	431.586498	257.842374	1.000000	2.313943
16.000000	4.000000	4.000000	511.000000	318.000000	24.000000	513.939506	333.076388	2.000000	2.761530
16.000000	5.000000	5.000000	666.000000	259.000000	15.000000	644.951675	271.534260	1.000000	3.419365
16.000000	6.000000	0.000000	689.000000	105.000000	5.000000	668.259704	127.340744	1.000000	3.794254
16.000000	7.000000	6.000000	659.000000	136.000000	5.000000	668.259704	127.340744	1.000000	4.210035
16.000000	8.000000	7.000000	768.000000	130.000000	6.000000	756.356635	133.433428	2.000000	4.817012
16.000000	9.000000	8.000000	877.000000	181.000000	7.000000	864.116179	186.528401	1.000000	5.434744
16.000000	10.000000	9.000000	882.000000	265.000000	17.000000	885.511284	255.705926	1.000000	5.770937
16.000000	11.000000	10.000000	958.000000	223.000000	18.000000	963.700020	225.968219	2.000000	6.138850
16.000000	12.000000	11.000000	1095.000000	150.000000	9.000000	1087.363022	151.033501	1.000000	7.082787
16.000000	13.000000	12.000000	1184.000000	140.000000	10.000000	1190.301454	135.609309	1.000000	7.778248
16.000000	14.000000	13.000000	1077.000000	346.000000	29.000000	1067.591714	353.611431	2.000000	8.434152
16.000000	15.000000	14.000000	1201.000000	617.000000	50.000000	1193.024187	609.758621	2.000000	9.161783
16.000000	16.000000	15.000000	1077.000000	571.000000	49.000000	1066.502521	569.479002	2.000000	9.722537
16.000000	17.000000	16.000000	967.000000	549.000000	48.000000	974.597425	557.656165	1.000000	10.314931
16.000000	18.000000	17.000000	850.000000	393.000000	27.000000	843.002614	389.227325	1.000000	10.809673
16.000000	19.000000	18.000000	752.000000	451.000000	36.000000	769.795866	465.562757	1.000000	11.363240
16.000000	20.000000	19.000000	741.000000	361.000000	26.000000	745.388847	342.838274	2.000000	11.897770
16.000000	21.000000	20.000000	650.000000	402.000000	25.000000	632.883563	394.723975	2.000000	12.346425
16.000000	22.000000	21.000000	667.000000	506.000000	35.000000	667.575775	498.591399	2.000000	12.714687
16.000000	23.000000	22.000000	648.000000	542.000000	45.000000	643.172251	543.259208	2.000000	13.017351
16.000000	24.000000	0.000000	557.000000	488.000000	34.000000	525.540821	480.328291	2.000000	13.426445
16.000000	25.000000	23.000000	546.000000	484.000000	34.000000	525.540821	480.328291	2.000000	13.787178
16.000000	26.000000	24.000000	454.000000	587.000000	43.000000	452.286742	575.183332	2.000000	14.331543
16.000000	27.000000	25.000000	427.000000	666.000000	53.000000	432.245726	667.228076	2.000000	14.713565
16.000000	28.000000	26.000000	321.000000	574.000000	42.000000	328.613894	557.010805	1.000000	15.283325
16.000000	29.000000	27.000000	322.000000	668.000000	52.000000	330.961185	671.194284	1.000000	15.659402
16.000000	30.000000	28.000000	181.000000	709.000000	51.000000	181.559658	707.959136	2.000000	16.162870
16.000000	31.000000	29.000000	560.000000	575.000000	44.000000	550.349864	581.539317	1.000000	16.786137
16.000000	32.000000	30.000000	1091.000000	710.000000	59.000000	1095.191682	717.567036	2.000000	17.690227
16.000000	33.000000	31.000000	1180.000000	757.000000	70.000000	1179.071024	763.414978	1.000000	18.195250
16.000000	34.000000	32.000000	1172.000000	912.000000	80.000000	1175.351943	905.159303	1.000000	18.961097
16.000000	35.000000	33.000000	993.000000	918.000000	78.000000	996.576691	920.447385	2.000000	19.523385
16.000000	36.000000	34.000000	777.000000	801.000000	66.000000	769.673296	797.114604	1.000000	20.145974
16.000000	37.000000	0.000000	598.000000	805.000000	65.000000	624.859706	814.913053	1.000000	20.505533
16.000000	38.000000	35.000000	621.000000	807.000000	65.000000	624.859706	814.913053	1.000000	20.842574
16.000000	39.000000	36.000000	513.000000	806.000000	64.000000	512.504674	810.209758	1.000000	21.234641
16.000000	40.000000	37.000000	511.000000	874.000000	74.000000	511.309109	876.535806	2.000000	21.514337
16.000000	41.000000	38.000000	417.000000	769.000000	63.000000	424.108245	781.798696	1.000000	21.946650
16.000000	42.000000	39.000000	412.000000	910.000000	73.000000	426.534722	912.026903	2.000000	22.282502
16.000000	43.000000	0.000000	231.000000	799.000000	61.000000	204.825631	805.684666	1.000000	23.010334
16.000000	44.000000	40.000000	220.000000	799.000000	61.000000	204.825631	805.684666	1.000000	23.561557
17.000000	1.000000	1.000000	285.000000	157.000000	2.000000	294.668893	158.695894	2.000000	0.871983
17.000000	2.000000	0.000000	305.000000	228.000000	12.000000	313.190323	253.454572	1.000000	1.311054
17.000000	3.000000	2.000000	312.000000	252.000000	12.000000	313.190323	253.454572	1.000000	1.840090
17.000000	4.000000	0.000000	456.000000	236.000000	13.000000	419.812753	234.946359	2.000000	2.231293
17.000000	5.000000	3.000000	414.000000	236.000000	13.000000	419.812753	234.946359	2.000000	2.463500
17.000000	6.000000	4.000000	546.000000	237.000000	14.000000	534.436782	245.191034	1.000000	2.920914
17.000000	7.000000	5.000000	542.000000	333.000000	24.000000	530.583722	350.271838	1.000000	3.367100
17.000000	8.000000	6.000000	656.000000	262.000000	15.000000	651.916426	261.042849	1.000000	3.951525
17.000000	9.000000	7.000000	770.000000	112.000000	6.000000	776.880939	119.630672	1.000000	4.687216
17.000000	10.000000	8.000000	838.000000	156.000000	7.000000	844.983071	170.839909	2.000000	5.281023
17.000000	11.000000	9.000000	957.000000	173.000000	8.000000	949.631116	180.132450	2.000000	5.967504
17.000000	12.000000	10.000000	1122.000000	178.000000	9.000000	1109.262731	181.842726	1.000000	6.632008
17.000000	13.000000	11.000000	1099.000000	385.000000	29.000000	1094.275323	384.978108	2.000000	7.495043
17.000000	14.000000	12.000000	857.000000	362.000000	27.000000	841.657649	352.151842	2.000000	8.056286
17.000000	15.000000	13.000000	800.000000	364.000000	26.000000	777.346721	370.682640	1.000000	8.415631
17.000000	16.000000	14.000000	870.000000	483.000000	37.000000	856.784290	476.035719	2.000000	9.216939
17.000000	17.000000	15.000000	869.000000	555.000000	47.000000	859.717408	548.065481	2.000000	9.584973
17.000000	18.000000	16.000000	740.000000	551.000000	46.000000	739.505269	554.478551	2.000000	9.953292
17.000000	19.000000	17.000000	738.000000	469.000000	36.000000	739.035562	463.795690	1.000000	10.392887
17.000000	20.000000	18.000000	629.000000	478.000000	35.000000	619.664348	469.323227	1.000000	10.767583
17.000000	21.000000	0.000000	420.000000	391.000000	23.000000	444.111313	381.535922	2.000000	11.456351
17.000000	22.000000	19.000000	444.000000	381.000000	23.000000	444.111313	381.535922	2.000000	11.824094
17.000000	23.000000	20.000000	446.000000	454.000000	33.000000	441.223222	447.331864	2.000000	12.192812
17.000000	24.000000	21.000000	445.000000	558.000000	43.000000	442.892530	564.067665	2.000000	12.752978
17.000000	25.000000	22.000000	358.000000	565.000000	42.000000	342.403326	570.448079	2.000000	13.176678
17.000000	26.000000	23.000000	177.000000	396.000000	21.000000	184.618538	380.971582	1.000000	13.952955
17.000000	27.000000	24.000000	229.000000	608.000000	41.000000	229.300404	609.536447	1.000000	14.695898
17.000000	28.000000	25.000000	300.000000	687.000000	52.000000	294.742052	680.112976	2.000000	15.319542
17.000000	29.000000	26.000000	222.000000	719.000000	51.000000	222.559217	716.679846	1.000000	15.736212
17.000000	30.000000	27.000000	178.000000	802.000000	61.000000	193.012604	792.524054	1.000000	16.151635
17.000000	31.000000	28.000000	411.000000	670.000000	53.000000	400.154321	675.987044	1.000000	16.848715
17.000000	32.000000	29.000000	517.000000	615.000000	44.000000	518.819055	611.857747	2.000000	17.432552
17.000000	33.000000	30.000000	633.000000	675.000000	55.000000	632.162585	679.161518	1.000000	17.904866
17.000000	34.000000	31.000000	745.000000	766.000000	66.000000	738.729299	784.422330	1.000000	18.382993
17.000000	35.000000	32.000000	969.000000	573.000000	48.000000	975.416341	573.533374	1.000000	19.063422
17.000000	36.000000	33.000000	968.000000	677.000000	58.000000	961.596231	694.959722	1.000000	19.751015
17.000000	37.000000	34.000000	1204.000000	805.000000	70.000000	1204.117813	798.585567	1.000000	21.080168
17.000000	38.000000	35.000000	997.000000	936.000000	78.000000	997.766376	927.576259	1.000000	22.024958
17.000000	39.000000	36.000000	882.000000	821.000000	67.000000	870.424682	810.397919	2.000000	22.464655
17.000000	40.000000	37.000000	555.000000	880.000000	74.000000	538.972409	890.363359	2.000000	23.160887
17.000000	41.000000	38.000000	429.000000	861.000000	73.000000	429.078803	861.756294	2.000000	23.872729
17.000000	42.000000	39.000000	336.000000	826.000000	62.000000	316.429893	820.731649	2.000000	24.432602
17.000000	43.000000	40.000000	236.000000	905.000000	71.000000	228.609924	922.914078	2.000000	25.840906
18.000000	1.000000	1.000000	290.000000	177.000000	2.000000	290.223363	172.607184	2.000000	1.291024
18.000000	2.000000	2.000000	674.000000	153.000000	5.000000	666.861515	159.236264	1.000000	2.196184
18.000000	3.000000	0.000000	646.000000	258.000000	15.000000	630.761524	231.081776	1.000000	2.612554
18.000000	4.000000	3.000000	639.000000	236.000000	15.000000	630.761524	231.081776	1.000000	3.020574
18.000000	5.000000	4.000000	441.000000	268.000000	13.000000	434.367001	289.056086	1.000000	3.557071
18.000000	6.000000	5.000000	543.000000	386.000000	24.000000	546.424534	386.631798	1.000000	4.068712
18.000000	7.000000	6.000000	532.000000	435.000000	34.000000	539.692314	439.454085	1.000000	4.380507
18.000000	8.000000	7.000000	409.000000	353.000000	23.000000	406.239021	354.338309	4.000000	4.876155
19.000000	1.000000	0.000000	344.000000	136.000000	2.000000	316.609988	140.650641	1.000000	1.207105
19.000000	2.000000	1.000000	320.000000	138.000000	2.000000	316.609988	140.650641	1.000000	1.598577
19.000000	3.000000	2.000000	463.000000	148.000000	3.000000	445.099186	154.832981	1.000000	2.166078
19.000000	4.000000	3.000000	565.000000	132.000000	4.000000	544.400635	122.917545	1.000000	2.781893
19.000000	5.000000	4.000000	666.000000	151.000000	5.000000	657.933978	160.294761	1.000000	3.446634
19.000000	6.000000	5.000000	642.000000	331.000000	25.000000	643.616004	336.176052	1.000000	3.997893
19.000000	7.000000	6.000000	560.000000	276.000000	14.000000	559.710760	276.668626	1.000000	5.159817
19.000000	8.000000	0.000000	445.000000	262.000000	13.000000	417.692759	264.265741	1.000000	5.622087
19.000000	9.000000	7.000000	408.000000	271.000000	13.000000	417.692759	264.265741	1.000000	5.887783
19.000000	10.000000	8.000000	231.000000	132.000000	1.000000	220.884564	121.227349	2.000000	6.663551
19.000000	11.000000	9.000000	211.000000	230.000000	11.000000	206.499520	240.572322	2.000000	7.151291
19.000000	12.000000	10.000000	331.000000	334.000000	22.000000	312.644724	331.859713	2.000000	7.775767
19.000000	13.000000	11.000000	202.000000	383.000000	21.000000	197.600857	377.247062	2.000000	8.303433
19.000000	14.000000	12.000000	502.000000	359.000000	24.000000	514.794223	356.425795	2.000000	9.014287
19.000000	15.000000	13.000000	543.000000	490.000000	34.000000	546.570574	483.939353	2.000000	9.606526
19.000000	16.000000	14.000000	690.000000	579.000000	45.000000	671.519760	578.500427	2.000000	10.375866
19.000000	17.000000	15.000000	438.000000	652.000000	53.000000	438.088202	668.026166	1.000000	11.038763
19.000000	18.000000	16.000000	322.000000	772.000000	62.000000	311.280200	788.167228	1.000000	11.911993
19.000000	19.000000	17.000000	232.000000	884.000000	71.000000	226.482812	891.004354	1.000000	12.630197
19.000000	20.000000	18.000000	322.000000	922.000000	72.000000	298.134857	919.332392	2.000000	13.022382
19.000000	21.000000	19.000000	401.000000	778.000000	63.000000	404.752669	790.786244	2.000000	13.622477
19.000000	22.000000	20.000000	559.000000	762.000000	64.000000	552.963111	758.686610	2.000000	14.078069
19.000000	23.000000	21.000000	656.000000	774.000000	65.000000	647.006275	769.085923	2.000000	14.462880
19.000000	24.000000	22.000000	668.000000	905.000000	75.000000	666.723398	901.670746	2.000000	14.981703
19.000000	25.000000	23.000000	753.000000	928.000000	76.000000	742.627438	926.843739	2.000000	15.495951
19.000000	26.000000	24.000000	1225.000000	911.000000	80.000000	1219.899123	924.570054	2.000000	16.582137
19.000000	27.000000	0.000000	1200.000000	767.000000	70.000000	1207.551082	795.303733	1.000000	16.982556
19.000000	28.000000	25.000000	1213.000000	787.000000	70.000000	1207.551082	795.303733	1.000000	17.549569
19.000000	29.000000	26.000000	1173.000000	698.000000	60.000000	1175.414736	690.586176	1.000000	17.990102
19.000000	30.000000	27.000000	1053.000000	705.000000	59.000000	1058.247015	715.068880	1.000000	18.661780
19.000000	31.000000	28.000000	982.000000	657.000000	58.000000	991.325093	651.571266	2.000000	19.038231
19.000000	32.000000	29.000000	955.000000	594.000000	48.000000	962.200875	590.248294	1.000000	19.694378
19.000000	33.000000	30.000000	892.000000	594.000000	47.000000	892.298338	601.228191	2.000000	20.055631
19.000000	34.000000	31.000000	862.000000	651.000000	57.000000	843.502916	652.211790	2.000000	20.615732
19.000000	35.000000	32.000000	718.000000	492.000000	36.000000	727.653499	504.230454	1.000000	21.319142
19.000000	36.000000	33.000000	888.000000	501.000000	37.000000	873.855967	500.012567	1.000000	21.903123
19.000000	37.000000	34.000000	779.000000	350.000000	26.000000	778.740817	354.558687	2.000000	22.533808
19.000000	38.000000	35.000000	890.000000	260.000000	17.000000	883.648433	254.210036	2.000000	23.079143
19.000000	39.000000	36.000000	955.000000	276.000000	18.000000	949.252277	279.227546	1.000000	23.430743
19.000000	40.000000	37.000000	1001.000000	177.000000	8.000000	996.431830	173.329141	1.000000	23.879159
19.000000	41.000000	38.000000	1079.000000	251.000000	19.000000	1075.410673	251.647408	1.000000	24.311846
19.000000	42.000000	39.000000	1071.000000	167.000000	9.000000	1061.506782	160.166015	2.000000	24.815511
19.000000	43.000000	40.000000	1094.000000	363.000000	29.000000	1093.793453	370.830451	1.000000	25.494961
20.000000	1.000000	1.000000	204.000000	182.000000	1.000000	193.715989	182.168340	1.000000	1.150999
20.000000	2.000000	2.000000	335.000000	227.000000	12.000000	336.940320	232.501946	1.000000	1.583186
20.000000	3.000000	3.000000	317.000000	356.000000	22.000000	310.053735	353.943587	1.000000	2.295168
20.000000	4.000000	4.000000	406.000000	458.000000	33.000000	404.875235	466.023409	2.000000	2.912748
20.000000	5.000000	5.000000	206.000000	500.000000	31.000000	210.103446	491.800696	1.000000	3.624823
20.000000	6.000000	6.000000	185.000000	562.000000	41.000000	182.503481	550.203520	2.000000	3.991152
20.000000	7.000000	7.000000	307.000000	571.000000	42.000000	301.098552	581.318529	2.000000	4.607049
20.000000	8.000000	8.000000	428.000000	706.000000	53.000000	426.821141	705.729296	2.000000	5.296693
20.000000	9.000000	9.000000	311.000000	712.000000	52.000000	314.291564	707.792601	1.000000	5.694975
20.000000	10.000000	10.000000	310.000000	785.000000	62.000000	302.814825	799.769662	1.000000	6.048618
20.000000	11.000000	11.000000	209.000000	802.000000	61.000000	224.591629	804.526143	2.000000	6.463391
20.000000	12.000000	12.000000	334.000000	861.000000	72.000000	328.170076	877.112167	2.000000	6.961159
20.000000	13.000000	13.000000	405.000000	933.000000	73.000000	413.440500	925.561780	2.000000	7.360666
20.000000	14.000000	14.000000	532.000000	875.000000	74.000000	525.768816	883.002413	2.000000	8.007942
20.000000	15.000000	15.000000	546.000000	765.000000	64.000000	552.174616	762.817260	2.000000	8.360635
20.000000	16.000000	16.000000	627.000000	894.000000	75.000000	625.053543	908.974650	1.000000	8.960646
20.000000	17.000000	17.000000	640.000000	651.000000	55.000000	639.720493	652.079302	1.000000	9.496627
20.000000	18.000000	18.000000	638.000000	500.000000	35.000000	627.066781	506.823458	1.000000	10.023638
20.000000	19.000000	19.000000	564.000000	505.000000	34.000000	540.385888	499.575719	1.000000	10.447486
20.000000	20.000000	20.000000	559.000000	381.000000	24.000000	546.132519	393.394541	1.000000	11.135317
20.000000	21.000000	21.000000	643.000000	247.000000	15.000000	629.777257	260.760427	1.000000	11.655691
20.000000	22.000000	22.000000	646.000000	134.000000	5.000000	642.933933	147.071720	2.000000	12.463818
20.000000	23.000000	23.000000	854.000000	174.000000	7.000000	850.767862	178.757625	1.000000	13.040743
20.000000	24.000000	24.000000	787.000000	367.000000	26.000000	774.995355	377.343137	1.000000	13.711858
20.000000	25.000000	25.000000	846.000000	438.000000	37.000000	857.727503	447.570263	2.000000	14.184992
20.000000	26.000000	26.000000	895.000000	343.000000	27.000000	887.713364	337.851052	2.000000	14.727775
20.000000	27.000000	27.000000	978.000000	445.000000	38.000000	963.716227	447.586368	2.000000	15.128134
20.000000	28.000000	28.000000	983.000000	566.000000	48.000000	965.563544	568.497074	1.000000	15.592073
20.000000	29.000000	29.000000	791.000000	604.000000	46.000000	767.417137	612.071887	2.000000	16.071490
20.000000	30.000000	30.000000	871.000000	704.000000	57.000000	855.573270	694.178368	1.000000	16.728750
20.000000	31.000000	31.000000	856.000000	778.000000	67.000000	846.382650	785.406995	1.000000	17.055772
20.000000	32.000000	32.000000	871.000000	861.000000	77.000000	866.788933	864.397012	2.000000	17.407528
20.000000	33.000000	33.000000	952.000000	765.000000	68.000000	951.993927	764.890969	2.000000	18.072800
20.000000	34.000000	34.000000	983.000000	715.000000	58.000000	990.114566	711.311453	2.000000	18.448264
20.000000	35.000000	35.000000	1006.000000	884.000000	78.000000	996.043573	893.676097	1.000000	19.167019
20.000000	36.000000	36.000000	1116.000000	882.000000	79.000000	1105.555330	884.990366	2.000000	19.648470
20.000000	37.000000	37.000000	1090.000000	692.000000	59.000000	1086.931334	699.480978	1.000000	20.256869
20.000000	38.000000	38.000000	1203.000000	708.000000	60.000000	1199.278428	702.074393	2.000000	20.768160
20.000000	39.000000	39.000000	1113.000000	496.000000	39.000000	1102.262800	502.095185	2.000000	21.521018
20.000000	40.000000	40.000000	1117.000000	351.000000	29.000000	1109.633234	346.732660	1.000000	22.007619
21.000000	1.000000	1.000000	341.000000	136.000000	2.000000	323.166646	143.800446	2.000000	1.023678
21.000000	2.000000	2.000000	439.000000	200.000000	3.000000	422.186750	187.013906	2.000000	1.493390
21.000000	3.000000	3.000000	557.000000	280.000000	14.000000	558.430682	283.694115	2.000000	2.101876
21.000000	4.000000	4.000000	425.000000	462.000000	33.000000	408.826775	466.025554	2.000000	2.750593
21.000000	5.000000	5.000000	231.000000	485.000000	31.000000	231.086505	476.546466	2.000000	3.270633
21.000000	6.000000	0.000000	204.000000	594.000000	41.000000	204.998946	557.472050	1.000000	3.614565
21.000000	7.000000	6.000000	206.000000	570.000000	41.000000	204.998946	557.472050	1.000000	3.957616
21.000000	8.000000	7.000000	176.000000	692.000000	51.000000	181.644840	688.461785	1.000000	4.525225
21.000000	9.000000	8.000000	215.000000	794.000000	61.000000	220.190184	806.493328	2.000000	5.158872
21.000000	10.000000	9.000000	188.000000	932.000000	71.000000	193.478807	917.203912	2.000000	5.565547
21.000000	11.000000	10.000000	347.000000	894.000000	72.000000	335.666461	893.519353	1.000000	5.990208
21.000000	12.000000	11.000000	431.000000	891.000000	73.000000	431.585746	887.255478	2.000000	6.382595
21.000000	13.000000	12.000000	545.000000	913.000000	74.000000	535.445135	930.720362	1.000000	6.749488
21.000000	14.000000	13.000000	640.000000	825.000000	65.000000	638.515842	825.818480	2.000000	7.253786
21.000000	15.000000	14.000000	530.000000	661.000000	54.000000	514.260521	663.405458	1.000000	8.190484
21.000000	16.000000	15.000000	434.000000	555.000000	43.000000	416.025298	553.814489	2.000000	8.597798
21.000000	17.000000	16.000000	519.000000	500.000000	34.000000	508.086832	500.169134	1.000000	9.359398
21.000000	18.000000	17.000000	641.000000	367.000000	25.000000	642.478607	369.586633	1.000000	10.006828
21.000000	19.000000	0.000000	663.000000	269.000000	15.000000	643.631585	246.534253	1.000000	10.454321
21.000000	20.000000	18.000000	654.000000	254.000000	15.000000	643.631585	246.534253	1.000000	10.709747
21.000000	21.000000	19.000000	770.000000	440.000000	36.000000	763.127239	446.617560	1.000000	11.190402
21.000000	22.000000	20.000000	854.000000	519.000000	37.000000	843.450580	506.898148	1.000000	11.574911
21.000000	23.000000	21.000000	851.000000	558.000000	47.000000	839.146868	557.287616	2.000000	11.869285
21.000000	24.000000	22.000000	644.000000	547.000000	45.000000	649.610118	563.249172	2.000000	12.327016
21.000000	25.000000	23.000000	743.000000	268.000000	16.000000	734.707613	253.368610	2.000000	13.085350
21.000000	26.000000	24.000000	668.000000	721.000000	55.000000	655.608787	718.525250	1.000000	14.013530
21.000000	27.000000	25.000000	737.000000	783.000000	66.000000	731.587524	781.927093	1.000000	14.647160
21.000000	28.000000	26.000000	776.000000	903.000000	76.000000	781.916760	905.871524	1.000000	15.166412
21.000000	29.000000	27.000000	880.000000	875.000000	77.000000	884.336470	875.030005	1.000000	15.686855
21.000000	30.000000	28.000000	996.000000	668.000000	58.000000	995.823908	680.294787	1.000000	16.197556
21.000000	31.000000	29.000000	1087.000000	798.000000	69.000000	1090.027944	796.337101	1.000000	16.813807
21.000000	32.000000	30.000000	1202.000000	769.000000	70.000000	1202.427841	775.862687	2.000000	17.373610
21.000000	33.000000	0.000000	1185.000000	632.000000	60.000000	1186.001808	662.375339	2.000000	17.790560
21.000000	34.000000	31.000000	1187.000000	647.000000	60.000000	1186.001808	662.375339	2.000000	18.093568
21.000000	35.000000	32.000000	1093.000000	567.000000	49.000000	1101.507308	577.784364	2.000000	18.766684
21.000000	36.000000	0.000000	1196.000000	465.000000	40.000000	1169.617728	489.779849	2.000000	19.222952
21.000000	37.000000	33.000000	1176.000000	483.000000	40.000000	1169.617728	489.779849	2.000000	19.534189
21.000000	38.000000	34.000000	1236.000000	554.000000	50.000000	1219.898287	553.993222	1.000000	19.981131
21.000000	39.000000	35.000000	1218.000000	326.000000	30.000000	1210.589875	331.321638	1.000000	20.877870
21.000000	40.000000	36.000000	968.000000	350.000000	28.000000	970.842176	360.964232	1.000000	21.470539
21.000000	41.000000	37.000000	1008.000000	237.000000	18.000000	993.972997	233.889640	1.000000	21.909487
21.000000	42.000000	38.000000	1081.000000	240.000000	19.000000	1080.696621	246.600475	2.000000	22.325268
21.000000	43.000000	39.000000	1114.000000	143.000000	9.000000	1099.295798	149.507960	2.000000	22.750076
21.000000	44.000000	40.000000	873.000000	174.000000	7.000000	870.071172	170.626149	2.000000	23.270579
