MultiTargForag_1	Participant_Code = 2
Search_Type = 2	CB_Targets = 1
Trial	Click_Num	Target_Click_Order	Click_X	Click_y	Item_selected	Item_X	Item_Y	Target_Set	RT
1.000000	1.000000	0.000000	409.000000	333.000000	34.000000	409.309057	337.543856	1.000000	4.384547
1.000000	2.000000	1.000000	475.000000	328.000000	35.000000	478.553363	332.237262	2.000000	5.733649
1.000000	3.000000	2.000000	490.000000	269.000000	25.000000	481.327083	277.271721	2.000000	6.574251
1.000000	4.000000	3.000000	542.000000	137.000000	6.000000	547.231464	141.019748	1.000000	8.342009
1.000000	5.000000	4.000000	632.000000	187.000000	17.000000	622.793752	193.468392	2.000000	10.021065
1.000000	6.000000	5.000000	619.000000	150.000000	7.000000	621.412403	142.552132	2.000000	10.686277
1.000000	7.000000	6.000000	686.000000	130.000000	8.000000	694.157282	139.391084	2.000000	11.477012
1.000000	8.000000	7.000000	764.000000	121.000000	9.000000	757.631426	130.850368	2.000000	12.934016
1.000000	9.000000	8.000000	834.000000	215.000000	20.000000	831.363422	220.609613	1.000000	14.404963
1.000000	10.000000	9.000000	786.000000	275.000000	29.000000	773.851016	291.822600	1.000000	15.398107
1.000000	11.000000	10.000000	833.000000	489.000000	60.000000	844.360174	483.287124	1.000000	16.493596
1.000000	12.000000	11.000000	690.000000	497.000000	58.000000	686.990891	502.383282	2.000000	18.981895
1.000000	13.000000	12.000000	691.000000	429.000000	48.000000	685.250788	423.649838	1.000000	19.596785
1.000000	14.000000	13.000000	632.000000	429.000000	47.000000	622.882294	432.720975	1.000000	20.180661
1.000000	15.000000	14.000000	468.000000	487.000000	55.000000	472.874522	504.110540	1.000000	21.422091
1.000000	16.000000	15.000000	547.000000	641.000000	76.000000	548.929292	647.550877	1.000000	22.341013
1.000000	17.000000	16.000000	636.000000	644.000000	77.000000	628.208462	641.128956	1.000000	22.845486
1.000000	18.000000	17.000000	405.000000	637.000000	74.000000	398.318225	637.758199	2.000000	24.948515
1.000000	19.000000	18.000000	405.000000	548.000000	64.000000	407.317250	546.275034	2.000000	25.805821
1.000000	20.000000	19.000000	188.000000	637.000000	71.000000	180.029684	638.245018	1.000000	26.700495
1.000000	21.000000	20.000000	177.000000	489.000000	51.000000	183.733336	485.348720	1.000000	27.750090
1.000000	22.000000	21.000000	183.000000	440.000000	41.000000	183.212285	434.327214	1.000000	28.406654
1.000000	23.000000	22.000000	253.000000	407.000000	42.000000	253.321588	422.442225	2.000000	29.029725
1.000000	24.000000	23.000000	388.000000	468.000000	54.000000	395.762278	478.021308	2.000000	30.188952
1.000000	25.000000	24.000000	343.000000	437.000000	43.000000	334.857402	434.895405	1.000000	30.757837
1.000000	26.000000	25.000000	276.000000	333.000000	32.000000	265.404222	334.539864	1.000000	31.573998
1.000000	27.000000	26.000000	195.000000	335.000000	31.000000	182.716203	346.548006	1.000000	33.189715
1.000000	28.000000	27.000000	183.000000	291.000000	21.000000	181.759662	283.488799	2.000000	33.822267
1.000000	29.000000	28.000000	254.000000	254.000000	22.000000	258.648574	264.020393	2.000000	34.356639
1.000000	30.000000	29.000000	183.000000	199.000000	11.000000	181.498830	200.740917	2.000000	35.054419
1.000000	31.000000	30.000000	334.000000	175.000000	13.000000	336.745761	191.570420	1.000000	36.116898
1.000000	32.000000	31.000000	335.000000	269.000000	23.000000	328.506440	283.997049	1.000000	36.868694
1.000000	33.000000	32.000000	390.000000	118.000000	4.000000	396.404773	121.304079	1.000000	38.069009
1.000000	34.000000	33.000000	851.000000	642.000000	80.000000	844.371736	649.404075	1.000000	41.644595
1.000000	35.000000	34.000000	780.000000	556.000000	69.000000	767.692073	555.721215	2.000000	42.404596
1.000000	36.000000	35.000000	693.000000	342.000000	38.000000	693.548923	343.448659	2.000000	43.190176
1.000000	37.000000	36.000000	632.000000	469.000000	57.000000	620.766143	483.426940	2.000000	43.966417
1.000000	38.000000	37.000000	621.000000	284.000000	27.000000	615.556174	295.176815	2.000000	44.814168
1.000000	39.000000	38.000000	694.000000	269.000000	28.000000	700.902882	269.679201	2.000000	45.766089
1.000000	40.000000	39.000000	263.000000	565.000000	62.000000	258.704852	576.659694	2.000000	46.766491
2.000000	1.000000	0.000000	258.000000	206.000000	12.000000	259.180495	203.800363	1.000000	2.315297
2.000000	2.000000	1.000000	184.000000	211.000000	11.000000	190.063178	213.745157	1.000000	3.011159
2.000000	3.000000	2.000000	256.000000	359.000000	32.000000	255.706425	362.153216	1.000000	5.339012
2.000000	4.000000	3.000000	331.000000	349.000000	33.000000	332.108885	342.270173	1.000000	6.131653
2.000000	5.000000	4.000000	402.000000	284.000000	24.000000	405.177656	270.558127	1.000000	6.980484
2.000000	6.000000	5.000000	411.000000	225.000000	14.000000	408.918816	217.272504	1.000000	7.924013
2.000000	7.000000	6.000000	466.000000	203.000000	15.000000	467.310876	200.641086	1.000000	9.578768
2.000000	8.000000	7.000000	544.000000	147.000000	6.000000	545.198998	146.495904	1.000000	10.156178
2.000000	9.000000	8.000000	622.000000	131.000000	7.000000	626.266461	130.721502	1.000000	11.460502
2.000000	10.000000	9.000000	553.000000	280.000000	26.000000	544.390156	280.320898	1.000000	13.075343
2.000000	11.000000	10.000000	466.000000	428.000000	45.000000	470.628562	421.107623	1.000000	14.138498
2.000000	12.000000	11.000000	482.000000	503.000000	55.000000	480.302328	501.258506	1.000000	15.379320
2.000000	13.000000	12.000000	684.000000	439.000000	48.000000	686.085049	429.287820	1.000000	16.459243
2.000000	14.000000	13.000000	761.000000	276.000000	29.000000	766.222544	267.972700	1.000000	17.212180
2.000000	15.000000	14.000000	828.000000	284.000000	30.000000	831.218877	290.155029	1.000000	17.938607
2.000000	16.000000	15.000000	775.000000	327.000000	39.000000	764.789227	335.325011	1.000000	18.532547
2.000000	17.000000	16.000000	836.000000	210.000000	20.000000	844.845236	210.445420	1.000000	19.260518
2.000000	18.000000	17.000000	763.000000	213.000000	19.000000	758.795449	212.348348	2.000000	20.563956
2.000000	19.000000	18.000000	760.000000	121.000000	9.000000	760.529972	127.108479	2.000000	20.964057
2.000000	20.000000	19.000000	715.000000	120.000000	8.000000	698.540932	121.186237	2.000000	21.402722
2.000000	21.000000	20.000000	837.000000	644.000000	80.000000	842.221451	645.247545	1.000000	24.348561
2.000000	22.000000	21.000000	420.000000	646.000000	74.000000	407.380210	643.568344	1.000000	25.522966
2.000000	23.000000	22.000000	324.000000	618.000000	73.000000	333.332758	618.012107	1.000000	26.356520
2.000000	24.000000	23.000000	333.000000	565.000000	63.000000	334.325550	553.192794	2.000000	27.100097
2.000000	25.000000	24.000000	262.000000	566.000000	62.000000	257.050644	572.510933	2.000000	27.618950
2.000000	26.000000	25.000000	171.000000	635.000000	71.000000	180.383945	633.066914	2.000000	28.554932
2.000000	27.000000	26.000000	200.000000	485.000000	51.000000	187.450851	475.825790	2.000000	29.402953
2.000000	28.000000	27.000000	264.000000	488.000000	52.000000	261.074839	487.637777	2.000000	29.858421
2.000000	29.000000	28.000000	323.000000	483.000000	53.000000	326.020377	474.658462	2.000000	30.828540
2.000000	30.000000	29.000000	324.000000	417.000000	43.000000	326.361636	407.729772	2.000000	31.651855
2.000000	31.000000	30.000000	272.000000	427.000000	42.000000	261.478708	426.713369	2.000000	32.380460
2.000000	32.000000	31.000000	531.000000	635.000000	76.000000	545.710631	633.243248	2.000000	36.035848
2.000000	33.000000	32.000000	545.000000	564.000000	66.000000	553.848018	560.458606	2.000000	36.628531
2.000000	34.000000	33.000000	473.000000	567.000000	65.000000	470.421543	565.029346	2.000000	37.627066
2.000000	35.000000	34.000000	695.000000	546.000000	68.000000	692.084275	546.298019	2.000000	39.842606
2.000000	36.000000	35.000000	765.000000	434.000000	49.000000	759.995542	428.760965	2.000000	41.234567
2.000000	37.000000	36.000000	834.000000	476.000000	60.000000	837.984838	483.296016	2.000000	42.355768
2.000000	38.000000	37.000000	637.000000	471.000000	57.000000	626.866411	472.761518	2.000000	52.043797
2.000000	39.000000	38.000000	688.000000	474.000000	58.000000	700.572269	476.060427	2.000000	53.147435
2.000000	40.000000	39.000000	536.000000	212.000000	16.000000	546.710519	216.603211	2.000000	54.116301
3.000000	1.000000	0.000000	267.000000	202.000000	12.000000	263.396516	222.176942	1.000000	1.737588
3.000000	2.000000	1.000000	265.000000	266.000000	22.000000	265.276903	264.748198	1.000000	2.376752
3.000000	3.000000	2.000000	252.000000	329.000000	32.000000	253.280484	346.598938	1.000000	3.128561
3.000000	4.000000	3.000000	247.000000	423.000000	42.000000	250.150661	427.518655	2.000000	4.152490
3.000000	5.000000	4.000000	194.000000	269.000000	21.000000	190.623917	271.615256	2.000000	4.823768
3.000000	6.000000	5.000000	185.000000	193.000000	11.000000	183.149123	204.891895	2.000000	5.240931
3.000000	7.000000	6.000000	328.000000	136.000000	3.000000	326.513377	134.314863	2.000000	7.713659
3.000000	8.000000	7.000000	335.000000	249.000000	23.000000	335.378918	269.910205	2.000000	8.471645
3.000000	9.000000	8.000000	328.000000	346.000000	33.000000	324.737562	343.609618	2.000000	9.151792
3.000000	10.000000	9.000000	176.000000	557.000000	61.000000	180.659698	550.604767	2.000000	10.376932
3.000000	11.000000	10.000000	470.000000	564.000000	65.000000	472.941961	574.169600	2.000000	11.279864
3.000000	12.000000	11.000000	415.000000	646.000000	74.000000	406.316148	642.892015	2.000000	12.064198
3.000000	13.000000	12.000000	545.000000	581.000000	66.000000	540.134812	576.368779	2.000000	12.769823
3.000000	14.000000	13.000000	552.000000	438.000000	46.000000	548.614775	435.433523	2.000000	13.424620
3.000000	15.000000	14.000000	713.000000	476.000000	58.000000	700.975767	488.823243	2.000000	14.305704
3.000000	16.000000	15.000000	763.000000	543.000000	69.000000	760.346542	551.201105	2.000000	14.977487
3.000000	17.000000	16.000000	763.000000	472.000000	59.000000	765.874643	479.603773	2.000000	15.392300
3.000000	18.000000	17.000000	826.000000	424.000000	50.000000	832.605163	423.385947	2.000000	16.079966
3.000000	19.000000	18.000000	844.000000	340.000000	40.000000	836.174920	351.135019	2.000000	16.729305
3.000000	20.000000	19.000000	761.000000	340.000000	39.000000	757.206184	343.221001	2.000000	17.177488
3.000000	21.000000	20.000000	624.000000	267.000000	27.000000	616.242437	269.891503	2.000000	17.984690
3.000000	22.000000	21.000000	480.000000	244.000000	25.000000	476.566570	264.051545	2.000000	18.840103
3.000000	23.000000	22.000000	604.000000	192.000000	17.000000	615.324454	200.318243	2.000000	19.616847
3.000000	24.000000	23.000000	638.000000	116.000000	7.000000	619.105525	117.887651	1.000000	20.464003
3.000000	25.000000	24.000000	543.000000	134.000000	6.000000	551.321785	136.222911	1.000000	20.967762
3.000000	26.000000	25.000000	486.000000	121.000000	5.000000	470.853590	123.545704	1.000000	21.543141
3.000000	27.000000	26.000000	403.000000	180.000000	14.000000	410.336343	194.355100	1.000000	22.209552
3.000000	28.000000	27.000000	700.000000	282.000000	28.000000	691.148851	288.081655	1.000000	26.497043
3.000000	29.000000	28.000000	698.000000	207.000000	18.000000	690.931245	208.278791	1.000000	27.009153
3.000000	30.000000	29.000000	549.000000	269.000000	26.000000	540.441118	268.955513	1.000000	27.575952
3.000000	31.000000	30.000000	468.000000	347.000000	35.000000	470.078081	361.655355	1.000000	28.400087
3.000000	32.000000	31.000000	417.000000	398.000000	44.000000	409.478182	410.759779	1.000000	29.232741
3.000000	33.000000	32.000000	327.000000	482.000000	53.000000	333.866785	480.998671	1.000000	31.232876
3.000000	34.000000	33.000000	333.000000	446.000000	43.000000	329.067063	437.450578	1.000000	31.783578
3.000000	35.000000	34.000000	195.000000	479.000000	51.000000	194.495605	487.769861	1.000000	34.089659
3.000000	36.000000	35.000000	255.000000	497.000000	52.000000	258.187715	504.218476	1.000000	34.864575
3.000000	37.000000	36.000000	271.000000	547.000000	62.000000	265.748082	558.127625	1.000000	35.601700
3.000000	38.000000	37.000000	475.000000	473.000000	55.000000	476.523667	478.238544	1.000000	36.608452
3.000000	39.000000	38.000000	618.000000	414.000000	47.000000	614.761355	414.112070	1.000000	37.721189
3.000000	40.000000	39.000000	767.000000	426.000000	49.000000	770.474805	419.070793	1.000000	41.129435
4.000000	1.000000	0.000000	188.000000	195.000000	11.000000	185.316970	200.379245	2.000000	2.376820
4.000000	2.000000	1.000000	328.000000	195.000000	13.000000	333.388502	192.077575	2.000000	2.944160
4.000000	3.000000	2.000000	555.000000	331.000000	36.000000	556.129202	341.389090	2.000000	3.913795
4.000000	4.000000	3.000000	680.000000	195.000000	18.000000	688.467611	190.160152	2.000000	4.889344
4.000000	5.000000	4.000000	694.000000	287.000000	28.000000	689.151575	291.369014	2.000000	5.473219
4.000000	6.000000	5.000000	711.000000	363.000000	38.000000	699.622740	364.987544	2.000000	6.248764
4.000000	7.000000	6.000000	757.000000	334.000000	39.000000	764.962622	331.285365	2.000000	6.729873
4.000000	8.000000	7.000000	751.000000	196.000000	19.000000	758.647236	189.478764	2.000000	7.368232
4.000000	9.000000	8.000000	836.000000	204.000000	20.000000	829.211310	222.447289	2.000000	7.978168
4.000000	10.000000	9.000000	840.000000	114.000000	10.000000	836.499457	129.445794	2.000000	8.816313
4.000000	11.000000	10.000000	840.000000	475.000000	60.000000	840.578624	489.182293	2.000000	9.929651
4.000000	12.000000	11.000000	761.000000	487.000000	59.000000	772.576129	490.830459	2.000000	10.584447
4.000000	13.000000	12.000000	775.000000	566.000000	69.000000	763.721641	559.716560	2.000000	11.226152
4.000000	14.000000	13.000000	768.000000	635.000000	79.000000	765.337454	644.493180	2.000000	11.818180
4.000000	15.000000	14.000000	542.000000	564.000000	66.000000	551.378370	562.348086	2.000000	12.776576
4.000000	16.000000	15.000000	472.000000	560.000000	65.000000	483.392286	564.638477	2.000000	13.424537
4.000000	17.000000	16.000000	420.000000	557.000000	64.000000	409.884844	561.635837	2.000000	13.848388
4.000000	18.000000	17.000000	330.000000	544.000000	63.000000	326.689377	555.984746	1.000000	15.104204
4.000000	19.000000	18.000000	410.000000	476.000000	54.000000	410.212117	473.518705	1.000000	15.658080
4.000000	20.000000	19.000000	477.000000	430.000000	45.000000	467.222243	434.435366	1.000000	16.281430
4.000000	21.000000	20.000000	455.000000	353.000000	35.000000	469.897608	352.942148	1.000000	16.968961
4.000000	22.000000	21.000000	392.000000	349.000000	34.000000	406.401560	355.764702	1.000000	17.578164
4.000000	23.000000	22.000000	265.000000	255.000000	22.000000	258.450889	261.620875	1.000000	19.328296
4.000000	24.000000	23.000000	254.000000	219.000000	12.000000	255.933748	215.219681	1.000000	19.873440
4.000000	25.000000	24.000000	461.000000	198.000000	15.000000	470.222390	212.667137	1.000000	20.850400
4.000000	26.000000	25.000000	351.000000	131.000000	3.000000	338.252307	138.139738	1.000000	21.521133
4.000000	27.000000	26.000000	257.000000	484.000000	52.000000	254.509268	483.179857	1.000000	25.576471
4.000000	28.000000	27.000000	261.000000	417.000000	42.000000	263.802518	408.284506	2.000000	26.322276
4.000000	29.000000	28.000000	248.000000	561.000000	62.000000	251.893084	567.154993	2.000000	26.896938
4.000000	30.000000	29.000000	408.000000	428.000000	44.000000	409.104941	432.164486	2.000000	27.568182
4.000000	31.000000	30.000000	695.000000	471.000000	58.000000	692.443191	483.771251	1.000000	29.008301
4.000000	32.000000	31.000000	625.000000	497.000000	57.000000	620.527570	494.501129	1.000000	29.585358
4.000000	33.000000	32.000000	626.000000	555.000000	67.000000	627.519297	548.672259	1.000000	29.984126
4.000000	34.000000	33.000000	630.000000	631.000000	77.000000	625.423822	628.579887	1.000000	30.609550
4.000000	35.000000	34.000000	556.000000	619.000000	76.000000	545.900303	618.520739	1.000000	31.248884
4.000000	36.000000	35.000000	825.000000	645.000000	80.000000	829.511720	646.589639	1.000000	32.096666
4.000000	37.000000	36.000000	760.000000	283.000000	29.000000	757.649859	286.652875	1.000000	32.993268
4.000000	38.000000	37.000000	624.000000	343.000000	37.000000	616.202445	359.211310	1.000000	35.457392
4.000000	39.000000	38.000000	557.000000	281.000000	26.000000	548.049992	289.728776	1.000000	36.272230
4.000000	40.000000	39.000000	186.000000	610.000000	71.000000	193.192436	621.997867	1.000000	37.904202
5.000000	1.000000	0.000000	314.000000	125.000000	3.000000	322.342127	124.650904	1.000000	1.973258
5.000000	2.000000	1.000000	623.000000	126.000000	7.000000	614.946498	124.500765	2.000000	4.643926
5.000000	3.000000	2.000000	267.000000	116.000000	2.000000	255.295980	120.195298	2.000000	5.453209
5.000000	4.000000	3.000000	172.000000	220.000000	11.000000	178.766308	218.567800	1.000000	7.067827
5.000000	5.000000	4.000000	169.000000	319.000000	31.000000	179.105173	336.244179	1.000000	7.788813
5.000000	6.000000	5.000000	170.000000	397.000000	41.000000	182.654178	407.113521	1.000000	8.476088
5.000000	7.000000	6.000000	258.000000	404.000000	42.000000	259.177564	404.006007	1.000000	9.212022
5.000000	8.000000	7.000000	251.000000	332.000000	32.000000	251.521678	337.999886	1.000000	9.636382
5.000000	9.000000	8.000000	258.000000	276.000000	22.000000	259.538386	268.204681	1.000000	10.108350
5.000000	10.000000	9.000000	338.000000	277.000000	23.000000	326.587446	284.159178	1.000000	10.532599
5.000000	11.000000	10.000000	334.000000	341.000000	33.000000	332.788229	349.100800	1.000000	11.013543
5.000000	12.000000	11.000000	334.000000	391.000000	43.000000	333.370384	410.027651	1.000000	11.380562
5.000000	13.000000	12.000000	398.000000	286.000000	24.000000	404.999186	290.408124	1.000000	12.275744
5.000000	14.000000	13.000000	412.000000	326.000000	34.000000	407.218970	333.284837	2.000000	12.652146
5.000000	15.000000	14.000000	407.000000	394.000000	44.000000	400.733089	416.902635	2.000000	13.061448
5.000000	16.000000	15.000000	479.000000	340.000000	35.000000	477.764295	337.904803	1.000000	13.868647
5.000000	17.000000	16.000000	691.000000	362.000000	38.000000	687.859291	355.225966	2.000000	15.444844
5.000000	18.000000	17.000000	760.000000	353.000000	39.000000	763.504883	355.767480	2.000000	15.812388
5.000000	19.000000	18.000000	824.000000	343.000000	40.000000	830.770757	346.180840	2.000000	16.476793
5.000000	20.000000	19.000000	842.000000	460.000000	60.000000	831.921283	475.444727	1.000000	17.532892
5.000000	21.000000	20.000000	774.000000	497.000000	59.000000	769.368067	493.788324	1.000000	17.957485
5.000000	22.000000	21.000000	765.000000	544.000000	69.000000	763.108193	562.031978	2.000000	18.373685
5.000000	23.000000	22.000000	773.000000	641.000000	79.000000	763.903839	629.532116	2.000000	19.212096
5.000000	24.000000	23.000000	848.000000	636.000000	80.000000	833.956308	631.981044	2.000000	19.859632
5.000000	25.000000	24.000000	699.000000	612.000000	78.000000	688.052233	624.142714	1.000000	20.381693
5.000000	26.000000	25.000000	625.000000	620.000000	77.000000	619.423744	623.589633	1.000000	20.861370
5.000000	27.000000	26.000000	559.000000	568.000000	66.000000	550.770883	565.793560	1.000000	21.405106
5.000000	28.000000	27.000000	406.000000	476.000000	54.000000	394.966066	495.644384	1.000000	22.252300
5.000000	29.000000	28.000000	329.000000	556.000000	63.000000	323.541283	557.546307	1.000000	22.956023
5.000000	30.000000	29.000000	310.000000	491.000000	53.000000	324.542214	487.481386	2.000000	23.885686
5.000000	31.000000	30.000000	263.000000	480.000000	52.000000	255.985195	492.462361	2.000000	24.316581
5.000000	32.000000	31.000000	326.000000	632.000000	73.000000	332.489532	638.250130	2.000000	24.963892
5.000000	33.000000	32.000000	424.000000	528.000000	64.000000	411.037267	543.792689	2.000000	25.501866
5.000000	34.000000	33.000000	466.000000	631.000000	75.000000	472.501283	638.126251	2.000000	26.141690
5.000000	35.000000	34.000000	483.000000	546.000000	65.000000	484.216485	552.458903	2.000000	26.573652
5.000000	36.000000	35.000000	477.000000	497.000000	55.000000	469.289759	495.316072	2.000000	26.988772
5.000000	37.000000	36.000000	695.000000	203.000000	18.000000	685.501491	215.556212	2.000000	30.005618
5.000000	38.000000	37.000000	763.000000	183.000000	19.000000	764.414858	189.897553	2.000000	30.548999
5.000000	39.000000	38.000000	263.000000	207.000000	12.000000	262.463837	212.547202	2.000000	34.236380
5.000000	40.000000	39.000000	482.000000	203.000000	15.000000	483.373705	202.684732	1.000000	36.900737
1.000000	1.000000	0.000000	182.000000	222.000000	11.000000	178.240981	221.367536	1.000000	3.856271
1.000000	2.000000	1.000000	185.000000	257.000000	21.000000	188.744886	267.335019	1.000000	4.231804
1.000000	3.000000	2.000000	254.000000	223.000000	12.000000	261.437848	219.660143	1.000000	4.640224
1.000000	4.000000	3.000000	390.000000	368.000000	34.000000	398.563642	365.768944	1.000000	6.263515
1.000000	5.000000	4.000000	474.000000	296.000000	25.000000	475.544935	285.658236	1.000000	7.064060
1.000000	6.000000	5.000000	540.000000	220.000000	16.000000	548.768821	215.707173	1.000000	7.647871
1.000000	7.000000	6.000000	486.000000	196.000000	15.000000	478.607133	191.941975	1.000000	8.199318
1.000000	8.000000	7.000000	549.000000	346.000000	36.000000	546.843460	340.019123	1.000000	8.966806
1.000000	9.000000	8.000000	558.000000	407.000000	46.000000	555.991323	416.733572	1.000000	9.456196
1.000000	10.000000	9.000000	627.000000	357.000000	37.000000	627.964603	346.925760	1.000000	10.294709
1.000000	11.000000	10.000000	482.000000	549.000000	65.000000	476.654735	566.506834	1.000000	11.504374
1.000000	12.000000	11.000000	623.000000	547.000000	67.000000	618.895225	547.243463	1.000000	12.343814
1.000000	13.000000	12.000000	679.000000	551.000000	68.000000	692.899745	551.434253	1.000000	12.918633
1.000000	14.000000	13.000000	858.000000	584.000000	70.000000	840.717449	574.072949	1.000000	13.751988
1.000000	15.000000	14.000000	253.000000	575.000000	62.000000	255.463455	575.413391	1.000000	15.320478
1.000000	16.000000	15.000000	636.000000	128.000000	7.000000	624.178424	121.581569	1.000000	18.303893
1.000000	17.000000	16.000000	685.000000	126.000000	8.000000	694.511955	127.318371	1.000000	19.183148
1.000000	18.000000	17.000000	776.000000	124.000000	9.000000	762.269465	123.702700	1.000000	19.664628
1.000000	19.000000	18.000000	850.000000	282.000000	30.000000	846.383364	291.049871	1.000000	20.552637
1.000000	20.000000	19.000000	619.000000	273.000000	27.000000	617.043527	267.044736	1.000000	21.680270
1.000000	21.000000	20.000000	252.000000	635.000000	72.000000	259.869884	635.475835	2.000000	23.919585
1.000000	22.000000	21.000000	192.000000	626.000000	71.000000	193.152549	620.624166	2.000000	24.520032
1.000000	23.000000	22.000000	337.000000	577.000000	63.000000	338.507466	563.999337	2.000000	25.303905
1.000000	24.000000	23.000000	391.000000	509.000000	54.000000	400.596752	503.732768	2.000000	25.958726
1.000000	25.000000	24.000000	268.000000	482.000000	52.000000	266.639541	478.752826	2.000000	26.432318
1.000000	26.000000	25.000000	310.000000	411.000000	43.000000	322.990527	418.850088	2.000000	26.992289
1.000000	27.000000	26.000000	319.000000	360.000000	33.000000	322.749128	358.093545	2.000000	27.320708
1.000000	28.000000	27.000000	399.000000	397.000000	44.000000	405.055060	405.419919	2.000000	27.846756
1.000000	29.000000	28.000000	486.000000	432.000000	45.000000	469.719055	420.846910	2.000000	28.600087
1.000000	30.000000	29.000000	542.000000	557.000000	66.000000	551.996666	565.517884	2.000000	29.286410
1.000000	31.000000	30.000000	686.000000	509.000000	58.000000	692.890922	495.204030	2.000000	29.976505
1.000000	32.000000	31.000000	753.000000	632.000000	79.000000	763.546003	636.151790	2.000000	30.639623
1.000000	33.000000	32.000000	834.000000	409.000000	50.000000	832.370361	412.974300	2.000000	31.543793
1.000000	34.000000	33.000000	828.000000	357.000000	40.000000	832.295197	352.409657	2.000000	31.872612
1.000000	35.000000	34.000000	562.000000	135.000000	6.000000	556.339241	130.095857	2.000000	33.286510
1.000000	36.000000	35.000000	468.000000	136.000000	5.000000	470.067444	145.092839	2.000000	33.878752
1.000000	37.000000	36.000000	414.000000	199.000000	14.000000	408.942759	199.127526	2.000000	34.479645
1.000000	38.000000	37.000000	261.000000	262.000000	22.000000	257.336572	272.711295	2.000000	35.056647
1.000000	39.000000	38.000000	390.000000	268.000000	24.000000	409.241959	273.016552	2.000000	35.695749
1.000000	40.000000	39.000000	156.000000	135.000000	1.000000	179.110390	143.073985	2.000000	36.456874
2.000000	1.000000	0.000000	396.000000	126.000000	4.000000	399.723510	118.500152	2.000000	5.332729
2.000000	2.000000	1.000000	490.000000	141.000000	5.000000	480.808169	138.572998	2.000000	6.603661
2.000000	3.000000	2.000000	556.000000	219.000000	16.000000	556.204880	220.248604	2.000000	7.364101
2.000000	4.000000	3.000000	553.000000	261.000000	26.000000	547.630617	265.625908	2.000000	7.932920
2.000000	5.000000	4.000000	562.000000	344.000000	36.000000	547.785526	335.793691	2.000000	8.587561
2.000000	6.000000	5.000000	614.000000	280.000000	27.000000	624.355411	274.261185	2.000000	9.196763
2.000000	7.000000	6.000000	624.000000	230.000000	17.000000	619.665839	216.677711	2.000000	9.644458
2.000000	8.000000	7.000000	677.000000	152.000000	8.000000	689.355815	153.335594	2.000000	10.323557
2.000000	9.000000	8.000000	843.000000	195.000000	20.000000	835.201025	203.798233	2.000000	11.004925
2.000000	10.000000	9.000000	860.000000	436.000000	50.000000	845.580670	430.181055	2.000000	11.709239
2.000000	11.000000	10.000000	769.000000	503.000000	59.000000	765.027299	486.362702	2.000000	12.164047
2.000000	12.000000	11.000000	692.000000	495.000000	58.000000	686.352279	480.545557	2.000000	12.716107
2.000000	13.000000	12.000000	747.000000	548.000000	69.000000	763.773448	550.828907	2.000000	13.579639
2.000000	14.000000	13.000000	548.000000	508.000000	56.000000	555.542446	504.291636	2.000000	15.467954
2.000000	15.000000	14.000000	487.000000	654.000000	75.000000	475.792685	650.310637	2.000000	16.292298
2.000000	16.000000	15.000000	171.000000	643.000000	71.000000	189.150222	641.270021	2.000000	17.180013
2.000000	17.000000	16.000000	210.000000	575.000000	61.000000	189.721795	572.079604	2.000000	17.804146
2.000000	18.000000	0.000000	252.000000	505.000000	52.000000	260.779934	476.856209	2.000000	18.235649
2.000000	19.000000	17.000000	255.000000	465.000000	52.000000	260.779934	476.856209	2.000000	18.843065
2.000000	20.000000	18.000000	252.000000	409.000000	42.000000	254.124735	410.806722	2.000000	19.220129
2.000000	21.000000	19.000000	313.000000	351.000000	33.000000	326.949123	349.573289	2.000000	19.643306
2.000000	22.000000	20.000000	396.000000	646.000000	74.000000	404.100486	646.506683	1.000000	22.827735
2.000000	23.000000	21.000000	327.000000	557.000000	63.000000	339.626335	563.284334	1.000000	23.563571
2.000000	24.000000	22.000000	409.000000	556.000000	64.000000	397.513827	551.977955	1.000000	24.060036
2.000000	25.000000	23.000000	339.000000	487.000000	53.000000	324.590706	486.117190	1.000000	24.811365
2.000000	26.000000	24.000000	200.000000	499.000000	51.000000	188.183315	501.769301	1.000000	25.564983
2.000000	27.000000	25.000000	269.000000	191.000000	12.000000	256.024565	195.591683	1.000000	26.868072
2.000000	28.000000	26.000000	409.000000	265.000000	24.000000	405.179985	262.951788	1.000000	27.596800
2.000000	29.000000	27.000000	477.000000	292.000000	25.000000	472.930357	287.363268	1.000000	27.995953
2.000000	30.000000	28.000000	493.000000	418.000000	45.000000	481.966289	420.413558	1.000000	28.733060
2.000000	31.000000	29.000000	535.000000	421.000000	46.000000	550.713780	430.106183	1.000000	29.164126
2.000000	32.000000	30.000000	635.000000	420.000000	47.000000	626.167091	405.967589	1.000000	29.643791
2.000000	33.000000	31.000000	627.000000	491.000000	57.000000	612.463237	507.924617	1.000000	30.083982
2.000000	34.000000	32.000000	544.000000	563.000000	66.000000	544.689070	553.111159	1.000000	30.676742
2.000000	35.000000	33.000000	612.000000	628.000000	77.000000	614.831175	637.339465	1.000000	31.308698
2.000000	36.000000	34.000000	692.000000	621.000000	78.000000	695.613296	620.859916	1.000000	31.700428
2.000000	37.000000	35.000000	748.000000	621.000000	79.000000	760.412094	616.424369	1.000000	32.036899
2.000000	38.000000	36.000000	767.000000	375.000000	39.000000	766.715533	361.782033	1.000000	32.715227
2.000000	39.000000	37.000000	854.000000	340.000000	40.000000	837.976212	337.585783	1.000000	33.413084
2.000000	40.000000	38.000000	764.000000	201.000000	19.000000	764.384480	198.885550	1.000000	36.019483
2.000000	41.000000	39.000000	689.000000	200.000000	18.000000	691.043615	202.393416	1.000000	36.468530
3.000000	1.000000	0.000000	189.000000	194.000000	11.000000	193.814493	190.456345	1.000000	1.205701
3.000000	2.000000	1.000000	256.000000	338.000000	32.000000	258.259647	343.334347	1.000000	2.278454
3.000000	3.000000	2.000000	187.000000	488.000000	51.000000	194.712094	495.547796	1.000000	3.005545
3.000000	4.000000	3.000000	270.000000	504.000000	52.000000	262.134202	502.930600	1.000000	3.798981
3.000000	5.000000	4.000000	315.000000	425.000000	43.000000	328.027904	419.017604	1.000000	4.517734
3.000000	6.000000	5.000000	419.000000	545.000000	64.000000	409.668895	543.580608	1.000000	5.503675
3.000000	7.000000	6.000000	481.000000	434.000000	45.000000	481.719701	427.440714	1.000000	6.023553
3.000000	8.000000	7.000000	559.000000	492.000000	56.000000	544.416539	487.679610	1.000000	6.559593
3.000000	9.000000	8.000000	474.000000	253.000000	25.000000	481.365081	266.344943	1.000000	7.438763
3.000000	10.000000	9.000000	477.000000	193.000000	15.000000	476.772052	200.225198	1.000000	7.774617
3.000000	11.000000	10.000000	531.000000	127.000000	6.000000	543.026630	120.106085	1.000000	8.470531
3.000000	12.000000	11.000000	752.000000	115.000000	9.000000	772.911310	128.601101	1.000000	9.158820
3.000000	13.000000	12.000000	831.000000	129.000000	10.000000	842.367912	135.388124	1.000000	9.518540
3.000000	14.000000	13.000000	771.000000	350.000000	39.000000	769.742388	342.081146	1.000000	10.335674
3.000000	15.000000	14.000000	856.000000	334.000000	40.000000	838.306212	330.592247	1.000000	10.694399
3.000000	16.000000	15.000000	711.000000	416.000000	48.000000	697.925389	418.671841	1.000000	11.414334
3.000000	17.000000	16.000000	834.000000	546.000000	70.000000	831.922097	559.225359	1.000000	12.078964
3.000000	18.000000	17.000000	771.000000	628.000000	79.000000	769.285066	633.510846	1.000000	12.583181
3.000000	19.000000	18.000000	556.000000	634.000000	76.000000	542.785972	631.880669	1.000000	13.151647
3.000000	20.000000	19.000000	488.000000	638.000000	75.000000	473.139352	628.763734	1.000000	13.461905
3.000000	21.000000	20.000000	198.000000	112.000000	1.000000	180.896444	117.680970	2.000000	15.997751
3.000000	22.000000	21.000000	261.000000	143.000000	2.000000	258.920602	148.574404	2.000000	16.622554
3.000000	23.000000	22.000000	327.000000	217.000000	13.000000	329.244816	215.796471	3.000000	17.125460
4.000000	1.000000	0.000000	250.000000	209.000000	12.000000	253.939985	219.311282	1.000000	2.603570
4.000000	2.000000	1.000000	401.000000	201.000000	14.000000	396.562974	191.932348	1.000000	3.194154
4.000000	3.000000	2.000000	463.000000	140.000000	5.000000	467.614006	140.183470	1.000000	3.626885
4.000000	4.000000	3.000000	424.000000	271.000000	24.000000	410.531590	274.574983	1.000000	4.187051
4.000000	5.000000	4.000000	476.000000	271.000000	25.000000	475.547379	274.267776	1.000000	4.554543
4.000000	6.000000	5.000000	554.000000	273.000000	26.000000	549.723725	279.100865	1.000000	4.947747
4.000000	7.000000	6.000000	552.000000	210.000000	16.000000	554.985195	209.148572	1.000000	5.307760
4.000000	8.000000	7.000000	602.000000	155.000000	7.000000	622.224767	153.150336	1.000000	6.139967
4.000000	9.000000	8.000000	478.000000	438.000000	45.000000	472.844345	437.229317	1.000000	6.962302
4.000000	10.000000	9.000000	395.000000	489.000000	54.000000	405.386140	493.890700	1.000000	7.489833
4.000000	11.000000	10.000000	268.000000	502.000000	52.000000	255.022298	502.057209	1.000000	8.194570
4.000000	12.000000	11.000000	168.000000	545.000000	61.000000	183.835945	561.997268	1.000000	8.834373
4.000000	13.000000	12.000000	189.000000	439.000000	41.000000	184.088430	430.807522	1.000000	9.441911
4.000000	14.000000	13.000000	413.000000	642.000000	74.000000	401.719030	643.310979	1.000000	10.386293
4.000000	15.000000	14.000000	675.000000	642.000000	78.000000	688.600565	640.760885	1.000000	11.283477
4.000000	16.000000	15.000000	791.000000	636.000000	79.000000	771.863401	636.036099	1.000000	11.915859
4.000000	17.000000	16.000000	837.000000	566.000000	70.000000	831.036262	556.472246	1.000000	12.505955
4.000000	18.000000	17.000000	774.000000	428.000000	49.000000	773.833475	420.210547	1.000000	13.347150
4.000000	19.000000	18.000000	826.000000	349.000000	40.000000	838.872127	348.355967	1.000000	14.298752
4.000000	20.000000	19.000000	259.000000	343.000000	32.000000	260.615025	341.545942	1.000000	15.099171
4.000000	21.000000	20.000000	201.000000	336.000000	31.000000	192.114360	336.202607	2.000000	16.347732
4.000000	22.000000	21.000000	325.000000	225.000000	13.000000	330.328241	214.529323	2.000000	16.851682
4.000000	23.000000	22.000000	332.000000	159.000000	3.000000	333.088926	153.010005	2.000000	17.236041
4.000000	24.000000	23.000000	422.000000	156.000000	4.000000	402.734968	149.582784	2.000000	17.617754
4.000000	25.000000	24.000000	466.000000	197.000000	15.000000	475.367495	206.412472	2.000000	18.003155
4.000000	26.000000	25.000000	466.000000	349.000000	35.000000	469.689900	356.031033	2.000000	18.883362
4.000000	27.000000	26.000000	410.000000	415.000000	44.000000	395.822724	408.789352	2.000000	19.353920
4.000000	28.000000	27.000000	325.000000	586.000000	63.000000	329.145791	577.029591	2.000000	20.338418
4.000000	29.000000	28.000000	482.000000	518.000000	55.000000	477.593267	503.944080	2.000000	21.050960
4.000000	30.000000	29.000000	565.000000	551.000000	66.000000	554.079375	554.744276	2.000000	21.668029
4.000000	31.000000	30.000000	543.000000	645.000000	76.000000	543.426801	642.002435	2.000000	22.505848
4.000000	32.000000	31.000000	539.000000	413.000000	46.000000	543.754192	414.149605	2.000000	23.122046
4.000000	33.000000	32.000000	614.000000	409.000000	47.000000	626.117146	414.223153	2.000000	23.763222
4.000000	34.000000	33.000000	707.000000	224.000000	18.000000	687.200722	220.876737	2.000000	24.754163
4.000000	35.000000	34.000000	748.000000	127.000000	9.000000	759.529480	132.685293	2.000000	25.330234
4.000000	36.000000	35.000000	847.000000	181.000000	20.000000	844.883081	192.724628	2.000000	25.914218
4.000000	37.000000	36.000000	847.000000	299.000000	30.000000	845.453163	294.504963	2.000000	26.345871
4.000000	38.000000	37.000000	851.000000	419.000000	50.000000	843.987303	411.891425	2.000000	26.923355
4.000000	39.000000	38.000000	842.000000	491.000000	60.000000	837.784107	493.745952	2.000000	27.361988
4.000000	40.000000	39.000000	833.000000	648.000000	80.000000	830.270222	632.720048	2.000000	28.226423
5.000000	1.000000	0.000000	204.000000	173.000000	11.000000	194.539401	194.433199	1.000000	1.383592
5.000000	2.000000	1.000000	382.000000	144.000000	4.000000	398.044925	149.876739	1.000000	2.089430
5.000000	3.000000	2.000000	531.000000	149.000000	6.000000	542.330144	151.738506	1.000000	2.735973
5.000000	4.000000	3.000000	678.000000	129.000000	8.000000	696.681156	140.120806	1.000000	3.255446
5.000000	5.000000	4.000000	777.000000	189.000000	19.000000	764.606982	193.391719	1.000000	3.752795
5.000000	6.000000	5.000000	834.000000	152.000000	10.000000	832.318397	130.278575	1.000000	4.344644
5.000000	7.000000	6.000000	412.000000	399.000000	44.000000	407.188714	413.486004	1.000000	5.689486
5.000000	8.000000	7.000000	333.000000	427.000000	43.000000	323.604996	433.353645	1.000000	6.209492
5.000000	9.000000	8.000000	257.000000	500.000000	52.000000	262.028516	489.713032	1.000000	6.960862
5.000000	10.000000	9.000000	191.000000	424.000000	41.000000	194.591275	429.446675	1.000000	7.560647
5.000000	11.000000	10.000000	248.000000	554.000000	62.000000	254.534355	560.011945	1.000000	8.087891
5.000000	12.000000	0.000000	269.000000	593.000000	72.000000	261.135658	623.001805	1.000000	8.591609
5.000000	13.000000	11.000000	263.000000	619.000000	72.000000	261.135658	623.001805	1.000000	9.321276
5.000000	14.000000	12.000000	337.000000	538.000000	63.000000	334.105462	553.154782	1.000000	9.824173
5.000000	15.000000	13.000000	414.000000	559.000000	64.000000	407.403183	557.526991	1.000000	10.296636
5.000000	16.000000	14.000000	405.000000	467.000000	54.000000	402.456530	478.014092	1.000000	10.719898
5.000000	17.000000	15.000000	475.000000	502.000000	55.000000	480.828062	493.619115	1.000000	11.289174
5.000000	18.000000	16.000000	531.000000	482.000000	56.000000	544.585380	492.199016	1.000000	11.720106
5.000000	19.000000	17.000000	614.000000	613.000000	77.000000	615.781101	632.015531	1.000000	12.311593
5.000000	20.000000	18.000000	695.000000	626.000000	78.000000	689.606368	636.246999	1.000000	12.712909
5.000000	21.000000	19.000000	768.000000	369.000000	39.000000	767.827112	360.030459	1.000000	13.560392
5.000000	22.000000	20.000000	630.000000	429.000000	47.000000	621.905912	435.775168	2.000000	17.153482
5.000000	23.000000	21.000000	560.000000	525.000000	66.000000	551.486778	544.698370	2.000000	18.176784
5.000000	24.000000	22.000000	629.000000	487.000000	57.000000	626.882103	499.354261	2.000000	18.665021
5.000000	25.000000	23.000000	628.000000	570.000000	67.000000	619.832909	559.929301	2.000000	19.017510
5.000000	26.000000	24.000000	680.000000	503.000000	58.000000	690.940405	503.103917	2.000000	19.680133
5.000000	27.000000	25.000000	852.000000	644.000000	80.000000	836.465812	647.316204	2.000000	21.400627
5.000000	28.000000	26.000000	859.000000	341.000000	40.000000	835.993193	344.917670	2.000000	22.913467
5.000000	29.000000	27.000000	674.000000	359.000000	38.000000	689.290930	366.246122	2.000000	24.672956
5.000000	30.000000	28.000000	623.000000	329.000000	37.000000	623.678140	333.143201	2.000000	25.545304
5.000000	31.000000	29.000000	770.000000	126.000000	9.000000	765.970452	138.232935	2.000000	26.217389
5.000000	32.000000	30.000000	691.000000	184.000000	18.000000	699.718855	203.137075	2.000000	26.808067
5.000000	33.000000	31.000000	770.000000	252.000000	29.000000	756.796109	271.794556	2.000000	27.512787
5.000000	34.000000	32.000000	477.000000	203.000000	15.000000	474.957225	208.263199	2.000000	28.336448
5.000000	35.000000	33.000000	401.000000	204.000000	14.000000	407.510713	209.303566	2.000000	28.649478
5.000000	36.000000	34.000000	249.000000	204.000000	12.000000	267.193917	197.588139	2.000000	29.489103
5.000000	37.000000	35.000000	201.000000	274.000000	21.000000	186.888489	292.667477	2.000000	30.231685
5.000000	38.000000	36.000000	176.000000	475.000000	51.000000	183.754918	485.190579	2.000000	30.864746
5.000000	39.000000	37.000000	188.000000	567.000000	61.000000	189.762362	579.356767	2.000000	31.648474
5.000000	40.000000	38.000000	467.000000	630.000000	75.000000	474.758579	639.536658	2.000000	32.863661
5.000000	41.000000	39.000000	340.000000	345.000000	33.000000	329.734088	341.860669	2.000000	54.969550
6.000000	1.000000	0.000000	247.000000	114.000000	2.000000	254.458091	119.898800	1.000000	1.531493
6.000000	2.000000	1.000000	196.000000	206.000000	11.000000	188.884735	222.474231	1.000000	2.251465
6.000000	3.000000	2.000000	266.000000	200.000000	12.000000	267.150589	198.928311	1.000000	2.858077
6.000000	4.000000	3.000000	261.000000	353.000000	32.000000	259.920808	363.513984	1.000000	3.505693
6.000000	5.000000	0.000000	258.000000	390.000000	42.000000	258.427151	415.559155	1.000000	4.017970
6.000000	6.000000	4.000000	264.000000	416.000000	42.000000	258.427151	415.559155	1.000000	4.665520
6.000000	7.000000	5.000000	240.000000	610.000000	72.000000	251.589062	617.260489	1.000000	6.177861
6.000000	8.000000	6.000000	194.000000	631.000000	71.000000	179.214151	642.386446	1.000000	7.018568
6.000000	9.000000	7.000000	383.000000	485.000000	54.000000	395.196454	488.867812	1.000000	8.354774
6.000000	10.000000	8.000000	412.000000	332.000000	34.000000	404.394722	353.438089	1.000000	9.042672
6.000000	11.000000	9.000000	473.000000	333.000000	35.000000	470.583093	340.604709	1.000000	9.802893
6.000000	12.000000	10.000000	490.000000	207.000000	15.000000	474.475691	218.439961	1.000000	10.563469
6.000000	13.000000	11.000000	558.000000	189.000000	16.000000	555.967578	192.047815	1.000000	11.081764
6.000000	14.000000	12.000000	754.000000	130.000000	9.000000	760.000746	132.746007	1.000000	12.321449
6.000000	15.000000	13.000000	631.000000	257.000000	27.000000	618.492596	265.355096	1.000000	12.978822
6.000000	16.000000	14.000000	834.000000	397.000000	50.000000	841.311189	405.585150	1.000000	13.938181
6.000000	17.000000	15.000000	612.000000	510.000000	57.000000	614.452067	496.762824	1.000000	14.809959
6.000000	18.000000	16.000000	702.000000	489.000000	58.000000	695.612935	492.566695	1.000000	16.745811
6.000000	19.000000	17.000000	766.000000	549.000000	69.000000	763.391654	558.361028	1.000000	17.625231
6.000000	20.000000	18.000000	848.000000	613.000000	80.000000	832.568567	616.574591	1.000000	18.242251
6.000000	21.000000	19.000000	579.000000	619.000000	76.000000	556.264874	623.926790	1.000000	19.338922
6.000000	22.000000	20.000000	328.000000	554.000000	63.000000	323.363655	557.700747	2.000000	24.866156
6.000000	23.000000	21.000000	261.000000	468.000000	52.000000	252.038601	472.770393	2.000000	25.633739
6.000000	24.000000	22.000000	338.000000	397.000000	43.000000	331.466843	402.628651	2.000000	26.091496
6.000000	25.000000	23.000000	337.000000	340.000000	33.000000	329.259446	341.819950	2.000000	26.482546
6.000000	26.000000	24.000000	329.000000	287.000000	23.000000	334.021450	290.090978	2.000000	26.770839
6.000000	27.000000	25.000000	204.000000	347.000000	31.000000	190.910500	358.293251	2.000000	27.482291
6.000000	28.000000	26.000000	178.000000	136.000000	1.000000	185.499058	153.391125	2.000000	28.154955
6.000000	29.000000	27.000000	329.000000	135.000000	3.000000	329.140032	141.732090	2.000000	28.675469
6.000000	30.000000	28.000000	388.000000	120.000000	4.000000	398.523700	123.286228	2.000000	29.050533
6.000000	31.000000	29.000000	679.000000	128.000000	8.000000	687.284270	133.433289	2.000000	30.178825
6.000000	32.000000	30.000000	611.000000	203.000000	17.000000	617.164876	209.384044	2.000000	30.698492
6.000000	33.000000	31.000000	550.000000	246.000000	26.000000	547.028016	261.968354	2.000000	31.393568
6.000000	34.000000	32.000000	692.000000	206.000000	18.000000	692.001025	208.195391	2.000000	31.977834
6.000000	35.000000	33.000000	759.000000	214.000000	19.000000	759.310145	220.261038	2.000000	32.386220
6.000000	36.000000	34.000000	767.000000	341.000000	39.000000	758.316603	350.542337	2.000000	33.635470
6.000000	37.000000	35.000000	705.000000	349.000000	38.000000	688.256597	347.942587	2.000000	34.433357
6.000000	38.000000	36.000000	756.000000	387.000000	49.000000	759.107748	404.613591	2.000000	35.179235
6.000000	39.000000	37.000000	530.000000	406.000000	46.000000	546.121729	404.134412	2.000000	36.242337
6.000000	40.000000	38.000000	472.000000	497.000000	55.000000	470.847340	493.764687	2.000000	37.075189
6.000000	41.000000	39.000000	471.000000	615.000000	75.000000	469.299619	630.487031	2.000000	40.002997
7.000000	1.000000	0.000000	248.000000	119.000000	2.000000	255.880615	129.546570	1.000000	1.730943
7.000000	2.000000	1.000000	333.000000	136.000000	3.000000	336.728649	140.981831	2.000000	2.715641
7.000000	3.000000	2.000000	495.000000	127.000000	5.000000	479.888713	129.064605	1.000000	4.075255
7.000000	4.000000	3.000000	550.000000	116.000000	6.000000	555.789564	120.561648	1.000000	4.476562
7.000000	5.000000	4.000000	625.000000	152.000000	7.000000	612.861599	151.293005	1.000000	4.900439
7.000000	6.000000	5.000000	686.000000	139.000000	8.000000	688.309666	138.600689	2.000000	5.803366
7.000000	7.000000	6.000000	253.000000	206.000000	12.000000	264.906176	216.656852	1.000000	7.482894
7.000000	8.000000	7.000000	487.000000	219.000000	15.000000	478.220614	221.521833	1.000000	9.146910
7.000000	9.000000	8.000000	639.000000	220.000000	17.000000	623.443846	220.910797	1.000000	10.548516
7.000000	10.000000	9.000000	694.000000	214.000000	18.000000	694.808547	221.101156	1.000000	11.019011
7.000000	11.000000	10.000000	763.000000	214.000000	19.000000	770.179825	220.887613	2.000000	11.747959
7.000000	12.000000	11.000000	555.000000	275.000000	26.000000	546.534735	278.303534	2.000000	14.812276
7.000000	13.000000	12.000000	629.000000	266.000000	27.000000	628.763444	273.599621	2.000000	15.354668
7.000000	14.000000	13.000000	853.000000	263.000000	30.000000	843.359222	263.693553	2.000000	17.380213
7.000000	15.000000	14.000000	338.000000	340.000000	33.000000	331.818089	341.443904	1.000000	18.756146
7.000000	16.000000	15.000000	551.000000	343.000000	36.000000	552.897360	348.360974	2.000000	22.738853
7.000000	17.000000	16.000000	617.000000	347.000000	37.000000	615.750922	355.102095	1.000000	23.628257
7.000000	18.000000	17.000000	482.000000	349.000000	35.000000	479.305007	353.030163	1.000000	24.236109
7.000000	19.000000	18.000000	781.000000	335.000000	39.000000	773.565421	333.390783	2.000000	28.242731
7.000000	20.000000	19.000000	186.000000	413.000000	41.000000	186.524027	422.183768	2.000000	30.140237
7.000000	21.000000	20.000000	239.000000	400.000000	42.000000	252.136172	409.014762	1.000000	31.052020
7.000000	22.000000	21.000000	545.000000	408.000000	46.000000	539.981942	408.027944	1.000000	33.804052
7.000000	23.000000	22.000000	768.000000	428.000000	49.000000	767.838924	435.049725	2.000000	35.772256
7.000000	24.000000	23.000000	314.000000	495.000000	53.000000	323.057576	501.470958	2.000000	38.626639
7.000000	25.000000	24.000000	699.000000	505.000000	58.000000	685.924685	504.491669	1.000000	40.139695
7.000000	26.000000	25.000000	596.000000	491.000000	57.000000	616.838288	490.393768	2.000000	40.858842
7.000000	27.000000	26.000000	769.000000	494.000000	59.000000	763.648769	503.567359	2.000000	42.956107
7.000000	28.000000	27.000000	847.000000	534.000000	70.000000	832.261941	552.627617	1.000000	44.042624
7.000000	29.000000	28.000000	791.000000	551.000000	69.000000	769.368902	555.716665	1.000000	44.684165
7.000000	30.000000	29.000000	704.000000	556.000000	68.000000	699.520614	566.300438	2.000000	48.114907
7.000000	31.000000	30.000000	478.000000	546.000000	65.000000	469.783673	556.160623	1.000000	49.730662
7.000000	32.000000	31.000000	401.000000	603.000000	74.000000	398.617508	615.552837	1.000000	50.507520
7.000000	33.000000	32.000000	253.000000	561.000000	62.000000	265.146586	558.299393	1.000000	51.403942
7.000000	34.000000	33.000000	324.000000	605.000000	73.000000	328.663255	617.101337	2.000000	52.412056
7.000000	35.000000	34.000000	279.000000	625.000000	72.000000	255.806349	629.862915	2.000000	52.875208
7.000000	36.000000	35.000000	487.000000	641.000000	75.000000	484.486730	644.895911	2.000000	53.802951
7.000000	37.000000	36.000000	542.000000	625.000000	76.000000	555.700806	615.923283	2.000000	54.291908
7.000000	38.000000	37.000000	611.000000	623.000000	77.000000	618.252689	622.287044	2.000000	54.746785
7.000000	39.000000	38.000000	858.000000	620.000000	80.000000	841.260062	615.010795	2.000000	56.202368
7.000000	40.000000	39.000000	832.000000	392.000000	50.000000	832.636651	401.666635	1.000000	61.914896
8.000000	1.000000	0.000000	249.000000	125.000000	2.000000	254.162256	129.232065	2.000000	5.492996
8.000000	2.000000	1.000000	320.000000	127.000000	3.000000	330.381202	136.974522	2.000000	6.798313
8.000000	3.000000	2.000000	467.000000	138.000000	5.000000	469.095276	140.578393	2.000000	13.045357
8.000000	4.000000	3.000000	424.000000	150.000000	4.000000	408.770042	153.411297	1.000000	15.037939
8.000000	5.000000	4.000000	613.000000	138.000000	7.000000	626.500611	140.390361	1.000000	15.702244
8.000000	6.000000	5.000000	770.000000	111.000000	9.000000	760.128479	120.597774	1.000000	16.197472
8.000000	7.000000	6.000000	343.000000	189.000000	13.000000	331.239474	195.424269	1.000000	17.206770
8.000000	8.000000	0.000000	381.000000	195.000000	14.000000	397.943047	214.394970	1.000000	17.838693
8.000000	9.000000	7.000000	398.000000	214.000000	14.000000	397.943047	214.394970	1.000000	18.612887
8.000000	10.000000	8.000000	474.000000	214.000000	15.000000	481.715565	222.862793	1.000000	19.197876
8.000000	11.000000	0.000000	523.000000	213.000000	16.000000	549.555287	220.332204	1.000000	19.765605
8.000000	12.000000	9.000000	544.000000	212.000000	16.000000	549.555287	220.332204	1.000000	20.125232
8.000000	13.000000	10.000000	622.000000	253.000000	27.000000	612.317913	263.315499	1.000000	20.797999
8.000000	14.000000	11.000000	778.000000	210.000000	19.000000	772.231889	218.725504	2.000000	21.925673
8.000000	15.000000	12.000000	380.000000	334.000000	34.000000	394.852581	339.162383	1.000000	25.037227
8.000000	16.000000	13.000000	203.000000	360.000000	31.000000	193.228702	363.239951	1.000000	26.172875
8.000000	17.000000	14.000000	545.000000	353.000000	36.000000	550.625221	364.855167	1.000000	27.109238
8.000000	18.000000	15.000000	397.000000	463.000000	54.000000	395.068175	479.508650	1.000000	27.789926
8.000000	19.000000	16.000000	200.000000	556.000000	61.000000	188.071249	560.254490	1.000000	28.982869
8.000000	20.000000	17.000000	269.000000	639.000000	72.000000	260.621318	642.913661	1.000000	29.941511
8.000000	21.000000	18.000000	619.000000	608.000000	77.000000	623.170731	628.135962	1.000000	30.973399
8.000000	22.000000	19.000000	697.000000	609.000000	78.000000	699.494233	625.613004	1.000000	31.493121
8.000000	23.000000	20.000000	836.000000	543.000000	70.000000	837.996455	548.192230	1.000000	32.365541
8.000000	24.000000	21.000000	860.000000	427.000000	50.000000	845.949590	430.867838	1.000000	33.069671
8.000000	25.000000	22.000000	759.000000	412.000000	49.000000	757.141999	419.754359	1.000000	33.781799
8.000000	26.000000	23.000000	696.000000	426.000000	48.000000	686.669620	426.380787	1.000000	35.588928
8.000000	27.000000	24.000000	186.000000	224.000000	11.000000	190.408176	221.223290	2.000000	36.644964
8.000000	28.000000	25.000000	258.000000	267.000000	22.000000	265.954398	272.833043	2.000000	37.236893
8.000000	29.000000	26.000000	353.000000	263.000000	23.000000	339.488949	266.395438	2.000000	38.052610
8.000000	30.000000	27.000000	550.000000	388.000000	46.000000	548.252145	404.246575	2.000000	39.141390
8.000000	31.000000	28.000000	605.000000	320.000000	37.000000	617.500409	331.534500	2.000000	39.886520
8.000000	32.000000	29.000000	693.000000	353.000000	38.000000	692.298791	348.551080	2.000000	40.716911
8.000000	33.000000	30.000000	639.000000	489.000000	57.000000	625.391256	495.625931	2.000000	41.525490
8.000000	34.000000	31.000000	699.000000	489.000000	58.000000	699.145539	503.441954	2.000000	42.125237
8.000000	35.000000	32.000000	768.000000	498.000000	59.000000	767.975327	508.075241	2.000000	42.765843
8.000000	36.000000	33.000000	847.000000	621.000000	80.000000	836.154636	615.746221	2.000000	43.621757
8.000000	37.000000	34.000000	780.000000	652.000000	79.000000	771.756168	647.528291	2.000000	44.268605
8.000000	38.000000	35.000000	561.000000	627.000000	76.000000	552.471031	622.821859	2.000000	45.316682
8.000000	39.000000	36.000000	540.000000	541.000000	66.000000	546.073821	548.423719	2.000000	45.980772
8.000000	40.000000	37.000000	486.000000	559.000000	65.000000	470.696728	561.776638	2.000000	46.453956
8.000000	41.000000	38.000000	400.000000	627.000000	74.000000	399.145812	626.425849	2.000000	47.012689
8.000000	42.000000	39.000000	183.000000	605.000000	71.000000	193.602807	617.415911	2.000000	49.758698
9.000000	1.000000	0.000000	186.000000	136.000000	1.000000	180.161160	147.121256	1.000000	2.254407
9.000000	2.000000	1.000000	176.000000	270.000000	21.000000	186.443824	288.167619	2.000000	3.096001
9.000000	3.000000	2.000000	188.000000	330.000000	31.000000	194.271530	337.554026	1.000000	4.743110
9.000000	4.000000	3.000000	187.000000	555.000000	61.000000	189.364619	577.717451	2.000000	6.192262
9.000000	5.000000	4.000000	259.000000	337.000000	32.000000	254.059217	339.184237	1.000000	8.006990
9.000000	6.000000	5.000000	265.000000	547.000000	62.000000	264.248352	549.882934	1.000000	11.168067
9.000000	7.000000	6.000000	333.000000	548.000000	63.000000	329.581031	550.803499	1.000000	13.823324
9.000000	8.000000	7.000000	332.000000	338.000000	33.000000	330.304812	333.660000	2.000000	14.847041
9.000000	9.000000	8.000000	327.000000	196.000000	13.000000	337.535933	203.705177	1.000000	15.544085
9.000000	10.000000	9.000000	403.000000	333.000000	34.000000	409.602447	345.018885	2.000000	21.320148
9.000000	11.000000	10.000000	411.000000	615.000000	74.000000	403.194492	616.374079	2.000000	23.798254
9.000000	12.000000	11.000000	404.000000	409.000000	44.000000	400.031132	404.764386	1.000000	25.479284
9.000000	13.000000	12.000000	475.000000	631.000000	75.000000	474.491706	649.862632	1.000000	26.638382
9.000000	14.000000	13.000000	477.000000	479.000000	55.000000	480.888272	478.196487	1.000000	27.711858
9.000000	15.000000	14.000000	478.000000	361.000000	35.000000	482.970849	363.575562	2.000000	28.406708
9.000000	16.000000	15.000000	482.000000	152.000000	5.000000	478.694171	150.159696	2.000000	30.783682
9.000000	17.000000	16.000000	543.000000	194.000000	16.000000	544.197435	206.815317	2.000000	32.744277
9.000000	18.000000	17.000000	554.000000	350.000000	36.000000	549.236696	356.258804	1.000000	33.574783
9.000000	19.000000	18.000000	548.000000	432.000000	46.000000	545.430848	419.363510	2.000000	35.424381
9.000000	20.000000	19.000000	547.000000	492.000000	56.000000	550.744016	499.586329	1.000000	36.399174
9.000000	21.000000	20.000000	615.000000	618.000000	77.000000	613.814610	639.868104	1.000000	37.767875
9.000000	22.000000	21.000000	619.000000	573.000000	67.000000	622.408157	573.946875	2.000000	38.496433
9.000000	23.000000	22.000000	614.000000	491.000000	57.000000	615.673355	492.003161	2.000000	39.383939
9.000000	24.000000	23.000000	623.000000	343.000000	37.000000	618.831976	350.484524	1.000000	40.294957
9.000000	25.000000	24.000000	623.000000	277.000000	27.000000	616.817319	269.911688	2.000000	40.816041
9.000000	26.000000	25.000000	627.000000	210.000000	17.000000	627.656038	197.675219	2.000000	41.183084
9.000000	27.000000	26.000000	687.000000	485.000000	58.000000	690.367720	485.711151	1.000000	45.967645
9.000000	28.000000	27.000000	701.000000	558.000000	68.000000	691.565188	573.924517	1.000000	46.735738
9.000000	29.000000	28.000000	769.000000	428.000000	49.000000	769.148661	425.776472	2.000000	49.696041
9.000000	30.000000	29.000000	771.000000	261.000000	29.000000	769.001661	264.336370	1.000000	51.126395
9.000000	31.000000	30.000000	781.000000	349.000000	39.000000	770.272826	351.176454	2.000000	51.992392
9.000000	32.000000	31.000000	759.000000	221.000000	19.000000	758.233680	222.060504	2.000000	52.559245
9.000000	33.000000	32.000000	774.000000	148.000000	9.000000	766.367428	150.078224	2.000000	53.366748
9.000000	34.000000	33.000000	835.000000	131.000000	10.000000	842.310928	143.399369	1.000000	53.878843
9.000000	35.000000	34.000000	831.000000	203.000000	20.000000	834.723204	190.051506	1.000000	54.286828
9.000000	36.000000	35.000000	847.000000	276.000000	30.000000	841.609001	280.322460	2.000000	54.790975
9.000000	37.000000	36.000000	843.000000	614.000000	80.000000	833.346755	621.283158	1.000000	56.903739
9.000000	38.000000	37.000000	703.000000	642.000000	78.000000	695.293039	633.016322	2.000000	58.343071
9.000000	39.000000	38.000000	685.000000	418.000000	48.000000	688.624746	430.357506	2.000000	59.934844
9.000000	40.000000	39.000000	327.000000	420.000000	43.000000	324.834881	418.401411	1.000000	63.862585
10.000000	1.000000	0.000000	315.000000	130.000000	3.000000	326.726425	125.844406	2.000000	2.396212
10.000000	2.000000	1.000000	391.000000	138.000000	4.000000	399.611955	135.350516	2.000000	3.148225
10.000000	3.000000	2.000000	427.000000	289.000000	24.000000	404.675640	287.956809	2.000000	3.980947
10.000000	4.000000	3.000000	389.000000	407.000000	44.000000	396.255699	408.143900	2.000000	4.701565
10.000000	5.000000	4.000000	254.000000	408.000000	42.000000	259.809274	410.099803	2.000000	5.165687
10.000000	6.000000	5.000000	269.000000	616.000000	72.000000	264.075116	630.648427	2.000000	6.109165
10.000000	7.000000	6.000000	170.000000	574.000000	61.000000	180.351001	574.149468	2.000000	6.853411
10.000000	8.000000	7.000000	480.000000	629.000000	75.000000	484.494786	632.872448	2.000000	7.564035
10.000000	9.000000	8.000000	463.000000	510.000000	55.000000	469.801282	497.493543	2.000000	8.244024
10.000000	10.000000	9.000000	601.000000	474.000000	57.000000	612.896351	475.594360	2.000000	8.932525
10.000000	11.000000	10.000000	548.000000	409.000000	46.000000	553.245153	408.755561	2.000000	9.389437
10.000000	12.000000	11.000000	689.000000	352.000000	38.000000	698.414381	348.607812	2.000000	10.012103
10.000000	13.000000	12.000000	751.000000	272.000000	29.000000	758.912030	273.126856	2.000000	10.580805
10.000000	14.000000	13.000000	770.000000	174.000000	19.000000	770.111909	196.219336	2.000000	11.020478
10.000000	15.000000	14.000000	829.000000	270.000000	30.000000	833.106436	286.864105	2.000000	11.589914
10.000000	16.000000	15.000000	841.000000	480.000000	60.000000	839.887936	484.452975	2.000000	12.131859
10.000000	17.000000	16.000000	778.000000	634.000000	79.000000	766.855747	626.502436	2.000000	12.869149
10.000000	18.000000	17.000000	685.000000	591.000000	68.000000	690.001152	572.685409	2.000000	13.427932
10.000000	19.000000	18.000000	333.000000	210.000000	13.000000	323.308964	199.531646	1.000000	16.740774
10.000000	20.000000	19.000000	282.000000	259.000000	22.000000	267.282622	262.438191	1.000000	17.245818
10.000000	21.000000	0.000000	167.000000	277.000000	21.000000	187.398131	295.179668	1.000000	17.620395
10.000000	22.000000	20.000000	183.000000	288.000000	21.000000	187.398131	295.179668	1.000000	18.093810
10.000000	23.000000	21.000000	238.000000	346.000000	32.000000	256.066559	353.589941	1.000000	18.588903
10.000000	24.000000	22.000000	306.000000	306.000000	23.000000	323.971933	291.160458	1.000000	19.028819
10.000000	25.000000	23.000000	276.000000	487.000000	52.000000	263.124173	494.671013	1.000000	20.323892
10.000000	26.000000	24.000000	256.000000	567.000000	62.000000	261.724841	575.699570	1.000000	20.820153
10.000000	27.000000	25.000000	317.000000	655.000000	73.000000	323.598764	644.562340	1.000000	22.020169
10.000000	28.000000	26.000000	381.000000	632.000000	74.000000	396.698127	630.692950	1.000000	22.453906
10.000000	29.000000	27.000000	399.000000	565.000000	64.000000	403.348661	571.892484	1.000000	22.805386
10.000000	30.000000	28.000000	460.000000	584.000000	65.000000	477.286217	578.796114	1.000000	23.180952
10.000000	31.000000	0.000000	417.000000	507.000000	54.000000	397.640504	481.683414	1.000000	23.597686
10.000000	32.000000	29.000000	553.000000	539.000000	66.000000	545.180589	558.962587	1.000000	24.021333
10.000000	33.000000	30.000000	543.000000	603.000000	76.000000	550.447095	619.953277	1.000000	24.484087
10.000000	34.000000	31.000000	598.000000	629.000000	77.000000	618.693419	625.387455	1.000000	24.846080
10.000000	35.000000	0.000000	668.000000	626.000000	78.000000	698.809415	625.738332	1.000000	25.229347
10.000000	36.000000	32.000000	708.000000	641.000000	78.000000	698.809415	625.738332	1.000000	25.780672
10.000000	37.000000	33.000000	611.000000	558.000000	67.000000	627.212507	566.166294	1.000000	26.173578
10.000000	38.000000	34.000000	407.000000	476.000000	54.000000	397.640504	481.683414	1.000000	27.027979
10.000000	39.000000	35.000000	495.000000	272.000000	25.000000	484.229901	259.680291	1.000000	29.077124
10.000000	40.000000	36.000000	535.000000	232.000000	16.000000	544.699681	223.942708	1.000000	29.901808
10.000000	41.000000	37.000000	538.000000	128.000000	6.000000	541.610405	138.681299	1.000000	30.693925
10.000000	42.000000	38.000000	690.000000	153.000000	8.000000	686.719177	152.484816	2.000000	34.628180
10.000000	43.000000	39.000000	564.000000	284.000000	26.000000	547.720802	284.744656	2.000000	35.429582
11.000000	1.000000	0.000000	254.000000	217.000000	12.000000	258.792870	217.375245	1.000000	2.678585
11.000000	2.000000	1.000000	255.000000	608.000000	72.000000	250.100495	618.295739	1.000000	4.270589
11.000000	3.000000	2.000000	180.000000	575.000000	61.000000	185.030076	578.460810	2.000000	5.093680
11.000000	4.000000	3.000000	259.000000	465.000000	52.000000	261.156961	477.956983	2.000000	5.734878
11.000000	5.000000	4.000000	265.000000	409.000000	42.000000	263.190099	410.661739	2.000000	6.102371
11.000000	6.000000	5.000000	321.000000	362.000000	33.000000	335.941761	365.880829	2.000000	6.479485
11.000000	7.000000	6.000000	484.000000	340.000000	35.000000	470.999710	337.771407	2.000000	8.125413
11.000000	8.000000	7.000000	484.000000	309.000000	25.000000	481.821790	292.047669	2.000000	8.382459
11.000000	9.000000	0.000000	523.000000	284.000000	26.000000	546.101826	272.591614	2.000000	8.743519
11.000000	10.000000	8.000000	552.000000	260.000000	26.000000	546.101826	272.591614	2.000000	9.277508
11.000000	11.000000	9.000000	542.000000	180.000000	16.000000	551.385745	196.801533	2.000000	9.654544
11.000000	12.000000	10.000000	456.000000	146.000000	5.000000	471.363490	149.729846	2.000000	10.334785
11.000000	13.000000	11.000000	618.000000	354.000000	37.000000	612.250402	365.467793	2.000000	12.119191
11.000000	14.000000	12.000000	699.000000	224.000000	18.000000	687.402093	210.697929	2.000000	12.735583
11.000000	15.000000	13.000000	749.000000	193.000000	19.000000	764.249961	198.859963	2.000000	13.269899
11.000000	16.000000	14.000000	763.000000	347.000000	39.000000	772.973615	351.508093	2.000000	14.671562
11.000000	17.000000	0.000000	866.000000	264.000000	30.000000	838.644923	284.349909	2.000000	15.070337
11.000000	18.000000	15.000000	851.000000	274.000000	30.000000	838.644923	284.349909	2.000000	15.406055
11.000000	19.000000	16.000000	844.000000	220.000000	20.000000	836.633378	220.589881	2.000000	15.727062
11.000000	20.000000	17.000000	835.000000	634.000000	80.000000	837.376718	635.501460	2.000000	18.911397
11.000000	21.000000	18.000000	696.000000	631.000000	78.000000	685.878599	620.443082	2.000000	19.589500
11.000000	22.000000	19.000000	414.000000	641.000000	74.000000	400.640657	632.846780	2.000000	22.718069
11.000000	23.000000	20.000000	524.000000	471.000000	56.000000	540.343435	476.283573	2.000000	23.685899
11.000000	24.000000	21.000000	546.000000	412.000000	46.000000	548.253788	435.424571	2.000000	24.087582
11.000000	25.000000	22.000000	337.000000	613.000000	73.000000	333.068078	615.531761	1.000000	26.351115
11.000000	26.000000	23.000000	318.000000	547.000000	63.000000	322.540630	560.137627	1.000000	26.839092
11.000000	27.000000	24.000000	394.000000	576.000000	64.000000	405.563439	578.835060	1.000000	27.278888
11.000000	28.000000	25.000000	398.000000	524.000000	54.000000	400.959056	505.170138	1.000000	27.695273
11.000000	29.000000	26.000000	458.000000	619.000000	75.000000	472.165948	619.090783	1.000000	28.269809
11.000000	30.000000	0.000000	519.000000	613.000000	76.000000	543.100150	626.702520	1.000000	28.733619
11.000000	31.000000	27.000000	539.000000	612.000000	76.000000	543.100150	626.702520	1.000000	29.238676
11.000000	32.000000	28.000000	541.000000	545.000000	66.000000	542.836972	566.020602	1.000000	29.550342
11.000000	33.000000	29.000000	325.000000	410.000000	43.000000	336.044958	424.263166	1.000000	30.343594
11.000000	34.000000	30.000000	386.000000	294.000000	24.000000	394.769858	289.420724	1.000000	31.070425
11.000000	35.000000	31.000000	558.000000	365.000000	36.000000	546.626951	360.924810	1.000000	32.237581
11.000000	36.000000	32.000000	490.000000	181.000000	15.000000	482.071573	190.156047	1.000000	32.974748
11.000000	37.000000	33.000000	706.000000	339.000000	38.000000	697.251644	333.681437	1.000000	33.783117
11.000000	38.000000	34.000000	768.000000	257.000000	29.000000	771.168929	266.926202	1.000000	34.223343
11.000000	39.000000	35.000000	778.000000	139.000000	9.000000	766.176012	125.333735	1.000000	34.789520
11.000000	40.000000	36.000000	836.000000	126.000000	10.000000	843.818090	125.045506	1.000000	35.374210
11.000000	41.000000	37.000000	708.000000	481.000000	58.000000	699.886551	481.056095	1.000000	38.887024
11.000000	42.000000	38.000000	842.000000	551.000000	70.000000	840.534714	558.808094	1.000000	39.710407
11.000000	43.000000	39.000000	848.000000	429.000000	50.000000	835.797566	428.266331	1.000000	43.142162
12.000000	1.000000	0.000000	256.000000	143.000000	2.000000	253.851572	150.938747	2.000000	2.061550
12.000000	2.000000	1.000000	355.000000	147.000000	3.000000	339.016681	149.830369	2.000000	2.669270
12.000000	3.000000	2.000000	401.000000	150.000000	4.000000	409.339053	152.398044	1.000000	3.086513
12.000000	4.000000	3.000000	463.000000	151.000000	5.000000	478.689071	151.354833	2.000000	3.525672
12.000000	5.000000	4.000000	535.000000	154.000000	6.000000	553.471399	148.536345	1.000000	4.015504
12.000000	6.000000	5.000000	606.000000	154.000000	7.000000	614.566427	145.713616	2.000000	4.438036
12.000000	7.000000	6.000000	699.000000	151.000000	8.000000	685.827629	146.223500	2.000000	4.838641
12.000000	8.000000	7.000000	184.000000	213.000000	11.000000	185.812629	214.261491	1.000000	6.502572
12.000000	9.000000	8.000000	620.000000	221.000000	17.000000	625.174148	217.566568	2.000000	8.205636
12.000000	10.000000	9.000000	688.000000	226.000000	18.000000	684.878524	219.230886	1.000000	8.774806
12.000000	11.000000	10.000000	761.000000	210.000000	19.000000	764.200166	206.483281	1.000000	9.101915
12.000000	12.000000	11.000000	490.000000	222.000000	15.000000	474.669983	224.460880	1.000000	9.711010
12.000000	13.000000	12.000000	195.000000	294.000000	21.000000	186.177697	285.771572	2.000000	13.214104
12.000000	14.000000	13.000000	354.000000	286.000000	23.000000	338.414006	279.306852	1.000000	13.878984
12.000000	15.000000	14.000000	384.000000	286.000000	24.000000	402.527232	287.598995	2.000000	14.229730
12.000000	16.000000	15.000000	565.000000	282.000000	26.000000	554.939312	276.800106	2.000000	15.061628
12.000000	17.000000	16.000000	781.000000	289.000000	29.000000	769.460241	289.159860	2.000000	17.510703
12.000000	18.000000	17.000000	822.000000	284.000000	30.000000	833.584066	284.308574	2.000000	18.078542
12.000000	19.000000	18.000000	326.000000	364.000000	33.000000	331.298151	361.469722	1.000000	19.189579
12.000000	20.000000	19.000000	256.000000	332.000000	32.000000	259.575786	336.207046	1.000000	19.558512
12.000000	21.000000	20.000000	196.000000	368.000000	31.000000	184.133967	364.287546	2.000000	20.391220
12.000000	22.000000	21.000000	254.000000	445.000000	42.000000	257.850475	432.886256	2.000000	20.879438
12.000000	23.000000	22.000000	329.000000	408.000000	43.000000	336.105201	402.524726	2.000000	21.487319
12.000000	24.000000	23.000000	469.000000	363.000000	35.000000	478.200687	361.708169	2.000000	23.270610
12.000000	25.000000	24.000000	629.000000	353.000000	37.000000	623.037943	348.263195	2.000000	23.734763
12.000000	26.000000	25.000000	674.000000	353.000000	38.000000	688.468541	356.270046	2.000000	24.157549
12.000000	27.000000	26.000000	188.000000	427.000000	41.000000	184.330859	427.755558	1.000000	27.567599
12.000000	28.000000	27.000000	331.000000	492.000000	53.000000	326.384417	488.768576	1.000000	30.390255
12.000000	29.000000	28.000000	403.000000	499.000000	54.000000	404.507481	506.751540	1.000000	30.983071
12.000000	30.000000	29.000000	491.000000	553.000000	65.000000	480.129426	555.868706	1.000000	31.710788
12.000000	31.000000	30.000000	533.000000	495.000000	56.000000	542.390081	500.285294	1.000000	32.365895
12.000000	32.000000	31.000000	748.000000	412.000000	49.000000	756.922031	409.810070	1.000000	33.174092
12.000000	33.000000	32.000000	839.000000	415.000000	50.000000	843.674726	422.270855	1.000000	33.774284
12.000000	34.000000	33.000000	264.000000	584.000000	62.000000	256.895381	575.702503	1.000000	36.501728
12.000000	35.000000	34.000000	330.000000	623.000000	73.000000	322.883259	629.179938	1.000000	37.022135
12.000000	36.000000	35.000000	420.000000	620.000000	74.000000	410.521342	621.251984	1.000000	37.453550
12.000000	37.000000	36.000000	476.000000	639.000000	75.000000	481.282859	647.491899	1.000000	37.975544
12.000000	38.000000	37.000000	545.000000	655.000000	76.000000	540.366881	645.637596	2.000000	40.254192
12.000000	39.000000	38.000000	763.000000	581.000000	69.000000	772.724768	570.916583	2.000000	41.286829
12.000000	40.000000	39.000000	176.000000	647.000000	71.000000	186.872968	638.402338	2.000000	44.470109
13.000000	1.000000	0.000000	184.000000	139.000000	1.000000	185.036660	135.329191	1.000000	2.254835
13.000000	2.000000	1.000000	257.000000	203.000000	12.000000	259.457972	221.261556	1.000000	3.222033
13.000000	3.000000	2.000000	375.000000	217.000000	14.000000	394.838748	208.881542	1.000000	3.764815
13.000000	4.000000	3.000000	276.000000	348.000000	32.000000	259.696036	355.363441	1.000000	4.374540
13.000000	5.000000	4.000000	161.000000	478.000000	51.000000	181.909275	475.231404	1.000000	5.182922
13.000000	6.000000	5.000000	497.000000	628.000000	75.000000	483.450327	632.435486	1.000000	6.086036
13.000000	7.000000	6.000000	614.000000	553.000000	67.000000	613.935793	556.929342	1.000000	6.846261
13.000000	8.000000	7.000000	625.000000	635.000000	77.000000	619.181307	627.658339	1.000000	7.180947
13.000000	9.000000	8.000000	607.000000	423.000000	47.000000	624.449084	424.664629	1.000000	7.749215
13.000000	10.000000	9.000000	557.000000	425.000000	46.000000	548.226471	425.559363	1.000000	8.014056
13.000000	11.000000	10.000000	466.000000	339.000000	35.000000	473.659646	342.274357	1.000000	8.622304
13.000000	12.000000	11.000000	551.000000	202.000000	16.000000	543.806446	207.118305	1.000000	9.237293
13.000000	13.000000	12.000000	537.000000	121.000000	6.000000	540.532368	120.057629	1.000000	9.621760
13.000000	14.000000	13.000000	631.000000	141.000000	7.000000	624.491534	141.434433	1.000000	10.022811
13.000000	15.000000	14.000000	626.000000	179.000000	17.000000	622.105688	189.166123	1.000000	10.365413
13.000000	16.000000	15.000000	836.000000	150.000000	10.000000	837.525571	151.961206	1.000000	10.990614
13.000000	17.000000	16.000000	837.000000	289.000000	30.000000	842.507316	280.974579	1.000000	11.630318
13.000000	18.000000	17.000000	838.000000	342.000000	40.000000	834.053424	350.645485	1.000000	11.989928
13.000000	19.000000	18.000000	830.000000	421.000000	50.000000	829.775625	412.109911	1.000000	12.348837
13.000000	20.000000	19.000000	717.000000	278.000000	28.000000	697.866036	266.229268	1.000000	12.949317
13.000000	21.000000	20.000000	328.000000	141.000000	3.000000	323.404674	136.716812	2.000000	16.213021
13.000000	22.000000	21.000000	183.000000	403.000000	41.000000	180.273994	419.718566	2.000000	17.084824
13.000000	23.000000	22.000000	356.000000	341.000000	33.000000	335.080999	336.849212	2.000000	17.733002
13.000000	24.000000	23.000000	414.000000	359.000000	34.000000	405.185157	356.705892	2.000000	18.125340
13.000000	25.000000	24.000000	410.000000	403.000000	44.000000	410.865360	406.124506	2.000000	18.430981
13.000000	26.000000	25.000000	461.000000	410.000000	45.000000	472.611834	414.640850	2.000000	18.789610
13.000000	27.000000	26.000000	396.000000	286.000000	24.000000	405.431006	286.956381	2.000000	19.396724
13.000000	28.000000	27.000000	480.000000	283.000000	25.000000	482.680111	294.041058	2.000000	19.700877
13.000000	29.000000	28.000000	532.000000	282.000000	26.000000	540.518663	274.449506	2.000000	19.997400
13.000000	30.000000	29.000000	491.000000	122.000000	5.000000	476.128689	129.626178	2.000000	20.566097
13.000000	31.000000	30.000000	701.000000	121.000000	8.000000	700.798617	117.784687	2.000000	21.364546
13.000000	32.000000	31.000000	865.000000	218.000000	20.000000	840.705837	214.641591	2.000000	22.125011
13.000000	33.000000	32.000000	824.000000	479.000000	60.000000	829.161278	490.870552	2.000000	23.622673
13.000000	34.000000	0.000000	851.000000	530.000000	70.000000	840.980263	553.965601	2.000000	23.989538
13.000000	35.000000	33.000000	834.000000	566.000000	70.000000	840.980263	553.965601	2.000000	24.828986
13.000000	36.000000	34.000000	781.000000	610.000000	79.000000	770.174648	617.785752	2.000000	25.294814
13.000000	37.000000	35.000000	761.000000	575.000000	69.000000	758.597256	568.965674	2.000000	25.652756
13.000000	38.000000	36.000000	477.000000	575.000000	65.000000	471.676479	562.611708	2.000000	27.229785
13.000000	39.000000	37.000000	416.000000	577.000000	64.000000	400.069922	568.901744	2.000000	27.724826
13.000000	40.000000	38.000000	315.000000	619.000000	73.000000	327.037774	627.045556	2.000000	28.974369
13.000000	41.000000	0.000000	287.000000	621.000000	72.000000	262.624477	631.342594	2.000000	29.509368
13.000000	42.000000	39.000000	270.000000	634.000000	72.000000	262.624477	631.342594	2.000000	30.558175
14.000000	1.000000	0.000000	267.000000	217.000000	12.000000	260.271694	211.874334	2.000000	2.035739
14.000000	2.000000	1.000000	341.000000	211.000000	13.000000	335.622640	203.230302	2.000000	2.900176
14.000000	3.000000	2.000000	412.000000	154.000000	4.000000	410.527579	150.612013	2.000000	3.242409
14.000000	4.000000	3.000000	465.000000	208.000000	15.000000	476.570335	203.630216	2.000000	3.772102
14.000000	5.000000	4.000000	548.000000	224.000000	16.000000	544.468572	217.503667	2.000000	4.106817
14.000000	6.000000	5.000000	548.000000	259.000000	26.000000	540.146745	262.315401	2.000000	4.420250
14.000000	7.000000	6.000000	841.000000	137.000000	10.000000	846.113299	134.515086	2.000000	5.204221
14.000000	8.000000	7.000000	832.000000	281.000000	30.000000	830.371057	275.228562	2.000000	5.836227
14.000000	9.000000	8.000000	494.000000	375.000000	35.000000	481.038303	358.063861	2.000000	6.906181
14.000000	10.000000	9.000000	618.000000	406.000000	47.000000	613.814329	413.213120	2.000000	7.547273
14.000000	11.000000	10.000000	821.000000	402.000000	50.000000	830.910348	405.214180	2.000000	8.187947
14.000000	12.000000	11.000000	779.000000	484.000000	59.000000	771.031051	473.981484	2.000000	8.755053
14.000000	13.000000	12.000000	839.000000	578.000000	70.000000	837.173118	576.813904	2.000000	9.242554
14.000000	14.000000	13.000000	829.000000	649.000000	80.000000	835.361621	630.592974	2.000000	9.627231
14.000000	15.000000	14.000000	761.000000	648.000000	79.000000	765.267365	635.530081	2.000000	9.955900
14.000000	16.000000	15.000000	477.000000	565.000000	65.000000	470.334613	556.479555	2.000000	10.891955
14.000000	17.000000	16.000000	468.000000	513.000000	55.000000	470.465183	491.003641	2.000000	11.195850
14.000000	18.000000	17.000000	327.000000	559.000000	63.000000	326.181710	559.223480	2.000000	11.588157
14.000000	19.000000	18.000000	266.000000	360.000000	32.000000	255.439562	359.849561	2.000000	12.265803
14.000000	20.000000	19.000000	338.000000	274.000000	23.000000	338.350324	271.514803	2.000000	12.835517
14.000000	21.000000	20.000000	413.000000	569.000000	64.000000	408.858235	574.594242	1.000000	15.019371
14.000000	22.000000	21.000000	244.000000	648.000000	72.000000	253.465470	643.156216	1.000000	15.690429
14.000000	23.000000	22.000000	266.000000	502.000000	52.000000	263.970515	498.057580	1.000000	16.443916
14.000000	24.000000	23.000000	330.000000	405.000000	43.000000	331.039607	417.247333	1.000000	16.875212
14.000000	25.000000	24.000000	178.000000	351.000000	31.000000	179.942192	343.087516	1.000000	17.691160
14.000000	26.000000	25.000000	269.000000	299.000000	22.000000	260.567538	291.712342	1.000000	18.227446
14.000000	27.000000	26.000000	336.000000	347.000000	33.000000	336.501861	341.610787	1.000000	18.858339
14.000000	28.000000	27.000000	409.000000	187.000000	14.000000	405.923133	192.557290	1.000000	19.507795
14.000000	29.000000	28.000000	411.000000	273.000000	24.000000	405.730135	286.983144	1.000000	19.979145
14.000000	30.000000	29.000000	551.000000	134.000000	6.000000	551.423791	137.492070	1.000000	20.636035
14.000000	31.000000	30.000000	681.000000	220.000000	18.000000	686.566620	218.178044	1.000000	21.260024
14.000000	32.000000	31.000000	697.000000	261.000000	28.000000	691.141763	262.626757	1.000000	21.868178
14.000000	33.000000	32.000000	783.000000	208.000000	19.000000	765.152933	206.171095	1.000000	22.203005
14.000000	34.000000	33.000000	852.000000	212.000000	20.000000	839.982741	216.082060	1.000000	22.507086
14.000000	35.000000	34.000000	772.000000	566.000000	69.000000	768.161770	568.581426	1.000000	23.978524
14.000000	36.000000	35.000000	706.000000	512.000000	58.000000	693.137830	501.328350	1.000000	24.514632
14.000000	37.000000	36.000000	620.000000	335.000000	37.000000	628.108186	340.829399	1.000000	25.130290
14.000000	38.000000	37.000000	381.000000	490.000000	54.000000	397.827978	479.922441	1.000000	26.066583
14.000000	39.000000	38.000000	547.000000	658.000000	76.000000	546.786845	647.247580	1.000000	26.778177
14.000000	40.000000	39.000000	614.000000	657.000000	77.000000	613.382219	639.589854	1.000000	27.100373
15.000000	1.000000	0.000000	200.000000	201.000000	11.000000	188.765887	206.345440	1.000000	1.337140
15.000000	2.000000	1.000000	169.000000	541.000000	61.000000	179.384960	562.005346	1.000000	2.513174
15.000000	3.000000	2.000000	178.000000	608.000000	71.000000	189.126100	617.305474	1.000000	2.969230
15.000000	4.000000	3.000000	255.000000	471.000000	52.000000	265.401612	474.568804	2.000000	4.096670
15.000000	5.000000	4.000000	263.000000	414.000000	42.000000	254.920339	411.138707	2.000000	4.410427
15.000000	6.000000	5.000000	165.000000	125.000000	1.000000	179.161672	130.251415	2.000000	5.096849
15.000000	7.000000	6.000000	277.000000	202.000000	12.000000	265.527785	214.990855	2.000000	5.752890
15.000000	8.000000	7.000000	339.000000	212.000000	13.000000	330.196187	206.097834	2.000000	6.137829
15.000000	9.000000	8.000000	336.000000	266.000000	23.000000	337.113573	280.222390	2.000000	7.025832
15.000000	10.000000	9.000000	417.000000	350.000000	34.000000	397.450985	341.744232	2.000000	7.778134
15.000000	11.000000	10.000000	344.000000	472.000000	53.000000	328.868371	487.088925	2.000000	8.496937
15.000000	12.000000	11.000000	463.000000	537.000000	65.000000	472.653340	558.290219	2.000000	9.266470
15.000000	13.000000	12.000000	469.000000	618.000000	75.000000	470.056942	622.199170	2.000000	9.848955
15.000000	14.000000	13.000000	335.000000	554.000000	63.000000	331.083816	550.357323	1.000000	10.784607
15.000000	15.000000	14.000000	571.000000	510.000000	56.000000	555.999302	506.533710	1.000000	12.113402
15.000000	16.000000	15.000000	604.000000	428.000000	47.000000	613.348940	420.390935	1.000000	12.530435
15.000000	17.000000	16.000000	463.000000	421.000000	45.000000	476.928350	420.256175	1.000000	12.945461
15.000000	18.000000	17.000000	475.000000	278.000000	25.000000	482.002427	270.281512	1.000000	13.442356
15.000000	19.000000	18.000000	420.000000	276.000000	24.000000	401.600237	291.185252	1.000000	13.825671
15.000000	20.000000	19.000000	478.000000	135.000000	5.000000	467.742641	151.076137	1.000000	14.689152
15.000000	21.000000	20.000000	528.000000	110.000000	6.000000	547.243385	119.437964	1.000000	14.986082
15.000000	22.000000	0.000000	646.000000	175.000000	17.000000	627.878549	195.857306	1.000000	15.609868
15.000000	23.000000	21.000000	638.000000	181.000000	17.000000	627.878549	195.857306	1.000000	16.402121
15.000000	24.000000	22.000000	707.000000	135.000000	8.000000	693.953271	144.833005	1.000000	16.705034
15.000000	25.000000	23.000000	747.000000	276.000000	29.000000	759.224244	278.096910	1.000000	17.321023
15.000000	26.000000	24.000000	837.000000	317.000000	40.000000	845.378177	333.842674	1.000000	17.712962
15.000000	27.000000	25.000000	771.000000	476.000000	59.000000	772.310650	477.108304	1.000000	18.409423
15.000000	28.000000	26.000000	839.000000	627.000000	80.000000	840.555227	633.362095	1.000000	18.937246
15.000000	29.000000	27.000000	617.000000	654.000000	77.000000	624.040058	648.828538	1.000000	19.770721
15.000000	30.000000	28.000000	543.000000	631.000000	76.000000	544.397926	628.619905	1.000000	20.410372
15.000000	31.000000	29.000000	679.000000	473.000000	58.000000	687.413547	477.354716	2.000000	21.193220
15.000000	32.000000	30.000000	760.000000	411.000000	49.000000	758.802464	417.456397	2.000000	21.633711
15.000000	33.000000	31.000000	832.000000	405.000000	50.000000	836.589530	403.400135	2.000000	21.985857
15.000000	34.000000	32.000000	794.000000	362.000000	39.000000	772.652979	359.382035	2.000000	22.553602
15.000000	35.000000	33.000000	830.000000	539.000000	70.000000	834.413371	551.226935	2.000000	23.242807
15.000000	36.000000	34.000000	619.000000	359.000000	37.000000	621.807647	364.719873	2.000000	24.145306
15.000000	37.000000	35.000000	543.000000	349.000000	36.000000	556.617955	353.501452	2.000000	24.538761
15.000000	38.000000	36.000000	695.000000	272.000000	28.000000	693.709043	261.119721	2.000000	25.049324
15.000000	39.000000	37.000000	770.000000	170.000000	19.000000	765.731484	191.200467	2.000000	25.722439
15.000000	40.000000	38.000000	852.000000	140.000000	10.000000	839.402468	149.227551	2.000000	26.056776
15.000000	41.000000	39.000000	264.000000	654.000000	72.000000	267.282634	646.377341	1.000000	29.018729
16.000000	1.000000	0.000000	198.000000	276.000000	21.000000	189.622719	275.476119	2.000000	3.186574
16.000000	2.000000	1.000000	195.000000	221.000000	11.000000	193.358514	196.832895	1.000000	3.592930
16.000000	3.000000	2.000000	188.000000	362.000000	31.000000	190.840490	356.177739	1.000000	4.409883
16.000000	4.000000	3.000000	180.000000	557.000000	61.000000	185.138626	556.647224	2.000000	6.082275
16.000000	5.000000	4.000000	254.000000	647.000000	72.000000	254.511071	630.240257	1.000000	7.842190
16.000000	6.000000	5.000000	262.000000	436.000000	42.000000	263.180814	424.596300	2.000000	8.738920
16.000000	7.000000	6.000000	271.000000	362.000000	32.000000	261.622929	361.657552	1.000000	10.121267
16.000000	8.000000	7.000000	322.000000	153.000000	3.000000	327.448356	150.307383	1.000000	11.777373
16.000000	9.000000	8.000000	348.000000	208.000000	13.000000	339.247369	211.495812	2.000000	12.546002
16.000000	10.000000	0.000000	369.000000	204.000000	14.000000	400.068360	201.088097	2.000000	12.922032
16.000000	11.000000	9.000000	390.000000	204.000000	14.000000	400.068360	201.088097	2.000000	13.202735
16.000000	12.000000	10.000000	392.000000	115.000000	4.000000	395.440208	123.709714	2.000000	13.521082
16.000000	13.000000	11.000000	339.000000	348.000000	33.000000	322.754900	355.507430	1.000000	14.530704
16.000000	14.000000	12.000000	309.000000	474.000000	53.000000	324.218803	481.891441	1.000000	15.642319
16.000000	15.000000	13.000000	461.000000	148.000000	5.000000	468.191006	137.057447	1.000000	16.634664
16.000000	16.000000	14.000000	568.000000	292.000000	26.000000	544.654594	292.257860	2.000000	17.928973
16.000000	17.000000	15.000000	482.000000	367.000000	35.000000	481.368305	365.896602	1.000000	18.865767
16.000000	18.000000	16.000000	471.000000	473.000000	55.000000	475.034360	474.386807	1.000000	19.282316
16.000000	19.000000	17.000000	466.000000	545.000000	65.000000	475.082105	547.488130	1.000000	19.666137
16.000000	20.000000	18.000000	412.000000	575.000000	64.000000	400.279434	575.132608	1.000000	20.193426
16.000000	21.000000	19.000000	461.000000	629.000000	75.000000	474.366707	626.816725	1.000000	20.826106
16.000000	22.000000	20.000000	416.000000	508.000000	54.000000	407.666628	505.921601	2.000000	21.281869
16.000000	23.000000	21.000000	336.000000	544.000000	63.000000	335.879851	544.867232	2.000000	21.720980
16.000000	24.000000	22.000000	553.000000	586.000000	66.000000	547.324579	565.192664	1.000000	23.451001
16.000000	25.000000	23.000000	544.000000	488.000000	56.000000	544.226318	485.683421	2.000000	24.769498
16.000000	26.000000	24.000000	631.000000	414.000000	47.000000	622.811818	401.543632	2.000000	25.313674
16.000000	27.000000	25.000000	677.000000	473.000000	58.000000	689.111478	474.087999	2.000000	25.945363
16.000000	28.000000	26.000000	692.000000	417.000000	48.000000	695.958858	414.095748	2.000000	26.370161
16.000000	29.000000	27.000000	685.000000	371.000000	38.000000	684.424546	358.121441	2.000000	26.761901
16.000000	30.000000	28.000000	704.000000	638.000000	78.000000	698.714617	638.885155	2.000000	27.385725
16.000000	31.000000	29.000000	758.000000	638.000000	79.000000	770.449692	644.438888	2.000000	27.793629
16.000000	32.000000	30.000000	766.000000	367.000000	39.000000	765.618075	360.454022	2.000000	28.497452
16.000000	33.000000	31.000000	831.000000	330.000000	40.000000	839.228436	333.368492	2.000000	29.152767
16.000000	34.000000	32.000000	626.000000	301.000000	27.000000	612.731396	286.361105	2.000000	29.843023
16.000000	35.000000	33.000000	625.000000	199.000000	17.000000	615.991029	192.016589	2.000000	30.306924
16.000000	36.000000	34.000000	684.000000	234.000000	18.000000	694.187746	222.317953	1.000000	30.802948
16.000000	37.000000	35.000000	697.000000	161.000000	8.000000	689.160905	153.045862	1.000000	31.313403
16.000000	38.000000	0.000000	815.000000	146.000000	10.000000	844.541577	146.845980	1.000000	32.057861
16.000000	39.000000	36.000000	845.000000	150.000000	10.000000	844.541577	146.845980	1.000000	32.665929
16.000000	40.000000	37.000000	827.000000	229.000000	20.000000	829.518016	220.919173	1.000000	33.176929
16.000000	41.000000	38.000000	840.000000	404.000000	50.000000	835.328920	409.471315	1.000000	33.913367
16.000000	42.000000	39.000000	636.000000	365.000000	37.000000	627.975353	363.592555	1.000000	37.849497
17.000000	1.000000	0.000000	195.000000	131.000000	1.000000	189.445996	140.369513	1.000000	0.944763
17.000000	2.000000	1.000000	192.000000	406.000000	41.000000	192.230134	419.588505	1.000000	1.856603
17.000000	3.000000	2.000000	186.000000	353.000000	31.000000	183.285929	347.905534	2.000000	2.441508
17.000000	4.000000	3.000000	194.000000	619.000000	71.000000	192.752949	614.571885	3.000000	3.841367
18.000000	1.000000	0.000000	176.000000	181.000000	11.000000	181.217856	189.918564	1.000000	1.285038
18.000000	2.000000	1.000000	189.000000	263.000000	21.000000	183.095006	280.549901	1.000000	1.700224
18.000000	3.000000	2.000000	169.000000	332.000000	31.000000	178.933461	339.130907	1.000000	2.076521
18.000000	4.000000	3.000000	176.000000	425.000000	41.000000	187.741761	425.828147	1.000000	2.821022
18.000000	5.000000	4.000000	190.000000	551.000000	61.000000	187.590871	555.189297	2.000000	4.603306
18.000000	6.000000	0.000000	274.000000	629.000000	72.000000	259.142085	650.303309	1.000000	5.283205
18.000000	7.000000	0.000000	259.000000	623.000000	72.000000	259.142085	650.303309	1.000000	6.172239
18.000000	8.000000	5.000000	266.000000	646.000000	72.000000	259.142085	650.303309	1.000000	6.668759
18.000000	9.000000	6.000000	262.000000	549.000000	62.000000	265.928044	556.184420	1.000000	7.381172
18.000000	10.000000	7.000000	240.000000	477.000000	52.000000	253.148781	489.232093	1.000000	7.836382
18.000000	11.000000	8.000000	312.000000	423.000000	43.000000	323.312823	433.018038	1.000000	10.204360
18.000000	12.000000	9.000000	336.000000	361.000000	33.000000	337.414438	363.898069	2.000000	11.061375
18.000000	13.000000	10.000000	275.000000	209.000000	12.000000	262.216434	197.747323	2.000000	11.619361
18.000000	14.000000	11.000000	308.000000	211.000000	13.000000	326.314638	211.899976	2.000000	11.948641
18.000000	15.000000	12.000000	165.000000	134.000000	1.000000	188.254020	142.284808	2.000000	12.389142
18.000000	16.000000	13.000000	328.000000	125.000000	3.000000	336.375341	118.580835	2.000000	13.059386
18.000000	17.000000	14.000000	335.000000	546.000000	63.000000	326.664109	552.057766	2.000000	14.923675
18.000000	18.000000	15.000000	410.000000	630.000000	74.000000	403.417609	631.470627	2.000000	15.651985
18.000000	19.000000	16.000000	402.000000	548.000000	64.000000	408.304570	555.940478	2.000000	16.019962
18.000000	20.000000	17.000000	400.000000	482.000000	54.000000	397.092794	472.784545	1.000000	16.387514
18.000000	21.000000	18.000000	478.000000	617.000000	75.000000	480.840057	617.065966	1.000000	17.211995
18.000000	22.000000	19.000000	466.000000	472.000000	55.000000	473.020726	484.908863	2.000000	17.803751
18.000000	23.000000	20.000000	541.000000	612.000000	76.000000	540.754448	618.971296	2.000000	18.661541
18.000000	24.000000	21.000000	692.000000	650.000000	78.000000	687.598320	642.485636	2.000000	20.853026
18.000000	25.000000	22.000000	682.000000	511.000000	58.000000	684.502865	500.301707	1.000000	21.684274
18.000000	26.000000	23.000000	835.000000	552.000000	70.000000	836.402101	561.951137	1.000000	22.468373
18.000000	27.000000	24.000000	527.000000	127.000000	6.000000	542.216275	133.963975	1.000000	24.451263
18.000000	28.000000	25.000000	484.000000	209.000000	15.000000	472.302950	219.333106	1.000000	25.164566
18.000000	29.000000	26.000000	476.000000	270.000000	25.000000	474.218092	285.427813	2.000000	25.676350
18.000000	30.000000	27.000000	407.000000	181.000000	14.000000	410.740363	189.156925	2.000000	26.124151
18.000000	31.000000	28.000000	548.000000	361.000000	36.000000	542.310542	366.077386	1.000000	27.611378
18.000000	32.000000	29.000000	543.000000	302.000000	26.000000	540.853894	294.226576	1.000000	27.980786
18.000000	33.000000	30.000000	470.000000	325.000000	35.000000	481.176354	338.246479	1.000000	28.324350
18.000000	34.000000	31.000000	481.000000	392.000000	45.000000	479.604437	409.498081	1.000000	28.699419
18.000000	35.000000	32.000000	620.000000	427.000000	47.000000	619.186314	427.800897	2.000000	29.971272
18.000000	36.000000	33.000000	692.000000	428.000000	48.000000	685.688289	429.716688	2.000000	30.325329
18.000000	37.000000	34.000000	842.000000	419.000000	50.000000	834.310876	418.520517	1.000000	31.099300
18.000000	38.000000	35.000000	778.000000	126.000000	9.000000	763.953230	127.127847	1.000000	32.211263
18.000000	39.000000	36.000000	704.000000	142.000000	8.000000	685.164174	151.973854	2.000000	32.812447
18.000000	40.000000	37.000000	697.000000	205.000000	18.000000	696.998640	218.982501	2.000000	33.219940
18.000000	41.000000	38.000000	849.000000	151.000000	10.000000	840.222914	148.047219	2.000000	33.924131
18.000000	42.000000	39.000000	695.000000	332.000000	38.000000	693.803360	336.649358	2.000000	34.923335
19.000000	1.000000	0.000000	206.000000	160.000000	1.000000	190.563842	135.061096	3.000000	1.338329
19.000000	2.000000	0.000000	201.000000	172.000000	11.000000	189.864376	189.441991	1.000000	1.746748
19.000000	3.000000	1.000000	263.000000	129.000000	2.000000	256.379169	135.073718	1.000000	2.123403
19.000000	4.000000	2.000000	247.000000	189.000000	12.000000	251.839265	194.215252	2.000000	2.467526
19.000000	5.000000	3.000000	317.000000	184.000000	13.000000	334.511255	188.528725	2.000000	3.340604
19.000000	6.000000	4.000000	401.000000	184.000000	14.000000	410.127872	189.575063	2.000000	3.755395
19.000000	7.000000	5.000000	397.000000	150.000000	4.000000	406.506476	153.392398	1.000000	4.035463
19.000000	8.000000	6.000000	459.000000	134.000000	5.000000	472.044075	142.906586	2.000000	4.530976
19.000000	9.000000	7.000000	532.000000	135.000000	6.000000	548.495515	140.703803	2.000000	4.882440
19.000000	10.000000	0.000000	591.000000	134.000000	7.000000	622.468069	150.415385	2.000000	5.291531
19.000000	11.000000	8.000000	642.000000	142.000000	7.000000	622.468069	150.415385	2.000000	5.578427
19.000000	12.000000	9.000000	768.000000	123.000000	9.000000	763.545878	123.200871	1.000000	7.378426
19.000000	13.000000	10.000000	697.000000	288.000000	28.000000	699.063483	291.742801	2.000000	8.507355
19.000000	14.000000	11.000000	750.000000	274.000000	29.000000	762.118719	280.536068	2.000000	8.834457
19.000000	15.000000	12.000000	768.000000	325.000000	39.000000	760.079994	337.337480	2.000000	9.515943
19.000000	16.000000	13.000000	823.000000	430.000000	50.000000	834.206215	430.696546	2.000000	10.026472
19.000000	17.000000	14.000000	839.000000	469.000000	60.000000	837.332601	477.235946	2.000000	10.394975
19.000000	18.000000	15.000000	772.000000	494.000000	59.000000	759.645587	500.207940	2.000000	11.083999
19.000000	19.000000	16.000000	837.000000	337.000000	40.000000	834.805562	333.809057	1.000000	14.107444
19.000000	20.000000	0.000000	763.000000	380.000000	49.000000	765.049812	405.304950	1.000000	14.714744
19.000000	21.000000	17.000000	768.000000	406.000000	49.000000	765.049812	405.304950	1.000000	15.467253
19.000000	22.000000	18.000000	764.000000	638.000000	79.000000	761.548903	647.767664	1.000000	16.428578
19.000000	23.000000	19.000000	701.000000	634.000000	78.000000	695.003884	630.695775	1.000000	17.108196
19.000000	24.000000	20.000000	609.000000	623.000000	77.000000	612.519923	625.439803	1.000000	17.876542
19.000000	25.000000	21.000000	559.000000	642.000000	76.000000	556.375069	649.988278	1.000000	18.218518
19.000000	26.000000	22.000000	555.000000	572.000000	66.000000	550.578439	571.383510	1.000000	18.914418
19.000000	27.000000	23.000000	477.000000	540.000000	65.000000	470.357857	549.192840	1.000000	19.362649
19.000000	28.000000	24.000000	475.000000	478.000000	55.000000	473.852627	479.316605	1.000000	19.706602
19.000000	29.000000	0.000000	516.000000	429.000000	46.000000	545.159385	433.019415	1.000000	20.051299
19.000000	30.000000	25.000000	553.000000	422.000000	46.000000	545.159385	433.019415	1.000000	20.722512
19.000000	31.000000	26.000000	635.000000	406.000000	47.000000	622.162546	410.581689	2.000000	21.068134
19.000000	32.000000	27.000000	551.000000	349.000000	36.000000	544.708884	347.010402	2.000000	22.642834
19.000000	33.000000	28.000000	567.000000	260.000000	26.000000	548.481531	264.599577	1.000000	23.866691
19.000000	34.000000	29.000000	476.000000	259.000000	25.000000	469.021554	267.927011	1.000000	24.235757
19.000000	35.000000	30.000000	606.000000	202.000000	17.000000	617.906222	211.383724	1.000000	24.956597
19.000000	36.000000	31.000000	244.000000	331.000000	32.000000	250.200807	337.661432	1.000000	26.875219
19.000000	37.000000	32.000000	201.000000	352.000000	31.000000	190.828202	354.280560	2.000000	27.836563
19.000000	38.000000	33.000000	345.000000	508.000000	53.000000	328.538643	507.123366	1.000000	28.795658
19.000000	39.000000	34.000000	231.000000	492.000000	52.000000	254.957816	486.042717	1.000000	29.203836
19.000000	40.000000	35.000000	250.000000	531.000000	62.000000	253.835867	543.981455	2.000000	29.652171
19.000000	41.000000	36.000000	399.000000	520.000000	54.000000	395.503248	507.403638	2.000000	30.148267
19.000000	42.000000	37.000000	399.000000	556.000000	64.000000	396.303188	576.082944	2.000000	30.490584
19.000000	43.000000	38.000000	403.000000	619.000000	74.000000	399.716503	638.930023	2.000000	30.852614
19.000000	44.000000	39.000000	484.000000	622.000000	75.000000	476.537926	630.625957	2.000000	31.259297
20.000000	1.000000	0.000000	185.000000	195.000000	11.000000	184.692278	208.960760	1.000000	1.099556
20.000000	2.000000	1.000000	255.000000	117.000000	2.000000	262.913946	122.415542	1.000000	1.788253
20.000000	3.000000	2.000000	257.000000	263.000000	22.000000	250.138503	264.359855	1.000000	2.563000
20.000000	4.000000	3.000000	326.000000	486.000000	53.000000	328.313790	476.767313	2.000000	5.795230
20.000000	5.000000	4.000000	266.000000	632.000000	72.000000	264.355948	646.724371	2.000000	6.404536
20.000000	6.000000	5.000000	198.000000	634.000000	71.000000	193.342983	643.493332	2.000000	6.867176
20.000000	7.000000	6.000000	326.000000	633.000000	73.000000	328.147383	636.243880	1.000000	7.580868
20.000000	8.000000	7.000000	411.000000	624.000000	74.000000	407.490851	627.418539	2.000000	9.523711
20.000000	9.000000	8.000000	476.000000	630.000000	75.000000	477.726788	646.290080	1.000000	10.092728
20.000000	10.000000	9.000000	483.000000	561.000000	65.000000	480.861211	569.313513	1.000000	10.452763
20.000000	11.000000	10.000000	541.000000	651.000000	76.000000	542.784670	635.488163	1.000000	10.764629
20.000000	12.000000	11.000000	698.000000	638.000000	78.000000	692.799671	643.012000	1.000000	12.676705
20.000000	13.000000	12.000000	831.000000	635.000000	80.000000	839.161909	626.274560	1.000000	13.436518
20.000000	14.000000	13.000000	848.000000	576.000000	70.000000	842.980322	562.813714	1.000000	13.884157
20.000000	15.000000	14.000000	644.000000	615.000000	77.000000	629.177511	630.280159	2.000000	14.923627
20.000000	16.000000	15.000000	841.000000	411.000000	50.000000	846.042014	411.522975	1.000000	15.900362
20.000000	17.000000	16.000000	839.000000	362.000000	40.000000	839.608271	366.358249	1.000000	16.156151
20.000000	18.000000	17.000000	643.000000	351.000000	37.000000	625.834386	351.994430	1.000000	16.932275
20.000000	19.000000	18.000000	610.000000	434.000000	47.000000	612.608560	431.667395	1.000000	17.556910
20.000000	20.000000	19.000000	692.000000	237.000000	18.000000	698.115667	219.944519	1.000000	18.229030
20.000000	21.000000	20.000000	624.000000	224.000000	17.000000	626.441162	205.172775	1.000000	18.692829
20.000000	22.000000	0.000000	515.000000	169.000000	16.000000	542.595326	189.138394	1.000000	19.122854
20.000000	23.000000	21.000000	545.000000	188.000000	16.000000	542.595326	189.138394	1.000000	19.506941
20.000000	24.000000	22.000000	601.000000	124.000000	7.000000	613.030475	120.258861	1.000000	20.172607
20.000000	25.000000	23.000000	705.000000	110.000000	8.000000	696.269514	122.709934	1.000000	20.627477
20.000000	26.000000	24.000000	471.000000	419.000000	45.000000	467.246038	411.684673	1.000000	24.052445
20.000000	27.000000	25.000000	471.000000	359.000000	35.000000	473.924603	355.503406	2.000000	24.419852
20.000000	28.000000	0.000000	435.000000	352.000000	34.000000	407.485309	340.530831	2.000000	24.986961
20.000000	29.000000	26.000000	405.000000	344.000000	34.000000	407.485309	340.530831	2.000000	25.491911
20.000000	30.000000	27.000000	553.000000	348.000000	36.000000	554.493517	349.604789	2.000000	26.091140
20.000000	31.000000	28.000000	532.000000	277.000000	26.000000	540.502768	280.502823	2.000000	26.514980
20.000000	32.000000	29.000000	632.000000	275.000000	27.000000	621.280188	283.442651	2.000000	26.948255
20.000000	33.000000	30.000000	673.000000	265.000000	28.000000	691.391787	271.417765	2.000000	27.340832
20.000000	34.000000	31.000000	556.000000	138.000000	6.000000	542.342221	147.314011	2.000000	28.050740
20.000000	35.000000	32.000000	827.000000	156.000000	10.000000	835.222356	151.934891	2.000000	28.930811
20.000000	36.000000	33.000000	404.000000	217.000000	14.000000	410.016468	220.560552	2.000000	29.947669
20.000000	37.000000	34.000000	403.000000	263.000000	24.000000	405.125475	269.267243	2.000000	30.314850
20.000000	38.000000	35.000000	331.000000	265.000000	23.000000	327.703088	264.844372	2.000000	30.788863
20.000000	39.000000	36.000000	342.000000	186.000000	13.000000	337.581798	198.162419	2.000000	31.139164
20.000000	40.000000	37.000000	250.000000	212.000000	12.000000	255.060068	209.522272	2.000000	31.627832
20.000000	41.000000	38.000000	172.000000	272.000000	21.000000	186.477714	264.802636	2.000000	32.108491
20.000000	42.000000	39.000000	693.000000	422.000000	48.000000	693.807869	410.849104	2.000000	34.508968
