MultiTargForag_2	Participant_Code = 16
Search_Type = 1	CB_Targets = 1
Trial	Click_Num	Target_Click_Order	Click_X	Click_y	Item_selected	Item_X	Item_Y	Target_Set	RT
1.000000	1.000000	1.000000	626.000000	406.000000	24.000000	625.577483	414.781422	1.000000	1.781240
1.000000	2.000000	2.000000	445.000000	441.000000	23.000000	443.701518	449.249252	2.000000	2.529307
1.000000	3.000000	3.000000	466.000000	537.000000	33.000000	463.858867	546.451059	1.000000	3.073376
1.000000	4.000000	4.000000	346.000000	559.000000	32.000000	350.630277	564.719552	2.000000	3.754022
1.000000	5.000000	5.000000	243.000000	534.000000	31.000000	248.928438	535.001065	1.000000	5.162602
1.000000	6.000000	6.000000	224.000000	455.000000	21.000000	219.663957	449.853915	1.000000	5.649602
1.000000	7.000000	7.000000	212.000000	634.000000	41.000000	209.100434	640.874739	1.000000	6.241264
1.000000	8.000000	8.000000	355.000000	630.000000	42.000000	343.148255	636.558471	1.000000	6.962777
1.000000	9.000000	9.000000	191.000000	289.000000	11.000000	178.632632	294.558665	2.000000	7.866349
1.000000	10.000000	10.000000	195.000000	190.000000	1.000000	195.363273	202.966603	2.000000	8.547009
1.000000	11.000000	11.000000	315.000000	146.000000	2.000000	309.370599	149.321421	1.000000	9.194068
1.000000	12.000000	12.000000	334.000000	301.000000	12.000000	334.540945	308.643011	2.000000	9.834101
1.000000	13.000000	13.000000	770.000000	139.000000	5.000000	765.921472	143.055645	2.000000	11.049997
1.000000	14.000000	14.000000	861.000000	162.000000	6.000000	867.100299	168.562654	2.000000	11.546110
1.000000	15.000000	15.000000	864.000000	298.000000	16.000000	860.709209	299.312942	2.000000	12.376812
1.000000	16.000000	16.000000	862.000000	456.000000	26.000000	856.139746	456.610043	2.000000	12.986739
1.000000	17.000000	17.000000	904.000000	572.000000	36.000000	900.125664	565.332601	2.000000	13.912694
1.000000	18.000000	18.000000	975.000000	544.000000	37.000000	964.536905	550.139048	2.000000	14.560981
1.000000	19.000000	19.000000	1121.000000	310.000000	18.000000	1122.918557	316.090140	1.000000	15.513034
1.000000	20.000000	20.000000	1020.000000	132.000000	7.000000	1016.808029	130.842197	2.000000	16.297268
1.000000	21.000000	21.000000	1290.000000	178.000000	9.000000	1281.375869	189.324755	1.000000	17.105848
1.000000	22.000000	22.000000	1408.000000	191.000000	10.000000	1401.162284	201.837833	2.000000	17.690687
1.000000	23.000000	23.000000	1389.000000	501.000000	40.000000	1375.445542	501.305480	1.000000	18.426515
1.000000	24.000000	24.000000	1285.000000	507.000000	39.000000	1278.772466	514.084893	1.000000	19.026319
1.000000	25.000000	25.000000	1034.000000	652.000000	47.000000	1031.193163	652.142977	2.000000	20.002710
1.000000	26.000000	26.000000	1375.000000	678.000000	50.000000	1375.216193	678.935934	1.000000	20.737256
1.000000	27.000000	27.000000	1242.000000	1010.000000	79.000000	1239.255721	1017.956251	2.000000	21.802688
1.000000	28.000000	28.000000	1012.000000	1061.000000	77.000000	1009.589476	1057.550763	1.000000	22.634181
1.000000	29.000000	29.000000	841.000000	1031.000000	76.000000	835.907526	1037.445124	2.000000	23.354873
1.000000	30.000000	30.000000	712.000000	1035.000000	75.000000	716.184737	1038.981599	1.000000	23.849444
1.000000	31.000000	31.000000	630.000000	1036.000000	74.000000	620.748547	1042.538094	2.000000	24.321631
1.000000	32.000000	32.000000	749.000000	875.000000	65.000000	747.083049	871.523669	1.000000	24.905798
1.000000	33.000000	33.000000	764.000000	818.000000	55.000000	765.269978	814.906592	1.000000	25.457849
1.000000	34.000000	34.000000	722.000000	676.000000	45.000000	728.792612	693.335024	2.000000	26.346309
1.000000	35.000000	35.000000	851.000000	758.000000	56.000000	845.289216	754.056720	2.000000	27.073122
1.000000	36.000000	36.000000	861.000000	668.000000	46.000000	852.622361	681.200421	1.000000	27.506747
1.000000	37.000000	37.000000	498.000000	749.000000	53.000000	498.124554	754.880947	1.000000	28.801759
1.000000	38.000000	38.000000	374.000000	758.000000	52.000000	369.103178	763.835415	1.000000	29.242535
1.000000	39.000000	39.000000	326.000000	996.000000	72.000000	321.919044	1010.281235	1.000000	29.937334
1.000000	40.000000	40.000000	211.000000	1001.000000	71.000000	216.583897	1002.240828	2.000000	30.697827
1.000000	1.000000	1.000000	612.000000	198.000000	4.000000	615.061099	190.408110	1.000000	1.606621
1.000000	2.000000	2.000000	634.000000	273.000000	14.000000	624.236437	261.950897	2.000000	2.180589
1.000000	3.000000	3.000000	481.000000	199.000000	3.000000	473.243227	194.614636	2.000000	2.742691
1.000000	4.000000	4.000000	205.000000	212.000000	1.000000	206.195669	207.104342	1.000000	3.541223
1.000000	5.000000	5.000000	436.000000	328.000000	13.000000	444.633380	330.362366	1.000000	4.133442
1.000000	6.000000	6.000000	469.000000	435.000000	23.000000	466.732195	431.223833	1.000000	4.566478
1.000000	7.000000	7.000000	195.000000	328.000000	11.000000	192.750201	331.908475	2.000000	5.310308
1.000000	8.000000	8.000000	180.000000	378.000000	21.000000	181.474786	372.532841	2.000000	5.694462
1.000000	9.000000	9.000000	460.000000	578.000000	33.000000	456.207331	574.037479	2.000000	6.597385
1.000000	10.000000	10.000000	515.000000	627.000000	43.000000	502.781535	622.858642	1.000000	7.046385
1.000000	11.000000	11.000000	387.000000	764.000000	52.000000	381.320932	751.188629	1.000000	7.806765
1.000000	12.000000	12.000000	198.000000	687.000000	41.000000	197.721334	689.038919	2.000000	8.342517
1.000000	13.000000	13.000000	190.000000	946.000000	61.000000	187.529644	954.972724	1.000000	9.125182
1.000000	14.000000	14.000000	188.000000	997.000000	71.000000	182.755310	995.635858	1.000000	9.965845
1.000000	15.000000	15.000000	372.000000	924.000000	62.000000	364.895832	916.831072	1.000000	10.716475
1.000000	16.000000	16.000000	360.000000	1028.000000	72.000000	345.790296	1027.756995	1.000000	11.334477
1.000000	17.000000	17.000000	586.000000	1001.000000	74.000000	586.575009	997.835728	1.000000	12.085444
1.000000	18.000000	18.000000	638.000000	797.000000	54.000000	639.783926	787.661335	2.000000	12.878589
1.000000	19.000000	19.000000	736.000000	753.000000	55.000000	727.478239	746.361174	1.000000	13.500853
1.000000	20.000000	20.000000	767.000000	580.000000	35.000000	759.001091	576.477685	2.000000	14.269709
1.000000	21.000000	21.000000	868.000000	677.000000	46.000000	867.362214	666.537598	2.000000	14.870609
1.000000	22.000000	22.000000	1008.000000	637.000000	47.000000	1004.169422	636.855745	2.000000	15.805848
1.000000	23.000000	23.000000	1002.000000	566.000000	37.000000	999.130634	565.839528	1.000000	16.349207
1.000000	24.000000	24.000000	993.000000	395.000000	27.000000	991.412331	395.084872	2.000000	17.070530
1.000000	25.000000	25.000000	979.000000	272.000000	17.000000	975.171328	261.121839	2.000000	17.877372
1.000000	26.000000	26.000000	968.000000	132.000000	7.000000	966.510146	123.823065	1.000000	18.564818
1.000000	27.000000	27.000000	863.000000	134.000000	6.000000	859.820359	129.206448	1.000000	19.022707
1.000000	28.000000	28.000000	1144.000000	193.000000	8.000000	1151.284743	191.477999	2.000000	19.750132
1.000000	29.000000	29.000000	1284.000000	192.000000	9.000000	1283.674622	184.836523	1.000000	21.094604
1.000000	30.000000	30.000000	1149.000000	262.000000	18.000000	1145.349404	263.599792	1.000000	21.853932
1.000000	31.000000	31.000000	1407.000000	264.000000	20.000000	1406.834787	262.882812	1.000000	22.509745
1.000000	32.000000	32.000000	1406.000000	430.000000	30.000000	1394.359066	423.088527	2.000000	23.332549
1.000000	33.000000	33.000000	1393.000000	558.000000	40.000000	1386.156771	564.067247	1.000000	24.173424
1.000000	34.000000	34.000000	1392.000000	624.000000	50.000000	1389.111725	617.789390	2.000000	24.741574
1.000000	35.000000	35.000000	1247.000000	681.000000	49.000000	1245.194061	680.770877	2.000000	25.454107
1.000000	36.000000	36.000000	1110.000000	623.000000	48.000000	1106.364192	619.625452	2.000000	26.029441
1.000000	37.000000	37.000000	1365.000000	810.000000	60.000000	1359.729572	806.102160	2.000000	26.821947
1.000000	38.000000	38.000000	1228.000000	884.000000	69.000000	1225.865236	880.702566	2.000000	27.388631
1.000000	39.000000	39.000000	994.000000	934.000000	67.000000	999.136560	938.628613	1.000000	28.270254
1.000000	40.000000	40.000000	846.000000	994.000000	76.000000	844.634754	993.619978	2.000000	29.029871
2.000000	1.000000	1.000000	325.000000	154.000000	2.000000	323.821859	159.355555	2.000000	1.951070
2.000000	2.000000	2.000000	209.000000	381.000000	21.000000	212.326783	388.200960	1.000000	2.695042
2.000000	3.000000	3.000000	451.000000	422.000000	23.000000	445.727766	422.309781	2.000000	3.671772
2.000000	4.000000	4.000000	632.000000	367.000000	24.000000	622.344797	372.057922	1.000000	4.440591
2.000000	5.000000	5.000000	733.000000	416.000000	25.000000	736.722179	419.671796	2.000000	5.072682
2.000000	6.000000	6.000000	627.000000	495.000000	34.000000	631.974237	502.059607	1.000000	5.976592
2.000000	7.000000	7.000000	732.000000	489.000000	35.000000	722.039294	495.023392	1.000000	6.528667
2.000000	8.000000	8.000000	852.000000	188.000000	6.000000	846.932957	184.389572	1.000000	7.286780
2.000000	9.000000	9.000000	956.000000	409.000000	27.000000	963.777938	410.138709	2.000000	8.032655
2.000000	10.000000	10.000000	1106.000000	122.000000	8.000000	1103.358652	124.354463	1.000000	8.864208
2.000000	11.000000	11.000000	1144.000000	396.000000	28.000000	1138.084647	403.039680	2.000000	9.615432
2.000000	12.000000	12.000000	1225.000000	173.000000	9.000000	1228.939904	180.124734	4.000000	10.326798
3.000000	1.000000	1.000000	464.000000	164.000000	3.000000	459.922663	163.347880	2.000000	1.419360
3.000000	2.000000	2.000000	505.000000	299.000000	13.000000	489.169926	297.335059	2.000000	2.049470
3.000000	3.000000	3.000000	384.000000	325.000000	12.000000	380.317200	329.015866	1.000000	2.562325
3.000000	4.000000	4.000000	332.000000	563.000000	32.000000	339.630776	567.247096	2.000000	3.419264
3.000000	5.000000	5.000000	438.000000	673.000000	43.000000	440.841562	668.668463	1.000000	4.515288
3.000000	6.000000	6.000000	193.000000	695.000000	41.000000	188.484206	695.304965	1.000000	5.178598
3.000000	7.000000	7.000000	199.000000	909.000000	61.000000	198.962323	909.458662	1.000000	5.953396
3.000000	8.000000	8.000000	200.000000	1003.000000	71.000000	201.282122	1011.341968	1.000000	6.673893
3.000000	9.000000	9.000000	346.000000	890.000000	62.000000	343.736250	881.886278	1.000000	7.418786
3.000000	10.000000	10.000000	370.000000	1059.000000	72.000000	366.316737	1047.294755	1.000000	8.265600
3.000000	11.000000	11.000000	475.000000	810.000000	53.000000	475.617792	802.095858	2.000000	9.273819
3.000000	12.000000	12.000000	598.000000	1022.000000	74.000000	592.552632	1017.789944	2.000000	10.017999
3.000000	13.000000	13.000000	767.000000	1028.000000	75.000000	760.045950	1021.880979	1.000000	11.354637
3.000000	14.000000	14.000000	886.000000	1026.000000	76.000000	883.896451	1022.367267	2.000000	12.026508
3.000000	15.000000	15.000000	975.000000	1017.000000	77.000000	976.524539	1008.236921	2.000000	12.499321
3.000000	16.000000	16.000000	1005.000000	924.000000	67.000000	1003.498048	925.406736	2.000000	13.137725
3.000000	17.000000	17.000000	855.000000	753.000000	56.000000	842.541231	747.831896	1.000000	13.882679
3.000000	18.000000	18.000000	853.000000	696.000000	46.000000	849.146770	698.008476	1.000000	14.257443
3.000000	19.000000	19.000000	710.000000	638.000000	45.000000	716.363550	630.174234	2.000000	14.897747
3.000000	20.000000	20.000000	734.000000	508.000000	35.000000	743.438094	504.760785	1.000000	15.698310
3.000000	21.000000	21.000000	874.000000	580.000000	36.000000	876.522401	575.964699	1.000000	16.257247
3.000000	22.000000	22.000000	869.000000	407.000000	26.000000	858.740951	407.684517	2.000000	16.850866
3.000000	23.000000	23.000000	725.000000	317.000000	15.000000	716.567339	306.614396	1.000000	17.522110
3.000000	24.000000	24.000000	766.000000	160.000000	5.000000	767.451770	151.876019	1.000000	18.562195
3.000000	25.000000	25.000000	974.000000	275.000000	17.000000	967.281820	262.784293	1.000000	19.219198
3.000000	26.000000	26.000000	1039.000000	120.000000	7.000000	1029.892947	119.223533	1.000000	19.771392
3.000000	27.000000	27.000000	1135.000000	249.000000	18.000000	1134.309889	244.221275	2.000000	20.410930
3.000000	28.000000	28.000000	1258.000000	171.000000	9.000000	1251.580596	168.852477	2.000000	20.978641
3.000000	29.000000	29.000000	1252.000000	252.000000	19.000000	1250.186917	253.532585	2.000000	21.467383
3.000000	30.000000	30.000000	1155.000000	386.000000	28.000000	1144.515737	378.583529	2.000000	22.033146
3.000000	31.000000	31.000000	1034.000000	410.000000	27.000000	1031.224423	405.840728	2.000000	22.698382
3.000000	32.000000	32.000000	1255.000000	422.000000	29.000000	1241.713889	417.098790	1.000000	23.442005
3.000000	33.000000	33.000000	1378.000000	450.000000	30.000000	1365.469366	438.860011	1.000000	24.114933
3.000000	34.000000	34.000000	1371.000000	505.000000	40.000000	1360.830562	513.625508	2.000000	24.705451
3.000000	35.000000	35.000000	1285.000000	574.000000	39.000000	1278.425569	564.126043	2.000000	25.379149
3.000000	36.000000	36.000000	1030.000000	567.000000	37.000000	1022.291184	567.021499	1.000000	26.186683
3.000000	37.000000	37.000000	991.000000	630.000000	47.000000	990.398272	617.926782	2.000000	26.801699
3.000000	38.000000	38.000000	1164.000000	924.000000	68.000000	1155.079168	917.201051	2.000000	27.953384
3.000000	39.000000	39.000000	1230.000000	939.000000	69.000000	1219.300199	928.685131	2.000000	28.474154
3.000000	40.000000	40.000000	1409.000000	939.000000	70.000000	1401.325504	925.400480	1.000000	29.209405
4.000000	1.000000	1.000000	189.000000	183.000000	1.000000	190.520532	183.813925	2.000000	1.722665
4.000000	2.000000	2.000000	360.000000	250.000000	12.000000	361.036264	256.974597	1.000000	2.363073
4.000000	3.000000	3.000000	491.000000	115.000000	3.000000	496.073389	120.494102	2.000000	3.020800
4.000000	4.000000	4.000000	635.000000	287.000000	14.000000	630.291815	289.807463	1.000000	3.715016
4.000000	5.000000	5.000000	453.000000	424.000000	23.000000	444.412494	431.769121	1.000000	4.500690
4.000000	6.000000	0.000000	297.000000	454.000000	32.000000	319.092737	497.517686	2.000000	5.235145
4.000000	7.000000	6.000000	323.000000	490.000000	32.000000	319.092737	497.517686	2.000000	5.676580
4.000000	8.000000	7.000000	247.000000	376.000000	21.000000	232.080889	384.412791	1.000000	6.268312
4.000000	9.000000	8.000000	324.000000	615.000000	42.000000	315.240091	621.885970	1.000000	7.100123
4.000000	10.000000	9.000000	345.000000	796.000000	52.000000	339.939777	795.556726	1.000000	7.900670
4.000000	11.000000	10.000000	250.000000	905.000000	61.000000	247.973541	912.596507	2.000000	8.532241
4.000000	12.000000	11.000000	362.000000	1044.000000	72.000000	349.504666	1046.756984	2.000000	9.602676
4.000000	13.000000	12.000000	475.000000	1031.000000	73.000000	477.759726	1034.109149	1.000000	10.260675
4.000000	14.000000	13.000000	499.000000	651.000000	43.000000	489.430748	662.839652	2.000000	11.187171
4.000000	15.000000	14.000000	483.000000	561.000000	33.000000	481.526670	561.740836	2.000000	11.843327
4.000000	16.000000	15.000000	627.000000	522.000000	34.000000	617.689702	530.753742	2.000000	12.348551
4.000000	17.000000	16.000000	716.000000	537.000000	35.000000	721.542545	550.214898	1.000000	12.867493
4.000000	18.000000	17.000000	770.000000	634.000000	45.000000	762.996170	637.919650	1.000000	13.428237
4.000000	19.000000	18.000000	891.000000	653.000000	46.000000	892.785824	653.179884	2.000000	14.044757
4.000000	20.000000	19.000000	835.000000	792.000000	56.000000	840.908874	794.007646	1.000000	14.684289
4.000000	21.000000	20.000000	625.000000	790.000000	54.000000	630.060674	793.113102	1.000000	15.436207
4.000000	22.000000	21.000000	706.000000	1060.000000	75.000000	704.109454	1069.487848	1.000000	16.460281
4.000000	23.000000	22.000000	854.000000	1002.000000	76.000000	848.686507	996.676405	2.000000	17.267530
4.000000	24.000000	23.000000	973.000000	952.000000	67.000000	963.514071	955.055920	2.000000	18.203206
4.000000	25.000000	24.000000	960.000000	1036.000000	77.000000	965.157522	1033.270865	2.000000	18.828773
4.000000	26.000000	25.000000	1110.000000	1068.000000	78.000000	1101.046380	1076.484749	1.000000	19.420744
4.000000	27.000000	26.000000	1230.000000	1073.000000	79.000000	1219.554668	1074.645520	2.000000	19.899312
4.000000	28.000000	27.000000	1367.000000	933.000000	70.000000	1359.007475	934.089292	2.000000	20.499568
4.000000	29.000000	28.000000	1367.000000	772.000000	60.000000	1366.716550	779.036404	2.000000	21.339451
4.000000	30.000000	29.000000	1267.000000	648.000000	49.000000	1268.476836	663.187518	1.000000	22.170670
4.000000	31.000000	30.000000	1162.000000	663.000000	48.000000	1162.222179	670.279684	1.000000	22.868917
4.000000	32.000000	31.000000	972.000000	697.000000	47.000000	973.742379	704.326832	1.000000	23.466852
4.000000	33.000000	32.000000	1155.000000	533.000000	38.000000	1157.247274	532.129174	1.000000	24.355741
4.000000	34.000000	33.000000	998.000000	385.000000	27.000000	985.076244	392.347959	1.000000	25.171588
4.000000	35.000000	34.000000	841.000000	381.000000	26.000000	861.899796	387.357287	2.000000	25.804463
4.000000	36.000000	35.000000	855.000000	304.000000	16.000000	851.096616	306.477979	2.000000	26.451894
4.000000	37.000000	36.000000	1025.000000	307.000000	17.000000	1012.330766	306.620885	2.000000	26.940116
4.000000	38.000000	37.000000	1113.000000	380.000000	28.000000	1119.577157	378.252308	2.000000	27.594795
4.000000	39.000000	38.000000	1230.000000	293.000000	19.000000	1233.628230	297.194490	1.000000	28.420133
4.000000	40.000000	39.000000	1406.000000	284.000000	20.000000	1403.466519	284.622083	1.000000	29.123516
4.000000	41.000000	40.000000	1124.000000	133.000000	8.000000	1122.027399	134.556207	2.000000	29.996533
5.000000	1.000000	1.000000	243.000000	412.000000	21.000000	243.705260	407.735582	2.000000	1.706137
5.000000	2.000000	2.000000	350.000000	382.000000	22.000000	352.358674	385.900932	1.000000	2.296563
5.000000	3.000000	3.000000	436.000000	384.000000	23.000000	445.028091	389.114907	1.000000	2.841609
5.000000	4.000000	4.000000	486.000000	276.000000	13.000000	503.618897	293.378952	1.000000	3.602217
5.000000	5.000000	5.000000	591.000000	321.000000	14.000000	594.228193	319.794473	1.000000	4.193203
5.000000	6.000000	6.000000	612.000000	399.000000	24.000000	597.827019	391.560101	1.000000	4.600103
5.000000	7.000000	7.000000	642.000000	159.000000	4.000000	629.783343	160.816141	2.000000	5.400947
5.000000	8.000000	8.000000	609.000000	495.000000	34.000000	603.432801	499.317260	2.000000	6.288386
5.000000	9.000000	9.000000	486.000000	493.000000	33.000000	492.265313	496.440931	2.000000	6.800670
5.000000	10.000000	10.000000	334.000000	573.000000	32.000000	326.043177	571.828498	2.000000	7.369518
5.000000	11.000000	11.000000	197.000000	517.000000	31.000000	196.663097	524.233238	1.000000	7.809991
5.000000	12.000000	12.000000	195.000000	640.000000	41.000000	187.317587	636.387251	2.000000	8.585877
5.000000	13.000000	13.000000	335.000000	740.000000	52.000000	331.923583	748.547619	1.000000	9.258399
5.000000	14.000000	14.000000	455.000000	656.000000	43.000000	452.075158	669.200493	2.000000	9.698093
5.000000	15.000000	15.000000	366.000000	882.000000	62.000000	366.566506	883.748471	2.000000	10.441047
5.000000	16.000000	16.000000	477.000000	832.000000	53.000000	490.316074	827.187674	1.000000	10.888984
5.000000	17.000000	17.000000	577.000000	894.000000	64.000000	582.246778	902.419109	1.000000	11.521568
5.000000	18.000000	18.000000	599.000000	999.000000	74.000000	609.069350	1018.990139	1.000000	12.113498
5.000000	19.000000	19.000000	743.000000	864.000000	65.000000	743.418348	869.513884	2.000000	12.681287
5.000000	20.000000	20.000000	586.000000	658.000000	44.000000	604.837410	671.289612	2.000000	13.305087
5.000000	21.000000	21.000000	774.000000	674.000000	45.000000	768.598218	668.886737	2.000000	13.858064
5.000000	22.000000	22.000000	841.000000	885.000000	66.000000	846.448808	899.975234	1.000000	14.402432
5.000000	23.000000	23.000000	881.000000	1050.000000	76.000000	885.975048	1055.111624	1.000000	15.473135
5.000000	24.000000	24.000000	979.000000	942.000000	67.000000	984.509151	951.094089	1.000000	15.993236
5.000000	25.000000	25.000000	1134.000000	1044.000000	78.000000	1137.545264	1035.897747	1.000000	16.520387
5.000000	26.000000	26.000000	1228.000000	1066.000000	79.000000	1225.067164	1076.556769	2.000000	16.968722
5.000000	27.000000	27.000000	1217.000000	769.000000	59.000000	1217.880884	768.636297	1.000000	17.793659
5.000000	28.000000	28.000000	1128.000000	762.000000	58.000000	1136.491338	763.929090	1.000000	18.416320
5.000000	29.000000	29.000000	969.000000	702.000000	47.000000	973.142538	699.513723	2.000000	19.330267
5.000000	30.000000	30.000000	1220.000000	667.000000	49.000000	1221.175112	674.754263	2.000000	20.754377
5.000000	31.000000	31.000000	1268.000000	511.000000	39.000000	1253.348994	513.788978	2.000000	21.520720
5.000000	32.000000	32.000000	1393.000000	501.000000	40.000000	1379.659741	505.766197	2.000000	22.249403
5.000000	33.000000	33.000000	1261.000000	377.000000	29.000000	1251.407755	368.041401	1.000000	22.960242
5.000000	34.000000	34.000000	1154.000000	301.000000	18.000000	1148.835058	310.965138	1.000000	23.665482
5.000000	35.000000	35.000000	1227.000000	266.000000	19.000000	1217.943789	275.506802	2.000000	24.312333
5.000000	36.000000	36.000000	1380.000000	151.000000	10.000000	1376.901911	157.218593	2.000000	25.232405
5.000000	37.000000	37.000000	984.000000	144.000000	7.000000	986.250445	151.273334	1.000000	26.058114
5.000000	38.000000	38.000000	972.000000	318.000000	17.000000	974.976118	323.092942	1.000000	26.553148
5.000000	39.000000	39.000000	880.000000	434.000000	26.000000	870.083398	434.976448	2.000000	27.201720
5.000000	40.000000	40.000000	831.000000	505.000000	36.000000	835.829534	512.774019	2.000000	27.585652
6.000000	1.000000	1.000000	752.000000	491.000000	35.000000	754.683987	498.914804	1.000000	1.145784
6.000000	2.000000	2.000000	898.000000	383.000000	26.000000	899.483208	389.487660	2.000000	1.769591
6.000000	3.000000	3.000000	860.000000	261.000000	16.000000	857.099650	279.036123	2.000000	2.419396
6.000000	4.000000	4.000000	1039.000000	257.000000	17.000000	1025.416668	257.359818	2.000000	2.947596
6.000000	5.000000	5.000000	1029.000000	161.000000	7.000000	1016.633570	166.266438	2.000000	3.410859
6.000000	6.000000	6.000000	1123.000000	303.000000	18.000000	1131.102813	295.851571	2.000000	3.907494
6.000000	7.000000	7.000000	1269.000000	301.000000	19.000000	1267.924189	317.870014	1.000000	4.425385
6.000000	8.000000	8.000000	1367.000000	364.000000	30.000000	1358.150175	372.578781	1.000000	4.907370
6.000000	9.000000	9.000000	1024.000000	389.000000	27.000000	1024.822714	398.644449	1.000000	5.546788
6.000000	10.000000	10.000000	954.000000	570.000000	37.000000	958.724432	575.479197	2.000000	6.298968
6.000000	11.000000	11.000000	1155.000000	634.000000	48.000000	1150.610945	632.826927	1.000000	7.051359
6.000000	12.000000	12.000000	1239.000000	699.000000	49.000000	1231.628757	702.406154	1.000000	7.642713
6.000000	13.000000	13.000000	1279.000000	732.000000	59.000000	1285.892817	743.997189	2.000000	8.066577
6.000000	14.000000	14.000000	1391.000000	699.000000	50.000000	1373.179495	697.055524	2.000000	8.699528
6.000000	15.000000	15.000000	1264.000000	878.000000	69.000000	1258.040737	888.321743	2.000000	9.313945
6.000000	16.000000	16.000000	1018.000000	937.000000	67.000000	1018.779602	937.939462	1.000000	10.075404
6.000000	17.000000	17.000000	980.000000	1022.000000	77.000000	980.341492	1034.041151	2.000000	10.539413
6.000000	18.000000	18.000000	1015.000000	759.000000	57.000000	1009.059495	765.556009	1.000000	11.195367
6.000000	19.000000	19.000000	855.000000	925.000000	66.000000	835.949242	936.403016	1.000000	11.921752
6.000000	20.000000	20.000000	703.000000	936.000000	65.000000	720.443901	948.873071	1.000000	12.410666
6.000000	21.000000	21.000000	643.000000	894.000000	64.000000	628.832111	894.621173	2.000000	13.083600
6.000000	22.000000	22.000000	620.000000	1050.000000	74.000000	620.917397	1065.378967	1.000000	13.730174
6.000000	23.000000	23.000000	760.000000	752.000000	55.000000	757.360557	753.964186	2.000000	14.459390
6.000000	24.000000	24.000000	485.000000	1075.000000	73.000000	486.483987	1081.300393	2.000000	15.274990
6.000000	25.000000	25.000000	381.000000	1027.000000	72.000000	370.392409	1036.903805	2.000000	15.985648
6.000000	26.000000	26.000000	191.000000	1011.000000	71.000000	192.897872	1014.780022	1.000000	16.699446
6.000000	27.000000	27.000000	183.000000	897.000000	61.000000	182.872812	898.675975	1.000000	17.145110
6.000000	28.000000	28.000000	331.000000	905.000000	62.000000	337.813479	911.031866	1.000000	17.769269
6.000000	29.000000	29.000000	434.000000	933.000000	63.000000	443.845538	943.381008	1.000000	18.305689
6.000000	30.000000	30.000000	491.000000	774.000000	53.000000	485.508621	782.073072	2.000000	18.955429
6.000000	31.000000	31.000000	365.000000	676.000000	42.000000	358.829415	681.314693	2.000000	19.411594
6.000000	32.000000	32.000000	226.000000	745.000000	51.000000	231.523772	752.437990	2.000000	19.874670
6.000000	33.000000	33.000000	383.000000	555.000000	32.000000	374.488010	577.385886	1.000000	20.649893
6.000000	34.000000	34.000000	591.000000	547.000000	34.000000	579.016732	553.626949	2.000000	21.370693
6.000000	35.000000	35.000000	591.000000	438.000000	24.000000	588.387966	441.151584	1.000000	22.161672
6.000000	36.000000	36.000000	497.000000	387.000000	23.000000	510.187484	394.955112	1.000000	22.547540
6.000000	37.000000	37.000000	335.000000	405.000000	22.000000	354.033033	410.357403	2.000000	23.209886
6.000000	38.000000	38.000000	335.000000	305.000000	12.000000	327.132498	301.753798	2.000000	23.602773
6.000000	39.000000	39.000000	466.000000	262.000000	13.000000	452.216248	266.572438	1.000000	23.994896
6.000000	40.000000	40.000000	253.000000	254.000000	11.000000	237.956238	243.816186	1.000000	24.547599
7.000000	1.000000	1.000000	582.000000	641.000000	44.000000	585.134369	637.221173	1.000000	2.037648
7.000000	2.000000	2.000000	502.000000	665.000000	43.000000	502.582372	658.917868	1.000000	2.495899
7.000000	3.000000	3.000000	382.000000	617.000000	42.000000	373.572784	618.106670	2.000000	3.071413
7.000000	4.000000	4.000000	346.000000	532.000000	32.000000	338.498066	544.039384	1.000000	3.455842
7.000000	5.000000	5.000000	228.000000	434.000000	21.000000	223.565133	440.957921	1.000000	4.142625
7.000000	6.000000	6.000000	189.000000	756.000000	51.000000	196.789440	771.992822	2.000000	4.878078
7.000000	7.000000	7.000000	343.000000	928.000000	62.000000	341.370086	937.036461	1.000000	5.687754
7.000000	8.000000	8.000000	323.000000	1035.000000	72.000000	320.722808	1037.213507	1.000000	6.143322
7.000000	9.000000	9.000000	232.000000	1058.000000	71.000000	232.148412	1058.972687	2.000000	6.719504
7.000000	10.000000	10.000000	583.000000	1047.000000	74.000000	585.633266	1037.293142	1.000000	7.463395
7.000000	11.000000	11.000000	739.000000	1058.000000	75.000000	744.159654	1051.447773	1.000000	7.998980
7.000000	12.000000	12.000000	855.000000	1065.000000	76.000000	864.315806	1062.188086	1.000000	8.623076
7.000000	13.000000	13.000000	1025.000000	1079.000000	77.000000	1014.225820	1075.557694	1.000000	9.207616
7.000000	14.000000	14.000000	902.000000	905.000000	66.000000	892.277744	895.171197	1.000000	9.863684
7.000000	15.000000	15.000000	757.000000	895.000000	65.000000	754.130278	899.455868	2.000000	10.326693
7.000000	16.000000	16.000000	730.000000	799.000000	55.000000	730.383467	804.997456	1.000000	10.999096
7.000000	17.000000	17.000000	721.000000	681.000000	45.000000	724.753740	660.798503	1.000000	11.567394
7.000000	18.000000	18.000000	898.000000	680.000000	46.000000	896.645018	678.810477	2.000000	12.671047
7.000000	19.000000	19.000000	967.000000	874.000000	67.000000	969.883974	870.169538	2.000000	13.229912
7.000000	20.000000	20.000000	1103.000000	899.000000	68.000000	1100.191205	893.277905	2.000000	13.839306
7.000000	21.000000	21.000000	1137.000000	1030.000000	78.000000	1141.436893	1024.003494	2.000000	14.318897
7.000000	22.000000	22.000000	1236.000000	918.000000	69.000000	1232.037442	900.932246	2.000000	14.782829
7.000000	23.000000	23.000000	1263.000000	1030.000000	79.000000	1255.499636	1018.810066	2.000000	15.166552
7.000000	24.000000	24.000000	1370.000000	890.000000	70.000000	1360.152879	894.674512	2.000000	15.638976
7.000000	25.000000	25.000000	1268.000000	636.000000	49.000000	1261.545868	635.619331	2.000000	16.526987
7.000000	26.000000	26.000000	1271.000000	561.000000	39.000000	1261.399982	563.000985	2.000000	17.103386
7.000000	27.000000	27.000000	1088.000000	645.000000	48.000000	1090.864290	642.976515	1.000000	17.679002
7.000000	28.000000	28.000000	1258.000000	443.000000	29.000000	1252.156563	433.903710	1.000000	18.382645
7.000000	29.000000	29.000000	980.000000	496.000000	37.000000	975.720771	494.674187	2.000000	19.214979
7.000000	30.000000	30.000000	755.000000	495.000000	35.000000	759.962856	496.451527	2.000000	19.742554
7.000000	31.000000	31.000000	590.000000	402.000000	24.000000	586.338431	397.608258	1.000000	20.671701
7.000000	32.000000	32.000000	456.000000	427.000000	23.000000	460.444664	426.213478	2.000000	21.301920
7.000000	33.000000	33.000000	493.000000	296.000000	13.000000	490.783727	296.525445	1.000000	21.871906
7.000000	34.000000	34.000000	229.000000	304.000000	11.000000	229.173748	303.687393	2.000000	22.501921
7.000000	35.000000	35.000000	334.000000	130.000000	2.000000	324.386175	123.428131	2.000000	23.271478
7.000000	36.000000	36.000000	471.000000	132.000000	3.000000	471.124589	134.001522	1.000000	23.767474
7.000000	37.000000	37.000000	702.000000	303.000000	15.000000	698.638037	309.144918	1.000000	24.526021
7.000000	38.000000	38.000000	754.000000	162.000000	5.000000	758.837334	158.806104	2.000000	25.174213
7.000000	39.000000	39.000000	909.000000	123.000000	6.000000	898.096367	129.573276	2.000000	25.846727
7.000000	40.000000	40.000000	1023.000000	274.000000	17.000000	1024.448605	280.787197	1.000000	26.383598
8.000000	1.000000	1.000000	241.000000	185.000000	1.000000	236.381016	185.345918	2.000000	1.792851
8.000000	2.000000	2.000000	348.000000	154.000000	2.000000	334.882661	149.957087	2.000000	2.471393
8.000000	3.000000	3.000000	472.000000	187.000000	3.000000	473.746363	193.199468	1.000000	3.054877
8.000000	4.000000	4.000000	325.000000	386.000000	22.000000	312.361512	390.700680	2.000000	3.688706
8.000000	5.000000	5.000000	607.000000	312.000000	14.000000	601.689569	316.053506	1.000000	4.430955
8.000000	6.000000	6.000000	586.000000	153.000000	4.000000	587.976948	148.379584	1.000000	5.158988
8.000000	7.000000	7.000000	618.000000	429.000000	24.000000	612.394203	425.280344	1.000000	6.096816
8.000000	8.000000	8.000000	735.000000	364.000000	25.000000	734.185892	377.867736	1.000000	6.736612
8.000000	9.000000	9.000000	880.000000	319.000000	16.000000	870.429826	327.246695	2.000000	7.583380
8.000000	10.000000	10.000000	1011.000000	400.000000	27.000000	1000.490492	396.138489	2.000000	8.135065
8.000000	11.000000	11.000000	1119.000000	377.000000	28.000000	1117.532862	380.568156	2.000000	8.816558
8.000000	12.000000	12.000000	1129.000000	280.000000	18.000000	1133.488895	284.578825	2.000000	9.406821
8.000000	13.000000	13.000000	1232.000000	185.000000	9.000000	1233.423222	195.500053	1.000000	10.264615
8.000000	14.000000	14.000000	1359.000000	269.000000	20.000000	1352.657038	271.736426	1.000000	10.814689
8.000000	15.000000	15.000000	1375.000000	388.000000	30.000000	1365.047080	405.548141	1.000000	11.327753
8.000000	16.000000	16.000000	1257.000000	531.000000	39.000000	1246.675230	535.227869	2.000000	11.911879
8.000000	17.000000	17.000000	1391.000000	538.000000	40.000000	1386.853506	539.472701	1.000000	12.432699
8.000000	18.000000	18.000000	1268.000000	661.000000	49.000000	1267.988075	659.985223	1.000000	13.007779
8.000000	19.000000	19.000000	1393.000000	640.000000	50.000000	1395.503730	643.250219	1.000000	13.726780
8.000000	20.000000	20.000000	1386.000000	791.000000	60.000000	1377.694371	794.942464	2.000000	14.566734
8.000000	21.000000	21.000000	1389.000000	907.000000	70.000000	1391.564244	914.529365	2.000000	15.118566
8.000000	22.000000	22.000000	1410.000000	985.000000	80.000000	1402.972607	996.309056	1.000000	15.727274
8.000000	23.000000	23.000000	1142.000000	781.000000	58.000000	1147.550081	778.494798	2.000000	16.376566
8.000000	24.000000	24.000000	1123.000000	888.000000	68.000000	1118.754370	899.434611	1.000000	16.911646
8.000000	25.000000	25.000000	1100.000000	1058.000000	78.000000	1098.865457	1063.704199	2.000000	17.679543
8.000000	26.000000	26.000000	883.000000	1021.000000	76.000000	886.652143	1021.482188	2.000000	18.488212
8.000000	27.000000	27.000000	731.000000	1034.000000	75.000000	728.113073	1049.270202	2.000000	18.976686
8.000000	28.000000	28.000000	467.000000	994.000000	73.000000	468.813807	993.958907	2.000000	20.247180
8.000000	29.000000	29.000000	340.000000	1031.000000	72.000000	345.287889	1039.742145	2.000000	20.888651
8.000000	30.000000	30.000000	453.000000	921.000000	63.000000	454.853527	924.357320	1.000000	21.535415
8.000000	31.000000	31.000000	349.000000	892.000000	62.000000	347.586665	891.325618	2.000000	22.135922
8.000000	32.000000	32.000000	193.000000	912.000000	61.000000	198.360920	919.645713	1.000000	22.840402
8.000000	33.000000	33.000000	260.000000	788.000000	51.000000	250.904824	795.992737	2.000000	23.471406
8.000000	34.000000	34.000000	447.000000	776.000000	53.000000	456.032679	783.001388	1.000000	24.288485
8.000000	35.000000	35.000000	574.000000	696.000000	44.000000	573.215095	701.354812	1.000000	25.383072
8.000000	36.000000	36.000000	589.000000	825.000000	54.000000	586.654211	828.250296	2.000000	26.143472
8.000000	37.000000	37.000000	713.000000	611.000000	45.000000	715.681436	618.978856	2.000000	26.767520
8.000000	38.000000	38.000000	867.000000	780.000000	56.000000	856.587950	784.628184	1.000000	27.399980
8.000000	39.000000	39.000000	889.000000	605.000000	46.000000	886.809057	618.742509	1.000000	28.048620
8.000000	40.000000	40.000000	969.000000	530.000000	37.000000	971.506212	528.227088	1.000000	28.536441
9.000000	1.000000	1.000000	218.000000	138.000000	1.000000	224.683993	150.237231	1.000000	1.311454
9.000000	2.000000	2.000000	240.000000	326.000000	11.000000	229.001028	331.851612	1.000000	2.128031
9.000000	3.000000	3.000000	376.000000	297.000000	12.000000	359.531917	297.688407	2.000000	2.630844
9.000000	4.000000	4.000000	475.000000	393.000000	23.000000	476.328665	396.802338	1.000000	3.175658
9.000000	5.000000	5.000000	603.000000	237.000000	14.000000	606.035314	245.102650	1.000000	3.808659
9.000000	6.000000	6.000000	628.000000	141.000000	4.000000	619.533289	139.344328	2.000000	4.591119
9.000000	7.000000	7.000000	742.000000	323.000000	15.000000	731.854409	323.528760	1.000000	5.216842
9.000000	8.000000	8.000000	715.000000	434.000000	25.000000	704.206952	434.709468	2.000000	5.799704
9.000000	9.000000	9.000000	831.000000	164.000000	6.000000	836.675809	153.608411	2.000000	6.479052
9.000000	10.000000	10.000000	871.000000	402.000000	26.000000	864.855252	412.723296	1.000000	7.008420
9.000000	11.000000	11.000000	872.000000	530.000000	36.000000	868.880766	529.163270	2.000000	7.560377
9.000000	12.000000	12.000000	976.000000	491.000000	37.000000	966.960813	497.917362	2.000000	7.976715
9.000000	13.000000	13.000000	1231.000000	328.000000	19.000000	1224.926121	331.784566	2.000000	8.855580
9.000000	14.000000	14.000000	1399.000000	187.000000	10.000000	1394.107317	194.070093	1.000000	10.038940
9.000000	15.000000	15.000000	1372.000000	265.000000	20.000000	1383.236474	268.572824	2.000000	10.503624
9.000000	16.000000	16.000000	1405.000000	400.000000	30.000000	1395.304067	414.370268	1.000000	11.280842
9.000000	17.000000	17.000000	1288.000000	423.000000	29.000000	1289.256608	423.014147	1.000000	11.831158
9.000000	18.000000	18.000000	1256.000000	567.000000	39.000000	1256.188010	578.018385	2.000000	12.480470
9.000000	19.000000	19.000000	1391.000000	574.000000	40.000000	1389.885317	579.844790	1.000000	12.958916
9.000000	20.000000	20.000000	1031.000000	645.000000	47.000000	1022.927561	649.328109	1.000000	13.927030
9.000000	21.000000	21.000000	890.000000	742.000000	56.000000	895.321484	744.650700	1.000000	14.568240
9.000000	22.000000	22.000000	862.000000	660.000000	46.000000	864.258994	662.596964	1.000000	15.024774
9.000000	23.000000	23.000000	620.000000	574.000000	34.000000	607.407847	578.014012	2.000000	15.728432
9.000000	24.000000	24.000000	624.000000	688.000000	44.000000	620.330497	696.649124	2.000000	16.192099
9.000000	25.000000	25.000000	321.000000	549.000000	32.000000	312.933860	546.338002	2.000000	16.959660
9.000000	26.000000	26.000000	232.000000	563.000000	31.000000	223.721093	579.242408	2.000000	17.438869
9.000000	27.000000	27.000000	211.000000	936.000000	61.000000	222.037266	953.831668	1.000000	18.463406
9.000000	28.000000	28.000000	353.000000	1051.000000	72.000000	345.200571	1047.660329	1.000000	19.208192
9.000000	29.000000	29.000000	629.000000	932.000000	64.000000	625.790309	931.007073	1.000000	19.975530
9.000000	30.000000	30.000000	756.000000	1029.000000	75.000000	747.802856	1030.748982	1.000000	20.791108
9.000000	31.000000	31.000000	740.000000	920.000000	65.000000	738.841516	925.896421	2.000000	21.511394
9.000000	32.000000	32.000000	830.000000	951.000000	66.000000	827.996281	953.210120	2.000000	22.071534
9.000000	33.000000	33.000000	857.000000	1076.000000	76.000000	861.390706	1078.321058	2.000000	22.608114
9.000000	34.000000	34.000000	981.000000	833.000000	57.000000	973.713925	830.760367	2.000000	23.615164
9.000000	35.000000	35.000000	969.000000	960.000000	67.000000	972.176294	946.316583	1.000000	24.079011
9.000000	36.000000	36.000000	1109.000000	984.000000	78.000000	1100.802403	1003.036700	2.000000	24.783787
9.000000	37.000000	37.000000	1234.000000	965.000000	69.000000	1232.425654	955.998494	2.000000	25.256473
9.000000	38.000000	38.000000	1245.000000	1072.000000	79.000000	1237.980494	1078.079981	2.000000	25.680709
9.000000	39.000000	39.000000	1415.000000	1074.000000	80.000000	1401.447393	1076.740769	1.000000	26.695070
9.000000	40.000000	40.000000	1428.000000	896.000000	70.000000	1419.947428	892.427711	1.000000	27.272269
10.000000	1.000000	1.000000	220.000000	186.000000	1.000000	232.857220	197.640043	1.000000	1.367339
10.000000	2.000000	2.000000	342.000000	185.000000	2.000000	335.337660	186.419562	1.000000	1.918620
10.000000	3.000000	3.000000	338.000000	311.000000	12.000000	332.727852	323.933632	2.000000	2.493772
10.000000	4.000000	4.000000	220.000000	418.000000	21.000000	227.437442	415.797374	2.000000	3.086818
10.000000	5.000000	5.000000	224.000000	500.000000	31.000000	221.913850	512.038347	1.000000	3.791097
10.000000	6.000000	6.000000	319.000000	780.000000	52.000000	325.206249	781.982482	1.000000	4.823585
10.000000	7.000000	7.000000	183.000000	886.000000	61.000000	187.104092	893.160833	2.000000	5.565670
10.000000	8.000000	8.000000	215.000000	1061.000000	71.000000	214.724041	1056.600836	2.000000	6.133779
10.000000	9.000000	9.000000	357.000000	926.000000	62.000000	359.899397	928.641190	1.000000	6.758093
10.000000	10.000000	10.000000	357.000000	1052.000000	72.000000	360.155246	1044.989401	1.000000	7.302189
10.000000	11.000000	11.000000	473.000000	1051.000000	73.000000	466.819132	1054.121231	1.000000	7.782388
10.000000	12.000000	12.000000	496.000000	888.000000	63.000000	494.904151	903.653321	2.000000	8.302052
10.000000	13.000000	13.000000	453.000000	627.000000	43.000000	455.692105	634.713330	2.000000	9.094992
10.000000	14.000000	14.000000	502.000000	430.000000	23.000000	498.622739	429.444061	1.000000	9.782544
10.000000	15.000000	15.000000	571.000000	142.000000	4.000000	570.676345	136.815274	1.000000	10.951443
10.000000	16.000000	16.000000	633.000000	319.000000	14.000000	630.736500	331.621435	2.000000	11.543128
10.000000	17.000000	17.000000	727.000000	183.000000	5.000000	712.852069	196.945366	2.000000	12.198607
10.000000	18.000000	18.000000	734.000000	302.000000	15.000000	725.076855	307.524824	1.000000	12.670036
10.000000	19.000000	19.000000	851.000000	434.000000	26.000000	852.348739	438.899333	2.000000	13.286712
10.000000	20.000000	20.000000	965.000000	553.000000	37.000000	957.857710	549.229319	2.000000	13.869828
10.000000	21.000000	21.000000	724.000000	670.000000	45.000000	708.280362	675.892776	2.000000	14.614423
10.000000	22.000000	22.000000	635.000000	806.000000	54.000000	632.673880	818.137111	2.000000	15.455001
10.000000	23.000000	23.000000	862.000000	1049.000000	76.000000	863.925345	1048.760726	1.000000	16.663671
10.000000	24.000000	24.000000	1009.000000	1050.000000	77.000000	1001.574303	1048.988889	1.000000	17.263110
10.000000	25.000000	25.000000	1082.000000	1055.000000	78.000000	1089.021078	1056.365151	2.000000	17.734477
10.000000	26.000000	26.000000	1150.000000	953.000000	68.000000	1140.528221	949.936244	2.000000	18.238348
10.000000	27.000000	27.000000	1229.000000	805.000000	59.000000	1233.935990	807.720833	2.000000	18.815607
10.000000	28.000000	28.000000	1419.000000	891.000000	70.000000	1413.780140	905.654254	1.000000	19.486487
10.000000	29.000000	29.000000	1386.000000	1044.000000	80.000000	1383.933136	1035.430659	1.000000	20.231833
10.000000	30.000000	30.000000	1106.000000	684.000000	48.000000	1105.861345	693.141569	1.000000	21.031562
10.000000	31.000000	31.000000	985.000000	649.000000	47.000000	975.356561	658.212824	1.000000	21.750436
10.000000	32.000000	32.000000	1132.000000	538.000000	38.000000	1111.702813	539.355371	1.000000	22.559267
10.000000	33.000000	33.000000	1095.000000	419.000000	28.000000	1091.113018	421.624262	1.000000	23.063321
10.000000	34.000000	34.000000	1254.000000	554.000000	39.000000	1249.997193	558.344827	2.000000	23.663216
10.000000	35.000000	35.000000	1255.000000	667.000000	49.000000	1251.930313	662.773319	1.000000	24.102624
10.000000	36.000000	36.000000	1371.000000	645.000000	50.000000	1361.132882	636.715457	1.000000	24.527155
10.000000	37.000000	37.000000	1392.000000	425.000000	30.000000	1384.908751	433.077766	2.000000	25.598883
10.000000	38.000000	38.000000	1399.000000	300.000000	20.000000	1400.398226	288.741427	2.000000	26.166925
10.000000	39.000000	39.000000	1402.000000	200.000000	10.000000	1396.769747	205.962218	2.000000	26.853787
10.000000	40.000000	40.000000	1022.000000	263.000000	17.000000	1016.847009	269.801969	2.000000	27.590701
11.000000	1.000000	1.000000	376.000000	203.000000	2.000000	376.535347	204.517951	2.000000	1.271798
11.000000	2.000000	2.000000	349.000000	379.000000	22.000000	346.840149	401.243590	2.000000	1.815080
11.000000	3.000000	3.000000	206.000000	558.000000	31.000000	209.101587	555.493288	1.000000	2.583300
11.000000	4.000000	4.000000	333.000000	690.000000	42.000000	322.450292	689.785583	1.000000	3.200851
11.000000	5.000000	5.000000	380.000000	543.000000	32.000000	362.776469	550.280073	1.000000	3.735722
11.000000	6.000000	6.000000	245.000000	855.000000	61.000000	238.899494	871.072143	2.000000	4.446722
11.000000	7.000000	7.000000	343.000000	954.000000	62.000000	342.949285	953.353026	1.000000	5.104304
11.000000	8.000000	8.000000	209.000000	1028.000000	71.000000	222.608796	1031.733248	1.000000	5.671877
11.000000	9.000000	9.000000	489.000000	885.000000	63.000000	490.197970	903.660498	2.000000	6.536892
11.000000	10.000000	10.000000	512.000000	776.000000	53.000000	511.967471	794.277259	2.000000	6.936166
11.000000	11.000000	11.000000	640.000000	910.000000	64.000000	627.782855	921.818766	1.000000	7.559701
11.000000	12.000000	12.000000	643.000000	1075.000000	74.000000	639.021702	1081.814431	1.000000	8.320579
11.000000	13.000000	13.000000	886.000000	927.000000	66.000000	887.569252	931.101491	2.000000	9.104904
11.000000	14.000000	14.000000	859.000000	812.000000	56.000000	848.067844	807.006591	1.000000	9.599739
11.000000	15.000000	15.000000	746.000000	744.000000	55.000000	732.600871	760.249224	1.000000	10.136869
11.000000	16.000000	16.000000	757.000000	637.000000	45.000000	756.466108	634.680402	1.000000	10.623705
11.000000	17.000000	17.000000	756.000000	568.000000	35.000000	748.100038	577.406035	1.000000	11.062807
11.000000	18.000000	18.000000	618.000000	576.000000	34.000000	625.650119	578.859595	2.000000	11.720687
11.000000	19.000000	0.000000	626.000000	628.000000	44.000000	590.534071	635.851515	1.000000	12.208670
11.000000	20.000000	19.000000	574.000000	631.000000	44.000000	590.534071	635.851515	1.000000	13.079276
11.000000	21.000000	20.000000	837.000000	562.000000	36.000000	839.084067	567.518288	2.000000	13.823166
11.000000	22.000000	21.000000	864.000000	690.000000	46.000000	859.764141	693.105247	2.000000	14.262918
11.000000	23.000000	22.000000	981.000000	679.000000	47.000000	982.496006	677.193734	1.000000	14.680980
11.000000	24.000000	23.000000	1016.000000	831.000000	57.000000	1021.201207	826.097577	1.000000	15.143974
11.000000	25.000000	24.000000	1127.000000	890.000000	68.000000	1117.276492	906.009952	2.000000	15.799861
11.000000	26.000000	25.000000	1249.000000	963.000000	69.000000	1237.665769	952.053274	1.000000	17.048423
11.000000	27.000000	26.000000	1382.000000	1046.000000	80.000000	1387.875051	1054.862092	2.000000	17.671405
11.000000	28.000000	0.000000	1259.000000	639.000000	49.000000	1231.837475	662.386055	2.000000	18.568218
11.000000	29.000000	27.000000	1228.000000	668.000000	49.000000	1231.837475	662.386055	2.000000	19.192850
11.000000	30.000000	28.000000	1266.000000	574.000000	39.000000	1271.203035	580.976530	2.000000	19.816851
11.000000	31.000000	29.000000	1365.000000	568.000000	40.000000	1358.782651	576.976379	2.000000	20.503923
11.000000	32.000000	30.000000	1383.000000	685.000000	50.000000	1382.181583	690.593530	2.000000	21.111505
11.000000	33.000000	31.000000	1098.000000	608.000000	48.000000	1102.800854	624.360302	2.000000	21.944152
11.000000	34.000000	32.000000	1095.000000	538.000000	38.000000	1089.000518	559.327727	1.000000	22.312844
11.000000	35.000000	33.000000	956.000000	414.000000	27.000000	962.543573	415.224066	1.000000	23.023251
11.000000	36.000000	34.000000	884.000000	446.000000	26.000000	875.801584	455.447824	1.000000	23.590859
11.000000	37.000000	35.000000	631.000000	409.000000	24.000000	639.728423	413.393555	2.000000	24.575961
11.000000	38.000000	36.000000	717.000000	294.000000	15.000000	716.822508	293.921773	1.000000	25.528816
11.000000	39.000000	37.000000	628.000000	153.000000	4.000000	611.213744	161.705329	2.000000	26.136355
11.000000	40.000000	38.000000	1000.000000	131.000000	7.000000	1002.451617	130.675809	1.000000	27.064376
11.000000	41.000000	39.000000	1098.000000	147.000000	8.000000	1110.591400	158.803142	2.000000	27.648893
11.000000	42.000000	40.000000	1145.000000	360.000000	28.000000	1133.163311	377.750251	2.000000	28.278930
12.000000	1.000000	1.000000	369.000000	155.000000	2.000000	364.155351	154.686652	2.000000	1.434524
12.000000	2.000000	2.000000	456.000000	321.000000	13.000000	451.776319	324.849941	1.000000	2.274250
12.000000	3.000000	3.000000	338.000000	361.000000	22.000000	325.307826	372.406033	2.000000	3.034349
12.000000	4.000000	4.000000	252.000000	449.000000	21.000000	240.046672	451.717927	1.000000	3.866371
12.000000	5.000000	5.000000	253.000000	547.000000	31.000000	247.660663	553.779307	1.000000	4.346869
12.000000	6.000000	6.000000	336.000000	555.000000	32.000000	331.763441	557.085009	1.000000	4.770672
12.000000	7.000000	7.000000	240.000000	672.000000	41.000000	232.426244	682.927684	2.000000	5.634185
12.000000	8.000000	8.000000	245.000000	752.000000	51.000000	238.088002	753.671424	1.000000	6.259270
12.000000	9.000000	9.000000	190.000000	877.000000	61.000000	181.753763	880.972564	2.000000	6.922799
12.000000	10.000000	10.000000	341.000000	917.000000	62.000000	345.472024	924.613081	1.000000	7.418895
12.000000	11.000000	11.000000	469.000000	1056.000000	73.000000	479.077991	1063.665450	1.000000	7.978594
12.000000	12.000000	12.000000	629.000000	1067.000000	74.000000	634.648355	1071.102896	2.000000	8.634214
12.000000	13.000000	13.000000	595.000000	907.000000	64.000000	594.496263	909.161862	1.000000	9.186289
12.000000	14.000000	14.000000	609.000000	769.000000	54.000000	607.805994	778.457703	1.000000	9.746311
12.000000	15.000000	15.000000	496.000000	771.000000	53.000000	502.018975	778.823338	2.000000	10.186436
12.000000	16.000000	16.000000	485.000000	652.000000	43.000000	481.252833	653.261516	2.000000	11.106132
12.000000	17.000000	17.000000	596.000000	633.000000	44.000000	585.674606	626.052501	2.000000	11.651806
12.000000	18.000000	18.000000	717.000000	683.000000	45.000000	716.293849	682.954015	2.000000	12.362717
12.000000	19.000000	19.000000	730.000000	1002.000000	75.000000	729.590328	1012.630878	1.000000	13.131843
12.000000	20.000000	20.000000	853.000000	1024.000000	76.000000	857.508225	1024.814310	2.000000	13.691461
12.000000	21.000000	21.000000	1012.000000	905.000000	67.000000	1014.898412	901.964188	2.000000	14.403340
12.000000	22.000000	22.000000	960.000000	776.000000	57.000000	965.648449	793.744586	2.000000	14.867793
12.000000	23.000000	23.000000	839.000000	618.000000	46.000000	832.531246	631.077019	1.000000	15.657854
12.000000	24.000000	24.000000	853.000000	574.000000	36.000000	858.418625	576.649866	2.000000	16.043276
12.000000	25.000000	25.000000	854.000000	370.000000	26.000000	849.564860	378.671616	2.000000	17.067515
12.000000	26.000000	26.000000	854.000000	303.000000	16.000000	852.804808	298.204560	1.000000	17.619431
12.000000	27.000000	27.000000	774.000000	261.000000	15.000000	758.598360	266.211652	2.000000	18.571398
12.000000	28.000000	28.000000	609.000000	252.000000	14.000000	599.754349	249.507008	2.000000	19.219260
12.000000	29.000000	29.000000	604.000000	140.000000	4.000000	598.049891	159.257801	2.000000	20.011121
12.000000	30.000000	30.000000	1014.000000	262.000000	17.000000	1017.353317	260.422281	2.000000	20.906148
12.000000	31.000000	31.000000	1364.000000	265.000000	20.000000	1368.279120	271.945990	1.000000	21.906889
12.000000	32.000000	32.000000	1100.000000	634.000000	48.000000	1091.293998	631.978015	2.000000	23.130696
12.000000	33.000000	33.000000	1001.000000	614.000000	47.000000	999.218217	621.248006	1.000000	23.770820
12.000000	34.000000	34.000000	1121.000000	570.000000	38.000000	1119.078001	566.559173	1.000000	24.299607
12.000000	35.000000	35.000000	1274.000000	622.000000	49.000000	1273.955653	630.676426	2.000000	24.939112
12.000000	36.000000	36.000000	1230.000000	739.000000	59.000000	1227.502479	755.499015	1.000000	25.674693
12.000000	37.000000	37.000000	1135.000000	929.000000	68.000000	1133.548223	923.013131	1.000000	26.427732
12.000000	38.000000	38.000000	1369.000000	881.000000	70.000000	1368.780516	882.905052	1.000000	27.251037
12.000000	39.000000	39.000000	1408.000000	801.000000	60.000000	1392.595971	807.775135	1.000000	27.706333
12.000000	40.000000	40.000000	1437.000000	693.000000	50.000000	1420.767711	700.778331	1.000000	28.362455
13.000000	1.000000	1.000000	331.000000	195.000000	2.000000	327.527205	190.593742	1.000000	1.643343
13.000000	2.000000	2.000000	445.000000	155.000000	3.000000	451.461216	161.287155	2.000000	2.603439
13.000000	3.000000	3.000000	341.000000	359.000000	22.000000	338.438401	370.399762	2.000000	3.283173
13.000000	4.000000	4.000000	319.000000	492.000000	32.000000	330.291674	503.260115	1.000000	3.972068
13.000000	5.000000	5.000000	383.000000	677.000000	42.000000	378.810026	685.475592	1.000000	4.724024
13.000000	6.000000	6.000000	386.000000	751.000000	52.000000	379.256824	748.111851	1.000000	5.266337
13.000000	7.000000	7.000000	231.000000	891.000000	61.000000	238.094393	894.706416	1.000000	5.827050
13.000000	8.000000	8.000000	481.000000	916.000000	63.000000	471.031385	926.441714	2.000000	6.388344
13.000000	9.000000	9.000000	510.000000	1025.000000	73.000000	503.002193	1023.929640	1.000000	7.114772
13.000000	10.000000	10.000000	613.000000	923.000000	64.000000	613.781465	920.579892	2.000000	7.779680
13.000000	11.000000	11.000000	741.000000	1065.000000	75.000000	742.714477	1063.911509	1.000000	8.826281
13.000000	12.000000	12.000000	821.000000	1039.000000	76.000000	827.593565	1034.819949	2.000000	9.339003
13.000000	13.000000	13.000000	997.000000	1005.000000	77.000000	991.246432	1007.276818	1.000000	10.027567
13.000000	14.000000	14.000000	978.000000	897.000000	67.000000	969.720357	905.815113	1.000000	10.588347
13.000000	15.000000	15.000000	960.000000	829.000000	57.000000	964.233006	829.414390	2.000000	11.003194
13.000000	16.000000	16.000000	856.000000	806.000000	56.000000	853.550437	808.187343	1.000000	11.714917
13.000000	17.000000	17.000000	1139.000000	934.000000	68.000000	1120.632526	929.960116	2.000000	12.987155
13.000000	18.000000	18.000000	1367.000000	1054.000000	80.000000	1370.290223	1051.297158	2.000000	13.906622
13.000000	19.000000	19.000000	1415.000000	931.000000	70.000000	1409.628688	921.007692	2.000000	14.474373
13.000000	20.000000	20.000000	1350.000000	742.000000	60.000000	1348.061660	749.517180	2.000000	15.235087
13.000000	21.000000	21.000000	1147.000000	679.000000	48.000000	1157.728353	681.792972	1.000000	15.956387
13.000000	22.000000	22.000000	1110.000000	562.000000	38.000000	1103.370238	565.726381	1.000000	16.635601
13.000000	23.000000	23.000000	983.000000	634.000000	47.000000	984.227938	637.696428	2.000000	17.259929
13.000000	24.000000	24.000000	883.000000	531.000000	36.000000	872.780086	542.375106	2.000000	17.732438
13.000000	25.000000	25.000000	756.000000	639.000000	45.000000	738.355923	651.777096	2.000000	18.307408
13.000000	26.000000	26.000000	713.000000	526.000000	35.000000	699.273662	545.280834	2.000000	18.707406
13.000000	27.000000	27.000000	772.000000	432.000000	25.000000	768.395561	426.128379	1.000000	19.515893
13.000000	28.000000	28.000000	844.000000	449.000000	26.000000	830.753337	453.240013	1.000000	20.139945
13.000000	29.000000	29.000000	714.000000	305.000000	15.000000	701.640301	307.556283	1.000000	20.836184
13.000000	30.000000	30.000000	718.000000	188.000000	5.000000	704.835527	182.874724	1.000000	21.259324
13.000000	31.000000	31.000000	868.000000	261.000000	16.000000	867.652111	263.015854	1.000000	21.763546
13.000000	32.000000	32.000000	885.000000	164.000000	6.000000	876.464937	179.490568	1.000000	22.163795
13.000000	33.000000	33.000000	1030.000000	119.000000	7.000000	1017.105209	125.812364	2.000000	22.836243
13.000000	34.000000	34.000000	1032.000000	257.000000	17.000000	1032.438860	252.996902	2.000000	23.274333
13.000000	35.000000	0.000000	1153.000000	155.000000	8.000000	1126.740991	173.944183	2.000000	23.683144
13.000000	36.000000	35.000000	1134.000000	171.000000	8.000000	1126.740991	173.944183	2.000000	24.268248
13.000000	37.000000	36.000000	1125.000000	286.000000	18.000000	1118.720279	288.718881	2.000000	24.922925
13.000000	38.000000	37.000000	1237.000000	128.000000	9.000000	1233.650701	125.450530	1.000000	25.474442
13.000000	39.000000	38.000000	1419.000000	260.000000	20.000000	1411.639073	259.005238	1.000000	26.004533
13.000000	40.000000	39.000000	1411.000000	551.000000	40.000000	1402.378014	552.830970	2.000000	26.986423
13.000000	41.000000	40.000000	1395.000000	633.000000	50.000000	1386.920209	636.226237	2.000000	27.754423
14.000000	1.000000	1.000000	365.000000	304.000000	12.000000	364.733222	310.512214	2.000000	1.400581
14.000000	2.000000	2.000000	491.000000	320.000000	13.000000	499.667363	329.131083	1.000000	1.928419
14.000000	3.000000	3.000000	603.000000	172.000000	4.000000	603.129790	183.261916	1.000000	2.624378
14.000000	4.000000	4.000000	334.000000	427.000000	22.000000	326.568244	443.653820	1.000000	3.352618
14.000000	5.000000	5.000000	201.000000	541.000000	31.000000	187.289782	555.782774	2.000000	4.111062
14.000000	6.000000	6.000000	193.000000	670.000000	41.000000	182.933929	685.859373	1.000000	4.607294
14.000000	7.000000	7.000000	250.000000	823.000000	51.000000	236.429525	826.925107	1.000000	5.344133
14.000000	8.000000	8.000000	253.000000	1057.000000	71.000000	252.451172	1062.055615	2.000000	6.087188
14.000000	9.000000	9.000000	501.000000	893.000000	63.000000	493.786861	887.577548	2.000000	6.847048
14.000000	10.000000	10.000000	457.000000	800.000000	53.000000	454.553937	814.408364	1.000000	7.455764
14.000000	11.000000	11.000000	436.000000	673.000000	43.000000	441.680696	678.590139	2.000000	8.142973
14.000000	12.000000	12.000000	454.000000	564.000000	33.000000	446.099983	560.632821	2.000000	8.632383
14.000000	13.000000	13.000000	624.000000	536.000000	34.000000	619.973850	544.705790	2.000000	9.393018
14.000000	14.000000	14.000000	648.000000	689.000000	44.000000	640.570738	689.725325	2.000000	10.343221
14.000000	15.000000	15.000000	718.000000	402.000000	25.000000	715.369888	408.671829	2.000000	11.343222
14.000000	16.000000	16.000000	844.000000	507.000000	36.000000	846.553711	512.376685	2.000000	12.071106
14.000000	17.000000	17.000000	773.000000	623.000000	45.000000	765.397657	625.853066	1.000000	12.606721
14.000000	18.000000	18.000000	870.000000	633.000000	46.000000	870.153615	631.620818	1.000000	13.006984
14.000000	19.000000	19.000000	862.000000	766.000000	56.000000	857.606997	772.546817	1.000000	13.447619
14.000000	20.000000	20.000000	764.000000	1060.000000	75.000000	757.396524	1062.551348	1.000000	14.408725
14.000000	21.000000	21.000000	980.000000	1014.000000	77.000000	981.641471	1005.952110	2.000000	14.991525
14.000000	22.000000	22.000000	964.000000	816.000000	57.000000	970.124090	820.043701	2.000000	15.528492
14.000000	23.000000	23.000000	1080.000000	821.000000	58.000000	1088.677713	829.822184	2.000000	16.607521
14.000000	24.000000	24.000000	1154.000000	712.000000	48.000000	1147.161997	706.568185	1.000000	17.399567
14.000000	25.000000	25.000000	1209.000000	790.000000	59.000000	1222.616234	795.807023	1.000000	17.968138
14.000000	26.000000	26.000000	1286.000000	908.000000	69.000000	1278.658112	917.075099	1.000000	18.712183
14.000000	27.000000	27.000000	1362.000000	789.000000	60.000000	1359.027061	784.877726	1.000000	19.318994
14.000000	28.000000	28.000000	1392.000000	1051.000000	80.000000	1389.102539	1061.548084	2.000000	20.031566
14.000000	29.000000	29.000000	1428.000000	649.000000	50.000000	1419.943621	649.118372	2.000000	20.817090
14.000000	30.000000	30.000000	1223.000000	659.000000	49.000000	1217.533852	661.406116	2.000000	21.360017
14.000000	31.000000	31.000000	1358.000000	499.000000	40.000000	1363.980015	509.169752	1.000000	22.143207
14.000000	32.000000	32.000000	1263.000000	393.000000	29.000000	1266.817670	405.810878	2.000000	22.929039
14.000000	33.000000	33.000000	1375.000000	395.000000	30.000000	1365.314672	400.378197	2.000000	23.560396
14.000000	34.000000	34.000000	1273.000000	260.000000	19.000000	1272.480262	267.713809	1.000000	24.353063
14.000000	35.000000	35.000000	1123.000000	492.000000	38.000000	1109.887325	496.139627	2.000000	24.951655
14.000000	36.000000	36.000000	1112.000000	354.000000	28.000000	1109.299718	377.761556	1.000000	25.343549
14.000000	37.000000	37.000000	1127.000000	232.000000	18.000000	1114.404274	246.643261	1.000000	25.880599
14.000000	38.000000	38.000000	1108.000000	195.000000	8.000000	1097.054603	190.636637	2.000000	26.249043
14.000000	39.000000	39.000000	972.000000	296.000000	17.000000	960.495911	300.170984	1.000000	26.896854
14.000000	40.000000	40.000000	854.000000	258.000000	16.000000	844.056614	247.857243	1.000000	27.383240
15.000000	1.000000	1.000000	487.000000	154.000000	3.000000	480.644084	147.767459	2.000000	1.530211
15.000000	2.000000	2.000000	356.000000	269.000000	12.000000	355.505732	264.960603	1.000000	2.064004
15.000000	3.000000	3.000000	207.000000	267.000000	11.000000	207.059112	257.823687	1.000000	2.616909
15.000000	4.000000	4.000000	447.000000	373.000000	23.000000	444.360677	369.068634	2.000000	3.272916
15.000000	5.000000	5.000000	505.000000	336.000000	13.000000	509.799562	329.425418	1.000000	3.841390
15.000000	6.000000	6.000000	614.000000	333.000000	14.000000	616.699105	326.042974	2.000000	4.312281
15.000000	7.000000	7.000000	735.000000	296.000000	15.000000	732.762114	284.901374	2.000000	4.913098
15.000000	8.000000	8.000000	750.000000	178.000000	5.000000	744.668796	178.485408	2.000000	5.537122
15.000000	9.000000	9.000000	859.000000	317.000000	16.000000	856.885555	321.542337	1.000000	6.168351
15.000000	10.000000	10.000000	893.000000	406.000000	26.000000	888.950548	397.515659	1.000000	6.729546
15.000000	11.000000	11.000000	847.000000	535.000000	36.000000	840.199413	541.639086	1.000000	7.386095
15.000000	12.000000	12.000000	710.000000	625.000000	45.000000	702.534437	625.168210	2.000000	8.113772
15.000000	13.000000	13.000000	572.000000	565.000000	34.000000	591.860869	559.647873	1.000000	8.784805
15.000000	14.000000	14.000000	472.000000	535.000000	33.000000	466.801746	532.609749	2.000000	9.561524
15.000000	15.000000	15.000000	641.000000	658.000000	44.000000	636.624745	648.594803	2.000000	10.320949
15.000000	16.000000	16.000000	201.000000	867.000000	61.000000	191.561544	871.911233	2.000000	11.050075
15.000000	17.000000	17.000000	330.000000	962.000000	62.000000	328.956116	956.363118	1.000000	11.912302
15.000000	18.000000	18.000000	336.000000	1030.000000	72.000000	336.557994	1039.635695	2.000000	12.353210
15.000000	19.000000	19.000000	218.000000	1064.000000	71.000000	217.973883	1069.614250	1.000000	12.968052
15.000000	20.000000	20.000000	479.000000	911.000000	63.000000	476.907273	914.735035	1.000000	13.745920
15.000000	21.000000	21.000000	616.000000	888.000000	64.000000	622.390708	876.013779	2.000000	14.296999
15.000000	22.000000	22.000000	732.000000	911.000000	65.000000	724.795551	913.839352	1.000000	14.704578
15.000000	23.000000	23.000000	764.000000	1030.000000	75.000000	772.146216	1030.956471	2.000000	15.216975
15.000000	24.000000	24.000000	842.000000	941.000000	66.000000	849.456182	933.595755	2.000000	15.664760
15.000000	25.000000	25.000000	1013.000000	1007.000000	77.000000	1008.264157	998.583578	1.000000	16.953068
15.000000	26.000000	26.000000	1125.000000	1049.000000	78.000000	1123.581316	1038.636389	1.000000	17.513109
15.000000	27.000000	27.000000	1238.000000	1076.000000	79.000000	1246.257324	1064.988434	1.000000	17.912768
15.000000	28.000000	28.000000	1360.000000	1000.000000	80.000000	1351.697572	1002.033826	2.000000	18.456946
15.000000	29.000000	29.000000	1417.000000	907.000000	70.000000	1418.568697	890.507142	2.000000	18.904986
15.000000	30.000000	30.000000	1274.000000	820.000000	59.000000	1268.889426	804.567759	2.000000	19.544870
15.000000	31.000000	31.000000	1142.000000	751.000000	58.000000	1137.564616	746.219334	1.000000	20.304552
15.000000	32.000000	32.000000	1009.000000	788.000000	57.000000	1015.983477	787.806595	2.000000	20.889520
15.000000	33.000000	33.000000	1026.000000	707.000000	47.000000	1026.878177	697.859651	1.000000	21.305750
15.000000	34.000000	34.000000	1133.000000	571.000000	38.000000	1129.484072	566.684850	1.000000	22.065931
15.000000	35.000000	35.000000	1222.000000	566.000000	39.000000	1217.587790	558.509338	2.000000	22.737799
15.000000	36.000000	36.000000	1279.000000	627.000000	49.000000	1270.573320	622.701849	1.000000	23.330235
15.000000	37.000000	37.000000	1285.000000	425.000000	29.000000	1283.127022	415.035967	1.000000	24.057741
15.000000	38.000000	38.000000	1351.000000	256.000000	20.000000	1350.253423	247.981227	2.000000	25.249553
15.000000	39.000000	39.000000	1247.000000	204.000000	9.000000	1248.876015	204.689428	1.000000	26.032825
15.000000	40.000000	40.000000	987.000000	121.000000	7.000000	987.197233	121.826394	2.000000	26.857601
16.000000	1.000000	1.000000	606.000000	145.000000	4.000000	599.291588	151.456970	1.000000	1.659172
16.000000	2.000000	2.000000	613.000000	279.000000	14.000000	606.042599	278.611012	1.000000	2.260708
16.000000	3.000000	3.000000	627.000000	383.000000	24.000000	618.772806	379.000318	1.000000	2.732206
16.000000	4.000000	4.000000	441.000000	277.000000	13.000000	449.921695	287.926018	2.000000	3.284389
16.000000	5.000000	5.000000	207.000000	179.000000	1.000000	190.440905	184.764218	2.000000	4.027626
16.000000	6.000000	6.000000	227.000000	289.000000	11.000000	223.697201	293.943874	1.000000	4.444390
16.000000	7.000000	7.000000	223.000000	425.000000	21.000000	229.386478	448.186259	2.000000	4.923656
16.000000	8.000000	8.000000	316.000000	435.000000	22.000000	313.753867	433.491648	2.000000	5.380486
16.000000	9.000000	9.000000	354.000000	555.000000	32.000000	346.082929	557.682017	2.000000	6.132247
16.000000	10.000000	10.000000	220.000000	685.000000	41.000000	226.570394	690.868756	1.000000	6.731756
16.000000	11.000000	11.000000	361.000000	779.000000	52.000000	357.881389	778.915824	2.000000	7.475827
16.000000	12.000000	12.000000	308.000000	1026.000000	72.000000	309.329021	1025.939099	2.000000	8.083978
16.000000	13.000000	0.000000	205.000000	1051.000000	71.000000	203.630697	1077.171837	2.000000	8.692218
16.000000	14.000000	13.000000	206.000000	1062.000000	71.000000	203.630697	1077.171837	2.000000	9.708604
16.000000	15.000000	14.000000	487.000000	1010.000000	73.000000	502.137541	1015.360484	2.000000	10.540319
16.000000	16.000000	15.000000	588.000000	962.000000	64.000000	579.200343	957.212808	1.000000	10.971802
16.000000	17.000000	16.000000	765.000000	895.000000	65.000000	753.811759	895.405186	1.000000	11.531547
16.000000	18.000000	17.000000	1040.000000	881.000000	67.000000	1031.981608	886.868542	2.000000	12.588088
16.000000	19.000000	18.000000	972.000000	1048.000000	77.000000	969.661568	1068.353299	1.000000	13.082877
16.000000	20.000000	19.000000	1116.000000	1055.000000	78.000000	1114.537811	1064.545266	1.000000	13.716005
16.000000	21.000000	20.000000	1255.000000	1067.000000	79.000000	1252.146284	1073.938612	2.000000	14.316680
16.000000	22.000000	21.000000	1250.000000	888.000000	69.000000	1239.370733	886.994826	2.000000	14.852108
16.000000	23.000000	22.000000	1423.000000	923.000000	70.000000	1409.971614	925.939952	2.000000	15.291947
16.000000	24.000000	23.000000	1422.000000	994.000000	80.000000	1412.889288	992.514380	2.000000	15.691538
16.000000	25.000000	24.000000	1431.000000	823.000000	60.000000	1422.084755	830.599283	1.000000	16.370919
16.000000	26.000000	25.000000	1360.000000	662.000000	50.000000	1358.071097	673.728366	1.000000	17.044304
16.000000	27.000000	26.000000	1285.000000	663.000000	49.000000	1283.079302	664.567746	1.000000	17.435717
16.000000	28.000000	27.000000	619.000000	701.000000	44.000000	621.446606	704.568951	2.000000	18.322964
16.000000	29.000000	28.000000	698.000000	666.000000	45.000000	697.832753	666.015404	2.000000	18.859617
16.000000	30.000000	29.000000	739.000000	515.000000	35.000000	751.142357	513.803023	1.000000	19.564174
16.000000	31.000000	30.000000	750.000000	370.000000	25.000000	741.962093	371.964100	1.000000	20.098591
16.000000	32.000000	31.000000	859.000000	241.000000	16.000000	871.328670	253.257781	1.000000	21.027399
16.000000	33.000000	32.000000	749.000000	134.000000	5.000000	760.511537	131.665284	1.000000	21.540204
16.000000	34.000000	33.000000	991.000000	524.000000	37.000000	993.590975	527.935337	1.000000	22.292348
16.000000	35.000000	34.000000	990.000000	377.000000	27.000000	995.506358	380.643452	2.000000	22.731141
16.000000	36.000000	35.000000	1125.000000	506.000000	38.000000	1116.351777	499.548584	2.000000	23.211548
16.000000	37.000000	36.000000	1146.000000	388.000000	28.000000	1128.452588	405.197378	1.000000	23.802620
16.000000	38.000000	37.000000	1228.000000	287.000000	19.000000	1222.787809	290.927707	2.000000	24.316675
16.000000	39.000000	38.000000	1270.000000	396.000000	29.000000	1258.242996	394.784503	2.000000	24.732265
16.000000	40.000000	39.000000	1368.000000	515.000000	40.000000	1364.077447	508.375515	1.000000	25.291408
16.000000	41.000000	40.000000	1402.000000	186.000000	10.000000	1382.768248	180.733956	1.000000	25.986626
17.000000	1.000000	1.000000	627.000000	203.000000	4.000000	628.371948	206.146735	2.000000	2.212771
17.000000	2.000000	2.000000	500.000000	191.000000	3.000000	490.276836	189.521522	1.000000	2.773354
17.000000	3.000000	3.000000	359.000000	149.000000	2.000000	356.657105	160.945380	1.000000	3.445446
17.000000	4.000000	4.000000	485.000000	313.000000	13.000000	476.952418	320.626044	2.000000	4.236122
17.000000	5.000000	5.000000	213.000000	273.000000	11.000000	201.391814	274.686810	1.000000	4.876356
17.000000	6.000000	6.000000	208.000000	406.000000	21.000000	224.152980	416.080948	1.000000	5.317080
17.000000	7.000000	7.000000	256.000000	506.000000	31.000000	249.898618	516.826409	1.000000	5.788905
17.000000	8.000000	8.000000	347.000000	555.000000	32.000000	343.499820	554.151297	2.000000	6.581089
17.000000	9.000000	9.000000	329.000000	762.000000	52.000000	340.818985	773.570007	2.000000	7.284929
17.000000	10.000000	0.000000	329.000000	852.000000	62.000000	314.427692	873.116236	2.000000	7.707633
17.000000	11.000000	10.000000	196.000000	887.000000	61.000000	206.966655	898.925480	2.000000	8.445515
17.000000	12.000000	11.000000	319.000000	880.000000	62.000000	314.427692	873.116236	2.000000	8.973633
17.000000	13.000000	12.000000	462.000000	981.000000	73.000000	451.000817	1000.801589	2.000000	9.820903
17.000000	14.000000	13.000000	461.000000	890.000000	63.000000	462.942426	895.724495	1.000000	10.531831
17.000000	15.000000	14.000000	466.000000	762.000000	53.000000	464.961199	763.303041	1.000000	10.941020
17.000000	16.000000	15.000000	606.000000	802.000000	54.000000	608.042549	807.873948	1.000000	11.580219
17.000000	17.000000	16.000000	607.000000	896.000000	64.000000	606.816509	898.254907	2.000000	11.979780
17.000000	18.000000	17.000000	754.000000	1042.000000	75.000000	753.434688	1051.208124	1.000000	12.635690
17.000000	19.000000	18.000000	871.000000	1079.000000	76.000000	868.906064	1075.595216	2.000000	13.124560
17.000000	20.000000	19.000000	861.000000	943.000000	66.000000	861.253516	949.252388	2.000000	13.588917
17.000000	21.000000	20.000000	754.000000	900.000000	65.000000	762.706280	894.807636	2.000000	14.005600
17.000000	22.000000	21.000000	736.000000	738.000000	55.000000	745.794870	755.641174	2.000000	14.419722
17.000000	23.000000	22.000000	976.000000	924.000000	67.000000	973.543563	923.070654	1.000000	15.317621
17.000000	24.000000	23.000000	1090.000000	933.000000	68.000000	1100.490855	941.781796	2.000000	15.748471
17.000000	25.000000	24.000000	1220.000000	942.000000	69.000000	1231.871807	934.873795	2.000000	16.253009
17.000000	26.000000	25.000000	1274.000000	802.000000	59.000000	1277.417075	806.983908	1.000000	17.011715
17.000000	27.000000	26.000000	1399.000000	881.000000	70.000000	1392.284354	891.766040	1.000000	17.565703
17.000000	28.000000	27.000000	1404.000000	773.000000	60.000000	1397.799409	770.118119	1.000000	17.933053
17.000000	29.000000	28.000000	1368.000000	650.000000	50.000000	1359.695875	668.041078	2.000000	18.507769
17.000000	30.000000	29.000000	1267.000000	676.000000	49.000000	1272.735290	670.279791	1.000000	19.004287
17.000000	31.000000	30.000000	1147.000000	644.000000	48.000000	1143.378408	642.971996	1.000000	19.556489
17.000000	32.000000	31.000000	988.000000	617.000000	47.000000	978.454192	636.191851	1.000000	20.139542
17.000000	33.000000	32.000000	975.000000	574.000000	37.000000	972.734447	559.086842	1.000000	20.757682
17.000000	34.000000	33.000000	1099.000000	414.000000	28.000000	1094.123998	427.266664	2.000000	21.507834
17.000000	35.000000	34.000000	1268.000000	496.000000	39.000000	1261.452570	495.524760	1.000000	22.077700
17.000000	36.000000	35.000000	1423.000000	507.000000	40.000000	1419.551035	508.086036	2.000000	22.523816
17.000000	37.000000	36.000000	1289.000000	135.000000	9.000000	1287.650166	129.358627	2.000000	23.436678
17.000000	38.000000	37.000000	1140.000000	131.000000	8.000000	1131.222863	141.147021	2.000000	23.845441
17.000000	39.000000	38.000000	903.000000	360.000000	26.000000	900.919998	372.664130	1.000000	24.508562
17.000000	40.000000	39.000000	763.000000	156.000000	5.000000	766.850966	163.932355	1.000000	25.092328
17.000000	41.000000	40.000000	621.000000	396.000000	24.000000	629.361586	408.543602	2.000000	25.659724
18.000000	1.000000	1.000000	621.000000	272.000000	14.000000	614.660208	278.880752	2.000000	1.191908
18.000000	2.000000	2.000000	625.000000	390.000000	24.000000	622.968144	391.642645	2.000000	1.904159
18.000000	3.000000	3.000000	490.000000	427.000000	23.000000	488.049626	431.310529	1.000000	2.567282
18.000000	4.000000	4.000000	593.000000	544.000000	34.000000	608.923594	546.326689	2.000000	3.070112
18.000000	5.000000	5.000000	248.000000	210.000000	1.000000	234.821964	205.715851	2.000000	3.767640
18.000000	6.000000	6.000000	207.000000	523.000000	31.000000	192.219219	518.299173	2.000000	4.608107
18.000000	7.000000	7.000000	207.000000	619.000000	41.000000	219.015966	626.336246	1.000000	5.062863
18.000000	8.000000	8.000000	252.000000	792.000000	51.000000	242.480453	812.232656	1.000000	5.704074
18.000000	9.000000	9.000000	350.000000	825.000000	52.000000	344.561479	830.720112	2.000000	6.238239
18.000000	10.000000	0.000000	350.000000	887.000000	62.000000	343.306185	917.464384	1.000000	6.726963
18.000000	11.000000	10.000000	348.000000	914.000000	62.000000	343.306185	917.464384	1.000000	7.502133
18.000000	12.000000	11.000000	329.000000	1025.000000	72.000000	326.008353	1025.261092	2.000000	8.255026
18.000000	13.000000	12.000000	227.000000	1061.000000	71.000000	226.621630	1065.760116	1.000000	8.879473
18.000000	14.000000	13.000000	518.000000	1005.000000	73.000000	507.064067	1006.952022	1.000000	9.678341
18.000000	15.000000	14.000000	602.000000	1024.000000	74.000000	606.089241	1034.219676	2.000000	10.143682
18.000000	16.000000	15.000000	624.000000	893.000000	64.000000	616.729235	904.795177	1.000000	10.783587
18.000000	17.000000	16.000000	625.000000	800.000000	54.000000	625.609737	799.763974	1.000000	11.191107
18.000000	18.000000	17.000000	768.000000	811.000000	55.000000	762.367987	814.042345	1.000000	11.783824
18.000000	19.000000	18.000000	854.000000	809.000000	56.000000	838.840985	808.710472	1.000000	12.158802
18.000000	20.000000	19.000000	858.000000	864.000000	66.000000	852.446694	881.736324	2.000000	12.646698
18.000000	21.000000	20.000000	846.000000	1002.000000	76.000000	846.394493	1004.532115	2.000000	13.231861
18.000000	22.000000	21.000000	1013.000000	905.000000	67.000000	1019.063060	909.280313	1.000000	13.838144
18.000000	23.000000	22.000000	1022.000000	998.000000	77.000000	1029.384750	1011.852429	1.000000	14.246936
18.000000	24.000000	23.000000	1276.000000	1077.000000	79.000000	1269.750857	1081.895780	2.000000	15.503509
18.000000	25.000000	24.000000	1406.000000	926.000000	70.000000	1402.517282	924.679927	1.000000	16.326691
18.000000	26.000000	25.000000	1162.000000	758.000000	58.000000	1149.949685	755.927043	2.000000	17.136296
18.000000	27.000000	26.000000	1117.000000	690.000000	48.000000	1113.178020	701.800962	2.000000	17.630670
18.000000	28.000000	27.000000	1022.000000	664.000000	47.000000	1018.397352	649.617085	2.000000	18.294563
18.000000	29.000000	28.000000	1219.000000	663.000000	49.000000	1218.644643	674.957843	1.000000	18.950221
18.000000	30.000000	29.000000	1277.000000	525.000000	39.000000	1269.329556	534.148004	2.000000	19.566356
18.000000	31.000000	30.000000	1422.000000	612.000000	50.000000	1421.863752	628.579964	1.000000	20.430372
18.000000	32.000000	31.000000	1275.000000	294.000000	19.000000	1261.407886	296.004072	1.000000	21.694353
18.000000	33.000000	32.000000	1118.000000	257.000000	18.000000	1117.411350	264.881925	1.000000	22.336073
18.000000	34.000000	33.000000	1155.000000	128.000000	8.000000	1149.820072	127.044948	1.000000	22.879661
18.000000	35.000000	34.000000	992.000000	130.000000	7.000000	996.608371	134.381102	1.000000	23.495750
18.000000	36.000000	35.000000	873.000000	119.000000	6.000000	880.762417	119.592324	2.000000	24.111764
18.000000	37.000000	36.000000	761.000000	264.000000	15.000000	759.161695	266.814685	2.000000	24.767501
18.000000	38.000000	37.000000	744.000000	418.000000	25.000000	737.300780	422.626260	2.000000	25.254843
18.000000	39.000000	38.000000	746.000000	520.000000	35.000000	743.368188	528.590184	1.000000	26.303006
18.000000	40.000000	39.000000	725.000000	656.000000	45.000000	718.096944	658.761416	2.000000	26.927921
18.000000	41.000000	40.000000	888.000000	683.000000	46.000000	884.511925	685.572516	2.000000	27.454228
19.000000	1.000000	1.000000	710.000000	173.000000	5.000000	709.981645	170.722814	2.000000	1.561798
19.000000	2.000000	2.000000	727.000000	255.000000	15.000000	716.107881	255.351640	1.000000	2.106644
19.000000	3.000000	0.000000	600.000000	187.000000	4.000000	617.074471	207.358406	1.000000	2.521407
19.000000	4.000000	3.000000	626.000000	188.000000	4.000000	617.074471	207.358406	1.000000	3.033216
19.000000	5.000000	4.000000	628.000000	279.000000	14.000000	623.432143	283.798716	1.000000	3.506497
19.000000	6.000000	5.000000	476.000000	136.000000	3.000000	470.389875	152.789627	2.000000	4.106603
19.000000	7.000000	6.000000	462.000000	368.000000	23.000000	467.746255	389.552678	1.000000	4.777842
19.000000	8.000000	7.000000	582.000000	404.000000	24.000000	576.863935	404.510261	2.000000	5.361554
19.000000	9.000000	8.000000	376.000000	419.000000	22.000000	367.837003	424.104391	2.000000	5.890193
19.000000	10.000000	9.000000	328.000000	528.000000	32.000000	324.783268	522.970348	2.000000	6.578600
19.000000	11.000000	10.000000	185.000000	423.000000	21.000000	185.812358	427.530886	1.000000	7.202352
19.000000	12.000000	11.000000	174.000000	556.000000	31.000000	178.857126	547.047509	2.000000	7.626631
19.000000	13.000000	12.000000	302.000000	873.000000	62.000000	308.702294	885.256942	1.000000	8.689007
19.000000	14.000000	13.000000	266.000000	929.000000	61.000000	250.869869	939.323468	2.000000	9.217631
19.000000	15.000000	14.000000	203.000000	1004.000000	71.000000	200.849947	1003.825439	1.000000	9.889459
19.000000	16.000000	15.000000	582.000000	529.000000	34.000000	583.439533	534.999592	1.000000	10.810180
19.000000	17.000000	16.000000	605.000000	650.000000	44.000000	607.434308	644.866257	1.000000	11.281167
19.000000	18.000000	17.000000	628.000000	838.000000	54.000000	625.741586	831.354366	2.000000	11.825660
19.000000	19.000000	18.000000	578.000000	875.000000	64.000000	582.433146	890.382615	1.000000	12.241621
19.000000	20.000000	19.000000	735.000000	751.000000	55.000000	738.930539	749.078392	2.000000	12.818905
19.000000	21.000000	20.000000	825.000000	735.000000	56.000000	828.480473	747.218850	1.000000	13.273196
19.000000	22.000000	21.000000	714.000000	930.000000	65.000000	730.029396	926.462083	1.000000	13.818196
19.000000	23.000000	22.000000	764.000000	1036.000000	75.000000	753.948681	1039.331530	1.000000	14.691005
19.000000	24.000000	23.000000	983.000000	915.000000	67.000000	983.412629	919.683565	2.000000	15.378156
19.000000	25.000000	24.000000	1391.000000	1027.000000	80.000000	1392.839823	1037.702010	2.000000	16.626903
19.000000	26.000000	25.000000	1353.000000	943.000000	70.000000	1354.298570	944.685313	2.000000	17.050537
19.000000	27.000000	26.000000	1414.000000	768.000000	60.000000	1406.982514	786.932450	1.000000	17.738085
19.000000	28.000000	27.000000	1246.000000	786.000000	59.000000	1243.991708	793.618848	1.000000	18.201822
19.000000	29.000000	28.000000	1124.000000	785.000000	58.000000	1145.787992	792.205499	1.000000	18.561449
19.000000	30.000000	29.000000	1117.000000	701.000000	48.000000	1107.062246	698.923270	2.000000	19.137870
19.000000	31.000000	30.000000	1279.000000	697.000000	49.000000	1274.044277	687.599486	2.000000	19.577121
19.000000	32.000000	31.000000	1140.000000	508.000000	38.000000	1128.999479	516.190271	2.000000	20.394848
19.000000	33.000000	32.000000	837.000000	545.000000	36.000000	835.019447	558.766341	2.000000	21.145581
19.000000	34.000000	33.000000	1032.000000	392.000000	27.000000	1029.125530	388.236145	1.000000	21.761880
19.000000	35.000000	34.000000	1216.000000	391.000000	29.000000	1222.207353	402.542245	1.000000	22.305905
19.000000	36.000000	35.000000	1224.000000	308.000000	19.000000	1220.263470	300.869859	2.000000	22.841496
19.000000	37.000000	36.000000	1148.000000	267.000000	18.000000	1137.932265	269.349802	2.000000	23.473105
19.000000	38.000000	37.000000	1404.000000	160.000000	10.000000	1393.342409	162.566987	1.000000	24.304809
19.000000	39.000000	38.000000	964.000000	115.000000	7.000000	969.452315	121.434673	2.000000	25.113585
19.000000	40.000000	39.000000	1015.000000	245.000000	17.000000	1016.169410	247.094737	1.000000	25.705834
19.000000	41.000000	40.000000	908.000000	266.000000	16.000000	897.341040	276.482010	2.000000	26.321187
20.000000	1.000000	1.000000	634.000000	145.000000	4.000000	638.218933	149.671716	1.000000	1.017800
20.000000	2.000000	2.000000	624.000000	252.000000	14.000000	625.960215	254.776520	2.000000	1.546268
20.000000	3.000000	3.000000	328.000000	125.000000	2.000000	327.218098	138.006744	2.000000	2.186027
20.000000	4.000000	4.000000	365.000000	245.000000	12.000000	361.000722	260.960013	2.000000	2.640390
20.000000	5.000000	5.000000	469.000000	328.000000	13.000000	468.264178	316.828905	1.000000	3.136403
20.000000	6.000000	6.000000	244.000000	444.000000	21.000000	243.468060	449.766997	1.000000	3.792460
20.000000	7.000000	7.000000	241.000000	508.000000	31.000000	241.776064	506.108401	2.000000	4.168615
20.000000	8.000000	8.000000	326.000000	507.000000	32.000000	310.441898	510.207808	2.000000	4.593007
20.000000	9.000000	9.000000	318.000000	667.000000	42.000000	309.249735	666.486086	1.000000	5.289556
20.000000	10.000000	10.000000	231.000000	677.000000	41.000000	235.804080	685.255387	2.000000	5.713462
20.000000	11.000000	11.000000	189.000000	789.000000	51.000000	184.533861	798.178636	1.000000	6.344238
20.000000	12.000000	12.000000	370.000000	866.000000	62.000000	375.031169	879.385776	2.000000	7.240925
20.000000	13.000000	13.000000	498.000000	763.000000	53.000000	484.536570	767.062726	2.000000	7.793075
20.000000	14.000000	14.000000	498.000000	938.000000	63.000000	484.451776	955.882661	1.000000	8.617887
20.000000	15.000000	15.000000	609.000000	1010.000000	74.000000	608.843998	1008.993674	1.000000	9.256392
20.000000	16.000000	16.000000	586.000000	783.000000	54.000000	576.707295	793.433780	1.000000	10.040977
20.000000	17.000000	17.000000	706.000000	931.000000	65.000000	699.903685	923.644741	2.000000	10.650290
20.000000	18.000000	18.000000	704.000000	1036.000000	75.000000	701.091828	1025.365334	2.000000	11.049417
20.000000	19.000000	19.000000	737.000000	795.000000	55.000000	738.327011	796.626860	1.000000	11.634425
20.000000	20.000000	20.000000	875.000000	1034.000000	76.000000	865.621195	1043.110035	2.000000	12.609212
20.000000	21.000000	21.000000	1149.000000	1026.000000	78.000000	1157.041359	1032.941697	2.000000	13.328488
20.000000	22.000000	22.000000	1225.000000	1020.000000	79.000000	1221.678110	1022.375724	2.000000	13.857151
20.000000	23.000000	23.000000	985.000000	802.000000	57.000000	982.136703	819.183928	2.000000	14.673800
20.000000	24.000000	24.000000	888.000000	729.000000	56.000000	886.869775	745.391810	2.000000	15.386373
20.000000	25.000000	25.000000	1103.000000	737.000000	58.000000	1105.460921	745.953372	2.000000	16.154419
20.000000	26.000000	26.000000	1136.000000	574.000000	38.000000	1131.077626	564.252443	1.000000	17.538407
20.000000	27.000000	27.000000	1004.000000	523.000000	37.000000	998.884532	526.730797	1.000000	17.992735
20.000000	28.000000	28.000000	852.000000	443.000000	26.000000	858.304882	446.598898	1.000000	18.450488
20.000000	29.000000	29.000000	834.000000	525.000000	36.000000	829.417915	545.964792	1.000000	18.944935
20.000000	30.000000	30.000000	723.000000	448.000000	25.000000	721.748468	452.339063	1.000000	19.441790
20.000000	31.000000	31.000000	1381.000000	529.000000	40.000000	1383.182087	539.165786	1.000000	20.504788
20.000000	32.000000	32.000000	1422.000000	427.000000	30.000000	1406.087719	425.263032	1.000000	21.009076
20.000000	33.000000	33.000000	1277.000000	269.000000	19.000000	1274.079442	277.429239	2.000000	21.536473
20.000000	34.000000	34.000000	1418.000000	241.000000	20.000000	1404.133432	252.848204	1.000000	22.138297
20.000000	35.000000	35.000000	1266.000000	185.000000	9.000000	1269.426318	187.452464	1.000000	22.952681
20.000000	36.000000	36.000000	1155.000000	134.000000	8.000000	1152.659360	140.178031	2.000000	23.777210
20.000000	37.000000	37.000000	1028.000000	310.000000	17.000000	1021.951330	311.570084	1.000000	24.441146
20.000000	38.000000	38.000000	984.000000	117.000000	7.000000	971.805905	122.194365	2.000000	25.098066
20.000000	39.000000	39.000000	850.000000	135.000000	6.000000	845.510385	133.301333	1.000000	25.721067
20.000000	40.000000	40.000000	765.000000	188.000000	5.000000	754.639171	197.062837	2.000000	26.337363
21.000000	1.000000	1.000000	461.000000	196.000000	3.000000	455.257587	193.111220	2.000000	3.161712
21.000000	2.000000	2.000000	512.000000	316.000000	13.000000	504.233272	311.661246	1.000000	3.874520
21.000000	3.000000	3.000000	241.000000	379.000000	21.000000	241.423050	377.244626	1.000000	4.922007
21.000000	4.000000	4.000000	373.000000	426.000000	22.000000	374.284162	433.224167	2.000000	5.625407
21.000000	5.000000	5.000000	253.000000	542.000000	31.000000	246.833111	540.024374	1.000000	6.441584
21.000000	6.000000	6.000000	313.000000	664.000000	42.000000	328.952076	672.462449	2.000000	7.072755
21.000000	7.000000	7.000000	503.000000	659.000000	43.000000	499.240098	649.197253	1.000000	7.840577
21.000000	8.000000	8.000000	503.000000	789.000000	53.000000	499.882219	783.169834	2.000000	8.393616
21.000000	9.000000	9.000000	480.000000	902.000000	63.000000	469.474272	897.174183	1.000000	9.120468
21.000000	10.000000	10.000000	363.000000	910.000000	62.000000	357.170070	912.126380	1.000000	9.704466
21.000000	11.000000	11.000000	319.000000	1028.000000	72.000000	308.762217	1021.490922	1.000000	10.417772
21.000000	12.000000	12.000000	185.000000	1081.000000	71.000000	186.819991	1075.809666	1.000000	11.193022
21.000000	13.000000	13.000000	470.000000	1070.000000	73.000000	468.691597	1060.048882	2.000000	11.873558
21.000000	14.000000	14.000000	637.000000	1063.000000	74.000000	633.511163	1052.395395	2.000000	12.464811
21.000000	15.000000	15.000000	719.000000	1060.000000	75.000000	717.179268	1053.621901	1.000000	12.977155
21.000000	16.000000	16.000000	881.000000	1057.000000	76.000000	883.511029	1058.490686	1.000000	13.754501
21.000000	17.000000	17.000000	633.000000	902.000000	64.000000	626.621841	898.135409	2.000000	14.370288
21.000000	18.000000	18.000000	618.000000	802.000000	54.000000	615.779558	804.000202	2.000000	14.920727
21.000000	19.000000	19.000000	841.000000	815.000000	56.000000	842.561543	813.197754	2.000000	15.570504
21.000000	20.000000	20.000000	624.000000	661.000000	44.000000	620.650625	662.881054	2.000000	16.608639
21.000000	21.000000	21.000000	586.000000	552.000000	34.000000	584.841720	553.487649	2.000000	17.161289
21.000000	22.000000	22.000000	593.000000	408.000000	24.000000	589.728573	405.909866	2.000000	17.985900
21.000000	23.000000	23.000000	710.000000	217.000000	5.000000	697.594514	204.692488	2.000000	18.728492
21.000000	24.000000	24.000000	779.000000	266.000000	15.000000	772.011941	264.945485	1.000000	19.370274
21.000000	25.000000	25.000000	874.000000	276.000000	16.000000	868.204100	272.994071	1.000000	20.009182
21.000000	26.000000	26.000000	858.000000	383.000000	26.000000	853.217729	378.649677	1.000000	20.938353
21.000000	27.000000	27.000000	853.000000	532.000000	36.000000	855.127568	528.862492	1.000000	21.706087
21.000000	28.000000	28.000000	995.000000	460.000000	27.000000	986.705267	443.794643	2.000000	22.377475
21.000000	29.000000	29.000000	1153.000000	554.000000	38.000000	1149.450989	548.843096	1.000000	22.962450
21.000000	30.000000	30.000000	1250.000000	623.000000	49.000000	1247.104701	624.883876	1.000000	23.513789
21.000000	31.000000	31.000000	1120.000000	767.000000	58.000000	1113.980391	767.021191	2.000000	24.232993
21.000000	32.000000	32.000000	1293.000000	769.000000	59.000000	1288.149458	767.970171	2.000000	24.696920
21.000000	33.000000	33.000000	1351.000000	921.000000	70.000000	1349.460936	927.631965	2.000000	25.313580
21.000000	34.000000	34.000000	1238.000000	1021.000000	79.000000	1231.165647	1016.839678	1.000000	25.946533
21.000000	35.000000	35.000000	1419.000000	1062.000000	80.000000	1410.112616	1056.976972	1.000000	26.585106
21.000000	36.000000	36.000000	1420.000000	385.000000	30.000000	1421.517528	379.721798	1.000000	27.825674
21.000000	37.000000	37.000000	1416.000000	302.000000	20.000000	1414.983174	299.697383	2.000000	28.410091
21.000000	38.000000	38.000000	1417.000000	191.000000	10.000000	1413.388195	191.439860	2.000000	28.994069
21.000000	39.000000	39.000000	1236.000000	251.000000	19.000000	1231.479458	252.280953	2.000000	29.650642
21.000000	40.000000	40.000000	1092.000000	203.000000	8.000000	1097.193376	206.340632	1.000000	30.336720
