MultiTargForag_2	Participant_Code = 63
Search_Type = 1	CB_Targets = 1
Trial	Click_Num	Target_Click_Order	Click_X	Click_y	Item_selected	Item_X	Item_Y	Target_Set	RT
1.000000	1.000000	1.000000	766.000000	754.000000	66.000000	755.707301	763.906451	2.000000	4.790573
1.000000	2.000000	2.000000	671.000000	675.000000	55.000000	662.939840	686.955443	1.000000	5.245788
1.000000	3.000000	3.000000	637.000000	553.000000	45.000000	638.189733	560.958349	3.000000	7.412405
2.000000	1.000000	1.000000	650.000000	806.000000	65.000000	643.943237	806.130217	1.000000	1.655995
2.000000	2.000000	2.000000	552.000000	803.000000	64.000000	539.411573	808.064272	1.000000	2.048418
2.000000	3.000000	3.000000	558.000000	696.000000	54.000000	560.964621	706.597574	2.000000	2.448708
2.000000	4.000000	4.000000	419.000000	674.000000	53.000000	410.845737	694.158215	2.000000	2.903993
2.000000	5.000000	0.000000	323.000000	763.000000	62.000000	301.358059	785.551228	2.000000	3.663760
2.000000	6.000000	5.000000	314.000000	779.000000	62.000000	301.358059	785.551228	2.000000	4.208924
2.000000	7.000000	6.000000	169.000000	679.000000	51.000000	178.617082	685.204445	2.000000	5.168643
2.000000	8.000000	7.000000	200.000000	355.000000	21.000000	195.527374	366.036321	1.000000	6.463648
2.000000	9.000000	8.000000	313.000000	282.000000	12.000000	294.777973	278.998509	1.000000	6.920346
2.000000	10.000000	9.000000	447.000000	368.000000	23.000000	446.050791	369.656603	1.000000	7.670990
2.000000	11.000000	10.000000	535.000000	398.000000	24.000000	542.897140	401.164191	1.000000	8.319449
2.000000	12.000000	11.000000	315.000000	591.000000	42.000000	316.502073	598.907802	1.000000	9.144677
2.000000	13.000000	12.000000	522.000000	579.000000	44.000000	510.234939	583.292723	4.000000	10.783235
3.000000	1.000000	1.000000	750.000000	582.000000	46.000000	752.331295	570.089249	3.000000	1.817840
4.000000	1.000000	0.000000	734.000000	591.000000	46.000000	736.531644	559.526022	4.000000	0.648500
4.000000	2.000000	1.000000	738.000000	573.000000	46.000000	736.531644	559.526022	4.000000	1.040394
5.000000	1.000000	0.000000	806.000000	660.000000	57.000000	866.888194	684.147370	4.000000	0.368097
5.000000	2.000000	1.000000	874.000000	673.000000	57.000000	866.888194	684.147370	4.000000	1.007406
6.000000	1.000000	0.000000	1035.000000	403.000000	29.000000	1090.314733	346.588104	4.000000	0.681700
6.000000	2.000000	1.000000	1100.000000	439.000000	39.000000	1105.841535	454.384652	3.000000	1.088940
7.000000	1.000000	1.000000	840.000000	328.000000	27.000000	842.140919	343.231468	4.000000	0.777990
8.000000	1.000000	1.000000	730.000000	482.000000	36.000000	733.699204	498.780760	4.000000	1.083856
9.000000	1.000000	1.000000	788.000000	283.000000	16.000000	778.572549	260.385409	4.000000	0.728762
10.000000	1.000000	0.000000	595.000000	323.000000	25.000000	628.819309	366.677265	3.000000	1.667289
10.000000	2.000000	0.000000	595.000000	323.000000	25.000000	628.819309	366.677265	3.000000	2.586541
10.000000	3.000000	0.000000	595.000000	323.000000	25.000000	628.819309	366.677265	3.000000	3.306356
10.000000	4.000000	0.000000	590.000000	324.000000	25.000000	628.819309	366.677265	3.000000	3.763893
10.000000	5.000000	0.000000	586.000000	326.000000	24.000000	560.063038	378.186331	2.000000	4.203662
10.000000	6.000000	1.000000	565.000000	367.000000	24.000000	560.063038	378.186331	2.000000	4.794197
10.000000	7.000000	2.000000	394.000000	256.000000	13.000000	400.471283	277.186845	1.000000	5.579341
10.000000	8.000000	3.000000	188.000000	235.000000	11.000000	189.611753	233.973005	1.000000	6.426709
10.000000	9.000000	4.000000	218.000000	177.000000	1.000000	222.226633	177.769995	1.000000	6.818622
10.000000	10.000000	5.000000	942.000000	119.000000	8.000000	953.865052	117.658535	1.000000	8.018060
10.000000	11.000000	6.000000	884.000000	146.000000	7.000000	867.905937	137.925511	2.000000	8.529947
10.000000	12.000000	7.000000	890.000000	225.000000	17.000000	889.964763	244.933464	2.000000	8.874794
10.000000	13.000000	8.000000	636.000000	168.000000	5.000000	629.974416	172.177336	2.000000	9.683535
10.000000	14.000000	9.000000	746.000000	329.000000	26.000000	755.340098	341.708912	2.000000	10.611719
10.000000	15.000000	10.000000	1078.000000	180.000000	9.000000	1083.590753	187.043279	1.000000	11.890432
10.000000	16.000000	11.000000	1176.000000	135.000000	10.000000	1174.778394	123.490688	1.000000	12.394226
10.000000	17.000000	12.000000	974.000000	374.000000	28.000000	958.829915	381.207545	1.000000	13.323462
10.000000	18.000000	0.000000	995.000000	453.000000	38.000000	988.177487	479.152562	1.000000	13.722515
10.000000	19.000000	13.000000	987.000000	464.000000	38.000000	988.177487	479.152562	1.000000	14.235311
10.000000	20.000000	14.000000	760.000000	477.000000	36.000000	781.125016	476.787084	1.000000	15.298630
10.000000	21.000000	15.000000	763.000000	561.000000	46.000000	755.159784	548.445020	1.000000	15.778843
10.000000	22.000000	0.000000	902.000000	562.000000	47.000000	872.749832	565.437768	1.000000	16.234335
10.000000	23.000000	16.000000	870.000000	562.000000	47.000000	872.749832	565.437768	1.000000	16.594701
10.000000	24.000000	17.000000	762.000000	279.000000	16.000000	751.527347	283.973405	1.000000	17.394844
10.000000	25.000000	18.000000	549.000000	581.000000	44.000000	545.971514	598.387342	2.000000	18.835667
10.000000	26.000000	19.000000	419.000000	471.000000	33.000000	411.487570	486.648639	2.000000	19.340233
10.000000	27.000000	20.000000	327.000000	500.000000	32.000000	315.618665	499.235813	2.000000	19.954153
10.000000	28.000000	21.000000	321.000000	583.000000	42.000000	320.005117	589.375867	2.000000	20.426833
10.000000	29.000000	22.000000	210.000000	569.000000	41.000000	229.776219	563.176653	2.000000	20.866040
10.000000	30.000000	23.000000	860.000000	443.000000	37.000000	872.572505	439.878996	2.000000	22.122223
10.000000	31.000000	24.000000	1112.000000	443.000000	39.000000	1096.630989	444.400050	2.000000	23.363821
10.000000	32.000000	25.000000	1192.000000	378.000000	30.000000	1196.526509	372.679004	2.000000	24.002147
10.000000	33.000000	26.000000	1101.000000	599.000000	49.000000	1080.993662	597.699558	2.000000	24.690763
10.000000	34.000000	27.000000	1079.000000	684.000000	59.000000	1069.829936	705.463352	2.000000	25.171359
10.000000	35.000000	28.000000	1112.000000	805.000000	69.000000	1100.282565	821.374230	2.000000	25.787690
10.000000	36.000000	29.000000	1201.000000	557.000000	50.000000	1204.544315	551.662952	1.000000	26.707999
10.000000	37.000000	30.000000	972.000000	760.000000	68.000000	970.019612	773.734018	1.000000	27.450671
10.000000	38.000000	31.000000	772.000000	801.000000	66.000000	766.980677	802.624224	1.000000	28.699198
10.000000	39.000000	32.000000	505.000000	917.000000	74.000000	511.467938	927.756573	1.000000	29.515758
10.000000	40.000000	33.000000	453.000000	919.000000	73.000000	451.231875	930.221423	1.000000	29.994269
10.000000	41.000000	34.000000	304.000000	884.000000	72.000000	318.259590	896.035724	2.000000	30.588056
10.000000	42.000000	35.000000	224.000000	795.000000	61.000000	211.735171	792.041770	2.000000	31.700107
10.000000	43.000000	36.000000	236.000000	712.000000	51.000000	230.041070	705.453663	1.000000	32.235964
10.000000	44.000000	37.000000	508.000000	670.000000	54.000000	516.533212	667.837269	1.000000	33.148177
10.000000	45.000000	38.000000	435.000000	565.000000	43.000000	425.815382	550.267566	1.000000	33.835327
10.000000	46.000000	0.000000	761.000000	877.000000	76.000000	737.500876	885.743023	2.000000	35.187952
10.000000	47.000000	39.000000	756.000000	880.000000	76.000000	737.500876	885.743023	2.000000	35.617990
10.000000	48.000000	40.000000	982.000000	870.000000	78.000000	986.128455	870.165622	2.000000	36.475999
1.000000	1.000000	1.000000	660.000000	924.000000	75.000000	652.628655	927.279397	1.000000	6.693782
1.000000	2.000000	2.000000	531.000000	921.000000	74.000000	548.446092	909.286221	1.000000	7.110251
1.000000	3.000000	3.000000	766.000000	924.000000	76.000000	757.193057	930.410804	2.000000	7.637303
1.000000	4.000000	4.000000	638.000000	820.000000	65.000000	623.953537	816.428363	2.000000	8.245742
1.000000	5.000000	5.000000	538.000000	762.000000	64.000000	541.776584	757.153019	2.000000	9.181214
1.000000	6.000000	0.000000	474.000000	710.000000	53.000000	451.429614	696.980143	2.000000	9.620058
1.000000	7.000000	6.000000	447.000000	772.000000	63.000000	435.884139	779.493183	2.000000	9.996193
1.000000	8.000000	7.000000	457.000000	693.000000	53.000000	451.429614	696.980143	2.000000	10.501471
1.000000	9.000000	8.000000	1000.000000	911.000000	78.000000	986.054127	918.808544	1.000000	11.907839
1.000000	10.000000	9.000000	1005.000000	767.000000	68.000000	987.821311	772.042857	1.000000	12.397078
1.000000	11.000000	10.000000	1219.000000	897.000000	80.000000	1209.511957	919.661185	2.000000	13.716869
1.000000	12.000000	11.000000	1202.000000	662.000000	60.000000	1193.551772	667.879688	1.000000	14.604673
1.000000	13.000000	12.000000	1173.000000	604.000000	50.000000	1185.312829	598.442518	2.000000	14.947957
1.000000	14.000000	13.000000	1208.000000	468.000000	40.000000	1191.380215	469.312733	2.000000	15.637728
1.000000	15.000000	14.000000	895.000000	295.000000	17.000000	892.030029	288.820598	2.000000	17.094044
1.000000	16.000000	15.000000	877.000000	443.000000	37.000000	876.627339	440.454665	2.000000	17.654128
1.000000	17.000000	0.000000	879.000000	518.000000	47.000000	875.600997	551.086610	2.000000	18.036186
1.000000	18.000000	16.000000	877.000000	535.000000	47.000000	875.600997	551.086610	2.000000	18.324330
1.000000	19.000000	17.000000	768.000000	428.000000	36.000000	764.904884	444.124542	2.000000	18.932580
1.000000	20.000000	18.000000	439.000000	437.000000	33.000000	444.540889	437.695192	2.000000	20.501713
1.000000	21.000000	19.000000	417.000000	413.000000	23.000000	405.752416	401.032042	2.000000	20.812354
1.000000	22.000000	20.000000	313.000000	440.000000	32.000000	317.572536	444.596189	2.000000	21.188113
1.000000	23.000000	0.000000	208.000000	222.000000	11.000000	182.157904	229.853935	2.000000	22.581342
1.000000	24.000000	21.000000	188.000000	223.000000	11.000000	182.157904	229.853935	2.000000	23.037633
1.000000	25.000000	22.000000	192.000000	171.000000	1.000000	184.042797	164.305629	2.000000	23.484553
1.000000	26.000000	23.000000	552.000000	241.000000	14.000000	554.979239	232.223700	2.000000	24.957283
1.000000	27.000000	24.000000	547.000000	327.000000	24.000000	548.889239	330.224887	2.000000	25.332691
1.000000	28.000000	25.000000	675.000000	373.000000	25.000000	660.922384	374.613550	1.000000	25.853377
1.000000	29.000000	26.000000	773.000000	237.000000	16.000000	762.427965	243.708181	1.000000	26.557385
1.000000	30.000000	27.000000	640.000000	601.000000	45.000000	634.104456	597.835468	1.000000	27.445306
1.000000	31.000000	28.000000	441.000000	610.000000	43.000000	440.378098	609.556797	1.000000	28.244264
1.000000	32.000000	29.000000	318.000000	596.000000	42.000000	309.296372	584.178960	1.000000	28.709924
1.000000	33.000000	30.000000	215.000000	464.000000	31.000000	213.947928	483.544561	1.000000	29.181231
1.000000	34.000000	31.000000	302.000000	276.000000	12.000000	307.082348	289.464519	1.000000	30.021408
1.000000	35.000000	32.000000	438.000000	131.000000	3.000000	434.118219	148.451426	1.000000	30.837099
1.000000	36.000000	33.000000	744.000000	121.000000	6.000000	735.052736	121.276259	2.000000	31.725066
1.000000	37.000000	34.000000	979.000000	342.000000	28.000000	973.132984	350.681804	1.000000	32.548688
1.000000	38.000000	35.000000	1110.000000	230.000000	19.000000	1096.077718	236.782791	1.000000	33.220464
1.000000	39.000000	36.000000	1101.000000	190.000000	9.000000	1097.058900	181.784636	1.000000	33.603907
1.000000	40.000000	37.000000	1056.000000	457.000000	39.000000	1058.168066	456.266084	1.000000	34.380284
1.000000	41.000000	38.000000	298.000000	811.000000	62.000000	297.065326	817.110185	1.000000	35.596033
1.000000	42.000000	39.000000	220.000000	794.000000	61.000000	209.671205	773.573669	1.000000	35.988731
1.000000	43.000000	40.000000	219.000000	907.000000	71.000000	223.119301	928.081357	1.000000	36.525984
2.000000	1.000000	1.000000	662.000000	688.000000	55.000000	665.878138	678.604198	2.000000	0.989847
2.000000	2.000000	2.000000	567.000000	687.000000	54.000000	545.142649	680.371837	2.000000	1.382299
2.000000	3.000000	3.000000	432.000000	661.000000	53.000000	424.041080	654.744428	1.000000	1.877209
2.000000	4.000000	4.000000	415.000000	561.000000	43.000000	400.883214	549.176721	1.000000	2.260742
2.000000	5.000000	0.000000	340.000000	561.000000	42.000000	308.000054	556.528397	1.000000	2.685260
2.000000	6.000000	5.000000	302.000000	550.000000	42.000000	308.000054	556.528397	1.000000	3.325954
2.000000	7.000000	6.000000	303.000000	475.000000	32.000000	290.729952	480.745640	1.000000	3.926842
2.000000	8.000000	7.000000	439.000000	372.000000	23.000000	447.007717	370.178753	2.000000	4.461845
2.000000	9.000000	8.000000	550.000000	473.000000	34.000000	557.394640	470.614957	2.000000	4.958290
2.000000	10.000000	9.000000	645.000000	454.000000	35.000000	654.103373	447.875115	2.000000	5.374278
2.000000	11.000000	10.000000	512.000000	382.000000	24.000000	523.846147	381.057822	1.000000	5.790126
2.000000	12.000000	11.000000	727.000000	341.000000	26.000000	736.835160	331.335223	1.000000	6.502705
2.000000	13.000000	12.000000	689.000000	274.000000	15.000000	672.026985	269.839061	2.000000	7.390084
2.000000	14.000000	13.000000	768.000000	275.000000	16.000000	746.826499	268.666560	2.000000	7.732585
2.000000	15.000000	14.000000	768.000000	136.000000	6.000000	767.532077	122.035945	2.000000	8.388847
2.000000	16.000000	15.000000	353.000000	267.000000	12.000000	340.459114	262.861001	2.000000	9.228780
2.000000	17.000000	16.000000	313.000000	127.000000	2.000000	304.044853	132.687436	2.000000	9.709290
2.000000	18.000000	17.000000	207.000000	237.000000	11.000000	209.039401	235.995658	1.000000	10.205672
2.000000	19.000000	18.000000	209.000000	162.000000	1.000000	189.862000	162.224354	1.000000	10.621652
2.000000	20.000000	19.000000	880.000000	175.000000	7.000000	876.889886	167.050325	1.000000	11.718003
2.000000	21.000000	20.000000	993.000000	139.000000	8.000000	1001.141963	142.563886	2.000000	12.406707
2.000000	22.000000	21.000000	1211.000000	181.000000	10.000000	1199.523133	179.839714	1.000000	13.206749
2.000000	23.000000	22.000000	1177.000000	242.000000	20.000000	1175.885712	248.773580	1.000000	13.662741
2.000000	24.000000	23.000000	964.000000	331.000000	28.000000	947.847390	332.152835	1.000000	14.382208
2.000000	25.000000	24.000000	860.000000	374.000000	27.000000	857.090793	385.120242	1.000000	14.956943
2.000000	26.000000	25.000000	972.000000	444.000000	38.000000	972.903833	447.794324	1.000000	15.613155
2.000000	27.000000	26.000000	969.000000	573.000000	48.000000	975.353405	570.690393	2.000000	16.149663
2.000000	28.000000	27.000000	993.000000	689.000000	58.000000	996.829578	700.805424	2.000000	16.989500
2.000000	29.000000	28.000000	1204.000000	578.000000	50.000000	1199.923974	575.050109	2.000000	17.997907
2.000000	30.000000	29.000000	1231.000000	444.000000	40.000000	1220.041553	438.408832	2.000000	18.590780
2.000000	31.000000	30.000000	1211.000000	698.000000	60.000000	1212.358906	705.833323	1.000000	19.262423
2.000000	32.000000	31.000000	1108.000000	623.000000	49.000000	1093.496929	612.955935	1.000000	19.974853
2.000000	33.000000	32.000000	872.000000	604.000000	47.000000	874.788174	598.905217	1.000000	20.732534
2.000000	34.000000	33.000000	795.000000	777.000000	66.000000	780.321152	773.272137	2.000000	21.700751
2.000000	35.000000	34.000000	887.000000	829.000000	67.000000	888.502026	825.401080	2.000000	22.333864
2.000000	36.000000	35.000000	983.000000	802.000000	68.000000	988.342657	795.263813	2.000000	22.989805
2.000000	37.000000	36.000000	547.000000	851.000000	74.000000	539.529730	861.352170	1.000000	23.894616
2.000000	38.000000	37.000000	423.000000	879.000000	73.000000	416.602390	877.097983	1.000000	24.397936
2.000000	39.000000	38.000000	510.000000	812.000000	64.000000	512.293324	812.653964	2.000000	25.093315
2.000000	40.000000	39.000000	188.000000	710.000000	51.000000	179.163666	696.496667	1.000000	26.620695
2.000000	41.000000	40.000000	212.000000	341.000000	21.000000	210.070980	331.575908	2.000000	28.181484
3.000000	1.000000	1.000000	635.000000	765.000000	65.000000	630.869005	760.242244	1.000000	2.654001
3.000000	2.000000	2.000000	651.000000	512.000000	35.000000	645.733560	504.061216	2.000000	4.044547
3.000000	3.000000	3.000000	842.000000	500.000000	37.000000	846.829864	497.479189	2.000000	5.669445
3.000000	4.000000	4.000000	988.000000	509.000000	38.000000	970.373350	505.420199	2.000000	6.532139
3.000000	5.000000	5.000000	997.000000	379.000000	28.000000	981.304524	375.740621	2.000000	7.469756
3.000000	6.000000	6.000000	966.000000	265.000000	18.000000	956.287076	261.181526	2.000000	7.940498
3.000000	7.000000	7.000000	859.000000	148.000000	7.000000	839.755928	141.585790	1.000000	8.837641
3.000000	8.000000	8.000000	880.000000	281.000000	17.000000	870.237956	286.876487	1.000000	9.301984
3.000000	9.000000	9.000000	777.000000	298.000000	16.000000	760.756503	288.010494	1.000000	10.020218
3.000000	10.000000	10.000000	627.000000	248.000000	15.000000	635.774905	241.732708	1.000000	11.388283
3.000000	11.000000	11.000000	656.000000	129.000000	5.000000	662.037835	133.182883	1.000000	11.787964
3.000000	12.000000	12.000000	744.000000	132.000000	6.000000	742.244639	131.855407	1.000000	12.125273
3.000000	13.000000	13.000000	417.000000	229.000000	13.000000	411.371739	233.158687	1.000000	13.316357
3.000000	14.000000	0.000000	547.000000	267.000000	14.000000	511.597451	261.310573	1.000000	13.678062
3.000000	15.000000	14.000000	498.000000	260.000000	14.000000	511.597451	261.310573	1.000000	14.164910
3.000000	16.000000	15.000000	506.000000	375.000000	24.000000	508.453282	377.901202	2.000000	14.741807
3.000000	17.000000	16.000000	420.000000	461.000000	33.000000	405.775798	460.544273	2.000000	15.382051
3.000000	18.000000	17.000000	417.000000	342.000000	23.000000	406.964208	336.189748	1.000000	15.876146
3.000000	19.000000	18.000000	186.000000	358.000000	21.000000	187.607723	354.200432	1.000000	16.539760
3.000000	20.000000	19.000000	191.000000	484.000000	31.000000	196.844732	496.370099	1.000000	17.196754
3.000000	21.000000	0.000000	325.000000	487.000000	32.000000	299.398085	484.395228	2.000000	17.700430
3.000000	22.000000	20.000000	299.000000	473.000000	32.000000	299.398085	484.395228	2.000000	18.340231
3.000000	23.000000	21.000000	196.000000	588.000000	41.000000	200.162075	582.172853	2.000000	19.421207
3.000000	24.000000	22.000000	185.000000	696.000000	51.000000	183.596637	698.826520	2.000000	20.213753
3.000000	25.000000	23.000000	312.000000	687.000000	52.000000	307.727205	683.791694	2.000000	20.740718
3.000000	26.000000	24.000000	226.000000	886.000000	71.000000	218.592121	883.070486	2.000000	23.030047
3.000000	27.000000	25.000000	522.000000	583.000000	44.000000	521.574880	586.407647	1.000000	23.884038
3.000000	28.000000	26.000000	529.000000	897.000000	74.000000	526.586065	904.123272	1.000000	24.797223
3.000000	29.000000	27.000000	879.000000	928.000000	77.000000	883.237863	930.799579	1.000000	26.188966
3.000000	30.000000	28.000000	889.000000	793.000000	67.000000	873.988358	795.884861	1.000000	26.621970
3.000000	31.000000	29.000000	855.000000	664.000000	57.000000	857.498023	666.675022	2.000000	31.043919
3.000000	32.000000	30.000000	961.000000	595.000000	48.000000	962.375235	605.715600	2.000000	31.717344
3.000000	33.000000	31.000000	1108.000000	683.000000	59.000000	1111.221176	671.298780	2.000000	32.509380
3.000000	34.000000	32.000000	1194.000000	568.000000	50.000000	1182.298316	577.952001	2.000000	33.180944
3.000000	35.000000	33.000000	1202.000000	881.000000	80.000000	1195.869151	863.664219	2.000000	33.909994
3.000000	36.000000	34.000000	1204.000000	775.000000	70.000000	1203.358076	758.547687	1.000000	34.388774
3.000000	37.000000	0.000000	1191.000000	701.000000	60.000000	1182.415264	674.882183	1.000000	34.796189
3.000000	38.000000	35.000000	1182.000000	693.000000	60.000000	1182.415264	674.882183	1.000000	35.390004
3.000000	39.000000	36.000000	1078.000000	931.000000	79.000000	1080.813637	925.756348	1.000000	36.188731
3.000000	40.000000	37.000000	976.000000	887.000000	78.000000	986.236452	888.000435	1.000000	36.604767
3.000000	41.000000	38.000000	1167.000000	332.000000	30.000000	1173.431634	334.754761	2.000000	37.853730
3.000000	42.000000	39.000000	1237.000000	263.000000	20.000000	1218.081534	274.145424	2.000000	38.301291
3.000000	43.000000	40.000000	1110.000000	180.000000	9.000000	1095.144163	181.848384	2.000000	38.892681
4.000000	1.000000	1.000000	777.000000	595.000000	46.000000	766.393297	585.365438	2.000000	3.121313
4.000000	2.000000	2.000000	657.000000	594.000000	45.000000	647.914364	596.563582	2.000000	3.601491
4.000000	3.000000	3.000000	545.000000	555.000000	44.000000	554.642109	554.619892	1.000000	4.016191
4.000000	4.000000	4.000000	548.000000	451.000000	34.000000	555.812521	439.199818	1.000000	4.489179
4.000000	5.000000	5.000000	451.000000	375.000000	23.000000	444.036353	383.836707	1.000000	4.976561
4.000000	6.000000	6.000000	228.000000	447.000000	31.000000	224.408747	455.698508	1.000000	5.927801
4.000000	7.000000	7.000000	200.000000	335.000000	21.000000	199.793657	351.031831	1.000000	6.305583
4.000000	8.000000	8.000000	183.000000	299.000000	11.000000	184.165999	290.616224	1.000000	6.655822
4.000000	9.000000	9.000000	316.000000	332.000000	22.000000	309.343685	331.226162	1.000000	7.104714
4.000000	10.000000	10.000000	325.000000	226.000000	12.000000	329.495394	227.363802	2.000000	7.520015
4.000000	11.000000	11.000000	498.000000	118.000000	4.000000	508.155170	117.993678	2.000000	8.664033
4.000000	12.000000	12.000000	761.000000	259.000000	16.000000	769.706153	258.037332	2.000000	9.393089
4.000000	13.000000	13.000000	791.000000	147.000000	6.000000	778.288299	150.504124	2.000000	9.872767
4.000000	14.000000	14.000000	910.000000	301.000000	17.000000	890.139373	286.017331	2.000000	10.391978
4.000000	15.000000	15.000000	981.000000	341.000000	28.000000	977.449040	355.990290	2.000000	10.880345
4.000000	16.000000	16.000000	987.000000	289.000000	18.000000	984.602979	291.538108	2.000000	11.208460
4.000000	17.000000	17.000000	987.000000	147.000000	8.000000	977.587510	152.875432	1.000000	11.913164
4.000000	18.000000	18.000000	1206.000000	230.000000	20.000000	1209.241276	231.233953	1.000000	13.695985
4.000000	19.000000	19.000000	1230.000000	468.000000	40.000000	1216.061021	467.991937	1.000000	14.561551
4.000000	20.000000	20.000000	1066.000000	474.000000	39.000000	1074.940836	473.764875	2.000000	15.263910
4.000000	21.000000	21.000000	1098.000000	660.000000	59.000000	1109.993588	655.079972	1.000000	16.169549
4.000000	22.000000	22.000000	854.000000	555.000000	47.000000	859.591859	553.458165	1.000000	17.465080
4.000000	23.000000	23.000000	1005.000000	801.000000	68.000000	989.825372	800.807702	1.000000	18.448520
4.000000	24.000000	24.000000	1238.000000	775.000000	70.000000	1215.382103	773.531553	2.000000	19.136236
4.000000	25.000000	25.000000	969.000000	699.000000	58.000000	966.500071	701.536654	2.000000	19.968581
4.000000	26.000000	26.000000	857.000000	681.000000	57.000000	853.552257	673.931711	2.000000	20.496042
4.000000	27.000000	27.000000	843.000000	826.000000	67.000000	854.314654	823.301918	1.000000	21.056222
4.000000	28.000000	28.000000	733.000000	798.000000	66.000000	741.619777	807.700592	1.000000	21.464908
4.000000	29.000000	29.000000	883.000000	913.000000	77.000000	877.807271	918.557259	2.000000	21.993388
4.000000	30.000000	30.000000	760.000000	906.000000	76.000000	767.399859	914.490064	1.000000	22.425125
4.000000	31.000000	31.000000	444.000000	718.000000	53.000000	441.803170	712.632860	1.000000	23.409121
4.000000	32.000000	32.000000	214.000000	825.000000	61.000000	210.832857	818.450018	1.000000	24.521448
4.000000	33.000000	33.000000	194.000000	868.000000	71.000000	199.035710	862.012524	1.000000	24.841134
4.000000	34.000000	34.000000	330.000000	802.000000	62.000000	309.302729	799.575938	2.000000	26.152452
4.000000	35.000000	35.000000	333.000000	691.000000	52.000000	322.043021	693.397291	2.000000	26.640769
4.000000	36.000000	36.000000	314.000000	610.000000	42.000000	311.292471	612.568574	2.000000	26.983601
4.000000	37.000000	37.000000	436.000000	565.000000	43.000000	420.252436	570.788814	2.000000	27.409075
4.000000	38.000000	38.000000	444.000000	504.000000	33.000000	452.333402	504.805447	2.000000	27.759653
4.000000	39.000000	39.000000	1203.000000	162.000000	10.000000	1200.693259	154.158329	2.000000	29.753524
4.000000	40.000000	40.000000	336.000000	141.000000	2.000000	332.649090	147.000853	1.000000	31.696537
5.000000	1.000000	1.000000	736.000000	653.000000	56.000000	733.670217	659.976126	1.000000	0.992417
5.000000	2.000000	2.000000	879.000000	574.000000	47.000000	867.106727	572.885808	2.000000	1.666426
5.000000	3.000000	3.000000	786.000000	465.000000	36.000000	776.367603	459.597435	2.000000	2.170388
5.000000	4.000000	4.000000	829.000000	483.000000	37.000000	838.902504	488.689982	1.000000	2.522345
5.000000	5.000000	5.000000	734.000000	357.000000	26.000000	737.541126	376.685061	1.000000	2.945490
5.000000	6.000000	6.000000	645.000000	362.000000	25.000000	626.766183	369.215264	2.000000	3.434164
5.000000	7.000000	7.000000	624.000000	469.000000	35.000000	631.609961	477.056600	1.000000	3.865356
5.000000	8.000000	0.000000	576.000000	474.000000	34.000000	559.418950	495.271261	2.000000	4.296707
5.000000	9.000000	8.000000	534.000000	393.000000	24.000000	515.893001	393.686217	1.000000	4.898109
5.000000	10.000000	9.000000	440.000000	428.000000	33.000000	432.450071	443.225361	1.000000	5.354632
5.000000	11.000000	10.000000	572.000000	483.000000	34.000000	559.418950	495.271261	2.000000	5.866433
5.000000	12.000000	11.000000	407.000000	536.000000	43.000000	420.568239	545.308528	2.000000	6.353557
5.000000	13.000000	12.000000	319.000000	554.000000	42.000000	320.875254	576.765045	2.000000	6.705070
5.000000	14.000000	13.000000	308.000000	491.000000	32.000000	293.992561	494.618690	2.000000	7.184559
5.000000	15.000000	14.000000	340.000000	348.000000	22.000000	332.800666	360.598563	2.000000	7.882274
5.000000	16.000000	15.000000	422.000000	271.000000	13.000000	426.152529	270.277481	2.000000	8.402528
5.000000	17.000000	16.000000	203.000000	279.000000	11.000000	186.981685	275.838065	2.000000	9.874354
5.000000	18.000000	17.000000	732.000000	242.000000	16.000000	739.911567	251.974745	2.000000	10.801719
5.000000	19.000000	0.000000	600.000000	141.000000	5.000000	618.473917	160.242162	1.000000	11.330587
5.000000	20.000000	18.000000	610.000000	151.000000	5.000000	618.473917	160.242162	1.000000	11.689877
5.000000	21.000000	19.000000	416.000000	152.000000	3.000000	409.757105	160.440636	1.000000	12.457585
5.000000	22.000000	20.000000	301.000000	221.000000	12.000000	290.410701	241.045071	1.000000	12.874065
5.000000	23.000000	21.000000	199.000000	130.000000	1.000000	204.321498	140.420099	1.000000	13.688413
5.000000	24.000000	22.000000	176.000000	687.000000	51.000000	183.094532	699.842326	1.000000	14.937338
5.000000	25.000000	23.000000	214.000000	589.000000	41.000000	214.583747	584.904315	1.000000	15.458178
5.000000	26.000000	24.000000	229.000000	795.000000	61.000000	222.423066	795.102632	1.000000	16.146253
5.000000	27.000000	25.000000	287.000000	878.000000	72.000000	294.776604	883.771543	1.000000	16.962170
5.000000	28.000000	26.000000	437.000000	882.000000	73.000000	418.414326	885.013081	1.000000	17.433129
5.000000	29.000000	27.000000	556.000000	817.000000	64.000000	540.257796	818.357236	2.000000	18.352279
5.000000	30.000000	28.000000	670.000000	697.000000	55.000000	664.097404	697.976621	2.000000	18.904444
5.000000	31.000000	29.000000	444.000000	660.000000	53.000000	444.683044	660.101928	2.000000	19.626406
5.000000	32.000000	30.000000	739.000000	853.000000	76.000000	740.692188	870.121716	2.000000	20.530068
5.000000	33.000000	31.000000	1063.000000	699.000000	59.000000	1063.124176	694.367305	2.000000	21.921306
5.000000	34.000000	32.000000	981.000000	571.000000	48.000000	984.671019	579.169163	2.000000	22.402080
5.000000	35.000000	0.000000	1207.000000	776.000000	70.000000	1207.511148	812.219150	1.000000	23.498258
5.000000	36.000000	33.000000	1208.000000	820.000000	70.000000	1207.511148	812.219150	1.000000	24.048477
5.000000	37.000000	34.000000	1209.000000	688.000000	60.000000	1200.420814	668.643797	1.000000	24.498147
5.000000	38.000000	35.000000	979.000000	692.000000	58.000000	968.219474	694.249828	1.000000	25.497915
5.000000	39.000000	36.000000	884.000000	904.000000	77.000000	874.121112	901.276012	1.000000	26.256805
5.000000	40.000000	37.000000	1128.000000	573.000000	49.000000	1110.729718	576.413589	1.000000	27.424772
5.000000	41.000000	38.000000	1107.000000	138.000000	9.000000	1094.893859	138.924443	2.000000	29.017832
5.000000	42.000000	39.000000	998.000000	222.000000	18.000000	985.053235	229.524832	2.000000	29.576599
5.000000	43.000000	40.000000	850.000000	354.000000	27.000000	856.695247	350.737187	2.000000	30.162127
6.000000	1.000000	1.000000	1015.000000	510.000000	38.000000	1000.661616	501.704214	2.000000	2.647439
6.000000	2.000000	2.000000	1080.000000	470.000000	39.000000	1084.240233	471.902920	2.000000	2.984783
6.000000	3.000000	3.000000	1105.000000	388.000000	29.000000	1105.781706	389.107608	2.000000	3.279255
6.000000	4.000000	4.000000	983.000000	333.000000	28.000000	1000.576012	344.984776	2.000000	3.656745
6.000000	5.000000	0.000000	860.000000	420.000000	37.000000	864.598069	456.479059	2.000000	4.550680
6.000000	6.000000	5.000000	866.000000	437.000000	37.000000	864.598069	456.479059	2.000000	5.080142
6.000000	7.000000	6.000000	874.000000	186.000000	7.000000	868.874503	173.239983	1.000000	6.415397
6.000000	8.000000	7.000000	959.000000	139.000000	8.000000	958.595835	136.829791	1.000000	6.760905
6.000000	9.000000	8.000000	1086.000000	122.000000	9.000000	1087.240167	127.308726	1.000000	7.199719
6.000000	10.000000	9.000000	1225.000000	132.000000	10.000000	1217.969769	138.762277	2.000000	7.896469
6.000000	11.000000	10.000000	768.000000	256.000000	16.000000	750.870329	261.608391	2.000000	8.816547
6.000000	12.000000	11.000000	672.000000	269.000000	15.000000	657.920301	280.371701	2.000000	9.198949
6.000000	13.000000	12.000000	533.000000	314.000000	24.000000	514.154408	330.108207	1.000000	9.887267
6.000000	14.000000	13.000000	535.000000	222.000000	14.000000	524.769554	241.385606	1.000000	10.216467
6.000000	15.000000	14.000000	535.000000	132.000000	4.000000	525.623107	127.216561	1.000000	10.567369
6.000000	16.000000	15.000000	431.000000	345.000000	23.000000	438.313422	351.177962	2.000000	11.680213
6.000000	17.000000	16.000000	331.000000	215.000000	12.000000	334.424192	230.283570	1.000000	12.416765
6.000000	18.000000	17.000000	313.000000	586.000000	42.000000	313.109267	598.549803	2.000000	13.783636
6.000000	19.000000	18.000000	317.000000	660.000000	52.000000	316.294709	675.317119	2.000000	14.303698
6.000000	20.000000	19.000000	202.000000	386.000000	21.000000	183.390568	386.478279	1.000000	15.168740
6.000000	21.000000	20.000000	410.000000	505.000000	33.000000	413.111772	492.472756	1.000000	16.007262
6.000000	22.000000	21.000000	412.000000	529.000000	43.000000	413.503157	545.178988	1.000000	16.344148
6.000000	23.000000	22.000000	675.000000	572.000000	45.000000	665.722948	570.759830	1.000000	17.352561
6.000000	24.000000	23.000000	753.000000	480.000000	36.000000	747.602660	487.751779	1.000000	17.791942
6.000000	25.000000	24.000000	624.000000	481.000000	35.000000	630.586832	475.677353	2.000000	18.232043
6.000000	26.000000	25.000000	534.000000	442.000000	34.000000	520.901674	443.047009	2.000000	18.632781
6.000000	27.000000	26.000000	755.000000	582.000000	46.000000	749.009784	595.554854	2.000000	19.495645
6.000000	28.000000	27.000000	976.000000	561.000000	48.000000	958.150798	574.503877	1.000000	20.479647
6.000000	29.000000	28.000000	1223.000000	586.000000	50.000000	1201.215743	593.021820	2.000000	21.248582
6.000000	30.000000	29.000000	1232.000000	769.000000	70.000000	1220.676019	778.928955	1.000000	22.215386
6.000000	31.000000	30.000000	953.000000	772.000000	68.000000	957.193028	771.297906	1.000000	23.439931
6.000000	32.000000	31.000000	876.000000	877.000000	77.000000	866.410633	872.822075	2.000000	24.391633
6.000000	33.000000	32.000000	749.000000	879.000000	76.000000	739.580017	893.192639	2.000000	24.944618
6.000000	34.000000	33.000000	1164.000000	900.000000	80.000000	1171.883972	902.057365	2.000000	25.823342
6.000000	35.000000	34.000000	630.000000	804.000000	65.000000	619.568847	797.586553	2.000000	26.728742
6.000000	36.000000	35.000000	570.000000	704.000000	54.000000	560.779817	696.611207	2.000000	27.999256
6.000000	37.000000	36.000000	636.000000	917.000000	75.000000	635.792776	924.925326	1.000000	28.679606
6.000000	38.000000	37.000000	408.000000	896.000000	73.000000	412.993478	894.834269	1.000000	29.743236
6.000000	39.000000	38.000000	316.000000	807.000000	62.000000	322.802615	802.866049	1.000000	30.280752
6.000000	40.000000	39.000000	282.000000	922.000000	72.000000	294.684955	916.463941	1.000000	30.760603
6.000000	41.000000	40.000000	207.000000	768.000000	61.000000	207.494892	768.583571	1.000000	31.654917
7.000000	1.000000	1.000000	982.000000	912.000000	78.000000	985.434340	921.217768	1.000000	2.160571
7.000000	2.000000	2.000000	1076.000000	912.000000	79.000000	1077.373268	922.652586	1.000000	2.959604
7.000000	3.000000	3.000000	756.000000	887.000000	76.000000	760.461152	886.432782	2.000000	3.839516
7.000000	4.000000	4.000000	666.000000	889.000000	75.000000	658.478298	897.804411	1.000000	4.231862
7.000000	5.000000	5.000000	625.000000	822.000000	65.000000	618.295342	820.352713	1.000000	4.680757
7.000000	6.000000	6.000000	348.000000	911.000000	72.000000	331.751101	927.181114	2.000000	5.558879
7.000000	7.000000	7.000000	536.000000	789.000000	64.000000	542.022476	799.743560	2.000000	6.471748
7.000000	8.000000	8.000000	540.000000	674.000000	54.000000	536.460937	668.931423	2.000000	7.014679
7.000000	9.000000	9.000000	314.000000	651.000000	52.000000	310.270726	650.800069	2.000000	8.224202
7.000000	10.000000	10.000000	672.000000	702.000000	55.000000	660.768782	708.611020	1.000000	9.558602
7.000000	11.000000	11.000000	738.000000	703.000000	56.000000	744.006593	707.315678	1.000000	9.958602
7.000000	12.000000	12.000000	762.000000	751.000000	66.000000	763.259748	765.962779	1.000000	10.367311
7.000000	13.000000	13.000000	1196.000000	714.000000	60.000000	1195.924667	715.346765	1.000000	11.544447
7.000000	14.000000	14.000000	1092.000000	660.000000	59.000000	1085.234050	659.944270	2.000000	12.063823
7.000000	15.000000	15.000000	972.000000	657.000000	58.000000	972.588494	662.491292	2.000000	12.438686
7.000000	16.000000	16.000000	878.000000	657.000000	57.000000	854.407511	661.210656	2.000000	12.968027
7.000000	17.000000	17.000000	664.000000	603.000000	45.000000	671.991156	598.652245	2.000000	13.968355
7.000000	18.000000	18.000000	664.000000	473.000000	35.000000	660.956274	474.193311	2.000000	14.582621
7.000000	19.000000	19.000000	507.000000	471.000000	34.000000	529.812867	469.131136	1.000000	15.063974
7.000000	20.000000	20.000000	401.000000	554.000000	43.000000	409.292969	547.369633	2.000000	15.694813
7.000000	21.000000	21.000000	437.000000	385.000000	23.000000	428.100608	390.556950	1.000000	16.480117
7.000000	22.000000	22.000000	336.000000	537.000000	42.000000	329.844360	547.260666	1.000000	17.207613
7.000000	23.000000	23.000000	312.000000	499.000000	32.000000	298.244247	499.024744	1.000000	17.792362
7.000000	24.000000	24.000000	216.000000	575.000000	41.000000	214.635717	562.821949	1.000000	18.392388
7.000000	25.000000	25.000000	184.000000	337.000000	21.000000	185.896309	341.284973	1.000000	19.416205
7.000000	26.000000	26.000000	537.000000	373.000000	24.000000	538.516849	386.729327	2.000000	20.319359
7.000000	27.000000	27.000000	635.000000	231.000000	15.000000	628.067838	239.039274	2.000000	21.367917
7.000000	28.000000	28.000000	783.000000	258.000000	16.000000	768.085148	274.212405	2.000000	22.088772
7.000000	29.000000	29.000000	1002.000000	224.000000	18.000000	986.008978	226.191826	2.000000	22.911966
7.000000	30.000000	30.000000	1074.000000	281.000000	19.000000	1071.541666	292.537227	2.000000	23.487995
7.000000	31.000000	31.000000	1220.000000	224.000000	20.000000	1198.709055	226.291539	2.000000	24.263813
7.000000	32.000000	32.000000	1197.000000	389.000000	30.000000	1187.080232	397.735108	2.000000	25.080238
7.000000	33.000000	33.000000	1203.000000	443.000000	40.000000	1207.216604	463.260287	1.000000	25.680658
7.000000	34.000000	34.000000	1093.000000	157.000000	9.000000	1092.436712	154.213508	1.000000	26.504538
7.000000	35.000000	35.000000	982.000000	138.000000	8.000000	986.445870	140.789713	1.000000	27.190839
7.000000	36.000000	36.000000	895.000000	218.000000	17.000000	889.440945	224.994305	1.000000	27.679480
7.000000	37.000000	37.000000	415.000000	227.000000	13.000000	406.944375	236.193607	1.000000	28.712445
7.000000	38.000000	38.000000	333.000000	170.000000	2.000000	324.702718	168.417187	1.000000	29.231543
7.000000	39.000000	39.000000	557.000000	183.000000	4.000000	558.609156	187.890582	2.000000	30.103839
7.000000	40.000000	40.000000	233.000000	182.000000	1.000000	217.353528	180.798224	2.000000	31.904109
8.000000	1.000000	1.000000	783.000000	259.000000	16.000000	758.335654	258.639075	1.000000	1.223823
8.000000	2.000000	2.000000	785.000000	120.000000	6.000000	776.314683	132.199298	1.000000	1.792915
8.000000	3.000000	3.000000	880.000000	170.000000	7.000000	881.467159	169.030044	1.000000	2.201609
8.000000	4.000000	4.000000	974.000000	177.000000	8.000000	963.288864	160.366898	1.000000	3.015741
8.000000	5.000000	5.000000	990.000000	240.000000	18.000000	991.882097	224.578802	1.000000	3.336367
8.000000	6.000000	6.000000	1067.000000	173.000000	9.000000	1069.017222	166.596010	2.000000	3.896868
8.000000	7.000000	7.000000	1195.000000	173.000000	10.000000	1176.465209	171.342022	2.000000	4.400761
8.000000	8.000000	8.000000	670.000000	128.000000	5.000000	650.751664	122.508661	2.000000	5.096391
8.000000	9.000000	9.000000	514.000000	137.000000	4.000000	512.073196	137.562961	2.000000	5.465284
8.000000	10.000000	10.000000	438.000000	136.000000	3.000000	438.201183	132.887465	1.000000	5.817045
8.000000	11.000000	11.000000	193.000000	256.000000	11.000000	185.417221	257.361645	1.000000	6.576428
8.000000	12.000000	12.000000	447.000000	283.000000	13.000000	445.319066	280.863288	2.000000	7.321088
8.000000	13.000000	13.000000	832.000000	264.000000	17.000000	838.850821	258.988256	2.000000	8.184292
8.000000	14.000000	14.000000	230.000000	395.000000	21.000000	231.812720	397.281016	2.000000	9.393229
8.000000	15.000000	15.000000	981.000000	365.000000	28.000000	975.432745	370.044483	2.000000	10.761142
8.000000	16.000000	16.000000	979.000000	474.000000	38.000000	978.997329	476.779024	2.000000	11.344024
8.000000	17.000000	17.000000	754.000000	486.000000	36.000000	737.412635	490.293037	2.000000	11.960653
8.000000	18.000000	18.000000	575.000000	479.000000	34.000000	552.042364	474.504838	2.000000	12.576626
8.000000	19.000000	19.000000	436.000000	561.000000	43.000000	437.758268	562.945443	2.000000	13.664380
8.000000	20.000000	20.000000	507.000000	564.000000	44.000000	518.662600	555.897904	2.000000	13.976158
8.000000	21.000000	21.000000	763.000000	578.000000	46.000000	755.613505	578.546784	2.000000	15.016138
8.000000	22.000000	22.000000	990.000000	781.000000	68.000000	981.511003	793.680075	2.000000	16.551707
8.000000	23.000000	23.000000	505.000000	798.000000	64.000000	512.816394	788.432164	2.000000	17.760172
8.000000	24.000000	0.000000	383.000000	800.000000	63.000000	413.706864	801.468068	2.000000	18.176804
8.000000	25.000000	24.000000	418.000000	803.000000	63.000000	413.706864	801.468068	2.000000	18.744341
8.000000	26.000000	25.000000	307.000000	797.000000	62.000000	305.479769	788.759677	2.000000	19.144773
8.000000	27.000000	26.000000	440.000000	924.000000	73.000000	443.228528	917.396608	2.000000	20.697414
8.000000	28.000000	27.000000	766.000000	909.000000	76.000000	759.820743	904.591624	2.000000	21.448638
8.000000	29.000000	28.000000	1171.000000	918.000000	80.000000	1177.186129	916.833609	1.000000	22.793476
8.000000	30.000000	29.000000	1114.000000	814.000000	69.000000	1104.667602	809.850070	1.000000	23.352042
8.000000	31.000000	30.000000	1188.000000	696.000000	60.000000	1193.459627	696.495335	1.000000	24.032191
8.000000	32.000000	31.000000	1225.000000	462.000000	40.000000	1215.459228	453.404873	1.000000	24.832278
8.000000	33.000000	32.000000	1086.000000	557.000000	49.000000	1071.428081	565.225920	1.000000	25.528277
8.000000	34.000000	33.000000	981.000000	722.000000	58.000000	980.328833	710.096868	1.000000	26.320372
8.000000	35.000000	34.000000	880.000000	798.000000	67.000000	884.559761	802.218907	1.000000	26.831646
8.000000	36.000000	35.000000	719.000000	701.000000	56.000000	736.071100	701.447059	1.000000	27.600489
8.000000	37.000000	36.000000	656.000000	882.000000	75.000000	652.133723	864.071733	1.000000	28.209842
8.000000	38.000000	37.000000	626.000000	570.000000	45.000000	619.439125	565.892315	1.000000	29.009136
8.000000	39.000000	38.000000	211.000000	811.000000	61.000000	221.549322	815.290304	1.000000	30.343469
8.000000	40.000000	39.000000	220.000000	494.000000	31.000000	227.986292	490.299197	1.000000	31.393779
8.000000	41.000000	40.000000	408.000000	352.000000	23.000000	404.570852	342.530526	1.000000	32.016210
9.000000	1.000000	1.000000	732.000000	586.000000	46.000000	741.152403	584.078634	2.000000	1.595361
9.000000	2.000000	2.000000	747.000000	500.000000	36.000000	755.406737	504.469125	2.000000	2.003671
9.000000	3.000000	3.000000	864.000000	428.000000	37.000000	843.872707	442.590793	2.000000	2.963984
9.000000	4.000000	4.000000	977.000000	589.000000	48.000000	974.622278	584.663080	2.000000	3.572353
9.000000	5.000000	5.000000	1091.000000	775.000000	69.000000	1085.343791	771.557158	2.000000	4.268373
9.000000	6.000000	0.000000	1087.000000	843.000000	79.000000	1069.843773	870.640912	2.000000	4.700581
9.000000	7.000000	6.000000	1087.000000	865.000000	79.000000	1069.843773	870.640912	2.000000	5.404682
9.000000	8.000000	7.000000	1217.000000	726.000000	60.000000	1218.370786	719.916838	2.000000	6.196839
9.000000	9.000000	8.000000	1185.000000	814.000000	70.000000	1187.496051	822.280723	1.000000	7.323977
9.000000	10.000000	9.000000	1185.000000	857.000000	80.000000	1175.497029	876.476921	1.000000	7.723318
9.000000	11.000000	10.000000	947.000000	893.000000	78.000000	953.159310	886.320774	1.000000	8.924117
9.000000	12.000000	11.000000	943.000000	804.000000	68.000000	949.347656	797.669379	1.000000	9.436163
9.000000	13.000000	12.000000	770.000000	780.000000	66.000000	776.840947	774.045175	1.000000	9.979139
9.000000	14.000000	13.000000	763.000000	713.000000	56.000000	760.129925	711.296368	1.000000	10.436718
9.000000	15.000000	14.000000	567.000000	901.000000	74.000000	552.808300	901.842011	2.000000	11.915191
9.000000	16.000000	15.000000	350.000000	918.000000	72.000000	341.118957	928.032115	1.000000	12.684723
9.000000	17.000000	16.000000	337.000000	755.000000	62.000000	321.885121	768.424413	1.000000	13.378878
9.000000	18.000000	17.000000	204.000000	783.000000	61.000000	189.303005	792.870086	1.000000	13.820060
9.000000	19.000000	18.000000	292.000000	670.000000	52.000000	298.425566	670.698929	2.000000	14.316948
9.000000	20.000000	19.000000	539.000000	704.000000	54.000000	548.635448	710.360174	2.000000	14.868028
9.000000	21.000000	20.000000	638.000000	587.000000	45.000000	635.070542	596.873594	1.000000	15.948389
9.000000	22.000000	21.000000	194.000000	556.000000	41.000000	185.897882	560.305379	1.000000	16.836954
9.000000	23.000000	22.000000	233.000000	461.000000	31.000000	229.082777	453.887130	2.000000	17.467021
9.000000	24.000000	23.000000	549.000000	230.000000	14.000000	551.458100	229.936715	1.000000	18.948724
9.000000	25.000000	24.000000	605.000000	161.000000	5.000000	618.667385	165.299384	1.000000	19.603059
9.000000	26.000000	25.000000	517.000000	142.000000	4.000000	525.225992	149.633470	2.000000	20.044430
9.000000	27.000000	26.000000	461.000000	151.000000	3.000000	436.489644	150.760723	2.000000	20.956540
9.000000	28.000000	27.000000	413.000000	295.000000	13.000000	398.231793	294.616858	2.000000	21.740227
9.000000	29.000000	28.000000	190.000000	269.000000	11.000000	182.233633	265.311140	3.000000	22.859279
10.000000	1.000000	1.000000	635.000000	691.000000	55.000000	629.736167	686.852268	1.000000	1.247345
10.000000	2.000000	2.000000	762.000000	691.000000	56.000000	744.849638	698.749877	1.000000	1.585482
10.000000	3.000000	3.000000	788.000000	862.000000	76.000000	770.336365	861.325954	2.000000	2.327666
10.000000	4.000000	4.000000	537.000000	705.000000	54.000000	531.576776	693.756946	2.000000	3.057326
10.000000	5.000000	5.000000	389.000000	722.000000	53.000000	398.360796	714.057187	2.000000	3.479621
10.000000	6.000000	6.000000	432.000000	812.000000	63.000000	426.811746	818.947463	2.000000	4.856462
10.000000	7.000000	7.000000	210.000000	720.000000	51.000000	201.830915	716.886208	1.000000	5.593448
10.000000	8.000000	8.000000	215.000000	894.000000	71.000000	208.456674	907.477455	2.000000	6.297141
10.000000	9.000000	9.000000	538.000000	798.000000	64.000000	535.720736	787.739844	1.000000	7.145101
10.000000	10.000000	10.000000	1184.000000	845.000000	80.000000	1194.689434	863.218361	2.000000	8.320220
10.000000	11.000000	11.000000	1221.000000	816.000000	70.000000	1217.198599	816.470287	2.000000	8.680863
10.000000	12.000000	12.000000	1115.000000	794.000000	69.000000	1108.396268	787.059822	2.000000	9.112141
10.000000	13.000000	13.000000	962.000000	699.000000	58.000000	957.937097	692.650719	2.000000	9.881510
10.000000	14.000000	14.000000	882.000000	767.000000	67.000000	884.973227	778.391984	1.000000	10.961529
10.000000	15.000000	15.000000	953.000000	804.000000	68.000000	963.610833	816.515584	1.000000	11.296624
10.000000	16.000000	16.000000	1087.000000	856.000000	79.000000	1090.001128	869.684265	1.000000	11.937213
10.000000	17.000000	17.000000	1109.000000	657.000000	59.000000	1108.096032	679.110512	1.000000	12.863791
10.000000	18.000000	18.000000	1185.000000	454.000000	40.000000	1182.613570	457.301819	2.000000	13.472815
10.000000	19.000000	19.000000	1169.000000	294.000000	20.000000	1172.284895	282.397435	1.000000	14.463984
10.000000	20.000000	20.000000	1127.000000	169.000000	9.000000	1111.677409	171.962527	2.000000	15.432452
10.000000	21.000000	21.000000	1000.000000	365.000000	28.000000	982.329721	362.802784	2.000000	16.696958
10.000000	22.000000	22.000000	894.000000	432.000000	37.000000	888.545791	440.310979	1.000000	18.336329
10.000000	23.000000	23.000000	865.000000	339.000000	27.000000	856.889397	344.850668	1.000000	18.695278
10.000000	24.000000	24.000000	757.000000	282.000000	16.000000	750.232844	290.679448	1.000000	19.359358
10.000000	25.000000	25.000000	741.000000	474.000000	36.000000	734.588435	490.693197	1.000000	19.944258
10.000000	26.000000	26.000000	771.000000	545.000000	46.000000	776.586148	552.113502	1.000000	20.391851
10.000000	27.000000	27.000000	859.000000	560.000000	47.000000	852.152991	570.726248	2.000000	20.793186
10.000000	28.000000	28.000000	666.000000	490.000000	35.000000	666.294174	480.693408	2.000000	21.552068
10.000000	29.000000	29.000000	627.000000	539.000000	45.000000	633.711815	547.486456	1.000000	21.920898
10.000000	30.000000	30.000000	534.000000	470.000000	34.000000	539.838001	474.026577	1.000000	22.441066
10.000000	31.000000	31.000000	521.000000	577.000000	44.000000	526.222784	575.344528	1.000000	22.872804
10.000000	32.000000	32.000000	433.000000	574.000000	43.000000	427.460561	584.572508	1.000000	24.023915
10.000000	33.000000	33.000000	434.000000	443.000000	33.000000	418.144490	443.594447	2.000000	24.623870
10.000000	34.000000	0.000000	288.000000	463.000000	32.000000	308.093877	484.403971	2.000000	25.056086
10.000000	35.000000	34.000000	301.000000	475.000000	32.000000	308.093877	484.403971	2.000000	25.432270
10.000000	36.000000	35.000000	558.000000	273.000000	14.000000	544.325922	269.252335	2.000000	26.367934
10.000000	37.000000	36.000000	306.000000	359.000000	22.000000	301.299260	353.764242	1.000000	27.079961
10.000000	38.000000	37.000000	219.000000	467.000000	31.000000	217.066819	467.280437	1.000000	27.544899
10.000000	39.000000	0.000000	758.000000	152.000000	6.000000	733.009480	155.892677	2.000000	29.672071
10.000000	40.000000	38.000000	752.000000	156.000000	6.000000	733.009480	155.892677	2.000000	30.496535
10.000000	41.000000	39.000000	351.000000	236.000000	12.000000	341.537903	252.138853	2.000000	31.431418
10.000000	42.000000	40.000000	291.000000	120.000000	2.000000	301.973511	130.154335	2.000000	31.897412
11.000000	1.000000	1.000000	874.000000	376.000000	27.000000	880.237097	366.306735	2.000000	0.977972
11.000000	2.000000	2.000000	868.000000	441.000000	37.000000	851.351349	454.429492	2.000000	1.321365
11.000000	3.000000	3.000000	772.000000	466.000000	36.000000	760.708448	469.903115	1.000000	1.738302
11.000000	4.000000	0.000000	679.000000	471.000000	35.000000	654.487739	481.626498	1.000000	2.090155
11.000000	5.000000	4.000000	646.000000	471.000000	35.000000	654.487739	481.626498	1.000000	2.521496
11.000000	6.000000	5.000000	764.000000	287.000000	16.000000	758.999501	282.630568	1.000000	3.274282
11.000000	7.000000	0.000000	900.000000	246.000000	17.000000	867.448436	239.252357	1.000000	3.953298
11.000000	8.000000	6.000000	871.000000	231.000000	17.000000	867.448436	239.252357	1.000000	4.521928
11.000000	9.000000	7.000000	946.000000	250.000000	18.000000	952.311164	258.708510	1.000000	4.905277
11.000000	10.000000	8.000000	1101.000000	354.000000	29.000000	1082.049321	347.915386	2.000000	5.657094
11.000000	11.000000	9.000000	1180.000000	175.000000	10.000000	1167.510848	184.490865	2.000000	6.496131
11.000000	12.000000	10.000000	879.000000	125.000000	7.000000	871.489873	119.782647	2.000000	7.353810
11.000000	13.000000	0.000000	570.000000	320.000000	24.000000	557.461917	342.677263	2.000000	8.185580
11.000000	14.000000	11.000000	564.000000	235.000000	14.000000	548.443908	224.285628	2.000000	8.816335
11.000000	15.000000	12.000000	550.000000	354.000000	24.000000	557.461917	342.677263	2.000000	9.569931
11.000000	16.000000	13.000000	447.000000	346.000000	23.000000	427.014067	342.556427	2.000000	10.681268
11.000000	17.000000	14.000000	452.000000	144.000000	3.000000	445.909390	140.312588	2.000000	11.712713
11.000000	18.000000	15.000000	304.000000	376.000000	22.000000	311.072780	373.009707	2.000000	12.466448
11.000000	19.000000	16.000000	202.000000	125.000000	1.000000	209.374678	128.192844	1.000000	13.769212
11.000000	20.000000	17.000000	221.000000	375.000000	21.000000	229.291528	378.214703	1.000000	14.504995
11.000000	21.000000	18.000000	184.000000	590.000000	41.000000	183.681313	584.588715	1.000000	15.504223
11.000000	22.000000	19.000000	200.000000	713.000000	51.000000	207.924927	701.343320	1.000000	16.601001
11.000000	23.000000	20.000000	416.000000	812.000000	63.000000	418.161739	809.980540	1.000000	17.410145
11.000000	24.000000	21.000000	515.000000	898.000000	74.000000	514.070706	896.297816	2.000000	17.969372
11.000000	25.000000	22.000000	667.000000	771.000000	65.000000	654.323408	782.236589	1.000000	18.744924
11.000000	26.000000	23.000000	672.000000	672.000000	55.000000	650.160278	671.641134	1.000000	19.176832
11.000000	27.000000	24.000000	401.000000	599.000000	43.000000	398.323912	591.252727	2.000000	20.120194
11.000000	28.000000	25.000000	537.000000	541.000000	44.000000	519.449800	549.624557	2.000000	20.601851
11.000000	29.000000	0.000000	674.000000	541.000000	45.000000	621.825199	545.349154	2.000000	21.081770
11.000000	30.000000	26.000000	633.000000	540.000000	45.000000	621.825199	545.349154	2.000000	21.401402
11.000000	31.000000	27.000000	767.000000	562.000000	46.000000	772.731929	580.132324	2.000000	21.992590
11.000000	32.000000	28.000000	852.000000	583.000000	47.000000	863.520102	590.655457	1.000000	22.545382
11.000000	33.000000	29.000000	855.000000	655.000000	57.000000	845.927744	672.596728	1.000000	23.010268
11.000000	34.000000	30.000000	777.000000	756.000000	66.000000	769.746909	762.971931	1.000000	23.721364
11.000000	35.000000	31.000000	949.000000	680.000000	58.000000	948.217168	688.425661	1.000000	24.704314
11.000000	36.000000	32.000000	1059.000000	740.000000	69.000000	1059.258405	757.202819	2.000000	25.282367
11.000000	37.000000	33.000000	1110.000000	686.000000	59.000000	1110.529841	681.145046	2.000000	25.696271
11.000000	38.000000	34.000000	1081.000000	594.000000	49.000000	1062.519177	591.627899	2.000000	26.209379
11.000000	39.000000	35.000000	1079.000000	880.000000	79.000000	1084.027005	879.037066	2.000000	26.946174
11.000000	40.000000	36.000000	871.000000	865.000000	77.000000	867.209033	861.979590	2.000000	27.746253
11.000000	41.000000	37.000000	1215.000000	604.000000	50.000000	1204.547019	608.823941	1.000000	28.698203
11.000000	42.000000	0.000000	1066.000000	490.000000	39.000000	1088.579999	505.833061	1.000000	29.136858
11.000000	43.000000	38.000000	1094.000000	504.000000	39.000000	1088.579999	505.833061	1.000000	29.498334
11.000000	44.000000	39.000000	1012.000000	173.000000	8.000000	1001.317059	164.194420	1.000000	30.657581
11.000000	45.000000	40.000000	787.000000	181.000000	6.000000	780.611294	185.596547	1.000000	31.264161
12.000000	1.000000	1.000000	1200.000000	256.000000	20.000000	1209.850451	242.851993	2.000000	2.550549
12.000000	2.000000	2.000000	1186.000000	336.000000	30.000000	1185.947667	344.366542	2.000000	2.909256
12.000000	3.000000	3.000000	883.000000	288.000000	17.000000	881.972951	290.201425	2.000000	3.757653
12.000000	4.000000	0.000000	840.000000	142.000000	7.000000	853.060571	168.688087	2.000000	4.126656
12.000000	5.000000	4.000000	773.000000	181.000000	6.000000	777.787717	181.720110	2.000000	4.430409
12.000000	6.000000	0.000000	757.000000	256.000000	16.000000	729.158367	272.352526	1.000000	5.110096
12.000000	7.000000	5.000000	764.000000	319.000000	26.000000	776.350569	337.391118	1.000000	5.612757
12.000000	8.000000	6.000000	729.000000	267.000000	16.000000	729.158367	272.352526	1.000000	6.469053
12.000000	9.000000	7.000000	858.000000	163.000000	7.000000	853.060571	168.688087	2.000000	6.974513
12.000000	10.000000	8.000000	518.000000	164.000000	4.000000	518.062224	169.680420	1.000000	7.749074
12.000000	11.000000	9.000000	403.000000	255.000000	13.000000	412.861148	268.304014	2.000000	8.549046
12.000000	12.000000	10.000000	305.000000	177.000000	2.000000	304.148382	166.656069	1.000000	9.582632
12.000000	13.000000	11.000000	331.000000	378.000000	22.000000	329.709451	368.206088	2.000000	10.373443
12.000000	14.000000	12.000000	410.000000	433.000000	33.000000	410.664032	442.044806	2.000000	10.846747
12.000000	15.000000	13.000000	340.000000	431.000000	32.000000	339.282375	439.371087	1.000000	11.149659
12.000000	16.000000	14.000000	205.000000	376.000000	21.000000	221.927314	370.516909	1.000000	11.580883
12.000000	17.000000	15.000000	231.000000	556.000000	41.000000	220.467660	547.593551	2.000000	12.836912
12.000000	18.000000	0.000000	349.000000	587.000000	42.000000	320.783606	577.275020	2.000000	13.204727
12.000000	19.000000	16.000000	326.000000	578.000000	42.000000	320.783606	577.275020	2.000000	13.621704
12.000000	20.000000	17.000000	543.000000	379.000000	24.000000	541.035451	377.709319	1.000000	14.341805
12.000000	21.000000	18.000000	672.000000	391.000000	25.000000	653.595213	392.326586	1.000000	14.893464
12.000000	22.000000	19.000000	781.000000	472.000000	36.000000	767.804921	473.404573	1.000000	15.685036
12.000000	23.000000	20.000000	1096.000000	571.000000	49.000000	1088.907533	576.506209	1.000000	18.694653
12.000000	24.000000	21.000000	1078.000000	698.000000	59.000000	1067.735402	704.841359	2.000000	19.429732
12.000000	25.000000	22.000000	995.000000	699.000000	58.000000	999.771752	698.057320	2.000000	19.836993
12.000000	26.000000	23.000000	739.000000	681.000000	56.000000	743.782875	679.703933	2.000000	20.582088
12.000000	27.000000	24.000000	661.000000	590.000000	45.000000	652.050988	586.009277	2.000000	21.230530
12.000000	28.000000	25.000000	648.000000	706.000000	55.000000	637.075099	699.343057	2.000000	21.781146
12.000000	29.000000	26.000000	508.000000	667.000000	54.000000	509.558565	657.647703	1.000000	23.181688
12.000000	30.000000	27.000000	192.000000	719.000000	51.000000	194.010088	712.722248	1.000000	23.965137
12.000000	31.000000	28.000000	193.000000	768.000000	61.000000	191.230286	776.965161	1.000000	24.349080
12.000000	32.000000	29.000000	663.000000	778.000000	65.000000	644.144964	775.565323	1.000000	25.405740
12.000000	33.000000	30.000000	512.000000	788.000000	64.000000	531.471483	786.044760	2.000000	25.860841
12.000000	34.000000	0.000000	416.000000	781.000000	63.000000	447.235765	783.492772	2.000000	26.220884
12.000000	35.000000	31.000000	459.000000	785.000000	63.000000	447.235765	783.492772	2.000000	26.742644
12.000000	36.000000	32.000000	355.000000	824.000000	62.000000	334.258060	825.411576	2.000000	27.502744
12.000000	37.000000	33.000000	201.000000	923.000000	71.000000	201.088039	923.804748	1.000000	29.061125
12.000000	38.000000	34.000000	670.000000	885.000000	75.000000	670.080421	891.169064	2.000000	30.188893
12.000000	39.000000	35.000000	752.000000	814.000000	66.000000	746.705811	817.528692	2.000000	30.692890
12.000000	40.000000	36.000000	856.000000	784.000000	67.000000	866.302671	782.383787	1.000000	31.525630
12.000000	41.000000	37.000000	863.000000	893.000000	77.000000	871.173934	885.401571	1.000000	32.085913
12.000000	42.000000	38.000000	967.000000	775.000000	68.000000	961.918600	774.783958	1.000000	33.173858
12.000000	43.000000	39.000000	1085.000000	786.000000	69.000000	1067.117804	801.995700	1.000000	33.836739
12.000000	44.000000	40.000000	1083.000000	842.000000	79.000000	1082.610118	861.898949	1.000000	34.324742
13.000000	1.000000	1.000000	206.000000	171.000000	1.000000	195.985256	177.330629	1.000000	1.797853
13.000000	2.000000	2.000000	334.000000	227.000000	12.000000	334.541032	234.020080	1.000000	2.469667
13.000000	3.000000	0.000000	436.000000	135.000000	3.000000	398.441255	134.710890	1.000000	3.182717
13.000000	4.000000	3.000000	407.000000	138.000000	3.000000	398.441255	134.710890	1.000000	3.623750
13.000000	5.000000	4.000000	501.000000	135.000000	4.000000	514.099855	138.687307	1.000000	4.655705
13.000000	6.000000	5.000000	667.000000	157.000000	5.000000	664.596550	163.598775	1.000000	5.295580
13.000000	7.000000	6.000000	776.000000	137.000000	6.000000	753.477887	138.714993	1.000000	6.230478
13.000000	8.000000	7.000000	641.000000	274.000000	15.000000	628.593669	270.980806	2.000000	7.757615
13.000000	9.000000	0.000000	663.000000	360.000000	25.000000	635.970791	346.219146	2.000000	8.086829
13.000000	10.000000	8.000000	636.000000	350.000000	25.000000	635.970791	346.219146	2.000000	8.518051
13.000000	11.000000	9.000000	416.000000	265.000000	13.000000	411.251483	257.597876	2.000000	9.207208
13.000000	12.000000	10.000000	222.000000	230.000000	11.000000	225.557826	226.549148	2.000000	9.917769
13.000000	13.000000	11.000000	288.000000	393.000000	22.000000	294.199871	396.634335	2.000000	10.695414
13.000000	14.000000	12.000000	559.000000	465.000000	34.000000	561.371802	477.757413	2.000000	11.486354
13.000000	15.000000	13.000000	966.000000	492.000000	38.000000	970.479673	504.738325	2.000000	12.791716
13.000000	16.000000	14.000000	1064.000000	382.000000	29.000000	1067.051447	383.067583	2.000000	13.517599
13.000000	17.000000	15.000000	1199.000000	458.000000	40.000000	1198.623229	471.872832	2.000000	14.743768
13.000000	18.000000	16.000000	1112.000000	562.000000	49.000000	1095.849421	562.263913	2.000000	15.374895
13.000000	19.000000	17.000000	980.000000	705.000000	58.000000	986.273615	702.413265	2.000000	16.151049
13.000000	20.000000	0.000000	1112.000000	790.000000	69.000000	1083.389236	798.281638	2.000000	16.654982
13.000000	21.000000	18.000000	1178.000000	787.000000	70.000000	1170.952570	783.204104	2.000000	17.311701
13.000000	22.000000	19.000000	1079.000000	793.000000	69.000000	1083.389236	798.281638	2.000000	17.726402
13.000000	23.000000	20.000000	1210.000000	872.000000	80.000000	1202.476704	877.001998	1.000000	18.215655
13.000000	24.000000	21.000000	1091.000000	936.000000	79.000000	1089.346516	929.118948	2.000000	19.335132
13.000000	25.000000	22.000000	874.000000	919.000000	77.000000	873.994126	919.192250	1.000000	20.054791
13.000000	26.000000	23.000000	750.000000	779.000000	66.000000	747.048647	768.737843	2.000000	21.087522
13.000000	27.000000	0.000000	696.000000	777.000000	65.000000	669.172061	780.298001	2.000000	21.502107
13.000000	28.000000	24.000000	667.000000	778.000000	65.000000	669.172061	780.298001	2.000000	21.790663
13.000000	29.000000	25.000000	666.000000	861.000000	75.000000	663.116644	869.677481	2.000000	22.246895
13.000000	30.000000	26.000000	557.000000	751.000000	64.000000	558.924921	760.557105	1.000000	23.279835
13.000000	31.000000	27.000000	544.000000	669.000000	54.000000	534.708132	667.969626	1.000000	23.861612
13.000000	32.000000	28.000000	671.000000	669.000000	55.000000	654.344516	662.882012	1.000000	24.294893
13.000000	33.000000	29.000000	428.000000	482.000000	33.000000	416.246260	482.900102	1.000000	26.021963
13.000000	34.000000	30.000000	526.000000	385.000000	24.000000	536.967883	389.037467	1.000000	26.645977
13.000000	35.000000	31.000000	540.000000	276.000000	14.000000	527.384857	275.700874	1.000000	27.358623
13.000000	36.000000	32.000000	652.000000	470.000000	35.000000	643.548053	461.162074	1.000000	28.022219
13.000000	37.000000	0.000000	813.000000	484.000000	36.000000	780.960843	483.635525	1.000000	28.551608
13.000000	38.000000	33.000000	768.000000	474.000000	36.000000	780.960843	483.635525	1.000000	29.086602
13.000000	39.000000	34.000000	773.000000	386.000000	26.000000	768.405862	387.910437	1.000000	29.679480
13.000000	40.000000	35.000000	978.000000	353.000000	28.000000	962.020042	349.024797	1.000000	30.214152
13.000000	41.000000	36.000000	219.000000	545.000000	41.000000	205.898920	542.735059	1.000000	31.630026
13.000000	42.000000	37.000000	322.000000	692.000000	52.000000	330.344593	700.762117	2.000000	32.558756
13.000000	43.000000	38.000000	546.000000	589.000000	44.000000	549.470879	581.264591	2.000000	33.501637
13.000000	44.000000	39.000000	419.000000	858.000000	73.000000	422.529304	866.244038	2.000000	34.910193
13.000000	45.000000	40.000000	321.000000	893.000000	72.000000	321.852349	907.625702	1.000000	35.646821
14.000000	1.000000	1.000000	230.000000	906.000000	71.000000	221.118095	920.691256	1.000000	2.217939
14.000000	2.000000	2.000000	417.000000	828.000000	63.000000	424.463123	818.046805	2.000000	3.192649
14.000000	3.000000	0.000000	541.000000	931.000000	74.000000	514.260368	930.349085	2.000000	3.930312
14.000000	4.000000	3.000000	522.000000	936.000000	74.000000	514.260368	930.349085	2.000000	4.578504
14.000000	5.000000	4.000000	866.000000	934.000000	77.000000	876.277448	932.067360	1.000000	6.049821
14.000000	6.000000	5.000000	1121.000000	902.000000	79.000000	1107.098964	896.030968	2.000000	7.153655
14.000000	7.000000	6.000000	1005.000000	795.000000	68.000000	997.886395	789.328201	1.000000	7.857658
14.000000	8.000000	7.000000	1200.000000	812.000000	70.000000	1196.124759	813.259319	1.000000	8.608778
14.000000	9.000000	8.000000	1182.000000	711.000000	60.000000	1185.866806	718.761915	1.000000	9.082221
14.000000	10.000000	9.000000	1005.000000	710.000000	58.000000	991.573830	703.779228	1.000000	9.602090
14.000000	11.000000	10.000000	861.000000	701.000000	57.000000	868.664284	693.281556	2.000000	10.082073
14.000000	12.000000	11.000000	756.000000	673.000000	56.000000	743.227459	665.681785	1.000000	10.546202
14.000000	13.000000	12.000000	668.000000	687.000000	55.000000	651.692615	703.588219	2.000000	11.024748
14.000000	14.000000	13.000000	206.000000	706.000000	51.000000	207.230795	698.684636	2.000000	12.307018
14.000000	15.000000	14.000000	205.000000	587.000000	41.000000	199.538290	584.530543	1.000000	12.753198
14.000000	16.000000	15.000000	289.000000	591.000000	42.000000	294.802544	590.819147	2.000000	13.154735
14.000000	17.000000	16.000000	653.000000	598.000000	45.000000	659.947849	596.473851	2.000000	14.081233
14.000000	18.000000	17.000000	755.000000	511.000000	36.000000	758.058775	497.732795	2.000000	14.633709
14.000000	19.000000	18.000000	1161.000000	594.000000	50.000000	1170.331157	607.003436	2.000000	15.896763
14.000000	20.000000	19.000000	1171.000000	450.000000	40.000000	1174.405884	438.828654	1.000000	16.874135
14.000000	21.000000	20.000000	1074.000000	448.000000	39.000000	1086.716831	448.113417	1.000000	17.210618
14.000000	22.000000	0.000000	1008.000000	482.000000	38.000000	979.139125	485.919762	1.000000	17.577217
14.000000	23.000000	21.000000	994.000000	485.000000	38.000000	979.139125	485.919762	1.000000	17.810532
14.000000	24.000000	22.000000	1018.000000	386.000000	28.000000	996.535825	391.048280	1.000000	18.569987
14.000000	25.000000	23.000000	1157.000000	337.000000	30.000000	1168.191227	335.639789	2.000000	19.578460
14.000000	26.000000	24.000000	1186.000000	260.000000	20.000000	1202.664128	262.404950	1.000000	20.026573
14.000000	27.000000	25.000000	1084.000000	272.000000	19.000000	1084.257175	273.886655	1.000000	20.520770
14.000000	28.000000	26.000000	1002.000000	297.000000	18.000000	1001.540457	294.441011	1.000000	20.897927
14.000000	29.000000	27.000000	894.000000	293.000000	17.000000	888.396585	292.375265	2.000000	21.305535
14.000000	30.000000	28.000000	857.000000	355.000000	27.000000	852.265902	353.470342	1.000000	21.872807
14.000000	31.000000	29.000000	902.000000	167.000000	7.000000	891.486501	158.377286	1.000000	22.602518
14.000000	32.000000	30.000000	1111.000000	137.000000	9.000000	1103.553431	128.085110	2.000000	23.337943
14.000000	33.000000	31.000000	675.000000	169.000000	5.000000	663.542680	165.846002	2.000000	24.481535
14.000000	34.000000	32.000000	545.000000	275.000000	14.000000	537.277324	273.216790	2.000000	25.274784
14.000000	35.000000	33.000000	437.000000	145.000000	3.000000	448.174650	141.893725	1.000000	26.208635
14.000000	36.000000	34.000000	405.000000	352.000000	23.000000	412.267735	360.991373	1.000000	26.874954
14.000000	37.000000	35.000000	428.000000	482.000000	33.000000	430.827669	482.354572	1.000000	27.522728
14.000000	38.000000	36.000000	516.000000	414.000000	24.000000	514.149976	400.802295	2.000000	28.257368
14.000000	39.000000	37.000000	326.000000	351.000000	22.000000	309.953643	341.287489	2.000000	28.961838
14.000000	40.000000	38.000000	176.000000	267.000000	11.000000	180.100189	265.742014	2.000000	29.786125
14.000000	41.000000	39.000000	203.000000	450.000000	31.000000	209.194739	451.556556	2.000000	30.568940
14.000000	42.000000	40.000000	321.000000	467.000000	32.000000	315.478332	462.569852	2.000000	30.978260
15.000000	1.000000	1.000000	665.000000	661.000000	55.000000	649.544090	649.367589	2.000000	1.673414
15.000000	2.000000	0.000000	659.000000	734.000000	65.000000	644.492753	761.116747	2.000000	2.191703
15.000000	3.000000	2.000000	656.000000	762.000000	65.000000	644.492753	761.116747	2.000000	2.615960
15.000000	4.000000	3.000000	731.000000	844.000000	76.000000	732.710032	863.523646	2.000000	3.320486
15.000000	5.000000	4.000000	744.000000	690.000000	56.000000	746.878091	692.194282	2.000000	4.048734
15.000000	6.000000	5.000000	858.000000	688.000000	57.000000	864.571786	689.755705	1.000000	4.856490
15.000000	7.000000	6.000000	874.000000	799.000000	67.000000	875.077315	801.973671	1.000000	5.361556
15.000000	8.000000	7.000000	986.000000	694.000000	58.000000	988.584892	697.780596	1.000000	5.863720
15.000000	9.000000	8.000000	866.000000	599.000000	47.000000	870.651346	607.386948	1.000000	6.303453
15.000000	10.000000	9.000000	750.000000	582.000000	46.000000	753.685035	576.636009	1.000000	6.721523
15.000000	11.000000	10.000000	512.000000	591.000000	44.000000	508.990397	583.433051	1.000000	7.407728
15.000000	12.000000	11.000000	531.000000	704.000000	54.000000	533.534157	718.023837	1.000000	8.024583
15.000000	13.000000	12.000000	296.000000	808.000000	62.000000	292.160382	817.527594	1.000000	8.839611
15.000000	14.000000	13.000000	415.000000	617.000000	43.000000	415.796842	611.843596	2.000000	9.689444
15.000000	15.000000	14.000000	193.000000	716.000000	51.000000	193.260413	714.096549	2.000000	10.343772
15.000000	16.000000	15.000000	194.000000	752.000000	61.000000	195.060193	760.369461	2.000000	10.735517
15.000000	17.000000	16.000000	440.000000	812.000000	63.000000	430.360905	810.394784	2.000000	11.745102
15.000000	18.000000	17.000000	523.000000	896.000000	74.000000	514.015438	891.452929	2.000000	12.537070
15.000000	19.000000	18.000000	1235.000000	812.000000	70.000000	1215.865568	816.210754	2.000000	14.063947
15.000000	20.000000	19.000000	1091.000000	592.000000	49.000000	1076.712596	598.402731	2.000000	14.847534
15.000000	21.000000	20.000000	976.000000	577.000000	48.000000	988.822834	569.318985	2.000000	15.279594
15.000000	22.000000	21.000000	1073.000000	477.000000	39.000000	1063.399707	491.490581	2.000000	15.840889
15.000000	23.000000	22.000000	1072.000000	391.000000	29.000000	1062.071657	398.042654	1.000000	16.864266
15.000000	24.000000	23.000000	1185.000000	379.000000	30.000000	1175.041141	371.459226	2.000000	17.441027
15.000000	25.000000	0.000000	766.000000	448.000000	36.000000	750.099018	469.333164	1.000000	18.424226
15.000000	26.000000	24.000000	749.000000	453.000000	36.000000	750.099018	469.333164	1.000000	18.833472
15.000000	27.000000	25.000000	643.000000	444.000000	35.000000	659.589923	447.421605	1.000000	19.297225
15.000000	28.000000	26.000000	564.000000	400.000000	24.000000	543.611691	399.091965	1.000000	20.208817
15.000000	29.000000	27.000000	563.000000	475.000000	34.000000	543.003682	486.929611	2.000000	21.305154
15.000000	30.000000	28.000000	644.000000	578.000000	45.000000	639.113600	565.021433	2.000000	21.912214
15.000000	31.000000	29.000000	774.000000	253.000000	16.000000	767.906305	248.422409	1.000000	23.088726
15.000000	32.000000	30.000000	873.000000	226.000000	17.000000	875.640275	223.815831	1.000000	23.609579
15.000000	33.000000	31.000000	974.000000	270.000000	18.000000	966.851061	271.760628	2.000000	24.129472
15.000000	34.000000	32.000000	875.000000	123.000000	7.000000	880.253998	126.659964	2.000000	24.879709
15.000000	35.000000	33.000000	555.000000	145.000000	4.000000	559.065808	148.407012	1.000000	25.737113
15.000000	36.000000	34.000000	421.000000	264.000000	13.000000	426.957991	266.691483	1.000000	26.545460
15.000000	37.000000	35.000000	338.000000	376.000000	22.000000	341.757804	375.525140	2.000000	27.096339
15.000000	38.000000	36.000000	241.000000	282.000000	11.000000	217.889570	276.996957	1.000000	27.800075
15.000000	39.000000	37.000000	224.000000	350.000000	21.000000	205.405859	338.708738	1.000000	28.192958
15.000000	40.000000	0.000000	443.000000	494.000000	33.000000	408.214914	504.309216	1.000000	28.895660
15.000000	41.000000	0.000000	383.000000	494.000000	33.000000	408.214914	504.309216	1.000000	29.231739
15.000000	42.000000	38.000000	400.000000	501.000000	33.000000	408.214914	504.309216	1.000000	29.608784
15.000000	43.000000	39.000000	224.000000	480.000000	31.000000	211.246310	479.081577	1.000000	30.184216
15.000000	44.000000	40.000000	221.000000	573.000000	41.000000	213.005381	574.354743	2.000000	30.761502
16.000000	1.000000	1.000000	1093.000000	151.000000	9.000000	1098.130346	164.003539	1.000000	1.983740
16.000000	2.000000	2.000000	1161.000000	322.000000	30.000000	1174.223722	330.776678	1.000000	2.775735
16.000000	3.000000	3.000000	1068.000000	337.000000	29.000000	1060.719247	343.118697	1.000000	3.255151
16.000000	4.000000	4.000000	900.000000	243.000000	17.000000	878.834582	244.199120	1.000000	4.199644
16.000000	5.000000	5.000000	1006.000000	331.000000	28.000000	996.578601	342.981187	2.000000	4.814686
16.000000	6.000000	6.000000	552.000000	232.000000	14.000000	543.369932	227.014127	1.000000	6.303534
16.000000	7.000000	7.000000	744.000000	363.000000	26.000000	746.777783	378.094867	1.000000	7.102289
16.000000	8.000000	8.000000	340.000000	334.000000	22.000000	337.541074	337.742854	1.000000	7.950700
16.000000	9.000000	9.000000	408.000000	368.000000	23.000000	412.960805	375.734596	1.000000	8.335233
16.000000	10.000000	10.000000	414.000000	243.000000	13.000000	407.961087	242.564329	2.000000	8.998215
16.000000	11.000000	11.000000	541.000000	115.000000	4.000000	528.431302	118.902356	2.000000	9.637814
16.000000	12.000000	12.000000	535.000000	396.000000	24.000000	542.708298	396.871788	2.000000	10.439344
16.000000	13.000000	13.000000	544.000000	446.000000	34.000000	542.554800	453.930233	2.000000	10.854611
16.000000	14.000000	14.000000	438.000000	436.000000	33.000000	425.030650	436.609644	2.000000	11.303390
16.000000	15.000000	15.000000	214.000000	289.000000	11.000000	202.029085	283.836447	1.000000	12.589710
16.000000	16.000000	16.000000	302.000000	472.000000	32.000000	295.299190	468.403586	1.000000	13.342318
16.000000	17.000000	0.000000	136.000000	479.000000	31.000000	190.784411	496.826719	1.000000	13.830720
16.000000	18.000000	17.000000	175.000000	493.000000	31.000000	190.784411	496.826719	1.000000	14.246758
16.000000	19.000000	18.000000	616.000000	455.000000	35.000000	624.216382	459.178054	1.000000	15.375308
16.000000	20.000000	19.000000	163.000000	587.000000	41.000000	180.494935	592.000037	2.000000	16.623603
16.000000	21.000000	20.000000	647.000000	572.000000	45.000000	628.282089	570.356761	2.000000	17.903656
16.000000	22.000000	21.000000	833.000000	574.000000	47.000000	840.721644	582.906406	2.000000	18.743603
16.000000	23.000000	22.000000	965.000000	491.000000	38.000000	966.230825	478.555534	2.000000	19.421990
16.000000	24.000000	23.000000	1048.000000	494.000000	39.000000	1058.388159	504.670243	2.000000	19.982826
16.000000	25.000000	24.000000	1216.000000	696.000000	60.000000	1215.222449	706.684876	1.000000	21.358497
16.000000	26.000000	25.000000	981.000000	606.000000	48.000000	980.413519	600.419068	1.000000	22.198865
16.000000	27.000000	26.000000	999.000000	686.000000	58.000000	984.463236	675.197926	2.000000	22.646975
16.000000	28.000000	27.000000	619.000000	656.000000	55.000000	620.844024	655.996801	1.000000	23.790353
16.000000	29.000000	28.000000	452.000000	687.000000	53.000000	448.317192	700.268097	1.000000	24.431623
16.000000	30.000000	29.000000	530.000000	874.000000	74.000000	521.094265	894.216831	2.000000	26.150396
16.000000	31.000000	30.000000	432.000000	875.000000	73.000000	433.842547	880.963899	2.000000	27.054121
16.000000	32.000000	31.000000	516.000000	784.000000	64.000000	518.907250	787.128981	1.000000	27.734304
16.000000	33.000000	32.000000	297.000000	815.000000	62.000000	303.751979	824.604957	1.000000	28.543813
16.000000	34.000000	33.000000	215.000000	906.000000	71.000000	219.535292	894.883224	2.000000	29.462217
16.000000	35.000000	34.000000	732.000000	874.000000	76.000000	733.406423	875.341704	2.000000	30.542425
16.000000	36.000000	35.000000	682.000000	911.000000	75.000000	671.345099	913.865174	1.000000	30.878208
16.000000	37.000000	36.000000	890.000000	865.000000	77.000000	885.999128	868.821708	2.000000	31.549641
16.000000	38.000000	37.000000	958.000000	888.000000	78.000000	954.685290	882.174917	2.000000	31.917623
16.000000	39.000000	38.000000	1053.000000	880.000000	79.000000	1059.024007	890.219416	2.000000	32.318533
16.000000	40.000000	39.000000	1164.000000	907.000000	80.000000	1179.818790	916.081166	2.000000	32.887118
16.000000	41.000000	40.000000	1117.000000	776.000000	69.000000	1105.807984	794.422834	1.000000	33.518123
17.000000	1.000000	1.000000	640.000000	903.000000	75.000000	644.175156	901.499160	2.000000	2.672061
17.000000	2.000000	2.000000	539.000000	903.000000	74.000000	543.904129	911.057068	1.000000	2.967228
17.000000	3.000000	0.000000	380.000000	904.000000	73.000000	422.304040	905.965879	2.000000	3.463099
17.000000	4.000000	3.000000	419.000000	901.000000	73.000000	422.304040	905.965879	2.000000	3.904944
17.000000	5.000000	4.000000	302.000000	889.000000	72.000000	311.793224	879.778492	1.000000	4.279078
17.000000	6.000000	5.000000	413.000000	778.000000	63.000000	408.578204	780.040295	1.000000	5.303057
17.000000	7.000000	6.000000	539.000000	797.000000	64.000000	528.571689	790.739775	2.000000	5.943592
17.000000	8.000000	7.000000	752.000000	710.000000	56.000000	738.564069	712.106913	2.000000	6.671333
17.000000	9.000000	8.000000	879.000000	901.000000	77.000000	890.498622	913.424362	2.000000	7.366936
17.000000	10.000000	9.000000	1211.000000	889.000000	80.000000	1212.645779	908.793126	1.000000	8.752361
17.000000	11.000000	10.000000	985.000000	794.000000	68.000000	974.286066	788.571556	1.000000	9.375784
17.000000	12.000000	11.000000	758.000000	882.000000	76.000000	764.620101	887.216563	1.000000	10.303640
17.000000	13.000000	12.000000	863.000000	696.000000	57.000000	845.223271	708.650383	1.000000	10.815519
17.000000	14.000000	13.000000	1201.000000	697.000000	60.000000	1199.109587	692.513921	1.000000	11.566844
17.000000	15.000000	14.000000	1127.000000	748.000000	69.000000	1107.392033	762.391160	2.000000	12.063436
17.000000	16.000000	0.000000	1215.000000	593.000000	50.000000	1184.402703	595.071537	2.000000	12.520233
17.000000	17.000000	0.000000	1157.000000	590.000000	50.000000	1184.402703	595.071537	2.000000	12.879879
17.000000	18.000000	15.000000	1209.000000	591.000000	50.000000	1184.402703	595.071537	2.000000	13.367939
17.000000	19.000000	16.000000	1092.000000	593.000000	49.000000	1086.526878	592.750080	2.000000	13.727274
17.000000	20.000000	17.000000	943.000000	553.000000	48.000000	959.764090	548.785648	2.000000	14.192191
17.000000	21.000000	18.000000	775.000000	497.000000	36.000000	773.166076	500.916817	2.000000	14.840839
17.000000	22.000000	19.000000	848.000000	611.000000	47.000000	847.876424	595.076656	1.000000	15.200424
17.000000	23.000000	20.000000	794.000000	374.000000	26.000000	779.741708	384.254623	1.000000	15.951019
17.000000	24.000000	21.000000	775.000000	293.000000	16.000000	765.187905	288.685550	2.000000	16.616519
17.000000	25.000000	22.000000	634.000000	479.000000	35.000000	627.886639	481.773267	1.000000	17.263721
17.000000	26.000000	23.000000	570.000000	364.000000	24.000000	561.778764	368.085806	2.000000	18.336914
17.000000	27.000000	24.000000	424.000000	431.000000	33.000000	431.977044	439.911878	2.000000	18.879567
17.000000	28.000000	25.000000	487.000000	585.000000	44.000000	510.326363	586.835738	2.000000	19.702754
17.000000	29.000000	26.000000	440.000000	585.000000	43.000000	425.451120	591.785093	2.000000	20.127712
17.000000	30.000000	27.000000	339.000000	658.000000	52.000000	329.811821	677.565192	1.000000	20.904445
17.000000	31.000000	28.000000	201.000000	767.000000	61.000000	196.596600	786.496109	2.000000	22.366675
17.000000	32.000000	29.000000	316.000000	550.000000	42.000000	314.815521	556.009900	1.000000	23.009012
17.000000	33.000000	30.000000	205.000000	483.000000	31.000000	211.346232	460.395040	2.000000	23.631023
17.000000	34.000000	31.000000	193.000000	333.000000	21.000000	190.015150	342.045196	2.000000	24.383000
17.000000	35.000000	32.000000	319.000000	334.000000	22.000000	321.739607	342.063400	1.000000	25.544375
17.000000	36.000000	33.000000	295.000000	240.000000	12.000000	297.591100	240.567290	2.000000	25.952465
17.000000	37.000000	34.000000	447.000000	166.000000	3.000000	428.910146	159.444786	2.000000	26.615602
17.000000	38.000000	0.000000	351.000000	156.000000	2.000000	323.633415	170.091556	1.000000	27.040799
17.000000	39.000000	35.000000	323.000000	160.000000	2.000000	323.633415	170.091556	1.000000	27.343173
17.000000	40.000000	36.000000	650.000000	154.000000	5.000000	661.655022	152.206687	1.000000	28.744882
17.000000	41.000000	37.000000	868.000000	235.000000	17.000000	850.584834	232.000070	1.000000	29.966880
17.000000	42.000000	38.000000	962.000000	250.000000	18.000000	949.892622	250.326944	1.000000	30.335663
17.000000	43.000000	0.000000	1012.000000	347.000000	28.000000	980.442661	349.486428	1.000000	30.831026
17.000000	44.000000	39.000000	1001.000000	348.000000	28.000000	980.442661	349.486428	1.000000	31.208787
17.000000	45.000000	40.000000	1218.000000	350.000000	30.000000	1202.437245	351.892774	1.000000	31.960279
18.000000	1.000000	1.000000	1097.000000	138.000000	9.000000	1102.277841	146.773256	2.000000	1.174795
18.000000	2.000000	2.000000	998.000000	142.000000	8.000000	1001.101856	145.575704	2.000000	1.565618
18.000000	3.000000	3.000000	622.000000	144.000000	5.000000	618.995249	149.386840	2.000000	2.332906
18.000000	4.000000	0.000000	520.000000	149.000000	4.000000	547.462757	153.958390	2.000000	2.757777
18.000000	5.000000	4.000000	525.000000	156.000000	4.000000	547.462757	153.958390	2.000000	2.997535
18.000000	6.000000	5.000000	405.000000	160.000000	3.000000	401.660679	160.043387	2.000000	3.580830
18.000000	7.000000	6.000000	334.000000	170.000000	2.000000	331.025823	166.809747	2.000000	3.917548
18.000000	8.000000	7.000000	546.000000	377.000000	24.000000	541.690081	371.037621	2.000000	5.062461
18.000000	9.000000	8.000000	730.000000	399.000000	26.000000	735.742707	389.982288	2.000000	5.701558
18.000000	10.000000	9.000000	782.000000	243.000000	16.000000	773.134075	227.443511	1.000000	6.420933
18.000000	11.000000	10.000000	535.000000	253.000000	14.000000	521.875994	247.488680	1.000000	7.078795
18.000000	12.000000	11.000000	346.000000	255.000000	12.000000	339.509388	247.054704	1.000000	7.590928
18.000000	13.000000	12.000000	207.000000	249.000000	11.000000	201.156456	242.558748	1.000000	8.101018
18.000000	14.000000	13.000000	306.000000	502.000000	32.000000	317.261652	487.771077	1.000000	8.973621
18.000000	15.000000	14.000000	432.000000	461.000000	33.000000	427.593000	443.539531	1.000000	9.446270
18.000000	16.000000	15.000000	1188.000000	139.000000	10.000000	1179.128570	131.796604	1.000000	11.502965
18.000000	17.000000	16.000000	996.000000	453.000000	38.000000	989.034208	444.993426	1.000000	12.350178
18.000000	18.000000	17.000000	1226.000000	580.000000	50.000000	1209.760834	573.163196	1.000000	12.942128
18.000000	19.000000	18.000000	762.000000	581.000000	46.000000	753.647367	577.912169	1.000000	13.733617
18.000000	20.000000	19.000000	560.000000	556.000000	44.000000	553.579741	542.641397	1.000000	14.334890
18.000000	21.000000	20.000000	449.000000	576.000000	43.000000	437.140603	573.890506	2.000000	14.957432
18.000000	22.000000	21.000000	314.000000	572.000000	42.000000	310.791713	564.456555	2.000000	15.333235
18.000000	23.000000	22.000000	180.000000	612.000000	41.000000	189.883290	610.459488	1.000000	15.870004
18.000000	24.000000	23.000000	398.000000	664.000000	53.000000	405.488433	659.834425	2.000000	16.613050
18.000000	25.000000	0.000000	550.000000	667.000000	54.000000	515.211460	669.984444	1.000000	17.133715
18.000000	26.000000	24.000000	511.000000	672.000000	54.000000	515.211460	669.984444	1.000000	17.437701
18.000000	27.000000	25.000000	860.000000	686.000000	57.000000	863.865458	679.914704	1.000000	18.213865
18.000000	28.000000	26.000000	1054.000000	609.000000	49.000000	1058.935672	608.572437	2.000000	18.885133
18.000000	29.000000	27.000000	1174.000000	796.000000	70.000000	1183.451890	794.901395	2.000000	19.542212
18.000000	30.000000	28.000000	871.000000	809.000000	67.000000	861.962721	813.604782	2.000000	20.629568
18.000000	31.000000	29.000000	846.000000	873.000000	77.000000	839.353845	862.122337	2.000000	21.053739
18.000000	32.000000	30.000000	968.000000	821.000000	68.000000	978.162471	812.406266	2.000000	21.868973
18.000000	33.000000	31.000000	755.000000	764.000000	66.000000	743.106137	763.087902	2.000000	22.565644
18.000000	34.000000	32.000000	616.000000	780.000000	65.000000	620.702992	778.714154	1.000000	22.981169
18.000000	35.000000	33.000000	618.000000	862.000000	75.000000	631.138065	871.778957	2.000000	23.381417
18.000000	36.000000	0.000000	418.000000	864.000000	73.000000	446.335291	867.521160	1.000000	23.941151
18.000000	37.000000	34.000000	447.000000	870.000000	73.000000	446.335291	867.521160	1.000000	24.293006
18.000000	38.000000	35.000000	319.000000	906.000000	72.000000	325.420987	913.015754	1.000000	25.014066
18.000000	39.000000	36.000000	417.000000	801.000000	63.000000	424.743395	804.089930	2.000000	25.685856
18.000000	40.000000	37.000000	227.000000	805.000000	61.000000	216.366278	804.602248	2.000000	26.381191
18.000000	41.000000	38.000000	1065.000000	760.000000	69.000000	1069.386776	772.324165	1.000000	27.453656
18.000000	42.000000	39.000000	1084.000000	704.000000	59.000000	1068.779934	713.000250	1.000000	27.845701
18.000000	43.000000	40.000000	1175.000000	895.000000	80.000000	1180.248604	896.948635	1.000000	28.574216
19.000000	1.000000	1.000000	1055.000000	186.000000	9.000000	1060.891463	187.513474	2.000000	1.953306
19.000000	2.000000	2.000000	966.000000	244.000000	18.000000	954.680818	243.712664	1.000000	2.657685
19.000000	3.000000	3.000000	881.000000	289.000000	17.000000	875.250027	290.819129	1.000000	3.305367
19.000000	4.000000	4.000000	867.000000	182.000000	7.000000	860.578084	174.293483	2.000000	3.937805
19.000000	5.000000	5.000000	750.000000	180.000000	6.000000	744.956877	175.947974	2.000000	4.465732
19.000000	6.000000	6.000000	638.000000	173.000000	5.000000	642.914157	164.985108	1.000000	5.071959
19.000000	7.000000	7.000000	758.000000	374.000000	26.000000	748.908702	367.949647	1.000000	5.985806
19.000000	8.000000	8.000000	545.000000	255.000000	14.000000	543.158124	253.675595	2.000000	6.745038
19.000000	9.000000	9.000000	447.000000	156.000000	3.000000	437.502533	147.260520	2.000000	7.568880
19.000000	10.000000	0.000000	454.000000	287.000000	13.000000	440.328327	265.349108	2.000000	8.041502
19.000000	11.000000	10.000000	446.000000	253.000000	13.000000	440.328327	265.349108	2.000000	8.608178
19.000000	12.000000	11.000000	409.000000	339.000000	23.000000	406.558182	340.454315	2.000000	9.064804
19.000000	13.000000	12.000000	198.000000	127.000000	1.000000	187.236737	118.846585	2.000000	10.217179
19.000000	14.000000	13.000000	410.000000	457.000000	33.000000	413.547070	469.572261	2.000000	11.136457
19.000000	15.000000	14.000000	553.000000	483.000000	34.000000	550.203587	478.104164	2.000000	11.673556
19.000000	16.000000	15.000000	627.000000	470.000000	35.000000	621.915274	459.785810	2.000000	12.056225
19.000000	17.000000	16.000000	995.000000	402.000000	28.000000	985.599249	390.098924	2.000000	13.761469
19.000000	18.000000	17.000000	1211.000000	561.000000	50.000000	1210.621480	565.416404	2.000000	14.480781
19.000000	19.000000	18.000000	1168.000000	690.000000	60.000000	1180.384324	680.081179	2.000000	15.017786
19.000000	20.000000	19.000000	1180.000000	884.000000	80.000000	1188.212595	887.638628	2.000000	15.848055
19.000000	21.000000	20.000000	867.000000	666.000000	57.000000	870.707457	660.038768	2.000000	16.993796
19.000000	22.000000	21.000000	314.000000	688.000000	52.000000	324.644496	683.426448	2.000000	18.673878
19.000000	23.000000	22.000000	211.000000	608.000000	41.000000	201.597919	611.936864	2.000000	19.145496
19.000000	24.000000	23.000000	287.000000	555.000000	42.000000	287.587989	546.304002	2.000000	19.673809
19.000000	25.000000	24.000000	303.000000	489.000000	32.000000	299.659401	499.535966	1.000000	20.153391
19.000000	26.000000	25.000000	307.000000	378.000000	22.000000	293.252961	371.036006	1.000000	20.856639
19.000000	27.000000	26.000000	201.000000	357.000000	21.000000	191.983107	355.476145	1.000000	21.920358
19.000000	28.000000	27.000000	201.000000	229.000000	11.000000	192.643114	226.647419	1.000000	22.449413
19.000000	29.000000	28.000000	523.000000	399.000000	24.000000	528.454380	390.204828	1.000000	23.289780
19.000000	30.000000	29.000000	901.000000	559.000000	47.000000	885.609649	556.807870	1.000000	24.639939
19.000000	31.000000	30.000000	984.000000	496.000000	38.000000	973.490200	483.009596	1.000000	25.096281
19.000000	32.000000	31.000000	985.000000	602.000000	48.000000	966.829696	588.330480	1.000000	25.481492
19.000000	33.000000	32.000000	1102.000000	357.000000	29.000000	1101.993634	359.217724	1.000000	26.312379
19.000000	34.000000	33.000000	1215.000000	383.000000	30.000000	1208.355078	386.605366	1.000000	26.728081
19.000000	35.000000	34.000000	767.000000	705.000000	56.000000	768.522589	699.870452	1.000000	27.920975
19.000000	36.000000	35.000000	771.000000	777.000000	66.000000	780.178955	777.189912	1.000000	28.305663
19.000000	37.000000	36.000000	1089.000000	856.000000	79.000000	1091.420246	867.746540	1.000000	29.032872
19.000000	38.000000	37.000000	794.000000	880.000000	76.000000	778.253784	882.342183	2.000000	29.913453
19.000000	39.000000	38.000000	651.000000	914.000000	75.000000	650.533165	906.449649	1.000000	31.441208
19.000000	40.000000	39.000000	317.000000	900.000000	72.000000	328.832579	894.663682	1.000000	32.249229
19.000000	41.000000	40.000000	194.000000	899.000000	71.000000	203.036273	895.021575	1.000000	32.695698
20.000000	1.000000	1.000000	197.000000	801.000000	61.000000	183.775065	788.425488	2.000000	2.754428
20.000000	2.000000	2.000000	325.000000	804.000000	62.000000	305.498702	794.789410	2.000000	3.128645
20.000000	3.000000	3.000000	195.000000	708.000000	51.000000	178.794649	691.046743	2.000000	3.632638
20.000000	4.000000	4.000000	340.000000	696.000000	52.000000	331.842278	685.365461	2.000000	4.074202
20.000000	5.000000	0.000000	424.000000	678.000000	53.000000	442.812032	659.859158	2.000000	4.530550
20.000000	6.000000	5.000000	446.000000	646.000000	53.000000	442.812032	659.859158	2.000000	5.194062
20.000000	7.000000	6.000000	536.000000	596.000000	44.000000	538.277968	587.966079	2.000000	5.881979
20.000000	8.000000	7.000000	566.000000	460.000000	34.000000	562.044571	457.285585	2.000000	7.042151
20.000000	9.000000	8.000000	639.000000	308.000000	15.000000	630.878852	287.028637	2.000000	7.665745
20.000000	10.000000	9.000000	656.000000	162.000000	5.000000	660.811357	156.360008	2.000000	8.754529
20.000000	11.000000	10.000000	885.000000	174.000000	7.000000	872.565138	170.844409	2.000000	9.577314
20.000000	12.000000	11.000000	973.000000	127.000000	8.000000	977.212796	127.309769	2.000000	10.210567
20.000000	13.000000	12.000000	1094.000000	151.000000	9.000000	1090.013320	153.305795	1.000000	10.897872
20.000000	14.000000	13.000000	1187.000000	144.000000	10.000000	1190.743486	145.476607	1.000000	11.345365
20.000000	15.000000	14.000000	1198.000000	264.000000	20.000000	1188.094207	254.891857	1.000000	11.906530
20.000000	16.000000	15.000000	1200.000000	341.000000	30.000000	1209.294108	342.045216	1.000000	12.313138
20.000000	17.000000	16.000000	1092.000000	362.000000	29.000000	1097.460849	361.906148	1.000000	12.833697
20.000000	18.000000	17.000000	994.000000	496.000000	38.000000	978.663645	501.035262	1.000000	13.673700
20.000000	19.000000	18.000000	761.000000	284.000000	16.000000	747.299478	266.166758	1.000000	14.721437
20.000000	20.000000	19.000000	546.000000	245.000000	14.000000	538.130725	234.341865	1.000000	15.480701
20.000000	21.000000	20.000000	416.000000	139.000000	3.000000	412.220735	139.583956	1.000000	16.505580
20.000000	22.000000	21.000000	411.000000	260.000000	13.000000	425.385271	256.540479	1.000000	17.122008
20.000000	23.000000	22.000000	197.000000	256.000000	11.000000	204.123153	252.954968	1.000000	17.913416
20.000000	24.000000	23.000000	192.000000	344.000000	21.000000	200.134573	343.894844	2.000000	18.489511
20.000000	25.000000	24.000000	186.000000	445.000000	31.000000	195.039873	457.078797	1.000000	19.152493
20.000000	26.000000	25.000000	328.000000	501.000000	32.000000	316.256186	490.890982	2.000000	20.049990
20.000000	27.000000	26.000000	325.000000	539.000000	42.000000	319.174738	544.286765	1.000000	20.418312
20.000000	28.000000	27.000000	441.000000	558.000000	43.000000	430.558322	556.206577	1.000000	20.953302
20.000000	29.000000	28.000000	795.000000	494.000000	36.000000	772.509774	498.197876	2.000000	21.793368
20.000000	30.000000	29.000000	872.000000	495.000000	37.000000	864.304870	492.629316	2.000000	22.480740
20.000000	31.000000	30.000000	1178.000000	475.000000	40.000000	1180.582077	471.058375	1.000000	24.616620
20.000000	32.000000	31.000000	1080.000000	709.000000	59.000000	1065.809047	710.745760	2.000000	25.601862
20.000000	33.000000	32.000000	884.000000	665.000000	57.000000	880.436834	656.997519	2.000000	26.881115
20.000000	34.000000	33.000000	622.000000	811.000000	65.000000	631.987833	816.361609	1.000000	28.242477
20.000000	35.000000	34.000000	413.000000	864.000000	73.000000	414.018166	872.896887	2.000000	29.010585
20.000000	36.000000	35.000000	547.000000	902.000000	74.000000	546.204860	907.688556	2.000000	29.578724
20.000000	37.000000	36.000000	642.000000	916.000000	75.000000	637.972727	913.357878	1.000000	30.065747
20.000000	38.000000	37.000000	776.000000	916.000000	76.000000	773.624887	908.055485	1.000000	30.674584
20.000000	39.000000	38.000000	861.000000	770.000000	67.000000	868.560528	770.982868	1.000000	31.345860
20.000000	40.000000	39.000000	1185.000000	855.000000	80.000000	1181.691726	864.963657	1.000000	32.306309
20.000000	41.000000	40.000000	1212.000000	803.000000	70.000000	1217.358449	803.353013	2.000000	32.792778
21.000000	1.000000	1.000000	750.000000	591.000000	46.000000	743.303866	588.682531	2.000000	1.540589
21.000000	2.000000	2.000000	653.000000	547.000000	45.000000	651.057481	558.612231	1.000000	2.187856
21.000000	3.000000	3.000000	779.000000	396.000000	26.000000	778.665435	386.035327	1.000000	3.483320
21.000000	4.000000	4.000000	538.000000	283.000000	14.000000	547.374752	288.978901	1.000000	4.300536
21.000000	5.000000	5.000000	721.000000	232.000000	16.000000	733.333906	242.699915	1.000000	4.971610
21.000000	6.000000	6.000000	627.000000	247.000000	15.000000	626.897834	255.980544	2.000000	5.524729
21.000000	7.000000	7.000000	658.000000	168.000000	5.000000	654.540887	187.064411	2.000000	5.891662
21.000000	8.000000	8.000000	833.000000	177.000000	7.000000	842.380938	186.917780	1.000000	6.517125
21.000000	9.000000	9.000000	875.000000	241.000000	17.000000	865.481003	239.770327	1.000000	6.898937
21.000000	10.000000	10.000000	995.000000	109.000000	8.000000	992.947387	124.462704	2.000000	7.732443
21.000000	11.000000	11.000000	1059.000000	172.000000	9.000000	1070.969440	183.963996	1.000000	8.091950
21.000000	12.000000	12.000000	1072.000000	216.000000	19.000000	1079.396516	226.726733	2.000000	8.476760
21.000000	13.000000	13.000000	1213.000000	275.000000	20.000000	1214.662135	285.838605	1.000000	9.075310
21.000000	14.000000	14.000000	1115.000000	458.000000	39.000000	1098.353126	443.045743	1.000000	10.004326
21.000000	15.000000	15.000000	996.000000	463.000000	38.000000	993.489569	452.714375	2.000000	10.461110
21.000000	16.000000	16.000000	953.000000	337.000000	28.000000	955.363051	335.907061	2.000000	10.987378
21.000000	17.000000	17.000000	1196.000000	780.000000	70.000000	1183.240423	771.976365	2.000000	12.188724
21.000000	18.000000	18.000000	1093.000000	868.000000	79.000000	1085.529246	872.264282	1.000000	13.043242
21.000000	19.000000	19.000000	1084.000000	688.000000	59.000000	1095.765330	689.918869	1.000000	13.595758
21.000000	20.000000	20.000000	1166.000000	567.000000	50.000000	1169.283801	558.938514	1.000000	14.085031
21.000000	21.000000	21.000000	833.000000	788.000000	67.000000	839.204748	801.453826	2.000000	15.267351
21.000000	22.000000	0.000000	644.000000	884.000000	75.000000	665.110533	901.919491	1.000000	16.061010
21.000000	23.000000	22.000000	662.000000	893.000000	75.000000	665.110533	901.919491	1.000000	16.620048
21.000000	24.000000	23.000000	661.000000	806.000000	65.000000	644.687439	815.484059	1.000000	17.060627
21.000000	25.000000	0.000000	640.000000	655.000000	55.000000	625.564805	679.709601	1.000000	17.532991
21.000000	26.000000	24.000000	639.000000	670.000000	55.000000	625.564805	679.709601	1.000000	18.003829
21.000000	27.000000	25.000000	312.000000	920.000000	72.000000	323.160128	918.917241	1.000000	18.900813
21.000000	28.000000	26.000000	550.000000	908.000000	74.000000	553.557429	905.238580	2.000000	19.499277
21.000000	29.000000	27.000000	195.000000	893.000000	71.000000	194.395316	898.379240	2.000000	20.260983
21.000000	30.000000	28.000000	400.000000	659.000000	53.000000	410.852771	657.683452	2.000000	21.133171
21.000000	31.000000	29.000000	447.000000	591.000000	43.000000	441.524972	589.242188	2.000000	21.619738
21.000000	32.000000	0.000000	551.000000	581.000000	44.000000	522.805292	566.842128	2.000000	22.005048
21.000000	33.000000	30.000000	528.000000	574.000000	44.000000	522.805292	566.842128	2.000000	22.508730
21.000000	34.000000	31.000000	551.000000	646.000000	54.000000	554.118350	660.421306	2.000000	22.900642
21.000000	35.000000	0.000000	880.000000	490.000000	37.000000	853.706417	488.984321	2.000000	23.684936
21.000000	36.000000	32.000000	873.000000	486.000000	37.000000	853.706417	488.984321	2.000000	24.260848
21.000000	37.000000	33.000000	423.000000	400.000000	23.000000	401.244792	400.875191	1.000000	25.891866
21.000000	38.000000	34.000000	233.000000	352.000000	21.000000	219.367323	363.620921	2.000000	27.228960
21.000000	39.000000	35.000000	213.000000	246.000000	11.000000	207.022585	241.721452	1.000000	27.915914
21.000000	40.000000	36.000000	199.000000	156.000000	1.000000	185.553636	157.045767	1.000000	28.523185
21.000000	41.000000	37.000000	295.000000	361.000000	22.000000	288.984984	365.109463	1.000000	29.267651
21.000000	42.000000	38.000000	343.000000	265.000000	12.000000	336.313259	280.019356	2.000000	29.716318
21.000000	43.000000	39.000000	314.000000	167.000000	2.000000	307.060369	169.708924	2.000000	30.315077
21.000000	44.000000	40.000000	526.000000	143.000000	4.000000	512.687475	153.410070	2.000000	31.283853
