MultiTargForag_1	Participant_Code = 1								
Search_Type = 1	CB_Targets = 1								
Trial	Click_Num	Target_Click_Order	Click_X	Click_y	Item_selected	Item_X	Item_Y	Target_Set	RT
1	1	1	555	350	36	551.785176	341.948545	2	2.105466
1	2	2	566	286	26	556.673262	270.164247	1	2.789332
1	3	3	632	280	27	612.764101	278.062041	1	3.391614
1	4	4	626	345	37	612.690019	354.283953	1	3.918856
1	5	5	625	389	47	615.586702	408.226192	1	4.391511
1	6	6	556	409	46	546.165693	408.484713	2	4.901875
1	7	7	541	468	56	541.743704	486.006558	2	5.334088
1	8	8	480	437	45	470.827619	429.310492	1	5.829705
1	9	9	409	405	44	410.42495	403.169358	1	6.310244
1	10	10	412	463	54	408.581678	482.131364	1	7.381701
1	11	11	353	476	53	338.963516	489.353614	2	8.030926
1	12	12	325	564	63	328.346505	555.471133	1	8.918736
1	13	13	413	543	64	409.789186	544.319478	2	9.421743
1	14	14	476	543	65	481.040997	545.98647	1	9.974733
1	15	15	245	610	72	250.817426	623.121199	2	10.758389
1	16	16	198	559	61	193.41524	550.418076	2	11.463075
1	17	17	180	419	41	184.314913	412.369481	2	12.237507
1	18	18	179	267	21	187.229699	275.529488	3	13.37388
2	1	1	339	284	23	337.156217	280.263132	2	7.781395
2	2	2	322	201	13	323.096431	189.017768	1	13.846056
2	3	3	268	201	12	260.373932	201.630602	2	14.477691
2	4	4	260	157	2	258.005242	140.640505	1	15.309573
2	5	5	197	199	11	182.573945	201.205626	2	15.998322
2	6	6	258	336	32	253.209958	337.442843	1	16.756839
2	7	7	197	416	41	188.953072	402.771201	2	17.645559
2	8	8	192	480	51	179.972602	489.143871	1	18.141919
2	9	9	337	583	63	327.158196	569.942989	2	18.87832
2	10	10	257	626	72	264.604021	618.386779	2	19.462681
2	11	11	208	621	71	192.245753	614.731302	2	19.948991
2	12	12	386	643	74	401.242537	648.396975	2	20.501075
2	13	0	439	641	75	472.160586	634.348859	1	21.005206
2	14	13	469	637	75	472.160586	634.348859	1	21.406219
2	15	14	416	567	64	407.00835	550.760455	2	21.926851
2	16	0	457	532	55	481.090015	508.080678	2	22.494187
2	17	15	466	519	55	481.090015	508.080678	2	22.725234
2	18	16	542	558	66	544.281546	556.600684	2	23.325113
2	19	17	565	625	76	554.699851	628.279504	1	23.870005
2	20	18	606	622	77	616.075794	619.855325	1	24.333425
2	21	19	773	582	69	765.673098	568.418255	1	24.93441
2	22	20	826	572	70	845.552866	567.548402	2	25.405228
2	23	21	829	527	60	832.949018	505.510618	1	25.950492
2	24	0	711	503	58	690.881157	483.038111	1	26.526134
2	25	22	689	490	58	690.881157	483.038111	1	27.109656
2	26	23	553	484	56	550.089665	474.581467	2	27.653755
2	27	24	409	426	44	399.652642	413.374416	1	28.159086
2	28	25	356	424	43	334.337925	423.204283	2	28.646973
2	29	26	471	377	35	480.279816	356.341895	1	29.406432
2	30	0	484	307	25	471.851207	279.784656	1	30.134958
2	31	27	481	297	25	471.851207	279.784656	1	30.485046
2	32	28	556	329	36	548.215306	337.325005	2	30.982935
2	33	29	549	301	26	546.789935	287.16555	2	31.517135
2	34	30	552	220	16	548.673126	221.272499	2	32.149003
2	35	31	558	145	6	548.303447	139.557563	2	32.822638
2	36	32	413	127	4	400.794804	120.382845	1	33.414727
2	37	33	615	133	7	622.803878	126.252141	1	34.302797
2	38	34	710	128	8	698.880109	125.83361	1	34.967041
2	39	35	769	183	19	769.936973	199.349686	1	35.526506
2	40	36	834	212	20	839.620644	211.324627	2	36.126032
2	41	37	831	150	10	835.034875	130.59729	2	36.88699
2	42	38	713	343	38	698.291707	357.442863	1	37.718087
2	43	39	634	339	37	624.552524	338.240219	1	38.246156
2	44	40	630	390	47	618.165778	410.185893	1	38.766339
3	1	1	549	291	26	545.214437	287.353774	2	1.375378
3	2	2	541	192	16	547.110768	193.544474	1	2.453805
3	3	3	465	213	15	477.960734	220.134445	2	2.886009
3	4	4	408	215	14	400.157508	223.403863	2	3.40589
3	5	5	411	292	24	399.748968	294.94623	2	3.941861
3	6	6	413	323	34	411.61026	338.982146	1	5.134874
3	7	7	345	277	23	338.258606	281.373786	1	5.655207
3	8	8	280	327	32	264.959293	332.112764	1	6.303085
3	9	9	174	268	21	187.381351	273.909783	2	7.118086
3	10	10	179	216	11	186.339059	216.188617	1	7.685196
3	11	11	327	420	43	331.253835	431.746164	2	8.349771
3	12	12	331	462	53	323.966816	474.385667	1	8.750647
3	13	13	183	486	51	189.773786	488.62607	1	9.375209
3	14	14	244	577	62	251.888772	574.567465	2	9.966089
3	15	15	199	601	71	191.075871	619.244081	1	10.422772
3	16	16	327	606	73	322.715147	620.421314	2	11.101276
3	17	17	405	616	74	408.82859	630.967929	2	11.598292
3	18	18	406	485	54	407.12247	478.070568	1	12.157981
3	19	19	472	415	45	478.877881	415.13396	1	12.861731
3	20	20	413	414	44	411.083062	410.512817	2	13.238085
3	21	21	481	482	55	470.122534	483.89172	2	13.751309
3	22	22	546	503	56	552.449952	505.628817	1	14.246656
3	23	23	544	560	66	542.602824	574.933205	2	14.71095
3	24	24	553	629	76	548.65265	641.251985	2	15.199336
3	25	25	629	632	77	619.554891	640.1392	2	15.613531
3	26	26	613	505	57	615.28804	496.92088	2	16.294908
3	27	27	612	549	67	614.177991	562.169736	1	16.662265
3	28	28	675	640	78	686.59942	650.114213	1	17.159341
3	29	29	700	499	58	699.517565	488.427828	1	17.966408
3	30	30	759	470	59	765.891117	476.150611	1	18.469648
3	31	31	763	453	49	763.43015	436.028755	1	18.966678
3	32	32	694	424	48	699.468379	420.802329	2	19.582778
3	33	33	620	410	47	615.651026	403.518351	1	19.974527
3	34	34	627	364	37	625.408282	353.003643	2	20.621657
3	35	35	774	323	39	759.281937	330.549078	1	21.487039
3	36	36	839	284	30	833.329032	274.255292	1	22.135394
3	37	37	855	207	20	846.303372	198.143498	2	23.1187
3	38	38	699	204	18	685.134209	206.962598	2	23.647186
3	39	39	756	149	9	758.578715	144.183537	1	24.133748
3	40	40	633	145	7	625.883424	141.448007	2	24.565886
4	1	1	470	149	5	472.786401	142.218809	2	1.091783
4	2	2	410	206	14	397.980671	213.035015	2	1.564421
4	3	3	323	281	23	330.382801	283.400079	2	2.020874
4	4	4	181	210	11	178.507006	216.142403	2	2.573702
4	5	5	256	430	42	252.709178	430.081218	2	3.365652
4	6	6	195	413	41	186.493341	414.921075	1	3.876598
4	7	7	192	268	21	191.331351	264.72218	1	4.420317
4	8	8	193	471	51	191.488089	479.436354	2	5.085197
4	9	0	188	523	61	181.589596	559.231827	1	5.675638
4	10	9	182	555	61	181.589596	559.231827	1	6.331611
4	11	10	261	479	52	254.976711	485.022644	2	6.876903
4	12	11	336	472	53	326.419535	473.325409	2	7.365128
4	13	0	375	417	44	402.254391	409.489816	1	7.949557
4	14	12	385	411	44	402.254391	409.489816	1	8.212703
4	15	13	418	356	34	408.30835	355.316568	2	8.740723
4	16	14	409	563	64	398.399373	561.97932	1	9.41324
4	17	15	422	631	74	411.125828	632.57705	2	9.853509
4	18	16	473	617	75	473.377932	629.484162	2	10.316198
4	19	17	473	567	65	469.26754	555.373196	2	11.059544
4	20	18	544	639	76	552.013618	638.941408	2	11.692389
4	21	19	694	576	68	690.548351	568.041459	2	12.371588
4	22	20	631	549	67	614.977692	548.597122	1	12.788983
4	23	21	636	513	57	627.156712	502.557249	1	13.203588
4	24	22	563	481	56	554.679239	491.866585	2	13.580258
4	25	23	541	436	46	547.420223	422.017554	2	13.95569
4	26	24	488	425	45	481.311623	427.516499	1	14.316871
4	27	25	611	428	47	612.679595	427.944059	1	14.803774
4	28	26	682	478	58	685.759571	492.893334	2	15.236857
4	29	27	750	480	59	763.396524	491.71379	1	15.748903
4	30	28	858	497	60	836.596137	502.489041	1	16.380014
4	31	29	856	536	70	843.722163	549.127316	1	16.85359
4	32	30	705	414	48	701.656703	416.912631	2	17.524645
4	33	31	695	345	38	700.394982	332.625364	2	18.068089
4	34	32	767	284	29	769.24341	294.585167	1	18.620023
4	35	33	706	223	18	696.360097	216.765317	1	19.109565
4	36	34	624	219	17	618.641179	224.266089	1	19.517105
4	37	35	567	206	16	549.712944	208.402378	1	19.901256
4	38	0	561	206	6	553.096033	145.476098	4	20.179817
4	39	36	560	286	26	550.604001	294.772435	1	20.541554
4	40	0	502	285	25	477.918904	294.88681	1	21.061253
4	41	37	482	285	25	477.918904	294.88681	1	21.356647
4	42	38	623	162	7	620.960525	144.017711	1	22.157325
4	43	39	697	163	8	688.897555	147.092914	1	22.724169
4	44	40	762	157	9	767.824463	143.479343	2	23.381408
5	1	1	552	369	36	552.904249	364.330738	2	1.040204
5	2	2	487	400	45	481.996137	402.684647	2	1.51318
5	3	3	469	351	35	467.244987	341.159552	1	1.976556
5	4	4	419	430	44	408.873825	435.229346	2	2.553047
5	5	5	534	429	46	540.567812	425.811999	1	3.129211
5	6	6	551	465	56	551.194713	475.101362	1	3.560927
5	7	7	493	504	55	473.82762	502.876764	1	4.12866
5	8	8	478	556	65	467.450713	568.216414	2	4.816229
5	9	9	563	629	76	555.446846	626.803583	2	5.545007
5	10	10	623	630	77	628.751245	627.197827	2	5.992496
5	11	11	619	539	67	620.335792	544.071641	1	6.52776
5	12	12	622	504	57	628.780052	489.671365	1	6.967343
5	13	13	676	488	58	687.116201	480.527771	1	7.552257
5	14	14	687	427	48	692.646417	410.389158	2	8.184698
5	15	15	765	441	49	770.111943	434.253576	2	8.816886
5	16	16	841	476	60	844.572526	481.55467	2	9.384636
5	17	17	760	500	59	760.992413	503.907723	1	9.816915
5	18	18	846	629	80	845.714109	619.675691	2	10.392999
5	19	19	331	630	73	332.797156	618.078848	2	11.255276
5	20	20	327	518	53	325.95021	503.527391	2	11.696915
5	21	21	205	568	61	181.115463	571.140461	2	12.280147
5	22	22	185	471	51	181.162443	475.66424	2	12.776924
5	23	0	304	429	43	326.450862	416.067939	1	13.487302
5	24	23	312	426	43	326.450862	416.067939	1	13.72038
5	25	24	251	352	32	250.256849	345.071507	2	14.511575
5	26	25	257	286	22	253.948351	277.12432	2	14.976631
5	27	26	251	212	12	252.459767	216.011466	2	15.672046
5	28	27	268	166	2	264.475412	150.984726	1	16.128784
5	29	28	187	157	1	181.113251	147.463617	2	16.472151
5	30	29	337	137	3	334.430393	124.135273	1	17.000749
5	31	30	400	140	4	404.820863	140.183408	2	17.553088
5	32	31	410	201	14	395.779833	195.064332	1	18.041114
5	33	32	419	258	24	411.0484	263.353557	1	18.383353
5	34	33	480	121	5	477.731898	118.13064	1	18.968775
5	35	34	540	149	6	553.858276	151.957898	1	19.447515
5	36	35	609	215	17	625.346617	221.430696	1	19.928201
5	37	0	623	221	27	613.630279	274.582728	4	20.175225
5	38	36	698	197	18	695.900821	194.007041	1	20.496929
5	39	37	766	157	9	771.954899	139.064717	1	21.425023
5	40	38	825	219	20	833.193451	207.909821	2	22.06408
5	41	39	704	273	28	693.271834	280.800052	1	22.56735
5	42	40	265	626	72	262.969571	637.887393	1	24.160256
1	1	0	555	364	36	550.092925	350.665844	2	1.135939
1	2	1	555	364	37	611.925436	356.232251	3	1.198354
1	3	2	482	415	45	482.78179	413.958225	1	1.742878
1	4	3	570	421	46	556.813112	436.265071	1	2.328225
1	5	4	553	470	56	546.292068	488.575372	1	2.936401
1	6	5	613	496	57	612.119068	504.657308	2	3.447948
1	7	6	471	497	55	470.9709	506.676656	2	3.895409
1	8	7	412	401	44	404.117088	409.445512	1	4.414938
1	9	8	405	356	34	400.517551	343.685838	2	4.814789
1	10	9	316	273	23	322.874067	263.458044	2	5.343403
1	11	10	264	274	22	253.001505	273.289263	1	5.702837
1	12	11	208	266	21	187.855141	272.857138	1	6.127609
1	13	12	255	225	12	252.049507	217.802365	2	6.576175
1	14	13	192	111	1	190.359902	134.198074	1	7.166329
1	15	14	343	136	3	330.866621	150.151371	1	7.695272
1	16	15	413	135	4	397.061422	136.093063	2	8.119918
1	17	16	470	176	15	469.356925	189.301456	1	8.552073
1	18	17	531	209	16	548.511567	220.536268	2	8.952358
1	19	18	539	251	26	547.194026	268.040474	1	9.326197
1	20	19	626	291	27	624.37654	290.591103	1	9.71965
1	21	20	623	195	17	622.873502	196.82288	1	10.096395
1	22	21	629	161	7	625.80854	146.236858	2	10.49632
1	23	22	689	274	28	697.265174	260.761923	1	11.047628
1	24	23	752	273	29	757.543257	271.491407	1	11.430883
1	25	0	807	278	30	830.953651	289.957429	1	11.806389
1	26	24	825	283	30	830.953651	289.957429	1	12.112292
1	27	25	847	182	20	836.309643	191.530691	1	12.575273
1	28	26	770	326	39	771.503966	335.25889	2	13.135142
1	29	27	698	348	38	687.719818	346.098722	2	13.59043
1	30	28	775	446	49	768.476842	429.003753	2	14.238846
1	31	29	835	419	50	838.013017	406.640587	2	14.84664
1	32	30	772	489	59	766.925848	500.038013	1	15.328073
1	33	31	693	484	58	691.617779	486.707042	1	15.808272
1	34	32	700	581	68	699.621726	578.942151	2	16.312212
1	35	33	838	619	80	833.26693	634.224531	2	16.960247
1	36	34	701	612	78	688.209155	625.745593	1	17.447126
1	37	35	337	569	63	328.299618	564.967612	2	18.486326
1	38	36	335	615	73	331.378779	635.510794	2	19.152312
1	39	37	262	553	62	257.008412	565.526875	2	19.647883
1	40	38	260	502	52	256.782479	488.260205	2	20.015866
1	41	39	260	448	42	260.358689	429.656216	1	20.392129
1	42	40	191	426	41	188.891724	416.506242	2	20.894224
2	1	1	479	425	45	475.438357	411.217697	1	1.019158
2	2	2	475	377	35	471.838261	356.466549	1	1.418133
2	3	3	414	424	44	409.540123	428.177637	2	1.851168
2	4	4	338	423	43	327.914118	422.368264	2	2.402744
2	5	5	325	486	53	325.879052	499.360572	2	2.810051
2	6	6	266	360	32	255.420131	357.919302	1	3.379113
2	7	7	327	360	33	330.914011	357.869197	1	3.714996
2	8	8	191	346	31	187.763604	339.735241	1	4.1874
2	9	0	187	307	21	177.561381	274.689398	1	4.490328
2	10	9	180	292	21	177.561381	274.689398	1	4.962007
2	11	10	270	220	12	263.581294	214.633143	1	5.746975
2	12	0	228	270	22	251.44065	282.333915	2	6.186442
2	13	11	242	272	22	251.44065	282.333915	2	6.515043
2	14	12	173	199	11	183.84927	194.368559	2	7.139257
2	15	13	181	140	1	187.610694	124.836472	1	7.667619
2	16	14	331	125	3	330.977999	134.802981	2	8.339352
2	17	15	332	178	13	331.543804	200.74318	1	8.731627
2	18	16	428	193	14	406.141316	200.873795	1	9.338139
2	19	17	545	198	16	547.155631	207.53333	2	10.122113
2	20	18	535	158	6	539.648211	141.655378	2	10.481932
2	21	19	615	127	7	622.675718	126.02882	1	11.15499
2	22	0	613	179	17	620.89796	204.395301	1	11.610758
2	23	20	617	191	17	620.89796	204.395301	1	11.892033
2	24	21	619	268	27	623.873351	288.373668	1	12.307952
2	25	22	611	322	37	616.982941	337.315406	2	12.754306
2	26	23	569	401	46	555.217063	413.998222	2	13.369944
2	27	24	694	336	38	684.926473	339.892581	2	14.057972
2	28	25	708	282	28	698.252662	272.685335	1	14.577989
2	29	26	834	139	10	846.440141	125.56234	1	15.315081
2	30	27	842	271	30	832.364498	276.284211	2	15.986746
2	31	28	844	402	50	838.448736	415.473623	2	16.491483
2	32	29	707	483	58	698.22116	478.323498	2	17.036008
2	33	30	554	505	56	550.803836	505.651449	2	17.522606
2	34	31	409	542	64	398.656605	545.223634	1	18.02618
2	35	32	263	552	62	266.223229	556.270673	2	18.522546
2	36	33	196	560	61	181.158575	562.944406	2	18.897928
2	37	34	183	616	71	189.140588	630.553962	1	19.475862
2	38	35	242	611	72	257.819599	621.381851	1	19.835437
2	39	36	638	627	77	622.743822	618.367306	1	20.851202
2	40	37	670	636	78	686.93575	642.484812	2	21.163343
2	41	38	757	634	79	761.339721	636.997498	2	21.650257
2	42	39	845	581	70	832.769312	570.287811	2	22.147196
2	43	40	773	562	69	760.742582	552.709881	1	22.618329
3	1	1	545	418	46	550.326568	403.331836	1	1.046768
3	2	2	543	369	36	540.325287	349.81992	1	1.485579
3	3	3	628	342	37	626.038139	333.305998	1	1.940968
3	4	4	621	308	27	619.049585	290.89564	1	2.374372
3	5	5	682	280	28	690.747705	273.048321	1	2.925575
3	6	6	822	266	30	833.282564	267.464164	1	3.445806
3	7	7	699	193	18	691.718665	193.251864	1	3.958664
3	8	8	688	146	8	685.173055	133.022683	1	4.413459
3	9	9	546	196	16	552.499496	190.375452	1	4.911028
3	10	10	484	198	15	476.879717	195.011695	1	5.342044
3	11	11	405	137	4	404.408865	125.650728	2	6.053476
3	12	12	604	142	7	622.430702	142.165619	2	6.806679
3	13	0	824	209	20	845.775076	222.668987	2	7.462118
3	14	13	832	218	20	845.775076	222.668987	2	7.774782
3	15	0	720	320	38	690.064724	331.270109	2	8.374093
3	16	14	712	329	38	690.064724	331.270109	2	8.677034
3	17	15	768	343	39	766.415354	350.39912	1	9.110811
3	18	16	695	426	48	694.00042	423.112267	1	9.565518
3	19	17	693	487	58	685.143923	487.964582	1	10.004735
3	20	18	769	444	49	768.247658	424.936875	2	10.605444
3	21	19	825	483	60	831.6811	482.895848	1	11.102395
3	22	20	779	571	69	773.852922	573.818866	2	11.565823
3	23	21	702	564	68	692.972956	558.324452	2	12.012358
3	24	22	629	553	67	621.993202	545.91769	2	12.420905
3	25	23	621	602	77	615.980158	619.805593	1	12.965673
3	26	24	548	492	56	545.025225	482.066253	2	13.526154
3	27	25	493	558	65	482.261501	561.885349	1	14.030484
3	28	26	479	627	75	473.886429	639.526937	2	14.485872
3	29	27	537	625	76	542.021998	626.023135	2	14.861821
3	30	28	491	444	45	480.881739	437.015158	2	15.373526
3	31	0	481	381	35	479.190897	349.510215	2	15.750899
3	32	29	481	374	35	479.190897	349.510215	2	16.102455
3	33	30	403	266	24	398.436604	276.767702	2	16.877738
3	34	0	280	161	2	261.913797	143.276487	2	17.621618
3	35	31	262	166	2	261.913797	143.276487	2	17.940835
3	36	32	209	189	11	191.873934	193.704755	2	18.326726
3	37	33	186	281	21	181.582456	267.642256	2	18.983019
3	38	34	192	320	31	185.835005	343.640765	1	19.373392
3	39	35	192	400	41	190.602201	408.954895	1	19.766542
3	40	36	190	468	51	186.376543	482.666997	1	20.182524
3	41	37	190	571	61	191.980674	552.842478	2	20.598317
3	42	0	198	617	71	182.869843	650.000322	2	21.180987
3	43	38	187	649	71	182.869843	650.000322	2	21.525686
3	44	39	322	556	63	334.154289	549.41964	1	22.366555
3	45	0	266	507	52	260.424579	476.038643	2	22.878215
3	46	40	259	494	52	260.424579	476.038643	2	23.454092
4	1	1	473	426	45	479.392614	412.680638	2	1.082353
4	2	2	485	375	35	474.03547	360.873375	1	1.498446
4	3	3	408	380	34	407.671383	365.74865	1	1.939279
4	4	4	406	439	44	408.748853	431.722871	2	2.314314
4	5	5	322	429	43	323.497498	422.538816	2	2.667356
4	6	6	343	354	33	333.444048	342.115884	1	3.018541
4	7	7	253	362	32	261.536383	352.507906	2	3.54654
4	8	8	251	424	42	254.64942	434.518967	2	3.940037
4	9	9	173	406	41	182.946882	417.955707	2	4.37196
4	10	10	180	369	31	178.199859	359.986607	2	4.690034
4	11	11	186	254	21	190.548063	263.504619	2	5.258533
4	12	12	327	231	13	334.882462	223.728747	1	5.786918
4	13	13	280	216	12	264.080164	204.299939	2	6.115636
4	14	14	263	168	2	261.790226	148.659956	1	6.48221
4	15	0	205	155	1	191.719913	133.175152	1	7.043479
4	16	15	186	146	1	191.719913	133.175152	1	7.547652
4	17	16	185	199	11	186.921237	201.022173	1	7.884172
4	18	17	400	272	24	411.398489	277.524389	1	8.619028
4	19	0	460	244	15	473.130639	220.8159	1	9.068081
4	20	18	464	239	15	473.130639	220.8159	1	9.346037
4	21	19	470	168	5	468.279571	149.105378	2	9.828255
4	22	20	548	214	16	539.946688	213.756053	1	10.219238
4	23	21	626	225	17	628.804147	223.666125	1	10.562204
4	24	22	677	215	18	693.539602	204.182915	2	10.978825
4	25	23	746	213	19	759.238581	204.61634	2	11.523837
4	26	24	772	139	9	772.828109	133.756032	1	11.963424
4	27	0	768	245	29	763.548399	277.931568	1	12.39524
4	28	25	766	269	29	763.548399	277.931568	1	12.754276
4	29	26	839	278	30	835.971443	265.02627	1	13.180017
4	30	27	833	362	40	839.782355	349.277855	1	13.578786
4	31	0	833	362	50	838.869178	426.758473	1	13.683073
4	32	28	749	332	39	764.189451	336.5681	2	14.090449
4	33	29	848	442	50	838.869178	426.758473	1	14.77152
4	34	30	706	434	48	692.985085	416.635057	2	15.220007
4	35	31	614	441	47	613.560552	433.017515	2	15.594769
4	36	32	557	438	46	547.665038	430.518112	2	15.931763
4	37	33	619	494	57	612.758283	494.622849	1	16.324214
4	38	34	567	573	66	549.293181	570.987536	2	16.883348
4	39	35	472	622	75	471.340586	616.166593	1	17.451781
4	40	36	336	559	63	331.33607	551.913885	1	17.875617
4	41	37	273	567	62	262.36194	560.200972	2	18.219999
4	42	38	200	558	61	194.035034	556.569766	1	18.586383
4	43	39	779	635	79	758.563789	640.276969	2	19.450039
4	44	40	829	643	80	836.550278	645.781535	2	19.818999
5	1	1	560	354	36	551.553884	337.686595	2	0.964548
5	2	2	556	419	46	554.5593	415.771122	1	1.379547
5	3	3	625	407	47	623.27993	403.724737	1	1.819869
5	4	0	725	429	48	696.351392	433.974592	1	2.116358
5	5	4	701	428	48	696.351392	433.974592	1	2.362544
5	6	5	686	285	28	695.010514	281.286173	1	2.931789
5	7	6	764	290	29	761.672104	294.144926	2	3.258766
5	8	7	836	324	40	835.415012	347.72916	2	3.604583
5	9	8	846	270	30	838.592049	278.984078	1	3.95621
5	10	9	855	191	20	836.034455	200.011628	2	4.284533
5	11	10	758	152	9	767.272942	146.396303	1	4.706497
5	12	11	698	146	8	695.424422	148.5247	2	5.010986
5	13	12	648	119	7	629.235746	121.268895	2	5.36341
5	14	13	637	174	17	625.274874	192.015412	2	5.699442
5	15	14	562	213	16	555.121139	222.483695	2	6.082894
5	16	15	489	258	25	483.035045	277.439901	2	6.572377
5	17	16	426	410	44	406.011784	413.729766	2	7.291794
5	18	17	355	400	43	335.735785	408.673423	2	7.707153
5	19	18	324	357	33	331.557279	343.740362	2	8.370509
5	20	19	269	300	22	261.616128	282.580293	2	8.740031
5	21	20	187	298	21	187.070325	288.239419	2	9.076126
5	22	21	187	314	31	187.925244	332.784916	1	9.37241
5	23	22	189	207	11	179.605485	192.332751	2	9.923999
5	24	23	186	152	1	183.859946	147.029555	1	10.290422
5	25	0	296	144	2	267.27159	134.633114	1	10.708017
5	26	24	262	139	2	267.27159	134.633114	1	11.066778
5	27	25	322	134	3	328.798677	131.964688	2	11.44336
5	28	26	264	427	42	250.04951	426.028504	2	12.162949
5	29	27	190	485	51	193.38605	474.115679	2	12.612292
5	30	28	349	498	53	328.767308	503.504123	1	13.122257
5	31	29	196	639	71	180.965167	645.953312	1	13.84342
5	32	30	243	623	72	260.365025	623.071779	1	14.155814
5	33	31	389	645	74	407.662313	650.476514	1	14.770316
5	34	32	467	619	75	483.666905	618.433288	1	15.131625
5	35	33	535	582	66	547.68503	570.137265	1	15.604083
5	36	34	526	483	56	540.27809	494.12575	1	15.980608
5	37	35	475	492	55	467.627395	490.011785	2	16.292565
5	38	36	592	576	67	616.386224	573.397622	1	16.771317
5	39	37	620	621	77	624.774644	621.677805	1	17.059967
5	40	0	661	643	78	689.101035	644.114699	2	17.372149
5	41	38	690	649	78	689.101035	644.114699	2	18.0601
5	42	39	774	568	69	770.292404	560.882023	1	18.459481
5	43	40	840	546	70	838.579767	549.475678	1	18.850556
6	1	1	546	371	36	543.304308	362.269697	1	0.716496
6	2	2	464	367	35	467.972568	363.062268	1	0.972644
6	3	3	411	363	34	403.654406	365.592023	2	1.277596
6	4	0	405	400	44	403.468194	428.413181	1	1.629529
6	5	4	406	407	44	403.468194	428.413181	1	1.837082
6	6	5	327	403	43	324.305203	404.02508	1	2.190051
6	7	6	333	349	33	325.343077	351.029756	2	2.476278
6	8	7	278	353	32	265.303163	355.086222	2	2.827937
6	9	8	268	400	42	254.084221	413.167752	1	3.149092
6	10	9	193	404	41	192.010537	409.213433	1	3.597155
6	11	10	179	490	51	179.147769	508.41704	1	4.019942
6	12	0	291	476	52	259.722072	481.002009	1	4.405328
6	13	11	271	476	52	259.722072	481.002009	1	4.78948
6	14	12	350	476	53	336.595247	483.914552	1	5.08619
6	15	13	257	562	62	252.362351	577.634646	1	5.629069
6	16	14	390	625	74	395.603343	638.045076	2	6.301948
6	17	15	468	578	65	481.929306	573.001018	2	6.982428
6	18	16	489	614	75	484.192763	624.82737	1	7.365755
6	19	17	540	575	66	539.749231	571.111294	1	7.741665
6	20	18	535	620	76	541.594618	640.929087	2	8.133148
6	21	19	621	556	67	628.941811	549.171828	2	8.606155
6	22	20	676	486	58	688.247118	474.299809	2	9.052828
6	23	21	631	433	47	624.563584	433.286158	2	9.389199
6	24	22	701	422	48	690.60409	410.692539	2	9.796153
6	25	23	761	477	59	761.771135	477.827155	2	10.190141
6	26	24	642	342	37	619.565121	334.367006	2	10.780226
6	27	25	548	276	26	550.382636	274.875875	2	11.238211
6	28	26	497	220	15	481.984494	215.130357	2	11.580065
6	29	27	392	213	14	397.471891	220.714744	2	11.868124
6	30	28	268	283	22	258.109897	293.189684	2	12.413687
6	31	29	200	208	11	185.736178	208.389605	1	12.820889
6	32	30	191	165	1	186.350226	145.290915	2	13.228354
6	33	31	410	140	4	409.7439	129.31696	2	13.830228
6	34	32	463	140	5	473.854096	141.347164	1	14.188686
6	35	33	616	148	7	616.588768	150.993398	1	14.732869
6	36	34	635	211	17	627.014389	205.974826	1	15.030072
6	37	35	544	132	6	541.744069	137.610021	2	15.349052
6	38	36	695	262	28	694.299655	261.351692	1	15.894049
6	39	37	745	222	19	763.264343	216.955135	2	16.268599
6	40	38	768	118	9	765.571886	119.900609	1	16.628651
6	41	0	833	296	30	829.543852	264.480081	1	17.30817
6	42	39	829	273	30	829.543852	264.480081	1	18.005863
6	43	40	853	403	50	845.583258	407.094199	1	18.477054
7	1	1	552	405	46	543.71251	410.026225	2	0.754352
7	2	2	447	405	45	468.261463	406.966213	2	1.066253
7	3	3	392	373	34	402.097415	363.724344	2	1.474554
7	4	4	404	437	44	401.311346	433.843472	2	1.818037
7	5	5	341	432	43	339.431209	427.809513	2	2.122932
7	6	6	469	490	55	474.824447	499.623317	2	2.587067
7	7	7	486	603	75	475.315767	622.611856	2	3.177804
7	8	8	326	556	63	323.482377	552.974668	1	3.787504
7	9	9	186	483	51	180.819793	473.584631	1	4.354014
7	10	10	245	365	32	253.029742	349.699362	2	4.857488
7	11	0	329	302	23	328.243772	276.081008	2	5.297152
7	12	11	334	293	23	328.243772	276.081008	2	5.594598
7	13	12	184	221	11	182.139153	211.348217	2	6.15486
7	14	13	198	138	1	181.103444	123.735837	1	6.537406
7	15	0	298	140	2	266.871903	131.303738	2	6.891342
7	16	14	281	136	2	266.871903	131.303738	2	7.179279
7	17	15	333	133	3	335.195079	120.280323	2	7.505457
7	18	16	384	131	4	402.816776	126.752146	2	7.86697
7	19	17	421	217	14	408.22493	222.500071	2	8.45931
7	20	18	532	158	6	539.620456	144.259923	2	9.018199
7	21	19	551	286	26	552.63168	284.54649	1	9.434784
7	22	20	500	346	35	484.20773	357.44104	1	9.81745
7	23	21	639	363	37	620.058168	362.548311	1	10.465763
7	24	22	674	358	38	686.699523	346.799082	1	10.898754
7	25	23	636	407	47	628.004392	412.474412	2	11.249232
7	26	24	764	352	39	760.005519	341.695848	2	11.713918
7	27	25	766	280	29	758.115984	277.564197	1	12.066903
7	28	0	769	229	19	766.893056	200.25534	1	12.554007
7	29	26	769	220	19	766.893056	200.25534	1	12.793631
7	30	27	765	134	9	764.587092	139.021102	1	13.266274
7	31	28	687	146	8	695.161419	142.789301	1	13.546332
7	32	29	696	208	18	695.699136	205.950763	1	13.889508
7	33	30	839	281	30	830.720446	280.654031	2	14.442157
7	34	31	843	411	50	833.13382	410.166624	1	14.890037
7	35	32	841	454	60	831.784932	476.180586	1	15.201994
7	36	33	782	552	69	762.703408	553.267275	1	15.770856
7	37	34	778	599	79	772.472115	619.869639	1	16.139067
7	38	35	719	646	78	697.920522	648.000535	2	16.611266
7	39	36	702	565	68	697.97089	549.947354	2	17.010905
7	40	37	681	488	58	686.487217	496.407396	1	17.378313
7	41	38	637	506	57	620.239425	507.484505	1	17.738298
7	42	0	569	549	66	546.669081	571.907073	1	18.26612
7	43	39	566	559	66	546.669081	571.907073	1	18.633821
7	44	40	547	611	76	542.029531	618.368009	1	19.018449
8	1	1	491	344	35	479.346244	332.986207	2	0.809627
8	2	2	537	295	26	543.872251	276.436418	2	1.289909
8	3	3	551	348	36	553.36458	342.192122	1	1.642764
8	4	4	614	350	37	622.329445	348.215615	1	1.937446
8	5	0	610	262	27	617.244018	289.803398	2	2.219204
8	6	5	615	268	27	617.244018	289.803398	2	2.506223
8	7	6	618	201	17	621.574276	210.978167	2	2.898523
8	8	7	532	199	16	550.678502	213.41585	1	3.203316
8	9	8	550	147	6	554.026375	126.975478	1	3.616928
8	10	9	458	132	5	472.672071	129.74961	1	3.914173
8	11	10	343	183	13	333.026515	193.63632	2	4.650127
8	12	11	196	306	21	190.836221	291.398102	2	5.266228
8	13	12	188	371	31	177.770207	361.817068	2	5.626307
8	14	13	194	159	1	189.60278	152.28065	1	6.338778
8	15	14	380	333	34	401.034511	337.440298	2	6.971332
8	16	15	337	339	33	325.225208	332.173362	1	7.362441
8	17	16	186	441	41	181.606975	423.873435	1	7.939001
8	18	17	187	483	51	187.323383	473.365807	1	8.226481
8	19	18	187	560	61	183.437483	561.12115	2	8.714939
8	20	19	270	526	52	254.9361	507.500118	1	9.177314
8	21	20	269	546	62	257.261506	557.373085	1	9.475411
8	22	21	343	615	73	337.2252	629.426235	2	10.145268
8	23	22	397	614	74	407.200044	624.276508	2	10.458838
8	24	0	454	619	75	483.951186	623.182797	2	10.808999
8	25	23	463	621	75	483.951186	623.182797	2	11.11446
8	26	24	534	568	66	539.889479	572.608169	1	11.498368
8	27	25	403	484	54	397.390696	484.0282	2	11.890875
8	28	26	614	534	67	627.45369	544.901361	1	12.38517
8	29	27	621	502	57	624.106436	490.949674	1	12.722079
8	30	28	616	598	77	627.065307	617.984447	2	13.073991
8	31	29	755	621	79	759.819693	623.95353	2	13.675032
8	32	30	763	523	59	764.4531	503.003529	2	14.065276
8	33	0	828	450	50	846.399647	422.492368	2	14.561302
8	34	31	834	438	50	846.399647	422.492368	2	14.907111
8	35	32	775	369	39	771.367196	355.60881	2	15.47338
8	36	33	689	288	28	690.305346	285.646685	2	15.858464
8	37	34	694	232	18	696.295421	220.780075	1	16.25864
8	38	35	786	133	9	765.030334	126.980107	2	16.842123
8	39	36	832	133	10	833.994972	128.432641	1	17.274331
8	40	37	786	285	29	771.481782	277.51914	1	17.817848
8	41	38	848	364	40	840.481219	351.311947	1	18.281597
8	42	39	850	475	60	843.163843	483.304168	1	18.674683
8	43	40	846	655	80	838.93843	639.266716	1	19.338854
9	1	1	573	435	46	554.825078	421.803705	2	1.123188
9	2	2	553	460	56	547.876587	473.370824	1	1.529004
9	3	3	556	551	66	553.28634	557.29328	1	1.842982
9	4	4	530	616	76	540.978962	619.479425	1	2.146042
9	5	5	462	651	75	478.986849	648.229947	1	2.48196
9	6	0	370	608	74	410.370968	621.073761	2	2.785433
9	7	6	388	614	74	410.370968	621.073761	2	3.067109
9	8	7	402	508	54	405.931529	505.931492	2	3.578563
9	9	8	465	475	55	477.273815	474.087606	2	3.931121
9	10	9	411	432	44	411.137207	436.421856	2	4.233753
9	11	10	336	415	43	339.326136	410.971683	2	4.546396
9	12	11	331	369	33	330.08278	347.201289	2	4.929975
9	13	0	265	378	32	267.117555	352.545446	1	5.299122
9	14	12	267	383	42	266.272305	403.563534	2	5.657897
9	15	13	275	360	32	267.117555	352.545446	1	6.026291
9	16	14	265	234	12	258.118055	215.72665	1	6.3454
9	17	15	265	266	22	260.388916	259.743729	1	6.723091
9	18	16	260	136	2	259.159572	143.509135	1	7.073128
9	19	17	195	497	51	187.003397	499.911836	2	7.874949
9	20	0	358	631	73	334.96426	644.452888	1	8.491087
9	21	18	348	629	73	334.96426	644.452888	1	8.779235
9	22	19	342	487	53	329.964026	481.781048	1	9.379101
9	23	20	491	355	35	477.647401	361.194083	1	9.945198
9	24	21	405	297	24	399.613006	289.508768	1	10.395248
9	25	22	497	290	25	484.370041	289.864004	1	10.75452
9	26	23	543	279	26	543.936986	275.3394	1	11.066676
9	27	24	556	200	16	545.00776	192.98765	2	11.473131
9	28	25	469	194	15	480.890565	196.155311	2	11.731274
9	29	26	413	142	4	399.687501	145.913052	1	12.074138
9	30	27	477	114	5	469.416013	118.510622	2	12.578071
9	31	28	544	116	6	542.191961	123.655215	2	12.931244
9	32	0	612	176	7	613.612322	142.819577	1	13.538537
9	33	29	609	154	7	613.612322	142.819577	1	13.921699
9	34	30	613	272	27	617.515306	266.442294	1	14.497655
9	35	31	687	338	38	687.062166	350.855878	1	15.074792
9	36	32	676	407	48	684.506986	412.564892	2	15.411282
9	37	33	631	431	47	615.824887	423.051364	2	15.73797
9	38	34	632	482	57	626.552404	483.689727	2	16.106898
9	39	35	694	569	68	688.161455	557.711866	1	16.569516
9	40	36	750	509	59	760.130852	495.985531	1	16.969274
9	41	37	765	575	69	774.095118	575.181303	2	17.297332
9	42	38	837	496	60	840.212522	498.295535	2	17.706814
9	43	39	838	430	50	836.752091	420.925935	2	18.010512
9	44	40	774	372	39	771.370221	363.481482	2	18.579366
10	1	1	548	403	46	551.780302	414.745225	2	1.11427
10	2	2	606	423	47	619.597832	433.090375	2	1.626423
10	3	3	646	490	57	627.415603	484.958278	1	1.945763
10	4	4	549	481	56	552.7791	485.76477	1	2.296812
10	5	5	628	568	67	618.267035	578.778316	1	2.688839
10	6	6	478	580	65	482.565559	568.384308	2	3.153274
10	7	7	482	601	75	480.387801	624.035944	1	3.466399
10	8	0	434	606	74	407.569705	624.785548	2	3.810206
10	9	0	426	597	74	407.569705	624.785548	2	4.104518
10	10	8	420	607	74	407.569705	624.785548	2	4.329263
10	11	9	406	556	64	411.36191	562.237632	1	4.698299
10	12	10	397	466	54	404.678041	476.090743	1	5.065707
10	13	11	337	475	53	327.809518	486.886064	2	5.433868
10	14	12	257	465	52	261.785157	481.66803	2	5.78492
10	15	13	269	572	62	256.279346	576.496567	2	6.304594
10	16	14	335	632	73	324.04487	636.204649	1	6.672556
10	17	15	323	448	43	332.134986	430.760215	2	7.224681
10	18	16	418	360	34	409.833345	347.106718	1	7.665218
10	19	17	463	332	35	470.096257	331.378974	2	8.002036
10	20	18	474	262	25	467.888049	264.966548	2	8.346099
10	21	19	473	233	15	469.204217	223.715131	2	8.714534
10	22	20	326	269	23	325.918399	275.372045	1	9.136972
10	23	21	258	278	22	256.806036	291.121139	1	9.458528
10	24	22	349	230	13	331.504766	221.764407	1	9.833541
10	25	23	264	136	2	262.314182	127.241412	1	10.354401
10	26	24	413	138	4	399.614095	134.94759	2	10.912954
10	27	25	538	143	6	540.874062	150.078771	2	11.56125
10	28	26	602	135	7	619.226976	142.223027	2	11.978189
10	29	27	541	205	16	541.1045	223.006865	1	12.497643
10	30	28	639	277	27	621.578551	268.206859	1	13.00039
10	31	0	631	312	37	623.955289	338.338163	1	13.37875
10	32	29	611	333	37	623.955289	338.338163	1	13.753207
10	33	30	686	278	28	699.485126	285.384986	2	14.313413
10	34	31	702	136	8	699.416467	150.655441	1	14.864426
10	35	32	826	274	30	832.741666	262.405617	2	15.41774
10	36	33	827	349	40	831.523669	347.929168	2	15.809041
10	37	34	777	365	39	767.213086	364.197072	1	16.20874
10	38	35	680	402	48	691.456519	406.087828	2	16.632899
10	39	36	698	621	78	693.105469	637.032368	2	17.505482
10	40	37	752	582	69	757.969488	568.983626	1	17.954461
10	41	38	756	634	79	762.5582	648.500985	1	18.289125
10	42	39	837	567	70	841.95007	559.108164	1	18.778509
10	43	40	841	496	60	838.820405	500.151905	2	19.072616
11	1	1	201	160	1	189.206474	145.770876	2	1.183524
11	2	2	198	180	11	183.661961	189.524362	1	1.446353
11	3	0	209	262	21	185.773018	278.619904	2	1.736329
11	4	3	200	273	21	185.773018	278.619904	2	1.991229
11	5	4	253	275	22	257.266179	278.217897	2	2.367576
11	6	0	310	219	13	334.454404	192.479919	1	2.790981
11	7	5	315	205	13	334.454404	192.479919	1	3.08002
11	8	6	326	143	3	329.135312	144.45335	2	3.535047
11	9	7	280	152	2	265.201432	148.496895	1	3.9442
11	10	8	397	195	14	397.358912	200.596968	1	4.344022
11	11	0	451	138	5	473.887933	121.319562	2	4.870354
11	12	9	458	134	5	473.887933	121.319562	2	5.215229
11	13	10	551	127	6	550.896886	127.378482	1	5.855266
11	14	11	679	137	8	689.499247	133.119935	1	6.560019
11	15	12	489	270	25	475.520058	259.799953	2	7.326825
11	16	13	410	287	24	399.987144	286.384292	2	7.702469
11	17	0	351	344	33	335.612043	365.617531	2	8.086137
11	18	14	346	371	33	335.612043	365.617531	2	8.366367
11	19	15	344	410	43	336.646937	411.83107	1	8.711605
11	20	16	186	419	41	183.870317	411.765991	1	9.247678
11	21	17	195	512	51	190.386373	507.248007	2	9.703171
11	22	18	201	631	71	191.314426	642.391384	2	10.256338
11	23	19	264	636	72	254.844128	647.257928	2	10.648052
11	24	20	306	637	73	323.680738	641.38063	2	10.975055
11	25	21	328	578	63	330.462467	568.195521	2	11.455497
11	26	22	324	485	53	330.628695	492.307449	2	11.798058
11	27	23	392	482	54	410.944431	481.527947	2	12.126976
11	28	24	472	488	55	477.161861	494.425782	2	12.470689
11	29	0	593	492	57	618.470453	490.386685	2	12.935669
11	30	25	617	501	57	618.470453	490.386685	2	13.591818
11	31	0	563	428	46	548.009835	407.90468	1	13.935949
11	32	26	550	402	46	548.009835	407.90468	1	14.214693
11	33	27	547	365	36	547.009439	357.61102	2	14.535294
11	34	28	492	564	65	483.94104	577.946326	1	15.142272
11	35	29	551	660	76	545.449765	647.796045	1	15.528159
11	36	30	632	643	77	622.837342	628.679451	1	15.966287
11	37	31	689	593	68	699.213732	577.216723	1	16.390627
11	38	32	626	420	47	624.24225	401.542716	1	16.887248
11	39	33	688	472	58	699.894202	481.319033	1	17.208267
11	40	34	770	502	59	765.305951	502.517797	1	17.487856
11	41	35	820	538	70	833.524366	544.086997	1	17.96841
11	42	36	839	614	80	843.571138	626.915879	1	18.342597
11	43	37	776	628	79	762.661012	620.261343	2	18.871583
11	44	38	775	442	49	768.850695	423.72898	2	19.359601
11	45	0	775	366	39	771.943303	339.888844	1	19.759691
11	46	39	776	354	39	771.943303	339.888844	1	20.183942
11	47	40	861	417	50	845.185896	411.777794	1	20.567479
12	1	1	544	361	36	543.300602	358.617361	1	0.80304
12	2	2	552	394	46	546.866458	417.086017	2	1.073256
12	3	3	539	493	56	544.867862	497.609277	1	1.513634
12	4	4	545	554	66	541.293703	562.999533	2	1.825585
12	5	5	544	638	76	542.260506	639.452214	2	2.187257
12	6	6	478	636	75	483.898434	641.480468	2	2.507309
12	7	7	466	577	65	478.494648	573.44655	2	2.818578
12	8	8	424	557	64	411.166334	555.515107	2	3.178926
12	9	9	415	632	74	408.184518	646.973787	1	3.459085
12	10	10	334	607	73	331.989411	619.850058	1	3.842454
12	11	11	339	582	63	338.931764	579.298573	2	4.154986
12	12	12	274	610	72	264.261383	616.129294	1	4.497904
12	13	13	179	613	71	188.874131	628.767374	2	4.835164
12	14	14	181	576	61	184.623	570.642497	2	5.185935
12	15	15	182	520	51	180.190383	506.381636	2	5.505217
12	16	16	239	477	52	250.402504	481.416435	2	5.89878
12	17	17	247	442	42	257.51908	429.3909	1	6.242651
12	18	18	328	500	53	332.987002	493.226602	1	6.66659
12	19	19	265	294	22	254.117725	285.869202	1	7.249927
12	20	20	261	186	12	256.10239	193.679837	2	7.89927
12	21	0	362	206	13	333.78795	223.230221	1	8.227042
12	22	21	345	212	13	333.78795	223.230221	1	8.425446
12	23	22	406	114	4	405.95538	117.974644	1	8.889172
12	24	23	482	133	5	474.271358	133.189371	1	9.250173
12	25	24	554	181	16	552.376496	191.437714	1	9.658013
12	26	25	491	279	25	480.225331	292.843273	2	10.12306
12	27	26	412	418	44	408.907212	424.149771	2	10.649962
12	28	27	618	550	67	618.501499	552.666993	1	11.210962
12	29	28	617	438	47	618.58012	430.840068	1	11.825944
12	30	29	622	303	27	619.888286	284.841408	2	12.433306
12	31	30	621	197	17	626.155955	198.186836	2	12.8733
12	32	31	626	145	7	621.888694	147.69136	1	13.265859
12	33	32	695	142	8	694.323889	137.59795	2	13.665573
12	34	33	774	262	29	763.296395	270.727437	2	14.178964
12	35	34	835	275	30	842.387429	273.365786	2	14.513416
12	36	35	819	191	20	831.407406	192.987113	1	15.011028
12	37	36	834	333	40	839.682964	345.616133	2	15.561931
12	38	37	772	407	49	773.630228	407.624362	1	15.946366
12	39	38	832	433	50	829.794251	421.187585	1	16.289252
12	40	39	839	472	60	836.056242	492.839965	1	16.59379
12	41	40	693	345	38	690.30766	345.13353	1	17.17813
13	1	1	415	345	34	405.585351	344.09779	1	1.482817
13	2	2	405	307	24	401.567694	292.998062	1	2.137612
13	3	3	327	357	33	328.327579	353.564547	1	2.4574
13	4	4	399	205	14	396.592385	207.870806	1	3.074556
13	5	5	254	198	12	258.898412	195.696985	1	3.466336
13	6	6	266	144	2	267.115789	134.006475	1	3.874438
13	7	7	188	151	1	185.166858	152.201652	1	4.210108
13	8	8	402	153	4	401.267805	152.530287	2	4.698503
13	9	9	496	149	5	478.712367	145.141749	2	5.04164
13	10	10	529	141	6	544.999423	141.085739	2	5.457462
13	11	0	538	141	16	548.653778	215.961561	2	5.729597
13	12	11	554	195	16	548.653778	215.961561	2	6.081771
13	13	12	484	267	25	477.10642	276.480985	2	6.873403
13	14	13	622	348	37	613.303855	335.603132	1	7.434425
13	15	14	698	300	28	699.334312	277.156908	1	7.858073
13	16	15	707	214	18	699.355379	204.694067	1	8.281559
13	17	0	647	141	7	626.983201	124.173678	1	8.729646
13	18	16	639	134	7	626.983201	124.173678	1	9.202865
13	19	0	727	134	9	762.100747	128.698369	3	9.537658
13	20	17	711	130	8	692.963628	123.729398	2	9.801378
13	21	18	764	249	29	768.356675	265.813662	1	10.434997
13	22	19	824	219	20	834.055374	205.627221	2	11.187233
13	23	20	779	343	39	773.685151	354.430753	2	11.643243
13	24	21	674	358	38	686.264543	365.198982	2	11.955394
13	25	22	694	415	48	698.451446	401.865117	2	12.331532
13	26	23	771	481	59	762.281754	478.638486	2	12.714623
13	27	24	853	479	60	840.124648	475.063672	1	13.089861
13	28	25	848	452	50	841.483381	432.322169	1	13.402917
13	29	26	640	439	47	625.663832	434.210268	2	14.225942
13	30	27	759	563	69	768.473866	568.8727	2	14.763065
13	31	28	832	567	70	830.662698	573.202225	2	15.066645
13	32	0	846	613	80	837.586472	640.258152	2	15.289944
13	33	29	843	630	80	837.586472	640.258152	2	15.610349
13	34	30	575	630	76	554.499496	625.694717	2	16.298378
13	35	31	485	446	45	471.812612	427.59322	2	16.882217
13	36	32	353	436	43	331.696883	428.634273	2	17.354551
13	37	33	338	465	53	323.150525	478.870405	1	17.650779
13	38	34	273	546	62	252.950647	547.96346	1	18.233527
13	39	35	206	572	61	190.329872	578.051787	2	18.722679
13	40	36	190	618	71	180.724069	637.800164	2	19.12982
13	41	37	412	614	74	403.131577	620.897198	1	19.650902
13	42	38	406	552	64	411.907476	544.602569	1	19.961539
13	43	39	264	430	42	256.036992	417.768956	1	20.425453
13	44	40	183	425	41	183.692817	410.619147	1	20.707465
14	1	1	473	439	45	474.223596	427.390291	2	0.865638
14	2	2	472	339	35	469.44703	356.171937	2	1.441543
14	3	3	389	359	34	399.391834	354.311572	1	1.84084
14	4	4	380	412	44	394.81377	412.536699	2	2.114341
14	5	5	331	348	33	336.330367	350.510069	1	2.489627
14	6	6	272	368	32	259.942435	365.26425	1	2.778118
14	7	7	250	481	52	257.802955	481.635302	2	3.257255
14	8	0	143	485	51	193.042945	488.178283	1	3.530354
14	9	8	189	482	51	193.042945	488.178283	1	3.778176
14	10	9	178	551	61	183.022044	568.222101	1	4.120647
14	11	10	249	559	62	258.343903	574.187165	1	4.400605
14	12	11	317	559	63	329.874048	578.757749	2	4.706215
14	13	12	319	507	53	323.88874	491.244317	2	5.089104
14	14	13	390	551	64	401.595556	545.895202	2	5.458175
14	15	14	468	560	65	468.612485	566.768621	1	5.833441
14	16	15	491	476	55	483.031385	486.734241	1	6.160775
14	17	16	602	417	47	623.127442	426.623799	1	6.609421
14	18	17	543	347	36	550.081125	359.704917	2	7.048909
14	19	18	621	360	37	617.153076	361.382728	2	7.362406
14	20	0	660	361	38	692.949421	365.872629	2	7.778532
14	21	19	682	356	38	692.949421	365.872629	2	8.154348
14	22	20	621	298	27	612.099002	283.622344	2	8.592898
14	23	21	496	269	25	481.484501	266.169955	2	8.985912
14	24	22	342	228	13	323.920178	222.586652	2	9.649772
14	25	23	329	150	3	326.107932	135.035301	2	10.698652
14	26	24	617	141	7	627.466549	151.017242	2	11.489001
14	27	25	686	128	8	699.010923	127.721148	2	12.176796
14	28	26	621	184	17	615.956901	191.114845	1	12.529233
14	29	27	546	192	16	547.303879	197.897076	1	12.770503
14	30	28	405	297	24	399.468553	291.037902	1	13.282247
14	31	29	276	286	22	264.969663	275.888809	1	13.794117
14	32	30	195	284	21	192.508195	278.005383	1	14.234667
14	33	31	193	125	1	183.475246	119.521487	1	14.817075
14	34	32	755	123	9	758.39792	132.804023	1	15.697217
14	35	33	831	199	20	829.956792	203.824155	2	16.193453
14	36	34	840	282	30	830.360762	274.844338	1	16.546589
14	37	35	854	478	60	843.162649	486.527175	1	17.328537
14	38	36	835	553	70	829.810839	576.223077	1	17.672878
14	39	37	828	631	80	829.880068	639.323193	2	18.089457
14	40	38	785	624	79	772.399625	617.896807	1	18.426614
14	41	39	712	632	78	693.551556	641.831548	2	18.72093
14	42	40	627	617	77	628.821644	619.526944	2	19.058647
15	1	0	505	433	45	479.96975	431.867602	2	0.882073
15	2	1	498	428	45	479.96975	431.867602	2	1.233901
15	3	2	530	425	46	540.742635	423.389791	1	1.59277
15	4	3	623	386	37	625.335848	361.193282	1	2.058463
15	5	4	634	289	27	627.611497	287.086676	1	2.425375
15	6	5	633	208	17	624.896616	212.039926	1	2.762304
15	7	0	627	163	7	616.859514	138.771823	1	3.138257
15	8	6	624	154	7	616.859514	138.771823	1	3.402145
15	9	7	693	290	28	693.404053	275.982724	1	4.009503
15	10	8	763	207	19	771.16613	191.698083	1	4.378198
15	11	0	786	98	9	772.769729	122.59161	1	4.7701
15	12	9	769	123	9	772.769729	122.59161	1	5.040749
15	13	10	844	132	10	838.196715	134.299658	2	5.338173
15	14	11	858	226	20	840.868136	211.450666	2	5.681832
15	15	0	715	325	38	690.621616	335.251939	2	6.225324
15	16	12	701	338	38	690.621616	335.251939	2	6.416967
15	17	13	560	339	36	543.716443	332.910299	2	6.79229
15	18	14	485	343	35	482.880099	338.337357	2	7.072727
15	19	15	402	339	34	405.128037	338.02643	1	7.338264
15	20	16	346	265	23	337.539384	260.604333	1	7.704355
15	21	17	326	204	13	331.323096	202.513458	1	8.024646
15	22	18	253	150	2	254.182439	145.302749	2	8.449308
15	23	19	328	149	3	332.840506	148.603743	2	8.769248
15	24	20	414	147	4	405.034678	147.370431	2	9.216701
15	25	21	183	127	1	193.176947	132.20381	1	9.744618
15	26	22	191	463	51	187.652929	481.635846	1	10.456963
15	27	23	189	531	61	180.871277	551.88737	1	10.92144
15	28	24	263	563	62	262.482138	573.676349	1	11.289169
15	29	25	256	497	52	259.16049	482.890029	2	11.6973
15	30	26	320	580	63	322.55635	577.093311	2	12.145529
15	31	27	406	622	74	409.674494	628.194474	1	12.489151
15	32	28	407	595	64	410.347934	573.074855	2	12.809062
15	33	29	393	496	54	398.354991	480.35185	2	13.200721
15	34	30	398	422	44	399.384936	411.483814	2	13.578228
15	35	31	482	639	75	477.222469	649.95283	2	14.320437
15	36	32	534	479	56	540.184527	473.642219	2	14.849952
15	37	33	633	443	47	624.419984	436.868701	2	15.281181
15	38	34	634	505	57	628.767206	502.278836	2	15.530347
15	39	35	764	647	79	768.17879	648.115419	2	16.090154
15	40	36	848	616	80	836.521769	629.010248	1	16.392369
15	41	0	855	569	70	841.714684	546.536532	1	16.768904
15	42	37	854	555	70	841.714684	546.536532	1	17.090238
15	43	0	851	520	60	835.507466	491.090529	1	17.474055
15	44	38	849	496	60	835.507466	491.090529	1	17.721365
15	45	39	842	457	50	834.388167	435.722976	2	18.096711
15	46	40	786	484	59	762.591136	480.90125	1	18.49011
16	1	1	463	420	45	475.516791	425.315984	1	0.74583
16	2	2	473	333	35	469.590745	344.252086	2	1.089802
16	3	3	479	274	25	472.088059	263.032354	2	1.411438
16	4	4	492	194	15	480.340507	193.175672	1	1.819476
16	5	5	481	154	5	473.445464	142.009433	2	2.259696
16	6	6	415	126	4	407.297112	125.975899	2	2.770547
16	7	7	332	125	3	327.358536	123.505648	1	3.16365
16	8	8	262	135	2	262.910444	146.157211	1	3.442952
16	9	0	209	124	1	183.600291	118.448865	2	3.795519
16	10	9	182	128	1	183.600291	118.448865	2	4.074995
16	11	10	168	208	11	182.154273	222.676577	1	4.475714
16	12	11	231	192	12	251.46389	194.458199	2	4.835823
16	13	0	340	176	13	332.574402	202.030482	1	5.129895
16	14	12	345	212	13	332.574402	202.030482	1	5.434169
16	15	13	335	279	23	330.717997	292.068572	1	5.803149
16	16	14	332	322	33	333.922649	339.442579	2	6.082074
16	17	15	176	313	21	184.061822	290.911612	3	6.666097
17	1	0	248	179	12	257.809865	202.095745	2	1.20155
17	2	1	260	193	12	257.809865	202.095745	2	1.51371
17	3	2	314	197	13	329.002346	207.354437	2	2.010839
17	4	3	404	209	14	410.827236	211.188577	2	2.529794
17	5	4	403	169	4	398.222026	152.255324	1	2.969493
17	6	5	401	274	24	398.333538	270.530164	1	3.409848
17	7	6	323	276	23	323.702813	273.289494	1	3.76102
17	8	7	249	300	22	252.402572	294.332399	1	4.105783
17	9	8	209	334	31	191.521109	346.062005	2	4.561541
17	10	9	247	405	42	256.416777	408.518792	1	5.154494
17	11	10	196	499	51	177.864545	502.863776	2	5.786407
17	12	11	339	499	53	332.247037	496.488393	1	6.625494
17	13	12	324	584	63	323.032394	566.031081	1	7.194715
17	14	13	267	652	72	254.31696	649.363293	1	7.63442
17	15	14	331	652	73	327.412631	650.217349	2	7.99479
17	16	0	331	652	74	411.63378	646.140452	2	8.081874
17	17	15	404	648	74	411.63378	646.140452	2	8.457908
17	18	16	396	579	64	400.011602	564.286454	2	8.841266
17	19	17	397	493	54	399.261165	483.878923	2	9.218314
17	20	18	467	420	45	471.21451	412.191029	1	9.689855
17	21	19	462	299	25	468.473831	281.00759	1	10.209554
17	22	20	545	302	26	541.158934	294.768134	1	10.610839
17	23	21	558	352	36	547.839595	351.952981	2	10.922753
17	24	22	617	416	47	614.942673	412.080965	2	11.36154
17	25	23	714	431	48	695.924533	425.388155	1	11.93796
17	26	24	752	429	49	757.643607	422.497417	2	12.201967
17	27	25	836	428	50	845.724998	430.423741	2	12.602509
17	28	26	757	494	59	766.357371	499.584357	1	13.123036
17	29	0	815	532	70	842.965624	545.046997	1	13.562402
17	30	27	830	540	70	842.965624	545.046997	1	13.80227
17	31	28	829	618	80	833.21564	625.632627	2	14.201425
17	32	29	786	571	69	767.186835	559.721858	2	14.650331
17	33	30	695	554	68	693.415383	548.178719	1	14.985606
17	34	0	584	558	67	613.510455	557.717277	1	15.337626
17	35	31	596	557	67	613.510455	557.717277	1	15.769359
17	36	32	631	614	77	629.231366	625.93786	2	16.145296
17	37	33	684	639	78	690.273012	640.366837	2	16.618729
17	38	34	489	576	65	481.445251	568.893711	1	17.337908
17	39	35	620	289	27	618.37303	283.761235	1	18.681394
17	40	36	624	149	7	611.957662	146.964504	2	19.251109
17	41	37	527	126	6	547.756917	133.245599	1	19.674901
17	42	38	766	187	19	768.626338	189.932132	2	20.378995
17	43	39	766	110	9	765.129648	125.565794	1	20.769565
17	44	40	846	125	10	830.154322	120.740221	2	21.145143
18	1	1	555	326	36	547.636986	335.355474	1	0.828822
18	2	2	567	278	26	555.718899	267.171078	1	1.130715
18	3	3	559	201	16	553.958524	205.746817	2	1.43471
18	4	4	632	212	17	621.112744	213.127296	2	1.756676
18	5	5	624	307	27	619.400146	289.91469	1	2.051314
18	6	6	633	344	37	625.382583	338.150644	2	2.323474
18	7	7	624	409	47	618.599743	416.670666	2	2.700261
18	8	8	566	427	46	551.425381	435.994461	2	2.986873
18	9	9	479	325	35	470.81362	340.427727	2	3.451738
18	10	10	394	347	34	401.926486	345.410686	2	3.771849
18	11	11	323	343	33	325.748976	333.336092	1	4.076566
18	12	12	269	349	32	264.344973	361.72496	2	4.347077
18	13	13	267	277	22	260.110961	277.22105	1	4.859167
18	14	14	175	253	21	189.322222	260.844478	1	5.636373
18	15	15	184	323	31	193.165583	337.511922	1	5.956446
18	16	16	183	203	11	184.364301	198.811854	2	6.523392
18	17	17	273	145	2	256.203373	147.853449	2	6.916256
18	18	18	400	150	4	406.101215	143.047948	2	7.524714
18	19	19	466	138	5	482.626394	133.304643	1	7.924701
18	20	20	683	192	18	686.858069	192.372923	1	8.676067
18	21	21	759	147	9	757.381195	135.092049	2	9.018669
18	22	22	829	276	30	844.169226	278.044539	1	9.644206
18	23	23	793	350	39	770.933855	341.668463	1	10.003376
18	24	24	834	368	40	833.673948	364.536316	1	10.372676
18	25	25	844	564	70	836.315754	558.546717	2	10.978682
18	26	26	827	645	80	829.571887	647.099868	2	11.372463
18	27	0	785	577	69	767.663092	558.983867	1	11.884564
18	28	27	779	574	69	767.663092	558.983867	1	12.14723
18	29	28	697	555	68	684.916907	548.935763	1	12.604307
18	30	29	696	632	78	697.725172	632.911508	1	13.043859
18	31	30	633	566	67	626.586754	561.369275	1	13.490731
18	32	31	543	492	56	540.835539	491.243111	1	13.83584
18	33	32	479	495	55	470.833537	496.098093	2	14.379313
18	34	33	457	551	65	469.255882	554.964972	2	14.700683
18	35	34	391	486	54	397.201354	490.004919	2	15.115937
18	36	35	322	576	63	325.608029	569.037259	2	15.875465
18	37	36	258	604	72	254.596965	615.842212	1	16.179785
18	38	0	163	600	71	184.4551	619.638332	1	16.5076
18	39	37	172	605	71	184.4551	619.638332	1	16.779276
18	40	38	174	565	61	192.832138	560.634286	2	17.283348
18	41	39	166	512	51	187.623677	501.175237	2	17.644688
18	42	40	239	439	42	256.588912	427.940445	1	18.354921
19	1	1	622	337	37	616.2244	341.098299	2	1.065833
19	2	2	543	288	26	540.084004	287.476303	2	2.081638
19	3	3	478	284	25	476.228962	284.970578	1	2.505235
19	4	4	467	210	15	476.832032	215.344259	2	3.072585
19	5	5	391	216	14	411.852561	222.845794	2	3.425533
19	6	6	400	149	4	398.257653	136.536179	2	3.985463
19	7	7	322	149	3	329.472132	152.303978	1	4.264729
19	8	8	276	153	2	262.172862	152.639979	2	4.55321
19	9	9	198	138	1	186.854043	137.815764	1	5.041695
19	10	0	197	190	11	186.310696	219.134687	2	5.433699
19	11	0	211	206	11	186.310696	219.134687	2	5.793506
19	12	10	177	208	11	186.310696	219.134687	2	6.071793
19	13	11	259	205	12	263.867588	211.704633	1	6.520573
19	14	12	268	260	22	253.827971	263.091125	1	6.831838
19	15	13	266	348	32	256.165872	359.583989	2	7.463919
19	16	14	184	427	41	178.935988	429.770038	2	7.985419
19	17	15	278	475	52	263.287955	475.025154	1	8.448659
19	18	16	318	411	43	333.426258	405.99702	1	8.905057
19	19	0	218	525	51	183.30705	505.05738	3	9.233783
19	20	17	200	545	61	183.150024	550.519572	2	9.601565
19	21	18	283	614	72	258.678973	616.340191	1	10.297464
19	22	19	337	612	73	331.012325	617.430747	2	10.679791
19	23	0	378	613	74	402.302602	633.802321	2	11.009045
19	24	20	389	614	74	402.302602	633.802321	2	11.287733
19	25	21	394	587	64	408.022124	569.471675	2	11.689768
19	26	22	464	562	65	471.933446	570.3723	1	12.248787
19	27	23	560	501	56	546.289995	504.395468	1	12.784217
19	28	24	611	478	57	619.40687	477.128413	1	13.120371
19	29	25	621	440	47	614.109756	425.56269	1	13.425529
19	30	26	704	367	38	694.283947	363.852261	2	14.353708
19	31	27	765	435	49	769.381189	431.590847	2	14.935964
19	32	28	754	462	59	756.871954	474.945201	2	15.184475
19	33	29	828	435	50	833.400001	435.341531	2	15.656311
19	34	30	823	567	70	829.526356	576.672713	2	16.231751
19	35	0	759	600	79	756.918119	625.181534	1	16.593778
19	36	31	771	619	79	756.918119	625.181534	1	17.16026
19	37	32	845	632	80	835.310711	639.734276	1	17.48923
19	38	33	852	481	60	840.970558	488.480497	1	18.032239
19	39	34	771	358	39	759.378496	361.845279	1	18.657662
19	40	35	697	205	18	696.445756	211.541611	1	19.305543
19	41	36	622	209	17	618.62097	208.911925	2	19.656489
19	42	37	693	127	8	698.798517	137.046357	2	20.00179
19	43	38	764	133	9	763.650344	133.480586	1	20.96979
19	44	39	773	206	19	762.024355	212.612565	1	21.368334
19	45	0	876	204	20	840.732077	194.764171	1	21.745698
19	46	40	848	197	20	840.732077	194.764171	1	21.959702
20	1	1	537	290	26	544.073338	287.722572	1	1.006203
20	2	2	468	283	25	476.549074	273.179028	1	1.398717
20	3	3	552	215	16	547.392114	205.144029	2	1.848169
20	4	4	624	184	17	622.775275	193.760346	2	2.151479
20	5	0	624	190	7	622.464782	125.762874	2	2.391874
20	6	5	623	142	7	622.464782	125.762874	2	2.736131
20	7	6	682	146	8	694.691983	137.354974	1	3.19066
20	8	0	732	214	18	699.045555	201.337304	1	3.431224
20	9	7	717	217	18	699.045555	201.337304	1	3.671682
20	10	8	753	194	19	766.553123	189.017356	1	4.208173
20	11	9	759	147	9	757.866314	135.708517	2	4.519064
20	12	10	840	154	10	842.678856	145.399622	1	4.879362
20	13	11	824	294	30	838.837961	295.35822	1	5.408127
20	14	12	736	337	39	759.297132	337.495278	1	5.751068
20	15	13	677	341	38	690.155637	337.265786	1	6.039044
20	16	14	612	296	27	625.581727	294.761862	1	6.383867
20	17	15	552	420	46	551.029555	428.325658	2	6.975919
20	18	16	764	444	49	767.837491	434.506158	1	7.598526
20	19	17	763	489	59	756.720115	501.913817	1	7.79951
20	20	18	823	546	70	829.573994	565.396194	2	8.21584
20	21	0	826	554	60	842.602019	496.243621	4	8.45436
20	22	19	614	557	67	616.737593	548.798289	2	8.950246
20	23	20	620	655	77	616.726767	645.284299	2	9.32675
20	24	21	550	650	76	545.073314	647.95986	2	9.640214
20	25	22	462	575	65	467.2466	552.100445	2	10.096148
20	26	23	462	508	55	470.280618	492.192591	2	10.487692
20	27	24	410	570	64	396.761678	569.208355	2	10.96716
20	28	25	333	622	73	328.295956	625.858433	2	11.303992
20	29	26	254	618	72	252.402994	624.106845	2	11.600047
20	30	27	185	575	61	184.455658	564.568537	2	12.062536
20	31	28	248	513	52	260.578435	503.379797	2	12.544186
20	32	29	311	433	43	325.286604	414.070281	2	13.021947
20	33	30	396	417	44	403.166606	412.247699	2	13.360045
20	34	31	339	477	53	327.610187	496.472704	1	13.63128
20	35	32	160	646	71	182.787664	635.734444	1	13.959536
20	36	33	321	375	33	331.766408	353.583515	1	14.839885
20	37	34	175	262	21	183.93389	267.474769	2	15.430751
20	38	35	284	279	22	265.413149	276.847436	2	15.751131
20	39	36	263	221	12	262.572031	215.003236	1	16.175821
20	40	37	174	215	11	188.319035	210.595108	1	16.455519
20	41	38	261	153	2	263.485384	143.536555	1	16.886691
20	42	39	396	142	4	403.302279	136.50976	1	17.35211
20	43	40	492	138	5	472.267752	133.092921	1	17.720129
