MultiTargForag_2	Participant_Code = 29
Search_Type = 1	CB_Targets = 2
Trial	Click_Num	Target_Click_Order	Click_X	Click_y	Item_selected	Item_X	Item_Y	Target_Set	RT
1.000000	1.000000	1.000000	837.000000	616.000000	46.000000	831.851916	618.732319	1.000000	0.867017
1.000000	2.000000	2.000000	840.000000	570.000000	36.000000	834.474000	569.266400	1.000000	1.160896
1.000000	3.000000	3.000000	879.000000	759.000000	56.000000	880.505671	765.142271	2.000000	1.704968
1.000000	4.000000	4.000000	971.000000	533.000000	37.000000	972.734964	526.584079	1.000000	2.281597
1.000000	5.000000	5.000000	1127.000000	622.000000	48.000000	1124.166189	621.360468	2.000000	2.752599
1.000000	6.000000	6.000000	1124.000000	802.000000	58.000000	1120.713030	825.027379	2.000000	3.241302
1.000000	7.000000	7.000000	1230.000000	799.000000	59.000000	1222.183660	802.319873	2.000000	4.025891
1.000000	8.000000	8.000000	1132.000000	924.000000	68.000000	1139.847875	916.028622	2.000000	4.474079
1.000000	9.000000	9.000000	886.000000	913.000000	66.000000	875.058973	908.275696	1.000000	5.113146
1.000000	10.000000	0.000000	1076.000000	985.000000	78.000000	1093.891716	1009.037886	1.000000	5.729291
1.000000	11.000000	10.000000	1104.000000	1003.000000	78.000000	1093.891716	1009.037886	1.000000	6.458162
1.000000	12.000000	11.000000	963.000000	944.000000	67.000000	973.649703	950.602217	2.000000	6.906252
1.000000	13.000000	12.000000	903.000000	1062.000000	76.000000	882.610243	1070.866277	2.000000	7.552861
1.000000	14.000000	13.000000	738.000000	1056.000000	75.000000	737.413289	1058.786703	2.000000	8.001659
1.000000	15.000000	14.000000	607.000000	1053.000000	74.000000	595.681374	1063.769821	1.000000	8.776739
1.000000	16.000000	15.000000	355.000000	883.000000	62.000000	351.749208	877.046257	2.000000	9.560525
1.000000	17.000000	16.000000	230.000000	887.000000	61.000000	227.727537	897.051283	2.000000	9.954189
1.000000	18.000000	17.000000	220.000000	1013.000000	71.000000	212.576811	1032.640804	1.000000	10.417316
1.000000	19.000000	18.000000	381.000000	747.000000	52.000000	379.444918	746.900432	1.000000	10.992910
1.000000	20.000000	19.000000	195.000000	583.000000	31.000000	179.982595	572.085687	2.000000	11.705486
1.000000	21.000000	20.000000	375.000000	519.000000	32.000000	367.329271	511.274857	1.000000	12.242133
1.000000	22.000000	21.000000	590.000000	624.000000	44.000000	610.944912	629.653321	1.000000	12.817538
1.000000	23.000000	22.000000	715.000000	536.000000	35.000000	720.216661	537.033637	1.000000	13.304281
1.000000	24.000000	23.000000	1270.000000	675.000000	49.000000	1248.937945	669.591440	1.000000	14.152380
1.000000	25.000000	24.000000	1398.000000	772.000000	60.000000	1398.484018	758.681686	1.000000	14.642253
1.000000	26.000000	25.000000	1362.000000	391.000000	30.000000	1373.965016	373.347509	2.000000	15.601975
1.000000	27.000000	26.000000	1262.000000	269.000000	19.000000	1264.930317	275.360679	2.000000	16.098054
1.000000	28.000000	27.000000	1231.000000	446.000000	29.000000	1236.674579	442.169581	1.000000	16.497555
1.000000	29.000000	28.000000	1124.000000	260.000000	18.000000	1145.065681	255.833188	1.000000	16.857497
1.000000	30.000000	29.000000	1274.000000	132.000000	9.000000	1273.914623	129.686341	1.000000	17.369165
1.000000	31.000000	0.000000	1413.000000	157.000000	10.000000	1388.052513	160.666499	1.000000	17.704895
1.000000	32.000000	30.000000	1390.000000	160.000000	10.000000	1388.052513	160.666499	1.000000	18.544151
1.000000	33.000000	31.000000	1150.000000	180.000000	8.000000	1146.585971	194.321989	2.000000	19.000845
1.000000	34.000000	32.000000	992.000000	308.000000	17.000000	998.691779	295.374509	2.000000	19.441574
1.000000	35.000000	0.000000	867.000000	273.000000	16.000000	838.826107	259.366148	1.000000	19.840607
1.000000	36.000000	0.000000	846.000000	231.000000	16.000000	838.826107	259.366148	1.000000	20.081271
1.000000	37.000000	33.000000	852.000000	194.000000	6.000000	856.104478	189.456939	1.000000	20.337148
1.000000	38.000000	34.000000	834.000000	270.000000	16.000000	838.826107	259.366148	1.000000	20.633282
1.000000	39.000000	35.000000	734.000000	160.000000	5.000000	733.926693	153.486563	2.000000	21.488260
1.000000	40.000000	36.000000	604.000000	424.000000	24.000000	591.133120	435.977688	2.000000	22.089910
1.000000	41.000000	37.000000	506.000000	493.000000	33.000000	507.170799	494.985742	2.000000	22.688759
1.000000	42.000000	38.000000	480.000000	432.000000	23.000000	462.004137	425.534201	2.000000	23.049469
1.000000	43.000000	39.000000	358.000000	287.000000	12.000000	354.792349	273.936505	2.000000	23.776960
1.000000	44.000000	40.000000	175.000000	201.000000	1.000000	179.102995	190.606684	1.000000	24.281459
1.000000	1.000000	1.000000	211.000000	119.000000	1.000000	210.427283	122.682945	1.000000	1.153059
1.000000	2.000000	2.000000	362.000000	129.000000	2.000000	374.087434	128.591234	1.000000	1.631684
1.000000	3.000000	3.000000	565.000000	187.000000	4.000000	571.725139	189.522899	2.000000	2.208096
1.000000	4.000000	4.000000	710.000000	185.000000	5.000000	713.979625	180.791687	2.000000	2.599945
1.000000	5.000000	5.000000	1026.000000	155.000000	7.000000	1030.776274	147.103152	2.000000	3.407303
1.000000	6.000000	6.000000	1135.000000	188.000000	8.000000	1132.764220	177.971710	2.000000	3.728304
1.000000	7.000000	7.000000	1271.000000	171.000000	9.000000	1269.219701	164.298550	1.000000	4.319060
1.000000	8.000000	8.000000	1379.000000	455.000000	30.000000	1368.605987	451.672446	2.000000	5.168596
1.000000	9.000000	9.000000	1423.000000	538.000000	40.000000	1417.336050	529.738088	1.000000	5.911742
1.000000	10.000000	10.000000	1291.000000	430.000000	29.000000	1281.081130	411.107809	1.000000	6.367814
1.000000	11.000000	11.000000	746.000000	415.000000	25.000000	767.483530	411.376170	2.000000	7.328368
1.000000	12.000000	12.000000	709.000000	536.000000	35.000000	705.699969	535.842742	1.000000	8.056856
1.000000	13.000000	13.000000	639.000000	303.000000	14.000000	641.031158	288.081227	1.000000	8.569057
1.000000	14.000000	14.000000	245.000000	502.000000	31.000000	240.496579	495.661006	1.000000	9.465011
1.000000	15.000000	15.000000	374.000000	568.000000	32.000000	369.492840	554.626222	2.000000	9.950973
1.000000	16.000000	16.000000	502.000000	568.000000	33.000000	510.650342	565.673036	2.000000	10.327671
1.000000	17.000000	17.000000	515.000000	681.000000	43.000000	505.057567	681.493402	2.000000	10.656849
1.000000	18.000000	18.000000	588.000000	651.000000	44.000000	601.283968	641.517939	1.000000	11.065089
1.000000	19.000000	19.000000	371.000000	783.000000	52.000000	355.670325	778.791612	2.000000	11.833115
1.000000	20.000000	20.000000	435.000000	859.000000	63.000000	438.138450	875.852326	2.000000	12.191313
1.000000	21.000000	0.000000	254.000000	942.000000	61.000000	229.672758	949.562454	2.000000	13.135887
1.000000	22.000000	21.000000	218.000000	965.000000	61.000000	229.672758	949.562454	2.000000	13.575143
1.000000	23.000000	22.000000	197.000000	1031.000000	71.000000	190.659423	1039.805994	2.000000	13.991704
1.000000	24.000000	23.000000	306.000000	1058.000000	72.000000	308.396838	1063.846333	2.000000	14.576220
1.000000	25.000000	24.000000	477.000000	1011.000000	73.000000	482.050406	1001.764226	1.000000	15.199584
1.000000	26.000000	25.000000	441.000000	840.000000	53.000000	449.237737	825.022613	1.000000	15.689098
1.000000	27.000000	26.000000	591.000000	1077.000000	74.000000	594.802146	1081.573412	2.000000	16.480206
1.000000	28.000000	27.000000	834.000000	882.000000	66.000000	835.774424	872.501302	1.000000	17.225175
1.000000	29.000000	28.000000	858.000000	755.000000	56.000000	862.115180	755.434657	1.000000	17.592754
1.000000	30.000000	29.000000	892.000000	701.000000	46.000000	888.694074	692.177889	2.000000	17.912948
1.000000	31.000000	30.000000	894.000000	528.000000	36.000000	893.345394	517.606868	1.000000	18.784135
1.000000	32.000000	31.000000	1001.000000	569.000000	37.000000	994.975979	573.210111	2.000000	19.279876
1.000000	33.000000	32.000000	1024.000000	665.000000	47.000000	1030.266129	661.760162	1.000000	19.656422
1.000000	34.000000	33.000000	1127.000000	570.000000	38.000000	1124.970392	581.917963	1.000000	19.992544
1.000000	35.000000	34.000000	1274.000000	658.000000	49.000000	1282.754076	663.790755	1.000000	20.640299
1.000000	36.000000	35.000000	1380.000000	757.000000	60.000000	1372.420909	757.146095	1.000000	21.279418
1.000000	37.000000	36.000000	1231.000000	763.000000	59.000000	1226.402471	747.972091	1.000000	21.711259
1.000000	38.000000	37.000000	1125.000000	763.000000	58.000000	1114.163227	748.607466	2.000000	22.072100
1.000000	39.000000	38.000000	1352.000000	1055.000000	80.000000	1361.661357	1061.977972	1.000000	23.183118
1.000000	40.000000	39.000000	1276.000000	1012.000000	79.000000	1269.018763	992.614849	2.000000	23.815888
1.000000	41.000000	0.000000	1107.000000	1070.000000	78.000000	1101.715223	1045.049060	2.000000	24.193041
1.000000	42.000000	40.000000	1106.000000	1061.000000	78.000000	1101.715223	1045.049060	2.000000	24.599317
2.000000	1.000000	1.000000	187.000000	179.000000	1.000000	189.565770	179.041484	1.000000	1.278342
2.000000	2.000000	2.000000	217.000000	264.000000	11.000000	211.597131	272.152397	2.000000	1.758251
2.000000	3.000000	3.000000	342.000000	203.000000	2.000000	346.469377	200.674800	1.000000	2.293858
2.000000	4.000000	4.000000	377.000000	260.000000	12.000000	373.488581	283.864365	1.000000	2.588146
2.000000	5.000000	5.000000	350.000000	413.000000	22.000000	340.521953	433.619724	1.000000	2.981548
2.000000	6.000000	6.000000	480.000000	403.000000	23.000000	457.009544	405.752963	2.000000	3.590466
2.000000	7.000000	7.000000	573.000000	391.000000	24.000000	589.094154	383.817092	2.000000	4.220661
2.000000	8.000000	8.000000	745.000000	274.000000	15.000000	737.148934	273.842437	2.000000	4.997326
2.000000	9.000000	9.000000	751.000000	133.000000	5.000000	760.308984	125.179386	1.000000	5.301905
2.000000	10.000000	10.000000	874.000000	175.000000	6.000000	891.744163	185.415598	1.000000	5.702394
2.000000	11.000000	11.000000	893.000000	247.000000	16.000000	899.367494	257.520224	1.000000	5.956312
2.000000	12.000000	12.000000	1005.000000	138.000000	7.000000	1014.213953	155.566645	1.000000	6.358259
2.000000	13.000000	13.000000	1116.000000	155.000000	8.000000	1122.964130	151.746149	1.000000	6.684972
2.000000	14.000000	14.000000	1261.000000	136.000000	9.000000	1258.459435	148.429765	1.000000	7.069232
2.000000	15.000000	15.000000	1280.000000	275.000000	19.000000	1267.052149	277.156063	1.000000	7.462311
2.000000	16.000000	0.000000	1172.000000	290.000000	18.000000	1147.646385	298.349587	1.000000	7.804151
2.000000	17.000000	16.000000	1142.000000	309.000000	18.000000	1147.646385	298.349587	1.000000	8.318251
2.000000	18.000000	17.000000	980.000000	411.000000	27.000000	985.798033	396.640101	1.000000	8.764313
2.000000	19.000000	18.000000	1085.000000	438.000000	28.000000	1101.707818	452.975828	1.000000	9.117179
2.000000	20.000000	19.000000	1229.000000	524.000000	39.000000	1223.954921	522.361112	2.000000	9.868469
2.000000	21.000000	20.000000	1384.000000	558.000000	40.000000	1380.635162	572.663518	2.000000	10.421234
2.000000	22.000000	21.000000	1118.000000	689.000000	48.000000	1119.977782	686.552951	2.000000	11.364404
2.000000	23.000000	22.000000	889.000000	617.000000	46.000000	892.618580	620.535477	2.000000	11.868412
2.000000	24.000000	0.000000	751.000000	620.000000	45.000000	714.164416	630.661797	2.000000	12.252304
2.000000	25.000000	23.000000	723.000000	630.000000	45.000000	714.164416	630.661797	2.000000	12.582216
2.000000	26.000000	24.000000	888.000000	757.000000	56.000000	873.701817	748.873538	2.000000	12.972586
2.000000	27.000000	25.000000	352.000000	651.000000	42.000000	353.595346	641.576327	2.000000	13.918184
2.000000	28.000000	26.000000	247.000000	758.000000	51.000000	242.492239	759.560208	1.000000	14.614341
2.000000	29.000000	27.000000	447.000000	813.000000	53.000000	441.633624	809.682846	1.000000	15.069619
2.000000	30.000000	28.000000	586.000000	814.000000	54.000000	599.164454	811.782651	1.000000	15.517260
2.000000	31.000000	29.000000	728.000000	816.000000	55.000000	741.515497	823.563599	1.000000	15.980577
2.000000	32.000000	30.000000	520.000000	903.000000	63.000000	507.942753	907.944518	2.000000	16.893348
2.000000	33.000000	31.000000	345.000000	903.000000	62.000000	332.575330	905.196277	2.000000	17.333618
2.000000	34.000000	32.000000	230.000000	903.000000	61.000000	231.320644	898.852924	2.000000	17.726028
2.000000	35.000000	33.000000	244.000000	1060.000000	71.000000	244.122534	1069.583923	2.000000	18.542049
2.000000	36.000000	34.000000	358.000000	1078.000000	72.000000	346.503036	1080.679216	1.000000	18.916941
2.000000	37.000000	35.000000	616.000000	1054.000000	74.000000	618.182492	1043.357351	2.000000	19.557714
2.000000	38.000000	36.000000	749.000000	1015.000000	75.000000	744.032289	1014.445711	1.000000	19.956552
2.000000	39.000000	37.000000	988.000000	1029.000000	77.000000	986.347438	1039.844462	2.000000	20.637797
2.000000	40.000000	38.000000	1117.000000	900.000000	68.000000	1111.485233	890.350015	2.000000	21.196913
2.000000	41.000000	39.000000	1153.000000	1037.000000	78.000000	1155.536028	1042.066942	2.000000	21.716719
2.000000	42.000000	40.000000	1417.000000	936.000000	70.000000	1406.652871	929.873647	2.000000	22.654026
3.000000	1.000000	1.000000	225.000000	140.000000	1.000000	217.000273	120.182057	1.000000	1.159388
3.000000	2.000000	2.000000	464.000000	138.000000	3.000000	471.660991	129.809414	1.000000	1.783333
3.000000	3.000000	3.000000	584.000000	139.000000	4.000000	570.159119	146.259756	1.000000	2.126736
3.000000	4.000000	4.000000	1244.000000	184.000000	9.000000	1224.254632	180.901367	2.000000	3.375262
3.000000	5.000000	5.000000	1399.000000	198.000000	10.000000	1410.520297	199.096843	2.000000	4.151534
3.000000	6.000000	6.000000	1421.000000	254.000000	20.000000	1418.574653	264.615628	1.000000	4.535543
3.000000	7.000000	7.000000	1116.000000	262.000000	18.000000	1122.380663	258.664698	1.000000	5.008312
3.000000	8.000000	8.000000	1138.000000	392.000000	28.000000	1134.019364	384.030449	1.000000	5.328740
3.000000	9.000000	9.000000	1002.000000	281.000000	17.000000	987.452674	279.418524	2.000000	5.727204
3.000000	10.000000	0.000000	855.000000	389.000000	26.000000	839.309153	368.248243	2.000000	6.160583
3.000000	11.000000	10.000000	842.000000	369.000000	26.000000	839.309153	368.248243	2.000000	6.648374
3.000000	12.000000	11.000000	636.000000	319.000000	14.000000	616.008675	307.405316	2.000000	7.112338
3.000000	13.000000	12.000000	447.000000	303.000000	13.000000	449.849874	287.239973	2.000000	7.784798
3.000000	14.000000	13.000000	711.000000	412.000000	25.000000	713.008770	406.688191	1.000000	8.423347
3.000000	15.000000	0.000000	854.000000	510.000000	36.000000	832.086451	494.642511	1.000000	8.767791
3.000000	16.000000	14.000000	836.000000	499.000000	36.000000	832.086451	494.642511	1.000000	9.375726
3.000000	17.000000	15.000000	996.000000	519.000000	37.000000	984.637230	530.091483	2.000000	9.759515
3.000000	18.000000	16.000000	1386.000000	585.000000	40.000000	1376.880361	581.220791	1.000000	10.720929
3.000000	19.000000	17.000000	1386.000000	630.000000	50.000000	1379.166476	635.703247	1.000000	10.983714
3.000000	20.000000	0.000000	1242.000000	671.000000	49.000000	1256.080523	699.841245	2.000000	11.584556
3.000000	21.000000	18.000000	1263.000000	686.000000	49.000000	1256.080523	699.841245	2.000000	11.823318
3.000000	22.000000	19.000000	1232.000000	791.000000	59.000000	1240.091836	803.523411	2.000000	12.463331
3.000000	23.000000	20.000000	1255.000000	907.000000	69.000000	1262.357655	925.108022	2.000000	13.016576
3.000000	24.000000	0.000000	1256.000000	908.000000	79.000000	1273.981834	1016.776782	4.000000	13.095296
3.000000	25.000000	21.000000	1358.000000	803.000000	60.000000	1355.567944	804.408854	1.000000	13.711432
3.000000	26.000000	22.000000	1412.000000	925.000000	70.000000	1396.449226	910.276328	1.000000	13.990769
3.000000	27.000000	23.000000	1410.000000	1015.000000	80.000000	1411.915099	1013.406331	1.000000	14.280588
3.000000	28.000000	24.000000	1129.000000	818.000000	58.000000	1127.307355	816.182134	2.000000	14.846867
3.000000	29.000000	25.000000	1014.000000	762.000000	57.000000	1005.819260	755.569043	2.000000	15.136815
3.000000	30.000000	26.000000	1014.000000	714.000000	47.000000	1013.469526	700.006585	1.000000	15.360144
3.000000	31.000000	27.000000	896.000000	702.000000	46.000000	897.246842	696.613587	1.000000	15.584312
3.000000	32.000000	28.000000	1020.000000	1027.000000	77.000000	1017.109614	1044.463234	2.000000	16.240278
3.000000	33.000000	29.000000	841.000000	868.000000	66.000000	858.535992	879.051084	1.000000	16.808586
3.000000	34.000000	0.000000	786.000000	899.000000	65.000000	762.468042	912.170169	1.000000	17.111608
3.000000	35.000000	30.000000	766.000000	905.000000	65.000000	762.468042	912.170169	1.000000	17.600853
3.000000	36.000000	31.000000	756.000000	634.000000	45.000000	759.602119	632.057048	2.000000	18.175366
3.000000	37.000000	32.000000	722.000000	558.000000	35.000000	725.626469	567.379361	2.000000	18.432640
3.000000	38.000000	33.000000	622.000000	860.000000	64.000000	636.505633	874.878113	2.000000	19.126486
3.000000	39.000000	34.000000	617.000000	786.000000	54.000000	614.470874	782.377895	1.000000	19.416672
3.000000	40.000000	35.000000	477.000000	718.000000	43.000000	473.558887	702.360180	2.000000	20.118753
3.000000	41.000000	36.000000	378.000000	675.000000	42.000000	366.666130	664.824505	2.000000	20.455516
3.000000	42.000000	37.000000	576.000000	1000.000000	74.000000	575.038949	1004.992920	1.000000	21.032217
3.000000	43.000000	38.000000	352.000000	788.000000	52.000000	341.548476	798.606120	1.000000	21.607772
3.000000	44.000000	39.000000	327.000000	913.000000	62.000000	323.585697	894.552112	2.000000	21.967215
3.000000	45.000000	40.000000	229.000000	921.000000	61.000000	216.854833	918.880225	2.000000	22.272144
4.000000	1.000000	1.000000	321.000000	134.000000	2.000000	325.421680	124.606835	2.000000	1.429924
4.000000	2.000000	2.000000	222.000000	376.000000	21.000000	217.221673	383.339977	1.000000	2.166310
4.000000	3.000000	3.000000	495.000000	337.000000	13.000000	493.314759	326.071554	1.000000	2.735405
4.000000	4.000000	4.000000	564.000000	194.000000	4.000000	575.162232	197.250270	2.000000	3.247228
4.000000	5.000000	5.000000	750.000000	250.000000	15.000000	736.098911	253.578385	1.000000	3.741857
4.000000	6.000000	6.000000	756.000000	197.000000	5.000000	746.701163	190.655117	1.000000	3.965932
4.000000	7.000000	7.000000	1265.000000	155.000000	9.000000	1263.677804	141.303259	1.000000	5.133404
4.000000	8.000000	8.000000	1135.000000	192.000000	8.000000	1126.542233	193.752978	1.000000	5.527315
4.000000	9.000000	9.000000	1122.000000	247.000000	18.000000	1128.926078	246.123458	2.000000	5.789327
4.000000	10.000000	10.000000	1225.000000	273.000000	19.000000	1221.054675	279.931076	2.000000	6.141218
4.000000	11.000000	11.000000	1414.000000	204.000000	10.000000	1408.089414	203.336870	2.000000	6.677543
4.000000	12.000000	12.000000	1400.000000	280.000000	20.000000	1400.902720	286.325834	1.000000	7.007233
4.000000	13.000000	13.000000	1436.000000	422.000000	30.000000	1417.539315	420.546756	1.000000	7.413277
4.000000	14.000000	14.000000	1093.000000	382.000000	28.000000	1088.201818	368.868628	2.000000	8.061304
4.000000	15.000000	15.000000	1032.000000	331.000000	17.000000	1023.727998	327.503872	2.000000	8.383202
4.000000	16.000000	0.000000	1017.000000	409.000000	27.000000	1019.170235	375.347006	2.000000	8.597540
4.000000	17.000000	16.000000	1030.000000	379.000000	27.000000	1019.170235	375.347006	2.000000	9.223367
4.000000	18.000000	17.000000	600.000000	447.000000	24.000000	584.822008	443.351887	2.000000	9.870223
4.000000	19.000000	18.000000	705.000000	539.000000	35.000000	704.495008	524.749943	1.000000	10.414250
4.000000	20.000000	19.000000	487.000000	613.000000	43.000000	481.924602	618.711765	2.000000	11.325531
4.000000	21.000000	20.000000	339.000000	591.000000	32.000000	353.045787	579.460466	2.000000	11.734834
4.000000	22.000000	21.000000	326.000000	632.000000	42.000000	321.302970	647.577575	1.000000	12.007231
4.000000	23.000000	22.000000	253.000000	638.000000	41.000000	252.418770	641.614377	2.000000	12.382775
4.000000	24.000000	23.000000	605.000000	682.000000	44.000000	597.076404	681.589565	1.000000	13.247340
4.000000	25.000000	24.000000	772.000000	684.000000	45.000000	753.257802	679.259076	1.000000	13.615330
4.000000	26.000000	25.000000	975.000000	690.000000	47.000000	978.560792	693.968714	1.000000	14.165255
4.000000	27.000000	26.000000	1112.000000	745.000000	58.000000	1124.019412	746.397251	1.000000	14.853849
4.000000	28.000000	27.000000	1381.000000	720.000000	50.000000	1387.361947	698.731890	2.000000	15.669914
4.000000	29.000000	28.000000	1391.000000	1059.000000	80.000000	1395.660568	1070.026198	2.000000	16.535235
4.000000	30.000000	29.000000	1229.000000	1016.000000	79.000000	1238.848968	1008.640892	2.000000	17.079332
4.000000	31.000000	30.000000	1142.000000	931.000000	68.000000	1151.367228	919.851525	1.000000	17.349249
4.000000	32.000000	31.000000	1086.000000	1035.000000	78.000000	1090.205321	1015.325858	1.000000	17.630151
4.000000	33.000000	32.000000	1028.000000	1008.000000	77.000000	1023.224181	996.810710	2.000000	18.061777
4.000000	34.000000	33.000000	849.000000	1015.000000	76.000000	852.251104	1020.525459	2.000000	18.438300
4.000000	35.000000	34.000000	850.000000	827.000000	56.000000	858.495722	820.966237	1.000000	19.038774
4.000000	36.000000	35.000000	759.000000	833.000000	55.000000	742.815537	831.161648	1.000000	19.333328
4.000000	37.000000	36.000000	506.000000	802.000000	53.000000	501.166455	795.907764	2.000000	20.191280
4.000000	38.000000	37.000000	444.000000	918.000000	63.000000	439.919061	906.987406	2.000000	20.598076
4.000000	39.000000	38.000000	365.000000	817.000000	52.000000	348.356296	816.524932	2.000000	21.101362
4.000000	40.000000	39.000000	214.000000	936.000000	61.000000	214.277850	933.889741	1.000000	21.870192
4.000000	41.000000	40.000000	225.000000	1044.000000	71.000000	209.113198	1043.893128	1.000000	22.230457
5.000000	1.000000	1.000000	354.000000	408.000000	22.000000	366.970636	406.983478	2.000000	1.240190
5.000000	2.000000	2.000000	492.000000	388.000000	23.000000	481.314575	375.976631	2.000000	1.648472
5.000000	3.000000	3.000000	591.000000	330.000000	14.000000	591.348884	315.416291	2.000000	2.192060
5.000000	4.000000	4.000000	592.000000	442.000000	24.000000	588.899195	426.516815	2.000000	2.495738
5.000000	5.000000	5.000000	452.000000	149.000000	3.000000	455.172007	147.953404	1.000000	3.361037
5.000000	6.000000	6.000000	348.000000	130.000000	2.000000	370.026343	129.159277	1.000000	3.599915
5.000000	7.000000	7.000000	718.000000	183.000000	5.000000	731.475324	177.634871	2.000000	4.407297
5.000000	8.000000	8.000000	878.000000	201.000000	6.000000	864.438710	193.839921	2.000000	4.817169
5.000000	9.000000	9.000000	865.000000	294.000000	16.000000	859.800955	295.114905	1.000000	5.153221
5.000000	10.000000	0.000000	750.000000	381.000000	25.000000	724.766353	374.426104	1.000000	5.561187
5.000000	11.000000	10.000000	719.000000	384.000000	25.000000	724.766353	374.426104	1.000000	6.208990
5.000000	12.000000	11.000000	884.000000	430.000000	26.000000	875.118840	420.026741	2.000000	6.712258
5.000000	13.000000	12.000000	769.000000	506.000000	35.000000	771.656616	500.991208	1.000000	7.063063
5.000000	14.000000	13.000000	843.000000	540.000000	36.000000	850.062313	541.575193	1.000000	7.359296
5.000000	15.000000	14.000000	1140.000000	538.000000	38.000000	1148.006962	525.205423	2.000000	8.095906
5.000000	16.000000	15.000000	1130.000000	410.000000	28.000000	1126.416070	419.765107	2.000000	8.455395
5.000000	17.000000	16.000000	1230.000000	413.000000	29.000000	1225.183556	420.836116	1.000000	8.984810
5.000000	18.000000	17.000000	1226.000000	342.000000	19.000000	1221.614658	325.299397	1.000000	9.240543
5.000000	19.000000	0.000000	1235.000000	229.000000	9.000000	1248.989387	201.296260	1.000000	9.544256
5.000000	20.000000	18.000000	1240.000000	222.000000	9.000000	1248.989387	201.296260	1.000000	10.048833
5.000000	21.000000	19.000000	1390.000000	171.000000	10.000000	1379.240585	166.799081	2.000000	10.720913
5.000000	22.000000	20.000000	1407.000000	402.000000	30.000000	1409.332588	401.903065	2.000000	11.345103
5.000000	23.000000	21.000000	1388.000000	544.000000	40.000000	1384.439908	550.522840	2.000000	12.079144
5.000000	24.000000	22.000000	1389.000000	675.000000	50.000000	1386.884322	667.999669	1.000000	12.511564
5.000000	25.000000	23.000000	1395.000000	744.000000	60.000000	1389.014261	758.507927	1.000000	13.336802
5.000000	26.000000	24.000000	1362.000000	886.000000	70.000000	1358.422375	883.924435	2.000000	14.071327
5.000000	27.000000	25.000000	1278.000000	713.000000	49.000000	1282.894142	698.190186	2.000000	14.543023
5.000000	28.000000	26.000000	1116.000000	685.000000	48.000000	1116.033241	679.738964	1.000000	15.000981
5.000000	29.000000	27.000000	1127.000000	835.000000	58.000000	1125.175783	814.039471	1.000000	15.360190
5.000000	30.000000	28.000000	1134.000000	865.000000	68.000000	1129.979747	870.002838	1.000000	15.585235
5.000000	31.000000	0.000000	968.000000	864.000000	67.000000	998.191091	873.159974	1.000000	15.921150
5.000000	32.000000	29.000000	1001.000000	879.000000	67.000000	998.191091	873.159974	1.000000	16.241138
5.000000	33.000000	30.000000	1016.000000	695.000000	47.000000	1013.642316	680.170361	2.000000	16.663787
5.000000	34.000000	0.000000	784.000000	705.000000	45.000000	763.410420	687.256983	1.000000	17.217179
5.000000	35.000000	31.000000	769.000000	742.000000	55.000000	770.128552	744.762679	1.000000	17.465175
5.000000	36.000000	32.000000	764.000000	693.000000	45.000000	763.410420	687.256983	1.000000	17.775183
5.000000	37.000000	33.000000	759.000000	945.000000	65.000000	750.852621	938.070671	2.000000	18.447941
5.000000	38.000000	34.000000	975.000000	993.000000	77.000000	979.753013	993.460412	2.000000	18.935549
5.000000	39.000000	35.000000	839.000000	956.000000	66.000000	842.434570	944.964772	1.000000	19.608506
5.000000	40.000000	36.000000	686.000000	1002.000000	75.000000	700.962955	1014.128826	1.000000	20.113188
5.000000	41.000000	37.000000	630.000000	929.000000	64.000000	637.717275	924.438859	1.000000	21.008432
5.000000	42.000000	38.000000	591.000000	684.000000	44.000000	590.287921	662.897807	2.000000	21.623371
5.000000	43.000000	39.000000	354.000000	685.000000	42.000000	359.265286	675.082090	2.000000	22.536287
5.000000	44.000000	40.000000	311.000000	792.000000	52.000000	313.265180	790.611889	2.000000	22.880430
6.000000	1.000000	1.000000	382.000000	314.000000	12.000000	371.840830	313.462458	2.000000	1.250398
6.000000	2.000000	2.000000	447.000000	139.000000	3.000000	453.479874	131.777980	2.000000	1.722325
6.000000	3.000000	3.000000	507.000000	309.000000	13.000000	503.762489	304.368725	1.000000	2.267205
6.000000	4.000000	4.000000	611.000000	324.000000	14.000000	597.966143	328.077327	1.000000	2.764114
6.000000	5.000000	5.000000	613.000000	362.000000	24.000000	606.207265	370.615730	1.000000	2.963555
6.000000	6.000000	6.000000	497.000000	396.000000	23.000000	507.451870	407.489763	1.000000	3.258770
6.000000	7.000000	7.000000	325.000000	443.000000	22.000000	324.899805	450.215917	2.000000	3.916048
6.000000	8.000000	8.000000	477.000000	582.000000	33.000000	471.579056	577.855820	1.000000	4.346981
6.000000	9.000000	9.000000	595.000000	582.000000	34.000000	605.778311	576.459255	2.000000	4.644004
6.000000	10.000000	10.000000	345.000000	672.000000	42.000000	335.643796	671.505037	1.000000	5.403663
6.000000	11.000000	11.000000	207.000000	686.000000	41.000000	214.839586	696.676186	2.000000	5.810174
6.000000	12.000000	12.000000	229.000000	865.000000	61.000000	226.823079	881.617155	2.000000	6.618057
6.000000	13.000000	13.000000	237.000000	1061.000000	71.000000	229.507453	1046.254045	2.000000	7.370504
6.000000	14.000000	14.000000	580.000000	955.000000	64.000000	575.181267	951.815038	1.000000	8.178582
6.000000	15.000000	15.000000	562.000000	785.000000	54.000000	570.261887	794.580961	2.000000	8.595952
6.000000	16.000000	16.000000	728.000000	892.000000	65.000000	736.809293	882.643812	2.000000	9.194449
6.000000	17.000000	17.000000	728.000000	1001.000000	75.000000	737.444335	1009.079582	1.000000	9.474953
6.000000	18.000000	0.000000	866.000000	896.000000	66.000000	852.697591	926.942911	1.000000	9.907388
6.000000	19.000000	18.000000	763.000000	824.000000	55.000000	761.905745	813.908356	1.000000	10.354881
6.000000	20.000000	19.000000	733.000000	695.000000	45.000000	741.277474	695.037819	2.000000	10.922495
6.000000	21.000000	20.000000	845.000000	922.000000	66.000000	852.697591	926.942911	1.000000	11.379991
6.000000	22.000000	21.000000	899.000000	1022.000000	76.000000	891.179146	1021.099026	2.000000	11.642955
6.000000	23.000000	22.000000	1005.000000	1003.000000	77.000000	998.372652	1015.931165	2.000000	12.179018
6.000000	24.000000	23.000000	1015.000000	902.000000	67.000000	1015.537697	889.365352	2.000000	12.644061
6.000000	25.000000	24.000000	1100.000000	904.000000	68.000000	1100.127270	903.540547	1.000000	12.922011
6.000000	26.000000	25.000000	893.000000	774.000000	56.000000	900.892578	767.138679	1.000000	13.794169
6.000000	27.000000	26.000000	984.000000	713.000000	47.000000	1003.307303	698.003680	1.000000	14.194647
6.000000	28.000000	27.000000	1140.000000	603.000000	48.000000	1129.813936	620.481156	1.000000	15.051132
6.000000	29.000000	28.000000	1113.000000	548.000000	38.000000	1116.104918	560.639257	1.000000	15.299216
6.000000	30.000000	29.000000	960.000000	297.000000	17.000000	977.686805	300.500766	1.000000	16.155544
6.000000	31.000000	30.000000	1124.000000	440.000000	28.000000	1107.608518	439.778832	2.000000	16.698818
6.000000	32.000000	31.000000	1269.000000	520.000000	39.000000	1259.429254	533.493168	2.000000	17.202103
6.000000	33.000000	32.000000	1416.000000	422.000000	30.000000	1421.103845	412.654000	1.000000	17.746758
6.000000	34.000000	33.000000	1407.000000	321.000000	20.000000	1404.982813	307.248768	2.000000	18.050197
6.000000	35.000000	34.000000	1395.000000	137.000000	10.000000	1384.003611	129.850956	2.000000	18.883658
6.000000	36.000000	35.000000	1235.000000	172.000000	9.000000	1230.540229	170.091705	1.000000	19.339207
6.000000	37.000000	36.000000	1408.000000	668.000000	50.000000	1398.696454	677.325062	1.000000	20.236061
6.000000	38.000000	37.000000	1408.000000	743.000000	60.000000	1401.445210	746.133390	2.000000	20.483151
6.000000	39.000000	38.000000	1245.000000	826.000000	59.000000	1234.725429	830.960437	1.000000	21.250563
6.000000	40.000000	39.000000	1236.000000	876.000000	69.000000	1235.844008	887.117053	2.000000	21.467905
6.000000	41.000000	40.000000	1361.000000	1057.000000	80.000000	1370.529742	1078.672623	2.000000	22.323995
7.000000	1.000000	1.000000	212.000000	309.000000	11.000000	196.237581	298.155888	2.000000	1.262210
7.000000	2.000000	2.000000	346.000000	257.000000	12.000000	338.599568	244.187982	1.000000	1.831588
7.000000	3.000000	3.000000	434.000000	282.000000	13.000000	441.491486	281.987261	1.000000	2.239254
7.000000	4.000000	4.000000	437.000000	393.000000	23.000000	437.880279	374.366873	1.000000	2.567511
7.000000	5.000000	5.000000	212.000000	407.000000	21.000000	205.271428	425.074044	2.000000	3.023508
7.000000	6.000000	6.000000	192.000000	511.000000	31.000000	189.296044	523.060354	1.000000	3.278132
7.000000	7.000000	7.000000	237.000000	662.000000	41.000000	226.570439	668.108198	1.000000	3.934151
7.000000	8.000000	8.000000	320.000000	678.000000	42.000000	320.919723	684.201780	1.000000	4.199449
7.000000	9.000000	9.000000	347.000000	828.000000	52.000000	344.852936	807.540139	2.000000	4.830790
7.000000	10.000000	10.000000	182.000000	781.000000	51.000000	186.965015	780.303707	2.000000	5.263322
7.000000	11.000000	11.000000	264.000000	932.000000	61.000000	244.755456	925.455975	2.000000	5.638145
7.000000	12.000000	12.000000	351.000000	941.000000	62.000000	363.668760	957.401319	2.000000	5.991585
7.000000	13.000000	13.000000	605.000000	798.000000	54.000000	596.737448	805.465083	2.000000	6.757744
7.000000	14.000000	0.000000	499.000000	682.000000	43.000000	511.255021	704.720656	2.000000	6.990605
7.000000	15.000000	14.000000	513.000000	711.000000	43.000000	511.255021	704.720656	2.000000	7.607611
7.000000	16.000000	15.000000	754.000000	860.000000	65.000000	757.765949	868.381003	2.000000	8.126035
7.000000	17.000000	16.000000	842.000000	1044.000000	76.000000	844.296934	1049.887558	2.000000	8.895576
7.000000	18.000000	17.000000	713.000000	787.000000	55.000000	705.640301	791.251862	1.000000	9.342560
7.000000	19.000000	18.000000	831.000000	668.000000	46.000000	839.130417	685.010377	2.000000	10.045655
7.000000	20.000000	19.000000	777.000000	553.000000	35.000000	766.519193	552.163070	1.000000	10.383601
7.000000	21.000000	20.000000	831.000000	516.000000	36.000000	831.858144	517.154083	2.000000	10.615626
7.000000	22.000000	21.000000	841.000000	441.000000	26.000000	832.680480	426.310025	1.000000	11.277374
7.000000	23.000000	0.000000	773.000000	409.000000	25.000000	751.375301	383.964293	1.000000	11.542591
7.000000	24.000000	22.000000	751.000000	407.000000	25.000000	751.375301	383.964293	1.000000	11.942379
7.000000	25.000000	23.000000	686.000000	273.000000	15.000000	704.762275	271.055978	2.000000	12.870566
7.000000	26.000000	24.000000	652.000000	272.000000	14.000000	634.529483	277.830270	1.000000	13.167290
7.000000	27.000000	25.000000	640.000000	166.000000	4.000000	632.363878	171.100117	1.000000	13.487099
7.000000	28.000000	26.000000	744.000000	164.000000	5.000000	743.953154	178.993854	1.000000	13.869364
7.000000	29.000000	27.000000	965.000000	172.000000	7.000000	982.619097	178.050944	1.000000	14.349597
7.000000	30.000000	28.000000	1121.000000	274.000000	18.000000	1125.263448	285.928347	1.000000	14.823142
7.000000	31.000000	29.000000	1290.000000	169.000000	9.000000	1280.687769	170.746267	2.000000	15.406777
7.000000	32.000000	0.000000	1221.000000	277.000000	19.000000	1243.122818	292.489213	2.000000	15.726281
7.000000	33.000000	30.000000	1234.000000	285.000000	19.000000	1243.122818	292.489213	2.000000	15.982687
7.000000	34.000000	31.000000	1037.000000	635.000000	47.000000	1029.415090	650.643078	1.000000	16.789364
7.000000	35.000000	32.000000	967.000000	554.000000	37.000000	962.575843	561.477367	2.000000	17.383274
7.000000	36.000000	33.000000	1254.000000	574.000000	39.000000	1245.902760	578.710418	2.000000	17.862009
7.000000	37.000000	34.000000	1408.000000	687.000000	50.000000	1406.875996	687.909007	1.000000	18.263671
7.000000	38.000000	35.000000	1279.000000	798.000000	59.000000	1284.332144	780.590941	2.000000	18.991186
7.000000	39.000000	36.000000	1257.000000	855.000000	69.000000	1257.348931	869.432183	2.000000	19.238966
7.000000	40.000000	37.000000	1390.000000	1078.000000	80.000000	1394.366522	1070.025272	2.000000	19.957993
7.000000	41.000000	38.000000	1267.000000	1050.000000	79.000000	1271.495399	1047.698332	1.000000	20.285882
7.000000	42.000000	39.000000	1145.000000	1079.000000	78.000000	1149.887840	1078.907389	1.000000	20.615688
7.000000	43.000000	40.000000	986.000000	1016.000000	77.000000	978.949841	1005.187954	1.000000	21.102291
8.000000	1.000000	1.000000	196.000000	164.000000	1.000000	185.095570	147.308564	1.000000	1.266877
8.000000	2.000000	2.000000	361.000000	173.000000	2.000000	336.622022	173.691146	1.000000	1.704953
8.000000	3.000000	3.000000	245.000000	260.000000	11.000000	244.454590	276.144580	2.000000	2.361574
8.000000	4.000000	4.000000	381.000000	395.000000	22.000000	374.092894	376.589536	2.000000	2.857020
8.000000	5.000000	5.000000	228.000000	410.000000	21.000000	236.633472	426.321433	1.000000	3.290416
8.000000	6.000000	0.000000	346.000000	554.000000	32.000000	367.176169	533.764083	1.000000	3.761897
8.000000	7.000000	0.000000	317.000000	544.000000	32.000000	367.176169	533.764083	1.000000	4.225658
8.000000	8.000000	6.000000	384.000000	541.000000	32.000000	367.176169	533.764083	1.000000	4.569760
8.000000	9.000000	7.000000	200.000000	557.000000	31.000000	202.004928	563.204441	1.000000	5.001089
8.000000	10.000000	8.000000	354.000000	660.000000	42.000000	335.148971	656.692924	1.000000	5.394861
8.000000	11.000000	9.000000	495.000000	465.000000	23.000000	492.433463	457.180178	1.000000	6.169853
8.000000	12.000000	10.000000	585.000000	523.000000	34.000000	575.981404	507.511796	1.000000	6.506131
8.000000	13.000000	11.000000	471.000000	556.000000	33.000000	482.183512	575.887319	2.000000	6.971004
8.000000	14.000000	12.000000	608.000000	326.000000	14.000000	615.213034	323.784866	2.000000	7.682154
8.000000	15.000000	13.000000	597.000000	679.000000	44.000000	602.582116	686.513940	2.000000	8.313823
8.000000	16.000000	14.000000	376.000000	820.000000	52.000000	380.122373	826.993384	2.000000	9.129004
8.000000	17.000000	15.000000	354.000000	914.000000	62.000000	360.343765	917.867943	2.000000	9.394305
8.000000	18.000000	16.000000	231.000000	794.000000	51.000000	220.219776	812.462788	2.000000	10.002461
8.000000	19.000000	17.000000	202.000000	886.000000	61.000000	187.814235	894.078556	1.000000	10.970929
8.000000	20.000000	18.000000	486.000000	911.000000	63.000000	485.220734	917.083562	1.000000	11.762340
8.000000	21.000000	19.000000	581.000000	1014.000000	74.000000	579.578163	1005.730057	1.000000	12.112948
8.000000	22.000000	20.000000	596.000000	908.000000	64.000000	612.389954	907.364443	2.000000	12.537724
8.000000	23.000000	21.000000	735.000000	897.000000	65.000000	738.391909	898.429233	2.000000	13.193950
8.000000	24.000000	22.000000	714.000000	1026.000000	75.000000	702.669756	1037.349845	2.000000	13.465167
8.000000	25.000000	23.000000	754.000000	771.000000	55.000000	761.757814	777.436547	2.000000	14.074407
8.000000	26.000000	0.000000	691.000000	646.000000	45.000000	737.716640	664.731002	1.000000	14.457126
8.000000	27.000000	24.000000	741.000000	658.000000	45.000000	737.716640	664.731002	1.000000	14.962055
8.000000	28.000000	0.000000	744.000000	544.000000	35.000000	758.911156	523.778095	2.000000	15.282776
8.000000	29.000000	25.000000	745.000000	521.000000	35.000000	758.911156	523.778095	2.000000	15.834934
8.000000	30.000000	26.000000	893.000000	388.000000	26.000000	893.538400	380.335984	2.000000	16.747095
8.000000	31.000000	27.000000	872.000000	271.000000	16.000000	866.328500	256.972948	2.000000	17.154839
8.000000	32.000000	28.000000	895.000000	216.000000	6.000000	891.194212	205.012199	2.000000	17.601011
8.000000	33.000000	29.000000	1017.000000	254.000000	17.000000	1002.045228	261.317710	1.000000	18.073081
8.000000	34.000000	30.000000	1138.000000	380.000000	28.000000	1144.480751	384.981326	1.000000	18.640975
8.000000	35.000000	31.000000	1252.000000	220.000000	9.000000	1234.546391	206.136330	2.000000	19.457670
8.000000	36.000000	32.000000	1371.000000	309.000000	20.000000	1349.651318	305.797183	2.000000	19.986961
8.000000	37.000000	33.000000	1422.000000	518.000000	40.000000	1421.862805	512.581342	2.000000	20.642233
8.000000	38.000000	34.000000	1026.000000	536.000000	37.000000	1030.476066	537.838689	1.000000	21.778496
8.000000	39.000000	35.000000	1105.000000	697.000000	48.000000	1096.282632	687.002193	1.000000	22.170578
8.000000	40.000000	36.000000	1395.000000	811.000000	60.000000	1391.103252	812.903315	1.000000	23.042636
8.000000	41.000000	37.000000	1350.000000	922.000000	70.000000	1351.184131	939.966740	1.000000	23.474113
8.000000	42.000000	38.000000	1413.000000	1026.000000	80.000000	1411.852294	1026.149007	2.000000	24.160977
8.000000	43.000000	39.000000	1118.000000	1019.000000	78.000000	1123.808288	1020.338075	1.000000	24.617656
8.000000	44.000000	0.000000	995.000000	1036.000000	77.000000	986.447046	1059.770005	1.000000	24.897669
8.000000	45.000000	40.000000	989.000000	1039.000000	77.000000	986.447046	1059.770005	1.000000	25.289499
9.000000	1.000000	1.000000	175.000000	287.000000	11.000000	185.540308	296.798249	1.000000	1.329457
9.000000	2.000000	2.000000	238.000000	161.000000	1.000000	245.855252	166.744459	2.000000	1.696394
9.000000	3.000000	3.000000	394.000000	158.000000	2.000000	380.170438	156.535720	1.000000	2.122120
9.000000	4.000000	4.000000	466.000000	175.000000	3.000000	462.180998	174.620072	2.000000	2.442129
9.000000	5.000000	5.000000	583.000000	239.000000	14.000000	595.355144	251.905939	2.000000	2.792301
9.000000	6.000000	0.000000	697.000000	290.000000	15.000000	734.364223	298.564962	2.000000	3.161998
9.000000	7.000000	6.000000	745.000000	288.000000	15.000000	734.364223	298.564962	2.000000	3.521099
9.000000	8.000000	7.000000	879.000000	198.000000	6.000000	862.074263	195.098792	1.000000	4.312752
9.000000	9.000000	8.000000	1009.000000	162.000000	7.000000	998.087654	159.231703	1.000000	4.874189
9.000000	10.000000	9.000000	1124.000000	257.000000	18.000000	1121.782897	257.152129	1.000000	5.280862
9.000000	11.000000	10.000000	1233.000000	147.000000	9.000000	1231.143958	153.282977	2.000000	5.794154
9.000000	12.000000	11.000000	1235.000000	300.000000	19.000000	1244.836538	315.445117	2.000000	6.089300
9.000000	13.000000	12.000000	1242.000000	403.000000	29.000000	1230.875320	401.060286	2.000000	6.353095
9.000000	14.000000	0.000000	1395.000000	425.000000	30.000000	1355.565998	439.265515	2.000000	6.922083
9.000000	15.000000	13.000000	1364.000000	445.000000	30.000000	1355.565998	439.265515	2.000000	7.137195
9.000000	16.000000	14.000000	1272.000000	552.000000	39.000000	1277.037397	548.523636	2.000000	7.737317
9.000000	17.000000	15.000000	1278.000000	642.000000	49.000000	1274.200447	637.386622	2.000000	7.976612
9.000000	18.000000	16.000000	1280.000000	742.000000	59.000000	1271.909563	754.197358	2.000000	8.273524
9.000000	19.000000	17.000000	1149.000000	641.000000	48.000000	1130.552920	650.289991	2.000000	8.960290
9.000000	20.000000	18.000000	968.000000	566.000000	37.000000	961.051594	570.926017	1.000000	9.520115
9.000000	21.000000	0.000000	839.000000	531.000000	36.000000	864.837940	537.936021	1.000000	10.096480
9.000000	22.000000	0.000000	839.000000	531.000000	36.000000	864.837940	537.936021	1.000000	10.513880
9.000000	23.000000	19.000000	741.000000	504.000000	35.000000	726.318715	493.478325	1.000000	10.818022
9.000000	24.000000	20.000000	864.000000	530.000000	36.000000	864.837940	537.936021	1.000000	11.288358
9.000000	25.000000	21.000000	889.000000	676.000000	46.000000	876.475480	678.551612	2.000000	11.849334
9.000000	26.000000	22.000000	872.000000	729.000000	56.000000	868.353861	748.872761	1.000000	12.081997
9.000000	27.000000	23.000000	614.000000	675.000000	44.000000	598.273600	678.725569	1.000000	12.945893
9.000000	28.000000	24.000000	502.000000	664.000000	43.000000	493.028541	663.878492	2.000000	13.248126
9.000000	29.000000	25.000000	325.000000	567.000000	32.000000	322.373765	561.617226	2.000000	13.889747
9.000000	30.000000	26.000000	323.000000	441.000000	22.000000	328.295854	445.770164	2.000000	14.160233
9.000000	31.000000	27.000000	174.000000	455.000000	21.000000	182.538158	449.137329	1.000000	14.536360
9.000000	32.000000	28.000000	203.000000	577.000000	31.000000	197.670847	581.677489	2.000000	14.889613
9.000000	33.000000	29.000000	230.000000	703.000000	41.000000	224.090676	703.233696	1.000000	15.568328
9.000000	34.000000	0.000000	297.000000	738.000000	52.000000	330.870160	752.180673	1.000000	15.897192
9.000000	35.000000	30.000000	331.000000	747.000000	52.000000	330.870160	752.180673	1.000000	16.120970
9.000000	36.000000	31.000000	1398.000000	883.000000	70.000000	1398.574339	868.566854	1.000000	17.544954
9.000000	37.000000	32.000000	1365.000000	1007.000000	80.000000	1350.850636	1011.231046	2.000000	17.921590
9.000000	38.000000	0.000000	1198.000000	1077.000000	79.000000	1224.087863	1077.591402	2.000000	18.521521
9.000000	39.000000	33.000000	1231.000000	1073.000000	79.000000	1224.087863	1077.591402	2.000000	18.889263
9.000000	40.000000	34.000000	1034.000000	1039.000000	77.000000	1014.618076	1033.343584	1.000000	19.432333
9.000000	41.000000	35.000000	852.000000	923.000000	66.000000	839.887776	911.163159	1.000000	20.337592
9.000000	42.000000	36.000000	732.000000	948.000000	65.000000	731.350283	945.228790	2.000000	20.704618
9.000000	43.000000	37.000000	493.000000	922.000000	63.000000	491.672898	929.947320	1.000000	21.417426
9.000000	44.000000	38.000000	496.000000	1060.000000	73.000000	488.530326	1054.400665	1.000000	22.112120
9.000000	45.000000	0.000000	288.000000	1057.000000	72.000000	313.745414	1058.147802	1.000000	22.569087
9.000000	46.000000	39.000000	316.000000	1057.000000	72.000000	313.745414	1058.147802	1.000000	22.802024
9.000000	47.000000	40.000000	213.000000	1006.000000	71.000000	197.744732	1005.918142	1.000000	23.170239
10.000000	1.000000	1.000000	205.000000	425.000000	21.000000	199.130386	426.048007	1.000000	1.262455
10.000000	2.000000	2.000000	222.000000	515.000000	31.000000	226.923405	532.517383	1.000000	1.534771
10.000000	3.000000	3.000000	361.000000	493.000000	32.000000	376.879247	501.004821	2.000000	1.998052
10.000000	4.000000	4.000000	241.000000	648.000000	41.000000	234.390430	650.792414	2.000000	2.455017
10.000000	5.000000	5.000000	196.000000	798.000000	51.000000	197.572786	796.837562	1.000000	3.093064
10.000000	6.000000	6.000000	196.000000	875.000000	61.000000	199.877797	873.086946	1.000000	3.333567
10.000000	7.000000	7.000000	317.000000	990.000000	72.000000	321.091841	1004.942672	2.000000	4.062776
10.000000	8.000000	8.000000	472.000000	925.000000	63.000000	463.587908	914.356464	2.000000	4.469058
10.000000	9.000000	9.000000	628.000000	762.000000	54.000000	622.642556	759.114118	2.000000	5.206417
10.000000	10.000000	10.000000	629.000000	694.000000	44.000000	635.534361	694.101250	1.000000	5.430761
10.000000	11.000000	0.000000	744.000000	834.000000	55.000000	744.498431	797.159374	1.000000	5.757686
10.000000	12.000000	11.000000	737.000000	777.000000	55.000000	744.498431	797.159374	1.000000	5.974016
10.000000	13.000000	12.000000	709.000000	682.000000	45.000000	704.507546	662.193966	2.000000	6.413755
10.000000	14.000000	13.000000	626.000000	569.000000	34.000000	627.782787	562.993199	2.000000	6.765204
10.000000	15.000000	14.000000	496.000000	571.000000	33.000000	489.965663	573.371183	2.000000	7.126738
10.000000	16.000000	15.000000	460.000000	702.000000	43.000000	465.475638	706.014309	2.000000	7.550424
10.000000	17.000000	0.000000	497.000000	357.000000	23.000000	499.301794	384.359123	1.000000	8.285045
10.000000	18.000000	16.000000	502.000000	377.000000	23.000000	499.301794	384.359123	1.000000	8.509009
10.000000	19.000000	17.000000	500.000000	242.000000	13.000000	504.458635	257.600506	2.000000	8.949606
10.000000	20.000000	18.000000	597.000000	244.000000	14.000000	577.542655	249.732632	2.000000	9.253134
10.000000	21.000000	19.000000	742.000000	489.000000	35.000000	748.095934	511.185749	1.000000	9.925039
10.000000	22.000000	0.000000	634.000000	897.000000	64.000000	615.043459	916.272282	1.000000	10.726622
10.000000	23.000000	20.000000	616.000000	912.000000	64.000000	615.043459	916.272282	1.000000	11.101264
10.000000	24.000000	21.000000	741.000000	912.000000	65.000000	738.863504	908.227897	1.000000	11.445503
10.000000	25.000000	22.000000	720.000000	1022.000000	75.000000	713.019768	1017.304105	1.000000	12.061711
10.000000	26.000000	23.000000	838.000000	1026.000000	76.000000	848.062082	1028.960564	1.000000	12.436893
10.000000	27.000000	24.000000	981.000000	1032.000000	77.000000	991.346674	1035.874716	2.000000	12.837081
10.000000	28.000000	25.000000	1012.000000	825.000000	57.000000	1014.956269	814.858928	2.000000	13.333649
10.000000	29.000000	26.000000	885.000000	674.000000	46.000000	875.628276	663.413322	2.000000	13.860600
10.000000	30.000000	27.000000	1258.000000	824.000000	59.000000	1246.461572	831.211086	1.000000	14.942626
10.000000	31.000000	28.000000	1377.000000	691.000000	50.000000	1365.023405	702.594634	1.000000	15.335064
10.000000	32.000000	29.000000	1115.000000	783.000000	58.000000	1110.383163	763.794501	1.000000	15.837750
10.000000	33.000000	30.000000	1159.000000	655.000000	48.000000	1150.096169	632.291833	2.000000	16.156470
10.000000	34.000000	31.000000	1010.000000	641.000000	47.000000	1010.110540	642.383876	1.000000	16.670630
10.000000	35.000000	32.000000	971.000000	561.000000	37.000000	981.324439	558.155244	1.000000	17.014486
10.000000	36.000000	33.000000	1133.000000	565.000000	38.000000	1142.993638	570.800027	1.000000	17.318633
10.000000	37.000000	34.000000	998.000000	417.000000	27.000000	981.635917	413.737506	2.000000	18.380952
10.000000	38.000000	35.000000	1075.000000	345.000000	18.000000	1090.050973	325.885024	2.000000	18.876734
10.000000	39.000000	36.000000	1361.000000	374.000000	30.000000	1352.627655	378.136395	1.000000	20.126853
10.000000	40.000000	0.000000	1261.000000	371.000000	29.000000	1286.895463	370.672346	2.000000	20.390375
10.000000	41.000000	37.000000	1284.000000	365.000000	29.000000	1286.895463	370.672346	2.000000	20.702470
10.000000	42.000000	38.000000	1273.000000	305.000000	19.000000	1264.172448	309.660745	2.000000	20.918315
10.000000	43.000000	39.000000	1257.000000	180.000000	9.000000	1243.171570	189.386368	1.000000	21.430031
10.000000	44.000000	40.000000	970.000000	174.000000	7.000000	969.078021	174.410471	2.000000	21.941482
11.000000	1.000000	1.000000	204.000000	173.000000	1.000000	194.519441	178.802677	1.000000	1.342368
11.000000	2.000000	2.000000	323.000000	177.000000	2.000000	319.546327	184.975706	1.000000	1.757455
11.000000	3.000000	3.000000	474.000000	184.000000	3.000000	492.321095	195.675573	2.000000	2.237507
11.000000	4.000000	0.000000	344.000000	240.000000	12.000000	331.019141	266.821040	2.000000	2.613737
11.000000	5.000000	4.000000	340.000000	263.000000	12.000000	331.019141	266.821040	2.000000	3.244715
11.000000	6.000000	5.000000	234.000000	382.000000	21.000000	232.352512	371.373950	2.000000	3.781365
11.000000	7.000000	6.000000	473.000000	453.000000	23.000000	454.199109	445.915560	2.000000	4.293850
11.000000	8.000000	7.000000	212.000000	939.000000	61.000000	201.768883	936.609570	2.000000	5.509378
11.000000	9.000000	8.000000	205.000000	986.000000	71.000000	194.064701	997.574520	2.000000	5.726903
11.000000	10.000000	9.000000	232.000000	779.000000	51.000000	232.255723	787.757148	1.000000	6.222288
11.000000	11.000000	10.000000	314.000000	928.000000	62.000000	318.827275	935.541143	1.000000	6.605564
11.000000	12.000000	11.000000	508.000000	875.000000	63.000000	509.863861	880.452782	1.000000	7.062330
11.000000	13.000000	12.000000	437.000000	1064.000000	73.000000	442.095023	1068.701825	1.000000	7.781111
11.000000	14.000000	13.000000	876.000000	923.000000	66.000000	877.818681	928.398039	1.000000	8.678079
11.000000	15.000000	0.000000	759.000000	793.000000	55.000000	754.386887	767.181195	1.000000	8.988898
11.000000	16.000000	14.000000	767.000000	755.000000	55.000000	754.386887	767.181195	1.000000	9.397719
11.000000	17.000000	15.000000	602.000000	639.000000	44.000000	606.017362	637.606591	1.000000	10.125158
11.000000	18.000000	16.000000	706.000000	388.000000	25.000000	720.318821	391.059328	1.000000	10.901401
11.000000	19.000000	17.000000	650.000000	194.000000	4.000000	634.850104	195.914840	1.000000	11.662561
11.000000	20.000000	18.000000	744.000000	197.000000	5.000000	719.672055	200.174272	1.000000	11.918769
11.000000	21.000000	19.000000	828.000000	238.000000	16.000000	829.773268	245.408085	1.000000	12.412637
11.000000	22.000000	20.000000	985.000000	396.000000	27.000000	974.552829	407.304438	1.000000	13.196885
11.000000	23.000000	21.000000	1102.000000	183.000000	8.000000	1094.651856	174.842128	1.000000	13.742828
11.000000	24.000000	22.000000	1035.000000	322.000000	17.000000	1020.226196	310.522113	2.000000	14.238807
11.000000	25.000000	23.000000	1117.000000	372.000000	28.000000	1102.456037	381.629114	2.000000	14.548656
11.000000	26.000000	0.000000	1261.000000	417.000000	29.000000	1225.696486	441.826211	2.000000	14.852830
11.000000	27.000000	24.000000	1210.000000	442.000000	29.000000	1225.696486	441.826211	2.000000	15.173343
11.000000	28.000000	0.000000	1218.000000	339.000000	19.000000	1224.985749	311.173367	2.000000	15.485924
11.000000	29.000000	25.000000	1230.000000	319.000000	19.000000	1224.985749	311.173367	2.000000	16.158193
11.000000	30.000000	26.000000	1415.000000	284.000000	20.000000	1418.068005	281.245270	2.000000	16.725839
11.000000	31.000000	27.000000	1408.000000	174.000000	10.000000	1418.465694	166.906992	2.000000	17.182398
11.000000	32.000000	0.000000	1269.000000	566.000000	39.000000	1290.861108	541.317360	1.000000	17.877326
11.000000	33.000000	28.000000	1289.000000	534.000000	39.000000	1290.861108	541.317360	1.000000	18.157391
11.000000	34.000000	29.000000	1399.000000	629.000000	50.000000	1400.388998	636.704423	1.000000	18.677555
11.000000	35.000000	30.000000	1397.000000	745.000000	60.000000	1393.719976	744.028143	1.000000	18.981893
11.000000	36.000000	31.000000	1276.000000	751.000000	59.000000	1281.196424	752.658821	1.000000	19.286326
11.000000	37.000000	32.000000	1271.000000	634.000000	49.000000	1249.123892	641.145696	2.000000	19.597414
11.000000	38.000000	33.000000	1145.000000	706.000000	48.000000	1142.888455	698.798461	2.000000	20.054807
11.000000	39.000000	34.000000	889.000000	739.000000	56.000000	880.131344	748.161979	2.000000	20.781458
11.000000	40.000000	0.000000	821.000000	654.000000	46.000000	835.885134	684.059927	2.000000	21.006132
11.000000	41.000000	35.000000	848.000000	689.000000	46.000000	835.885134	684.059927	2.000000	21.558825
11.000000	42.000000	36.000000	951.000000	875.000000	67.000000	962.328986	887.600186	2.000000	22.293620
11.000000	43.000000	37.000000	1011.000000	1031.000000	77.000000	1010.917637	1019.727341	2.000000	23.125401
11.000000	44.000000	38.000000	1119.000000	1000.000000	78.000000	1101.632240	1000.570287	2.000000	23.477323
11.000000	45.000000	39.000000	1229.000000	1000.000000	79.000000	1225.264441	1002.571975	2.000000	23.917719
11.000000	46.000000	40.000000	1339.000000	1024.000000	80.000000	1360.731478	1030.433388	1.000000	24.246373
12.000000	1.000000	1.000000	335.000000	200.000000	2.000000	332.861617	201.959476	1.000000	1.171350
12.000000	2.000000	2.000000	590.000000	190.000000	4.000000	601.164778	184.695377	2.000000	1.796780
12.000000	3.000000	3.000000	751.000000	145.000000	5.000000	751.499768	133.312649	1.000000	2.308813
12.000000	4.000000	4.000000	739.000000	275.000000	15.000000	733.853876	271.706601	2.000000	2.747115
12.000000	5.000000	5.000000	700.000000	375.000000	25.000000	699.063075	380.677667	1.000000	3.516920
12.000000	6.000000	6.000000	865.000000	387.000000	26.000000	848.951557	392.962011	1.000000	4.180815
12.000000	7.000000	7.000000	961.000000	402.000000	27.000000	960.820360	407.775794	2.000000	4.612884
12.000000	8.000000	8.000000	1005.000000	276.000000	17.000000	1018.413016	280.925553	2.000000	4.981033
12.000000	9.000000	9.000000	992.000000	175.000000	7.000000	991.599927	175.378535	2.000000	5.467098
12.000000	10.000000	10.000000	1214.000000	191.000000	9.000000	1224.626337	204.995067	2.000000	5.939060
12.000000	11.000000	11.000000	1229.000000	312.000000	19.000000	1218.594833	317.158703	1.000000	6.331797
12.000000	12.000000	12.000000	1252.000000	381.000000	29.000000	1267.194964	389.252562	2.000000	6.596407
12.000000	13.000000	0.000000	1377.000000	272.000000	20.000000	1379.006902	297.003780	2.000000	6.932585
12.000000	14.000000	13.000000	1372.000000	308.000000	20.000000	1379.006902	297.003780	2.000000	7.307710
12.000000	15.000000	14.000000	1397.000000	446.000000	30.000000	1388.518225	437.481207	1.000000	7.549076
12.000000	16.000000	0.000000	1430.000000	536.000000	40.000000	1422.343906	561.056365	2.000000	8.260983
12.000000	17.000000	15.000000	1429.000000	549.000000	40.000000	1422.343906	561.056365	2.000000	8.820696
12.000000	18.000000	16.000000	1423.000000	754.000000	60.000000	1415.708917	761.190449	2.000000	9.363214
12.000000	19.000000	17.000000	1245.000000	770.000000	59.000000	1251.408103	776.066459	2.000000	10.204222
12.000000	20.000000	18.000000	1148.000000	701.000000	48.000000	1151.642433	699.206295	1.000000	10.579810
12.000000	21.000000	19.000000	1032.000000	697.000000	47.000000	1024.578098	695.219901	2.000000	10.996814
12.000000	22.000000	20.000000	1014.000000	546.000000	37.000000	1016.885963	555.951198	2.000000	11.307890
12.000000	23.000000	21.000000	859.000000	547.000000	36.000000	864.720120	534.533490	1.000000	11.756974
12.000000	24.000000	22.000000	854.000000	637.000000	46.000000	852.901953	654.455289	2.000000	12.027489
12.000000	25.000000	23.000000	591.000000	573.000000	34.000000	588.883043	575.921086	2.000000	13.043795
12.000000	26.000000	24.000000	488.000000	641.000000	43.000000	466.710820	649.329954	2.000000	13.397181
12.000000	27.000000	25.000000	317.000000	533.000000	32.000000	316.253786	525.556567	1.000000	13.988551
12.000000	28.000000	26.000000	238.000000	649.000000	41.000000	228.743941	639.299046	1.000000	14.444691
12.000000	29.000000	27.000000	312.000000	763.000000	52.000000	310.604363	757.655920	1.000000	14.852700
12.000000	30.000000	28.000000	207.000000	900.000000	61.000000	203.874594	898.814411	1.000000	15.691860
12.000000	31.000000	29.000000	241.000000	1000.000000	71.000000	231.672289	1019.791825	1.000000	15.948784
12.000000	32.000000	30.000000	320.000000	1039.000000	72.000000	321.687304	1045.434611	1.000000	16.299882
12.000000	33.000000	0.000000	316.000000	926.000000	62.000000	312.320850	899.664373	1.000000	16.636015
12.000000	34.000000	31.000000	317.000000	890.000000	62.000000	312.320850	899.664373	1.000000	17.419166
12.000000	35.000000	32.000000	506.000000	904.000000	63.000000	494.881760	909.624857	1.000000	18.003968
12.000000	36.000000	33.000000	492.000000	1023.000000	73.000000	492.569107	1037.659876	2.000000	18.380534
12.000000	37.000000	34.000000	634.000000	888.000000	64.000000	630.518399	884.183115	1.000000	18.868073
12.000000	38.000000	35.000000	708.000000	792.000000	55.000000	716.052078	796.762658	1.000000	19.276948
12.000000	39.000000	0.000000	732.000000	1007.000000	75.000000	737.501505	1031.563212	2.000000	19.891934
12.000000	40.000000	36.000000	752.000000	1026.000000	75.000000	737.501505	1031.563212	2.000000	20.540360
12.000000	41.000000	37.000000	997.000000	1027.000000	77.000000	987.210022	1029.983343	2.000000	21.308844
12.000000	42.000000	38.000000	972.000000	888.000000	67.000000	976.261741	905.367336	2.000000	21.571969
12.000000	43.000000	39.000000	1096.000000	1053.000000	78.000000	1090.406503	1070.914632	1.000000	22.196174
12.000000	44.000000	40.000000	1360.000000	925.000000	70.000000	1359.546465	937.541975	1.000000	22.796500
13.000000	1.000000	1.000000	239.000000	281.000000	11.000000	236.111253	271.232154	1.000000	1.448868
13.000000	2.000000	2.000000	329.000000	220.000000	2.000000	333.437956	206.080303	2.000000	2.032181
13.000000	3.000000	0.000000	414.000000	253.000000	12.000000	380.948403	250.380805	1.000000	2.433137
13.000000	4.000000	3.000000	383.000000	250.000000	12.000000	380.948403	250.380805	1.000000	2.729848
13.000000	5.000000	4.000000	460.000000	284.000000	13.000000	466.482240	295.099571	1.000000	3.192790
13.000000	6.000000	5.000000	428.000000	371.000000	23.000000	440.105058	380.011433	1.000000	3.504174
13.000000	7.000000	6.000000	577.000000	204.000000	4.000000	576.423155	201.772833	1.000000	4.137226
13.000000	8.000000	7.000000	347.000000	448.000000	22.000000	343.243791	456.995428	2.000000	4.640796
13.000000	9.000000	8.000000	178.000000	535.000000	31.000000	181.734092	543.491422	1.000000	5.297398
13.000000	10.000000	0.000000	312.000000	625.000000	42.000000	343.382637	627.763602	1.000000	5.705135
13.000000	11.000000	9.000000	355.000000	635.000000	42.000000	343.382637	627.763602	1.000000	5.936336
13.000000	12.000000	10.000000	212.000000	676.000000	41.000000	213.625741	682.695421	2.000000	6.584663
13.000000	13.000000	11.000000	178.000000	753.000000	51.000000	178.932350	759.026632	2.000000	6.824538
13.000000	14.000000	0.000000	241.000000	1025.000000	71.000000	224.783032	1051.883629	2.000000	7.753961
13.000000	15.000000	12.000000	236.000000	1030.000000	71.000000	224.783032	1051.883629	2.000000	8.010095
13.000000	16.000000	13.000000	311.000000	1035.000000	72.000000	308.475619	1043.110796	1.000000	8.352783
13.000000	17.000000	14.000000	602.000000	661.000000	44.000000	599.948340	674.137946	2.000000	9.394018
13.000000	18.000000	0.000000	740.000000	654.000000	45.000000	703.704080	661.618638	2.000000	9.705367
13.000000	19.000000	15.000000	704.000000	659.000000	45.000000	703.704080	661.618638	2.000000	9.929283
13.000000	20.000000	16.000000	742.000000	593.000000	35.000000	750.735229	576.142268	1.000000	10.209263
13.000000	21.000000	17.000000	619.000000	547.000000	34.000000	603.999387	542.183934	1.000000	10.690054
13.000000	22.000000	18.000000	727.000000	429.000000	25.000000	715.284238	441.600947	1.000000	11.376823
13.000000	23.000000	19.000000	847.000000	396.000000	26.000000	829.750087	393.840695	1.000000	11.849068
13.000000	24.000000	20.000000	892.000000	543.000000	36.000000	895.503033	539.013631	1.000000	12.497190
13.000000	25.000000	21.000000	841.000000	278.000000	16.000000	837.323413	270.445903	2.000000	13.328218
13.000000	26.000000	22.000000	846.000000	174.000000	6.000000	848.660916	191.490870	2.000000	13.617095
13.000000	27.000000	23.000000	747.000000	177.000000	5.000000	741.425614	171.197268	2.000000	13.952458
13.000000	28.000000	24.000000	1031.000000	153.000000	7.000000	1031.675734	147.317805	2.000000	14.537670
13.000000	29.000000	25.000000	1282.000000	195.000000	9.000000	1276.928712	193.469166	2.000000	15.529076
13.000000	30.000000	26.000000	1418.000000	178.000000	10.000000	1401.161625	179.884154	1.000000	16.177014
13.000000	31.000000	27.000000	1353.000000	285.000000	20.000000	1354.229152	293.783072	2.000000	16.546213
13.000000	32.000000	28.000000	1216.000000	519.000000	39.000000	1218.992838	504.840633	1.000000	17.218128
13.000000	33.000000	29.000000	1228.000000	601.000000	49.000000	1233.374035	620.420381	2.000000	17.536566
13.000000	34.000000	30.000000	1166.000000	773.000000	58.000000	1161.701751	796.233015	2.000000	18.321454
13.000000	35.000000	31.000000	968.000000	795.000000	57.000000	988.886515	788.375596	1.000000	18.833414
13.000000	36.000000	32.000000	1290.000000	896.000000	69.000000	1276.514595	897.567054	2.000000	19.816291
13.000000	37.000000	0.000000	1387.000000	864.000000	70.000000	1359.701596	877.898613	1.000000	20.058182
13.000000	38.000000	33.000000	1374.000000	893.000000	70.000000	1359.701596	877.898613	1.000000	20.665259
13.000000	39.000000	0.000000	1396.000000	1088.000000	80.000000	1380.659145	1033.538838	2.000000	21.017484
13.000000	40.000000	34.000000	1391.000000	1025.000000	80.000000	1380.659145	1033.538838	2.000000	21.305623
13.000000	41.000000	35.000000	1290.000000	1050.000000	79.000000	1281.416035	1051.158110	1.000000	21.609442
13.000000	42.000000	36.000000	1116.000000	1026.000000	78.000000	1123.336222	1015.281053	1.000000	22.032654
13.000000	43.000000	37.000000	1024.000000	1066.000000	77.000000	1009.373651	1081.617769	1.000000	22.321270
13.000000	44.000000	38.000000	861.000000	1071.000000	76.000000	850.551827	1067.749890	2.000000	23.017134
13.000000	45.000000	39.000000	890.000000	881.000000	66.000000	885.974471	887.322456	2.000000	23.521863
13.000000	46.000000	40.000000	719.000000	920.000000	65.000000	728.869780	917.651774	2.000000	23.968291
14.000000	1.000000	1.000000	185.000000	292.000000	11.000000	201.510043	280.039777	2.000000	1.353741
14.000000	2.000000	2.000000	229.000000	199.000000	1.000000	236.225755	181.414716	2.000000	1.849638
14.000000	3.000000	3.000000	590.000000	132.000000	4.000000	586.368645	122.832520	1.000000	3.065270
14.000000	4.000000	4.000000	458.000000	305.000000	13.000000	462.215042	316.779174	2.000000	3.666148
14.000000	5.000000	5.000000	473.000000	353.000000	23.000000	479.392755	367.880735	1.000000	3.944684
14.000000	6.000000	6.000000	614.000000	366.000000	24.000000	605.078470	368.711541	2.000000	4.513049
14.000000	7.000000	7.000000	737.000000	413.000000	25.000000	733.356418	416.521352	2.000000	5.146343
14.000000	8.000000	8.000000	735.000000	317.000000	15.000000	720.457033	324.982288	2.000000	5.425220
14.000000	9.000000	9.000000	741.000000	176.000000	5.000000	739.333175	171.447945	2.000000	6.002789
14.000000	10.000000	10.000000	867.000000	417.000000	26.000000	861.966392	418.056363	1.000000	6.562710
14.000000	11.000000	11.000000	944.000000	208.000000	7.000000	958.419586	192.971739	1.000000	7.065321
14.000000	12.000000	12.000000	1154.000000	178.000000	8.000000	1134.271924	163.363505	1.000000	7.858911
14.000000	13.000000	13.000000	1158.000000	281.000000	18.000000	1141.338046	268.143291	2.000000	8.194550
14.000000	14.000000	14.000000	1146.000000	412.000000	28.000000	1129.793108	424.286016	2.000000	8.626683
14.000000	15.000000	15.000000	1384.000000	295.000000	20.000000	1383.285379	297.641870	2.000000	9.184882
14.000000	16.000000	16.000000	1387.000000	187.000000	10.000000	1386.285245	191.248296	1.000000	9.440680
14.000000	17.000000	17.000000	1257.000000	402.000000	29.000000	1255.621282	392.378721	1.000000	9.921369
14.000000	18.000000	0.000000	1239.000000	582.000000	39.000000	1249.525574	554.689309	2.000000	10.554304
14.000000	19.000000	18.000000	1244.000000	549.000000	39.000000	1249.525574	554.689309	2.000000	10.881986
14.000000	20.000000	19.000000	1373.000000	690.000000	50.000000	1382.361567	705.969809	2.000000	11.418025
14.000000	21.000000	20.000000	1111.000000	695.000000	48.000000	1101.600742	704.568648	1.000000	12.065162
14.000000	22.000000	21.000000	979.000000	537.000000	37.000000	979.315925	532.604618	2.000000	12.593865
14.000000	23.000000	22.000000	703.000000	572.000000	35.000000	700.446359	574.878564	2.000000	13.376803
14.000000	24.000000	0.000000	598.000000	620.000000	44.000000	623.315289	627.067960	1.000000	13.689566
14.000000	25.000000	23.000000	607.000000	628.000000	44.000000	623.315289	627.067960	1.000000	14.080698
14.000000	26.000000	24.000000	459.000000	632.000000	43.000000	438.837529	644.821189	1.000000	14.473433
14.000000	27.000000	25.000000	320.000000	662.000000	42.000000	313.825311	681.628046	1.000000	15.226739
14.000000	28.000000	26.000000	214.000000	529.000000	31.000000	204.525243	511.628150	1.000000	15.746223
14.000000	29.000000	27.000000	601.000000	757.000000	54.000000	578.646663	758.028595	2.000000	16.826305
14.000000	30.000000	28.000000	221.000000	893.000000	61.000000	211.431205	891.566921	1.000000	18.017160
14.000000	31.000000	29.000000	359.000000	911.000000	62.000000	360.331686	909.238656	2.000000	18.849629
14.000000	32.000000	30.000000	371.000000	1005.000000	72.000000	360.452016	1018.574152	2.000000	19.304876
14.000000	33.000000	31.000000	480.000000	967.000000	63.000000	483.075862	952.191774	1.000000	19.769779
14.000000	34.000000	32.000000	626.000000	996.000000	74.000000	625.534776	1018.291470	2.000000	20.337443
14.000000	35.000000	33.000000	720.000000	809.000000	55.000000	733.634928	790.384712	1.000000	20.961314
14.000000	36.000000	34.000000	856.000000	904.000000	66.000000	848.450953	912.748322	1.000000	21.546785
14.000000	37.000000	35.000000	878.000000	798.000000	56.000000	894.437914	793.752697	1.000000	21.913369
14.000000	38.000000	0.000000	981.000000	865.000000	67.000000	995.908904	889.615949	1.000000	22.266693
14.000000	39.000000	36.000000	996.000000	877.000000	67.000000	995.908904	889.615949	1.000000	22.506283
14.000000	40.000000	37.000000	1153.000000	839.000000	58.000000	1139.486147	819.907181	2.000000	23.209006
14.000000	41.000000	38.000000	1012.000000	1023.000000	77.000000	1011.810798	1020.563950	1.000000	23.897241
14.000000	42.000000	39.000000	1218.000000	1025.000000	79.000000	1220.864306	1029.485109	2.000000	24.498090
14.000000	43.000000	40.000000	1389.000000	881.000000	70.000000	1384.208551	886.945035	1.000000	25.016683
15.000000	1.000000	1.000000	197.000000	401.000000	21.000000	194.997825	408.992927	2.000000	1.047753
15.000000	2.000000	2.000000	226.000000	522.000000	31.000000	231.202228	528.456363	1.000000	1.824322
15.000000	3.000000	3.000000	376.000000	580.000000	32.000000	373.295260	578.195812	2.000000	2.318819
15.000000	4.000000	4.000000	492.000000	568.000000	33.000000	499.033239	570.798792	2.000000	2.680355
15.000000	5.000000	5.000000	569.000000	628.000000	44.000000	569.098058	636.482628	1.000000	3.112442
15.000000	6.000000	6.000000	503.000000	668.000000	43.000000	493.968446	679.541924	1.000000	3.679148
15.000000	7.000000	7.000000	378.000000	675.000000	42.000000	379.421797	692.297625	1.000000	3.991135
15.000000	8.000000	8.000000	226.000000	805.000000	51.000000	224.409859	816.650954	2.000000	4.840189
15.000000	9.000000	9.000000	351.000000	795.000000	52.000000	352.682223	784.929120	2.000000	5.167123
15.000000	10.000000	10.000000	484.000000	802.000000	53.000000	485.331198	793.410606	2.000000	5.480388
15.000000	11.000000	11.000000	558.000000	801.000000	54.000000	572.661501	806.386258	2.000000	5.782812
15.000000	12.000000	12.000000	583.000000	872.000000	64.000000	577.760716	879.660822	2.000000	6.038083
15.000000	13.000000	13.000000	451.000000	991.000000	73.000000	441.350304	999.113317	1.000000	6.782685
15.000000	14.000000	14.000000	356.000000	1024.000000	72.000000	374.296338	1032.632390	1.000000	7.079603
15.000000	15.000000	15.000000	258.000000	997.000000	71.000000	250.963172	999.957260	1.000000	7.408491
15.000000	16.000000	16.000000	640.000000	1009.000000	74.000000	633.365970	1015.372948	2.000000	8.056368
15.000000	17.000000	17.000000	763.000000	952.000000	65.000000	764.010476	942.358294	2.000000	8.480480
15.000000	18.000000	18.000000	719.000000	773.000000	55.000000	718.942393	779.162067	1.000000	9.016352
15.000000	19.000000	0.000000	750.000000	678.000000	45.000000	763.051816	646.961306	1.000000	9.432435
15.000000	20.000000	19.000000	757.000000	648.000000	45.000000	763.051816	646.961306	1.000000	9.910827
15.000000	21.000000	20.000000	605.000000	447.000000	24.000000	590.025739	449.639314	1.000000	10.775763
15.000000	22.000000	21.000000	514.000000	252.000000	13.000000	509.826696	256.250070	2.000000	11.544325
15.000000	23.000000	22.000000	497.000000	166.000000	3.000000	500.942016	168.299481	2.000000	11.815993
15.000000	24.000000	23.000000	833.000000	285.000000	16.000000	840.273925	280.064965	2.000000	12.407913
15.000000	25.000000	24.000000	1004.000000	146.000000	7.000000	991.599829	146.692753	2.000000	13.263370
15.000000	26.000000	25.000000	1157.000000	143.000000	8.000000	1158.986090	129.813893	1.000000	13.774587
15.000000	27.000000	26.000000	1268.000000	244.000000	19.000000	1246.079311	246.594147	1.000000	14.286567
15.000000	28.000000	27.000000	1387.000000	296.000000	20.000000	1394.520760	308.568997	1.000000	14.679620
15.000000	29.000000	28.000000	1398.000000	142.000000	10.000000	1400.695032	134.083438	2.000000	15.135636
15.000000	30.000000	29.000000	1359.000000	388.000000	30.000000	1355.439085	403.523290	2.000000	15.607627
15.000000	31.000000	30.000000	1374.000000	516.000000	40.000000	1366.600894	514.790158	2.000000	15.848260
15.000000	32.000000	0.000000	1237.000000	479.000000	29.000000	1250.170261	445.356620	2.000000	16.119429
15.000000	33.000000	31.000000	1246.000000	453.000000	29.000000	1250.170261	445.356620	2.000000	16.390440
15.000000	34.000000	32.000000	968.000000	327.000000	17.000000	976.822533	316.562515	1.000000	17.032081
15.000000	35.000000	33.000000	1009.000000	515.000000	37.000000	1015.937063	494.626346	1.000000	17.519390
15.000000	36.000000	34.000000	824.000000	502.000000	36.000000	828.595947	500.254513	1.000000	18.014373
15.000000	37.000000	35.000000	1394.000000	687.000000	50.000000	1394.639467	676.220993	1.000000	18.870926
15.000000	38.000000	0.000000	1414.000000	843.000000	60.000000	1400.207682	809.136505	1.000000	19.136335
15.000000	39.000000	36.000000	1403.000000	811.000000	60.000000	1400.207682	809.136505	1.000000	19.654366
15.000000	40.000000	37.000000	1273.000000	802.000000	59.000000	1289.660785	792.571970	2.000000	19.894648
15.000000	41.000000	38.000000	1231.000000	944.000000	69.000000	1237.987815	937.401892	1.000000	20.343209
15.000000	42.000000	39.000000	1242.000000	1054.000000	79.000000	1235.993161	1068.988525	1.000000	20.943155
15.000000	43.000000	40.000000	924.000000	1066.000000	76.000000	902.195622	1068.950639	2.000000	21.862511
16.000000	1.000000	1.000000	237.000000	321.000000	11.000000	226.882772	320.111779	2.000000	1.593237
16.000000	2.000000	2.000000	353.000000	140.000000	2.000000	358.217192	138.236600	2.000000	2.330532
16.000000	3.000000	3.000000	460.000000	202.000000	3.000000	467.800639	198.986375	1.000000	2.778566
16.000000	4.000000	0.000000	554.000000	395.000000	24.000000	573.186759	421.419980	1.000000	3.226309
16.000000	5.000000	4.000000	563.000000	408.000000	24.000000	573.186759	421.419980	1.000000	3.442087
16.000000	6.000000	5.000000	371.000000	494.000000	32.000000	371.545465	498.421088	1.000000	3.978602
16.000000	7.000000	6.000000	213.000000	580.000000	31.000000	200.235443	579.642298	1.000000	4.674648
16.000000	8.000000	7.000000	366.000000	672.000000	42.000000	370.183778	682.018990	2.000000	5.274477
16.000000	9.000000	0.000000	457.000000	658.000000	43.000000	478.074397	642.667759	2.000000	5.578369
16.000000	10.000000	8.000000	486.000000	643.000000	43.000000	478.074397	642.667759	2.000000	6.058792
16.000000	11.000000	9.000000	598.000000	489.000000	34.000000	609.297499	499.516832	2.000000	6.505556
16.000000	12.000000	10.000000	714.000000	512.000000	35.000000	708.718733	511.973691	2.000000	6.857504
16.000000	13.000000	11.000000	691.000000	447.000000	25.000000	705.996673	444.657490	2.000000	7.090884
16.000000	14.000000	12.000000	693.000000	661.000000	45.000000	707.976184	667.441462	1.000000	7.602434
16.000000	15.000000	13.000000	628.000000	675.000000	44.000000	638.569677	677.687228	1.000000	7.816776
16.000000	16.000000	14.000000	333.000000	877.000000	62.000000	328.909398	881.197492	2.000000	8.840903
16.000000	17.000000	15.000000	243.000000	818.000000	51.000000	235.640866	806.166276	1.000000	9.290891
16.000000	18.000000	16.000000	237.000000	1019.000000	71.000000	227.724718	1033.803247	2.000000	10.106018
16.000000	19.000000	17.000000	468.000000	933.000000	63.000000	459.186057	934.003082	1.000000	10.817008
16.000000	20.000000	18.000000	506.000000	1078.000000	73.000000	504.528256	1070.071233	1.000000	11.505075
16.000000	21.000000	0.000000	617.000000	1060.000000	74.000000	577.127651	1059.928253	1.000000	11.794146
16.000000	22.000000	19.000000	598.000000	1061.000000	74.000000	577.127651	1059.928253	1.000000	12.017597
16.000000	23.000000	20.000000	613.000000	952.000000	64.000000	611.865350	948.154241	1.000000	12.321496
16.000000	24.000000	21.000000	685.000000	879.000000	65.000000	707.422667	889.396203	1.000000	12.592997
16.000000	25.000000	22.000000	884.000000	921.000000	66.000000	894.563952	923.058504	1.000000	13.362394
16.000000	26.000000	23.000000	1000.000000	750.000000	57.000000	981.551000	754.478331	1.000000	13.801078
16.000000	27.000000	24.000000	1128.000000	818.000000	58.000000	1146.087167	821.997910	1.000000	14.320989
16.000000	28.000000	25.000000	1254.000000	943.000000	69.000000	1253.442018	953.762857	2.000000	14.762774
16.000000	29.000000	26.000000	1291.000000	1088.000000	79.000000	1278.760085	1078.957966	1.000000	15.227064
16.000000	30.000000	27.000000	1364.000000	610.000000	50.000000	1372.266949	618.077360	1.000000	16.129765
16.000000	31.000000	28.000000	1397.000000	504.000000	40.000000	1392.349069	520.043629	1.000000	16.482818
16.000000	32.000000	29.000000	1410.000000	820.000000	60.000000	1406.877499	819.423244	2.000000	17.001645
16.000000	33.000000	30.000000	1286.000000	676.000000	49.000000	1282.553685	664.499099	2.000000	17.384770
16.000000	34.000000	0.000000	1115.000000	670.000000	48.000000	1127.138078	645.372795	2.000000	17.689214
16.000000	35.000000	31.000000	1118.000000	660.000000	48.000000	1127.138078	645.372795	2.000000	18.002534
16.000000	36.000000	32.000000	1015.000000	585.000000	37.000000	1018.262915	578.046141	1.000000	18.578262
16.000000	37.000000	33.000000	1281.000000	524.000000	39.000000	1286.419300	520.346208	2.000000	19.522534
16.000000	38.000000	34.000000	1278.000000	412.000000	29.000000	1282.143728	426.192117	2.000000	19.785803
16.000000	39.000000	35.000000	1358.000000	384.000000	30.000000	1360.644372	376.627687	2.000000	20.392967
16.000000	40.000000	36.000000	1136.000000	419.000000	28.000000	1124.440204	421.110656	2.000000	20.881702
16.000000	41.000000	37.000000	1106.000000	283.000000	18.000000	1117.855657	292.065005	2.000000	21.162308
16.000000	42.000000	38.000000	1166.000000	143.000000	8.000000	1157.086627	159.721030	1.000000	21.810827
16.000000	43.000000	39.000000	955.000000	123.000000	7.000000	967.741017	123.559993	2.000000	22.441922
16.000000	44.000000	40.000000	875.000000	128.000000	6.000000	877.899342	129.253530	2.000000	22.769544
17.000000	1.000000	1.000000	184.000000	300.000000	11.000000	183.041463	311.079613	2.000000	1.394492
17.000000	2.000000	2.000000	335.000000	283.000000	12.000000	331.771962	278.195618	2.000000	1.801681
17.000000	3.000000	3.000000	429.000000	247.000000	13.000000	450.044749	249.724870	2.000000	2.451095
17.000000	4.000000	4.000000	436.000000	175.000000	3.000000	447.430962	181.491411	2.000000	2.946518
17.000000	5.000000	5.000000	626.000000	273.000000	14.000000	609.440763	267.576186	2.000000	3.411025
17.000000	6.000000	6.000000	620.000000	387.000000	24.000000	612.601867	384.097814	1.000000	3.809811
17.000000	7.000000	7.000000	727.000000	428.000000	25.000000	713.701650	432.941962	1.000000	4.145489
17.000000	8.000000	8.000000	832.000000	256.000000	16.000000	832.262324	248.100514	1.000000	4.579043
17.000000	9.000000	9.000000	857.000000	158.000000	6.000000	865.685538	137.004526	1.000000	4.929433
17.000000	10.000000	10.000000	710.000000	159.000000	5.000000	704.114538	151.113544	2.000000	5.409702
17.000000	11.000000	11.000000	440.000000	408.000000	23.000000	441.308961	425.363904	2.000000	6.073945
17.000000	12.000000	12.000000	191.000000	370.000000	21.000000	204.003193	380.401851	1.000000	6.570436
17.000000	13.000000	13.000000	481.000000	660.000000	43.000000	472.044883	661.724442	2.000000	7.466642
17.000000	14.000000	14.000000	194.000000	785.000000	51.000000	188.566694	791.817833	2.000000	8.225344
17.000000	15.000000	15.000000	349.000000	799.000000	52.000000	327.871937	810.416519	1.000000	8.626298
17.000000	16.000000	16.000000	461.000000	803.000000	53.000000	472.584710	815.317635	1.000000	8.962283
17.000000	17.000000	17.000000	598.000000	814.000000	54.000000	606.808509	828.195258	1.000000	9.330066
17.000000	18.000000	18.000000	574.000000	690.000000	44.000000	580.907964	686.083141	1.000000	9.809592
17.000000	19.000000	19.000000	582.000000	991.000000	74.000000	584.672473	1006.106253	1.000000	10.721975
17.000000	20.000000	20.000000	501.000000	1022.000000	73.000000	492.628704	1035.791542	1.000000	11.145079
17.000000	21.000000	21.000000	747.000000	919.000000	65.000000	736.813476	910.005551	2.000000	11.922815
17.000000	22.000000	22.000000	855.000000	1041.000000	76.000000	858.477955	1038.100654	2.000000	12.449177
17.000000	23.000000	23.000000	1133.000000	1038.000000	78.000000	1135.329063	1046.685509	1.000000	13.257429
17.000000	24.000000	24.000000	1246.000000	1004.000000	79.000000	1250.384692	1000.195712	2.000000	13.673679
17.000000	25.000000	25.000000	1373.000000	1038.000000	80.000000	1355.017647	1044.141871	2.000000	14.025591
17.000000	26.000000	26.000000	1228.000000	929.000000	69.000000	1233.871245	923.325860	1.000000	14.545079
17.000000	27.000000	27.000000	1143.000000	883.000000	68.000000	1126.902970	881.358767	1.000000	14.769906
17.000000	28.000000	28.000000	1395.000000	894.000000	70.000000	1380.141267	901.582543	1.000000	15.338528
17.000000	29.000000	0.000000	1324.000000	810.000000	60.000000	1349.260596	807.590064	1.000000	15.586710
17.000000	30.000000	29.000000	1266.000000	837.000000	59.000000	1256.522653	818.005155	2.000000	15.929632
17.000000	31.000000	0.000000	1151.000000	792.000000	58.000000	1161.186343	768.181444	1.000000	16.266167
17.000000	32.000000	0.000000	1191.000000	780.000000	58.000000	1161.186343	768.181444	1.000000	16.545501
17.000000	33.000000	30.000000	1170.000000	778.000000	58.000000	1161.186343	768.181444	1.000000	16.785090
17.000000	34.000000	0.000000	1313.000000	789.000000	60.000000	1349.260596	807.590064	1.000000	17.187121
17.000000	35.000000	31.000000	1372.000000	800.000000	60.000000	1349.260596	807.590064	1.000000	17.443185
17.000000	36.000000	32.000000	1424.000000	680.000000	50.000000	1420.009772	684.688821	2.000000	18.210529
17.000000	37.000000	33.000000	1230.000000	539.000000	39.000000	1228.122784	542.162968	1.000000	18.690317
17.000000	38.000000	34.000000	1225.000000	457.000000	29.000000	1231.067076	451.686533	1.000000	18.898378
17.000000	39.000000	35.000000	996.000000	499.000000	37.000000	1010.442194	499.981759	2.000000	19.418602
17.000000	40.000000	36.000000	1395.000000	434.000000	30.000000	1399.979686	429.147218	2.000000	20.361134
17.000000	41.000000	37.000000	1402.000000	288.000000	20.000000	1397.023618	288.847475	1.000000	20.707140
17.000000	42.000000	38.000000	1361.000000	142.000000	10.000000	1349.015901	132.936494	2.000000	21.554055
17.000000	43.000000	39.000000	1240.000000	167.000000	9.000000	1234.683855	164.649020	2.000000	21.971156
17.000000	44.000000	40.000000	1112.000000	162.000000	8.000000	1125.693339	157.962154	2.000000	22.282936
18.000000	1.000000	1.000000	878.000000	571.000000	36.000000	886.373225	581.001333	2.000000	0.748083
18.000000	2.000000	2.000000	1003.000000	538.000000	37.000000	994.021227	528.107626	1.000000	1.285444
18.000000	3.000000	3.000000	882.000000	615.000000	46.000000	876.257528	637.338634	1.000000	1.685612
18.000000	4.000000	4.000000	880.000000	429.000000	26.000000	883.733168	417.673604	1.000000	2.101987
18.000000	5.000000	5.000000	730.000000	667.000000	45.000000	737.115514	657.017019	2.000000	2.581620
18.000000	6.000000	6.000000	717.000000	303.000000	15.000000	722.878154	310.764618	1.000000	3.453683
18.000000	7.000000	7.000000	865.000000	310.000000	16.000000	857.611228	304.733164	2.000000	4.229811
18.000000	8.000000	8.000000	833.000000	106.000000	6.000000	836.304936	122.551528	2.000000	4.603714
18.000000	9.000000	9.000000	621.000000	169.000000	4.000000	611.421842	166.068748	1.000000	5.141557
18.000000	10.000000	10.000000	579.000000	349.000000	24.000000	575.963642	371.143852	2.000000	5.684559
18.000000	11.000000	11.000000	503.000000	366.000000	23.000000	500.838475	374.174843	2.000000	5.980057
18.000000	12.000000	12.000000	473.000000	310.000000	13.000000	470.684373	324.065757	2.000000	6.204723
18.000000	13.000000	13.000000	212.000000	207.000000	1.000000	206.458877	204.437168	1.000000	7.052645
18.000000	14.000000	14.000000	180.000000	298.000000	11.000000	179.991675	298.448259	2.000000	7.325370
18.000000	15.000000	15.000000	229.000000	378.000000	21.000000	237.746957	383.130341	2.000000	7.669426
18.000000	16.000000	16.000000	438.000000	545.000000	33.000000	441.089064	543.554731	2.000000	8.533245
18.000000	17.000000	17.000000	481.000000	686.000000	43.000000	468.055090	696.994991	1.000000	9.253723
18.000000	18.000000	18.000000	614.000000	689.000000	44.000000	607.688237	698.481691	1.000000	9.661793
18.000000	19.000000	19.000000	586.000000	778.000000	54.000000	582.471908	775.445969	1.000000	10.021845
18.000000	20.000000	20.000000	521.000000	799.000000	53.000000	508.373602	815.578623	2.000000	10.829681
18.000000	21.000000	21.000000	361.000000	879.000000	62.000000	351.605039	890.281033	2.000000	11.612103
18.000000	22.000000	0.000000	346.000000	1001.000000	72.000000	317.264628	997.244239	2.000000	11.957547
18.000000	23.000000	22.000000	310.000000	1001.000000	72.000000	317.264628	997.244239	2.000000	12.332866
18.000000	24.000000	23.000000	200.000000	1008.000000	71.000000	212.407718	1008.892147	1.000000	12.708306
18.000000	25.000000	24.000000	571.000000	952.000000	64.000000	583.416903	949.932863	1.000000	13.349719
18.000000	26.000000	25.000000	616.000000	1075.000000	74.000000	605.964653	1063.059216	2.000000	14.019904
18.000000	27.000000	26.000000	711.000000	1071.000000	75.000000	708.702768	1078.600242	1.000000	14.357698
18.000000	28.000000	27.000000	730.000000	927.000000	65.000000	722.153107	923.717571	2.000000	14.788874
18.000000	29.000000	28.000000	876.000000	1018.000000	76.000000	875.706241	1000.429869	1.000000	15.261570
18.000000	30.000000	0.000000	1084.000000	1028.000000	78.000000	1113.490826	1043.342385	1.000000	15.717194
18.000000	31.000000	29.000000	1111.000000	1036.000000	78.000000	1113.490826	1043.342385	1.000000	16.252287
18.000000	32.000000	30.000000	1372.000000	996.000000	80.000000	1363.315416	994.601872	2.000000	17.149131
18.000000	33.000000	31.000000	1307.000000	912.000000	69.000000	1288.288700	910.075187	1.000000	17.684568
18.000000	34.000000	32.000000	1360.000000	835.000000	60.000000	1352.529669	821.407906	1.000000	18.022034
18.000000	35.000000	33.000000	1390.000000	683.000000	50.000000	1382.297299	687.355001	1.000000	18.652813
18.000000	36.000000	34.000000	1123.000000	670.000000	48.000000	1116.670607	663.204137	1.000000	19.181437
18.000000	37.000000	35.000000	991.000000	732.000000	57.000000	990.835990	750.950090	2.000000	19.629693
18.000000	38.000000	36.000000	1123.000000	534.000000	38.000000	1122.398845	534.558294	2.000000	20.644091
18.000000	39.000000	0.000000	1118.000000	421.000000	28.000000	1112.983833	393.372900	1.000000	20.942021
18.000000	40.000000	37.000000	1127.000000	398.000000	28.000000	1112.983833	393.372900	1.000000	21.909202
18.000000	41.000000	38.000000	1397.000000	389.000000	30.000000	1391.617619	391.296444	1.000000	22.683758
18.000000	42.000000	39.000000	1383.000000	246.000000	20.000000	1397.699385	246.341036	2.000000	23.148555
18.000000	43.000000	40.000000	1114.000000	143.000000	8.000000	1113.262335	135.972157	2.000000	24.077550
19.000000	1.000000	1.000000	208.000000	130.000000	1.000000	195.609012	135.667939	1.000000	1.392225
19.000000	2.000000	2.000000	363.000000	132.000000	2.000000	356.767255	135.015499	2.000000	1.791930
19.000000	3.000000	3.000000	615.000000	123.000000	4.000000	612.747839	125.392885	1.000000	2.433080
19.000000	4.000000	4.000000	1123.000000	128.000000	8.000000	1144.783484	131.384115	2.000000	3.393050
19.000000	5.000000	5.000000	1246.000000	135.000000	9.000000	1229.914280	150.314273	1.000000	3.808596
19.000000	6.000000	6.000000	1398.000000	139.000000	10.000000	1396.203345	150.981446	2.000000	4.192682
19.000000	7.000000	7.000000	1405.000000	362.000000	30.000000	1400.555889	375.382395	1.000000	5.161081
19.000000	8.000000	8.000000	1233.000000	388.000000	29.000000	1233.188787	393.041349	1.000000	5.742984
19.000000	9.000000	9.000000	1116.000000	339.000000	18.000000	1108.588005	327.651032	1.000000	6.080032
19.000000	10.000000	10.000000	886.000000	284.000000	16.000000	886.954595	282.912865	1.000000	6.815755
19.000000	11.000000	11.000000	625.000000	295.000000	14.000000	627.731460	305.641354	1.000000	7.223345
19.000000	12.000000	12.000000	493.000000	325.000000	13.000000	510.146138	322.888666	1.000000	7.848665
19.000000	13.000000	0.000000	250.000000	258.000000	11.000000	218.207191	268.781381	2.000000	8.392514
19.000000	14.000000	0.000000	246.000000	261.000000	11.000000	218.207191	268.781381	2.000000	8.671561
19.000000	15.000000	13.000000	227.000000	270.000000	11.000000	218.207191	268.781381	2.000000	9.256316
19.000000	16.000000	14.000000	221.000000	445.000000	21.000000	218.213501	447.471535	2.000000	10.040661
19.000000	17.000000	15.000000	508.000000	367.000000	23.000000	497.307255	370.300278	1.000000	10.583908
19.000000	18.000000	16.000000	585.000000	407.000000	24.000000	567.767891	401.557513	1.000000	10.822965
19.000000	19.000000	17.000000	731.000000	428.000000	25.000000	741.277347	439.227153	2.000000	11.359524
19.000000	20.000000	18.000000	855.000000	432.000000	26.000000	856.748998	444.686354	2.000000	11.638907
19.000000	21.000000	19.000000	896.000000	527.000000	36.000000	894.885483	529.157017	2.000000	12.175276
19.000000	22.000000	20.000000	1267.000000	511.000000	39.000000	1269.954310	514.194286	1.000000	13.008412
19.000000	23.000000	21.000000	1113.000000	558.000000	38.000000	1113.036163	553.085078	2.000000	13.368443
19.000000	24.000000	22.000000	1002.000000	685.000000	47.000000	1003.211100	698.065707	2.000000	14.263132
19.000000	25.000000	23.000000	600.000000	533.000000	34.000000	612.367014	520.000581	2.000000	15.319351
19.000000	26.000000	24.000000	528.000000	552.000000	33.000000	510.772242	560.844113	2.000000	15.560861
19.000000	27.000000	0.000000	207.000000	554.000000	31.000000	239.608816	551.270131	2.000000	16.057044
19.000000	28.000000	25.000000	234.000000	555.000000	31.000000	239.608816	551.270131	2.000000	16.423377
19.000000	29.000000	26.000000	451.000000	683.000000	43.000000	465.632356	679.848815	2.000000	16.879788
19.000000	30.000000	27.000000	237.000000	743.000000	51.000000	225.482229	748.414761	1.000000	17.672032
19.000000	31.000000	28.000000	262.000000	889.000000	61.000000	250.568704	879.471141	2.000000	18.303746
19.000000	32.000000	29.000000	330.000000	894.000000	62.000000	310.686533	898.397286	1.000000	18.551017
19.000000	33.000000	30.000000	173.000000	1010.000000	71.000000	183.056185	1002.657369	1.000000	19.207874
19.000000	34.000000	31.000000	346.000000	1028.000000	72.000000	360.421004	1044.348428	2.000000	19.670982
19.000000	35.000000	32.000000	635.000000	1053.000000	74.000000	618.814543	1071.100366	2.000000	20.385088
19.000000	36.000000	33.000000	591.000000	933.000000	64.000000	584.636900	932.028765	2.000000	20.968319
19.000000	37.000000	34.000000	634.000000	843.000000	54.000000	642.063710	830.326750	1.000000	21.360601
19.000000	38.000000	35.000000	762.000000	837.000000	55.000000	750.834506	832.325046	1.000000	21.705009
19.000000	39.000000	0.000000	832.000000	998.000000	76.000000	837.935496	1026.704590	1.000000	22.518888
19.000000	40.000000	36.000000	816.000000	1028.000000	76.000000	837.935496	1026.704590	1.000000	23.232405
19.000000	41.000000	0.000000	1008.000000	1054.000000	77.000000	986.428242	1071.126118	2.000000	23.792455
19.000000	42.000000	37.000000	1000.000000	1057.000000	77.000000	986.428242	1071.126118	2.000000	24.047973
19.000000	43.000000	38.000000	1103.000000	831.000000	58.000000	1101.067316	814.576814	1.000000	24.688150
19.000000	44.000000	39.000000	1240.000000	932.000000	69.000000	1235.303961	936.105701	1.000000	25.248196
19.000000	45.000000	40.000000	1225.000000	1003.000000	79.000000	1233.892658	1015.599272	2.000000	25.470970
20.000000	1.000000	1.000000	220.000000	315.000000	11.000000	222.648428	316.673028	1.000000	1.175514
20.000000	2.000000	2.000000	367.000000	271.000000	12.000000	371.537750	268.750228	2.000000	1.574989
20.000000	3.000000	3.000000	459.000000	280.000000	13.000000	466.213923	266.229795	1.000000	1.863528
20.000000	4.000000	4.000000	619.000000	197.000000	4.000000	635.851166	191.130886	1.000000	2.574871
20.000000	5.000000	0.000000	842.000000	144.000000	6.000000	868.895406	129.640949	2.000000	3.087737
20.000000	6.000000	5.000000	866.000000	117.000000	6.000000	868.895406	129.640949	2.000000	3.623302
20.000000	7.000000	6.000000	1245.000000	148.000000	9.000000	1231.027761	153.508111	1.000000	4.463655
20.000000	8.000000	7.000000	1359.000000	147.000000	10.000000	1369.243774	145.831255	1.000000	4.790324
20.000000	9.000000	8.000000	1233.000000	303.000000	19.000000	1219.339645	302.817304	1.000000	5.262179
20.000000	10.000000	9.000000	1131.000000	433.000000	28.000000	1108.885184	441.556854	2.000000	6.110943
20.000000	11.000000	10.000000	880.000000	334.000000	16.000000	873.711251	327.285890	2.000000	6.725656
20.000000	12.000000	0.000000	1026.000000	469.000000	27.000000	1004.374572	449.004954	1.000000	7.102170
20.000000	13.000000	11.000000	1027.000000	456.000000	27.000000	1004.374572	449.004954	1.000000	7.655538
20.000000	14.000000	12.000000	1365.000000	495.000000	40.000000	1364.254278	509.220247	1.000000	8.630911
20.000000	15.000000	13.000000	728.000000	395.000000	25.000000	715.923092	388.283347	2.000000	9.671874
20.000000	16.000000	14.000000	513.000000	412.000000	23.000000	506.496849	420.335454	1.000000	10.231222
20.000000	17.000000	15.000000	375.000000	404.000000	22.000000	370.160628	393.274151	1.000000	10.607495
20.000000	18.000000	16.000000	478.000000	505.000000	33.000000	478.139797	508.756058	2.000000	11.382553
20.000000	19.000000	17.000000	478.000000	615.000000	43.000000	471.332551	620.125385	2.000000	11.766876
20.000000	20.000000	18.000000	586.000000	614.000000	44.000000	568.244769	621.287331	2.000000	12.127446
20.000000	21.000000	19.000000	219.000000	622.000000	41.000000	212.669690	623.436675	1.000000	12.982228
20.000000	22.000000	20.000000	445.000000	776.000000	53.000000	446.830546	770.722058	2.000000	13.757765
20.000000	23.000000	21.000000	615.000000	779.000000	54.000000	615.071856	788.430688	1.000000	14.213949
20.000000	24.000000	22.000000	891.000000	649.000000	46.000000	899.661050	645.964749	1.000000	14.991540
20.000000	25.000000	23.000000	875.000000	538.000000	36.000000	875.731733	540.895470	2.000000	15.293924
20.000000	26.000000	0.000000	1046.000000	550.000000	37.000000	987.778587	581.772551	1.000000	15.582653
20.000000	27.000000	24.000000	990.000000	570.000000	37.000000	987.778587	581.772551	1.000000	15.838611
20.000000	28.000000	25.000000	1141.000000	640.000000	48.000000	1154.960270	656.822807	2.000000	16.309688
20.000000	29.000000	26.000000	1346.000000	704.000000	50.000000	1351.619312	702.485998	1.000000	17.182232
20.000000	30.000000	27.000000	1380.000000	805.000000	60.000000	1384.493170	797.790131	2.000000	17.495126
20.000000	31.000000	28.000000	1252.000000	813.000000	59.000000	1248.214493	809.937603	2.000000	17.799180
20.000000	32.000000	29.000000	1243.000000	878.000000	69.000000	1240.616909	884.187178	1.000000	18.039628
20.000000	33.000000	30.000000	1410.000000	1016.000000	80.000000	1407.954844	1016.324817	1.000000	18.903727
20.000000	34.000000	31.000000	1138.000000	1009.000000	78.000000	1129.893279	997.721768	2.000000	19.438554
20.000000	35.000000	32.000000	1014.000000	878.000000	67.000000	1017.522986	883.548964	1.000000	20.055704
20.000000	36.000000	0.000000	956.000000	791.000000	57.000000	978.337687	803.000148	2.000000	20.678807
20.000000	37.000000	33.000000	871.000000	767.000000	56.000000	885.642153	764.226068	2.000000	21.031698
20.000000	38.000000	34.000000	981.000000	803.000000	57.000000	978.337687	803.000148	2.000000	21.375754
20.000000	39.000000	0.000000	866.000000	1022.000000	76.000000	839.577862	1027.980778	1.000000	22.031638
20.000000	40.000000	35.000000	840.000000	1025.000000	76.000000	839.577862	1027.980778	1.000000	22.709913
20.000000	41.000000	36.000000	634.000000	1004.000000	74.000000	629.275499	1010.618934	2.000000	23.110393
20.000000	42.000000	37.000000	621.000000	912.000000	64.000000	624.493321	921.767045	2.000000	23.342045
20.000000	43.000000	38.000000	366.000000	1012.000000	72.000000	368.832120	1019.298157	2.000000	24.399159
20.000000	44.000000	39.000000	224.000000	935.000000	61.000000	203.611894	928.628435	2.000000	24.839134
20.000000	45.000000	40.000000	246.000000	1060.000000	71.000000	237.250184	1051.360779	1.000000	25.351665
