MultiTargForag_2	Participant_Code = 70
Search_Type = 2	CB_Targets = 1
Trial	Click_Num	Target_Click_Order	Click_X	Click_y	Item_selected	Item_X	Item_Y	Target_Set	RT
1.000000	1.000000	1.000000	451.000000	241.000000	13.000000	452.040544	243.775242	1.000000	4.333316
1.000000	2.000000	2.000000	546.000000	243.000000	14.000000	549.307878	247.770095	2.000000	5.443981
1.000000	3.000000	3.000000	401.000000	166.000000	3.000000	408.683252	172.226110	2.000000	6.316638
1.000000	4.000000	4.000000	308.000000	122.000000	2.000000	291.589039	125.142871	1.000000	7.315964
1.000000	5.000000	5.000000	203.000000	182.000000	1.000000	212.771928	185.328773	1.000000	8.131681
1.000000	6.000000	6.000000	236.000000	273.000000	11.000000	222.839326	267.782917	2.000000	9.083083
1.000000	7.000000	7.000000	426.000000	357.000000	23.000000	424.552792	372.823008	2.000000	9.781045
1.000000	8.000000	8.000000	215.000000	380.000000	21.000000	227.061589	371.378310	1.000000	10.620345
1.000000	9.000000	9.000000	200.000000	557.000000	41.000000	197.144490	547.449054	2.000000	11.740181
1.000000	10.000000	10.000000	404.000000	553.000000	43.000000	411.572898	553.468083	2.000000	12.659010
1.000000	11.000000	0.000000	529.000000	462.000000	34.000000	551.991157	478.690407	2.000000	13.604103
1.000000	12.000000	11.000000	541.000000	468.000000	34.000000	551.991157	478.690407	2.000000	13.915707
1.000000	13.000000	12.000000	647.000000	472.000000	35.000000	649.476517	487.498833	2.000000	14.763881
1.000000	14.000000	13.000000	640.000000	397.000000	25.000000	631.450833	390.014985	1.000000	15.205123
1.000000	15.000000	14.000000	650.000000	271.000000	15.000000	658.611591	280.255052	2.000000	16.083223
1.000000	16.000000	15.000000	658.000000	174.000000	5.000000	651.266022	166.747292	1.000000	16.884586
1.000000	17.000000	16.000000	835.000000	155.000000	7.000000	849.268053	155.136529	2.000000	18.204564
1.000000	18.000000	17.000000	977.000000	118.000000	8.000000	974.441368	129.437272	2.000000	19.091294
1.000000	19.000000	18.000000	1003.000000	268.000000	18.000000	988.450190	273.190913	2.000000	20.419691
1.000000	20.000000	19.000000	853.000000	248.000000	17.000000	846.269787	249.773120	1.000000	21.388095
1.000000	21.000000	20.000000	1113.000000	463.000000	39.000000	1111.904791	469.048129	2.000000	22.956155
1.000000	22.000000	0.000000	1025.000000	544.000000	48.000000	997.566620	548.007160	2.000000	23.755842
1.000000	23.000000	21.000000	998.000000	547.000000	48.000000	997.566620	548.007160	2.000000	24.324599
1.000000	24.000000	22.000000	1101.000000	590.000000	49.000000	1103.058399	599.484177	2.000000	25.236733
1.000000	25.000000	23.000000	1009.000000	652.000000	58.000000	1001.164524	670.164104	1.000000	26.260566
1.000000	26.000000	24.000000	1166.000000	466.000000	40.000000	1176.730953	464.336196	1.000000	26.931968
1.000000	27.000000	25.000000	1184.000000	387.000000	30.000000	1193.775753	383.256703	1.000000	27.348972
1.000000	28.000000	26.000000	847.000000	706.000000	57.000000	847.596964	719.792514	1.000000	29.707113
1.000000	29.000000	27.000000	749.000000	673.000000	56.000000	740.129477	674.511245	1.000000	30.573268
1.000000	30.000000	28.000000	661.000000	569.000000	45.000000	663.316154	562.522592	1.000000	31.284399
1.000000	31.000000	29.000000	765.000000	769.000000	66.000000	747.424847	777.612184	1.000000	32.268400
1.000000	32.000000	30.000000	652.000000	681.000000	55.000000	641.666516	675.013857	2.000000	33.531616
1.000000	33.000000	31.000000	652.000000	855.000000	75.000000	640.937532	872.225930	2.000000	34.371286
1.000000	34.000000	32.000000	750.000000	897.000000	76.000000	753.825624	904.724324	2.000000	34.892963
1.000000	35.000000	33.000000	431.000000	924.000000	73.000000	414.587194	925.122153	2.000000	35.620581
1.000000	36.000000	34.000000	241.000000	908.000000	71.000000	220.945666	899.029860	2.000000	36.403891
1.000000	37.000000	35.000000	221.000000	787.000000	61.000000	225.718483	789.068510	1.000000	37.164974
1.000000	38.000000	36.000000	299.000000	794.000000	62.000000	290.553438	797.156307	1.000000	37.747450
1.000000	39.000000	37.000000	328.000000	856.000000	72.000000	336.085312	869.152617	1.000000	38.539124
1.000000	40.000000	38.000000	441.000000	671.000000	53.000000	441.954472	668.105500	1.000000	39.205165
1.000000	41.000000	39.000000	1185.000000	912.000000	80.000000	1174.364148	923.121063	1.000000	43.116518
1.000000	42.000000	40.000000	877.000000	901.000000	77.000000	863.998100	896.854340	1.000000	43.883679
1.000000	1.000000	1.000000	877.000000	492.000000	37.000000	860.784809	486.778905	1.000000	1.851934
1.000000	2.000000	0.000000	777.000000	572.000000	46.000000	753.891482	583.579202	1.000000	2.820473
1.000000	3.000000	2.000000	764.000000	586.000000	46.000000	753.891482	583.579202	1.000000	3.420971
1.000000	4.000000	3.000000	852.000000	665.000000	57.000000	863.514516	680.214171	1.000000	3.939359
1.000000	5.000000	4.000000	665.000000	652.000000	55.000000	665.235053	672.878024	1.000000	4.484158
1.000000	6.000000	0.000000	675.000000	741.000000	65.000000	664.572457	768.593964	1.000000	5.124864
1.000000	7.000000	5.000000	666.000000	757.000000	65.000000	664.572457	768.593964	1.000000	5.836575
1.000000	8.000000	6.000000	453.000000	806.000000	63.000000	449.101257	803.426690	1.000000	6.572268
1.000000	9.000000	7.000000	663.000000	900.000000	75.000000	650.381819	904.136239	1.000000	7.156173
1.000000	10.000000	8.000000	189.000000	809.000000	61.000000	187.041775	818.963099	1.000000	7.924649
1.000000	11.000000	9.000000	311.000000	702.000000	52.000000	310.409898	678.512750	1.000000	8.595042
1.000000	12.000000	10.000000	330.000000	358.000000	22.000000	339.263298	347.468460	1.000000	9.828486
1.000000	13.000000	11.000000	537.000000	464.000000	34.000000	532.604573	454.973581	1.000000	10.795918
1.000000	14.000000	12.000000	529.000000	153.000000	4.000000	544.195529	161.284245	1.000000	11.811553
1.000000	15.000000	13.000000	410.000000	127.000000	3.000000	406.954791	123.505219	1.000000	12.196482
1.000000	16.000000	14.000000	734.000000	168.000000	6.000000	736.160938	174.243646	1.000000	12.861020
1.000000	17.000000	15.000000	867.000000	231.000000	17.000000	873.789464	242.556280	1.000000	13.490791
1.000000	18.000000	16.000000	1123.000000	362.000000	29.000000	1109.156282	343.853600	1.000000	14.436719
1.000000	19.000000	17.000000	1206.000000	232.000000	20.000000	1203.915188	228.086863	1.000000	14.915601
1.000000	20.000000	18.000000	1105.000000	585.000000	49.000000	1092.300237	594.961961	1.000000	15.627630
1.000000	21.000000	19.000000	988.000000	608.000000	48.000000	996.986963	607.154750	1.000000	15.997058
1.000000	22.000000	0.000000	986.000000	629.000000	58.000000	983.495088	653.930326	1.000000	16.356254
1.000000	23.000000	20.000000	985.000000	641.000000	58.000000	983.495088	653.930326	1.000000	17.051020
1.000000	24.000000	0.000000	229.000000	880.000000	71.000000	200.584829	870.727325	2.000000	19.133057
1.000000	25.000000	21.000000	213.000000	873.000000	71.000000	200.584829	870.727325	2.000000	19.372186
1.000000	26.000000	22.000000	508.000000	816.000000	64.000000	508.169709	815.407650	2.000000	20.275725
1.000000	27.000000	23.000000	433.000000	729.000000	53.000000	438.937319	717.529783	2.000000	20.797098
1.000000	28.000000	24.000000	526.000000	697.000000	54.000000	526.477694	686.741648	2.000000	21.251912
1.000000	29.000000	25.000000	642.000000	577.000000	45.000000	630.467219	575.107497	2.000000	22.228616
1.000000	30.000000	26.000000	649.000000	465.000000	35.000000	647.855672	462.095912	2.000000	22.722799
1.000000	31.000000	27.000000	566.000000	391.000000	24.000000	548.837359	392.205127	2.000000	23.332204
1.000000	32.000000	28.000000	649.000000	379.000000	25.000000	657.707519	380.342306	2.000000	24.140210
1.000000	33.000000	29.000000	746.000000	351.000000	26.000000	738.004976	360.620357	2.000000	24.587657
1.000000	34.000000	30.000000	854.000000	370.000000	27.000000	870.709889	378.697818	2.000000	25.148672
1.000000	35.000000	31.000000	885.000000	575.000000	47.000000	870.832878	588.592004	2.000000	25.867919
1.000000	36.000000	32.000000	1107.000000	722.000000	59.000000	1085.700936	718.716115	2.000000	26.972856
1.000000	37.000000	33.000000	1187.000000	889.000000	80.000000	1190.324409	893.161222	2.000000	27.804806
1.000000	38.000000	34.000000	1096.000000	477.000000	39.000000	1101.181009	475.704070	2.000000	28.555087
1.000000	39.000000	35.000000	1203.000000	149.000000	10.000000	1209.953786	137.065038	2.000000	29.803206
1.000000	40.000000	36.000000	306.000000	164.000000	2.000000	299.229847	176.689516	2.000000	31.108957
1.000000	41.000000	37.000000	204.000000	124.000000	1.000000	190.522332	129.977917	2.000000	31.499912
1.000000	42.000000	38.000000	180.000000	535.000000	41.000000	182.979351	543.008626	2.000000	32.412460
1.000000	43.000000	39.000000	333.000000	463.000000	32.000000	338.164735	473.871452	2.000000	33.228757
1.000000	44.000000	40.000000	749.000000	880.000000	76.000000	753.718495	889.738772	2.000000	34.772739
2.000000	1.000000	1.000000	659.000000	602.000000	45.000000	648.070756	601.351693	2.000000	1.262671
2.000000	2.000000	2.000000	533.000000	583.000000	44.000000	528.732238	575.599542	2.000000	1.935162
2.000000	3.000000	3.000000	428.000000	727.000000	53.000000	429.373316	716.385279	2.000000	2.581535
2.000000	4.000000	4.000000	401.000000	781.000000	63.000000	406.578993	772.841016	2.000000	3.047055
2.000000	5.000000	5.000000	353.000000	653.000000	52.000000	338.990009	649.338408	2.000000	3.533804
2.000000	6.000000	6.000000	204.000000	757.000000	61.000000	204.370773	766.526303	2.000000	4.005284
2.000000	7.000000	7.000000	431.000000	880.000000	73.000000	421.665620	886.274121	2.000000	4.533150
2.000000	8.000000	8.000000	616.000000	880.000000	75.000000	621.786013	882.041349	2.000000	5.254590
2.000000	9.000000	9.000000	766.000000	500.000000	36.000000	770.360819	503.489195	2.000000	6.342374
2.000000	10.000000	10.000000	849.000000	459.000000	37.000000	845.047893	459.192880	2.000000	7.046183
2.000000	11.000000	11.000000	976.000000	449.000000	38.000000	986.466020	443.187941	2.000000	7.549145
2.000000	12.000000	12.000000	1074.000000	547.000000	49.000000	1064.371025	556.120276	2.000000	8.238504
2.000000	13.000000	13.000000	1174.000000	648.000000	60.000000	1168.008639	657.288791	2.000000	8.812975
2.000000	14.000000	14.000000	1119.000000	217.000000	19.000000	1110.128191	233.306102	2.000000	9.997778
2.000000	15.000000	15.000000	621.000000	140.000000	5.000000	624.569724	133.057188	2.000000	10.791201
2.000000	16.000000	16.000000	528.000000	255.000000	14.000000	516.266620	263.147502	2.000000	11.383030
2.000000	17.000000	17.000000	582.000000	356.000000	24.000000	559.809711	354.358237	2.000000	11.879076
2.000000	18.000000	18.000000	411.000000	174.000000	3.000000	398.395170	185.938969	2.000000	12.581924
2.000000	19.000000	19.000000	343.000000	365.000000	22.000000	339.222282	377.683454	2.000000	13.237101
2.000000	20.000000	20.000000	222.000000	264.000000	11.000000	212.275135	270.756101	2.000000	14.022508
2.000000	21.000000	21.000000	978.000000	355.000000	28.000000	989.943229	349.612690	1.000000	16.181029
2.000000	22.000000	22.000000	1124.000000	475.000000	39.000000	1107.902036	466.707057	1.000000	16.821272
2.000000	23.000000	23.000000	1201.000000	368.000000	30.000000	1203.143433	358.360161	1.000000	17.486621
2.000000	24.000000	24.000000	1189.000000	563.000000	50.000000	1186.915426	552.364408	1.000000	18.150210
2.000000	25.000000	25.000000	974.000000	227.000000	18.000000	984.371193	227.928187	1.000000	18.854717
2.000000	26.000000	26.000000	989.000000	165.000000	8.000000	990.510666	158.055787	1.000000	19.183097
2.000000	27.000000	27.000000	735.000000	219.000000	16.000000	734.564822	230.196901	1.000000	19.645362
2.000000	28.000000	28.000000	658.000000	252.000000	15.000000	652.356597	257.499653	1.000000	19.934503
2.000000	29.000000	0.000000	569.000000	137.000000	4.000000	536.796739	148.999402	1.000000	20.342907
2.000000	30.000000	29.000000	554.000000	149.000000	4.000000	536.796739	148.999402	1.000000	21.030345
2.000000	31.000000	30.000000	191.000000	152.000000	1.000000	178.781971	152.653857	1.000000	21.885977
2.000000	32.000000	31.000000	507.000000	502.000000	34.000000	507.656464	502.936235	1.000000	23.254616
2.000000	33.000000	32.000000	512.000000	758.000000	64.000000	508.620386	762.898706	1.000000	23.837739
2.000000	34.000000	33.000000	529.000000	865.000000	74.000000	528.868593	887.279074	1.000000	24.502288
2.000000	35.000000	34.000000	745.000000	825.000000	66.000000	727.543914	815.359708	1.000000	25.037044
2.000000	36.000000	35.000000	866.000000	787.000000	67.000000	885.156607	783.820160	1.000000	25.815004
2.000000	37.000000	36.000000	958.000000	806.000000	68.000000	965.117308	825.225702	1.000000	26.284952
2.000000	38.000000	37.000000	948.000000	668.000000	58.000000	954.994946	666.583042	1.000000	27.117372
2.000000	39.000000	38.000000	851.000000	598.000000	47.000000	841.823275	596.002791	1.000000	27.525682
2.000000	40.000000	39.000000	1073.000000	666.000000	59.000000	1060.258131	659.511763	1.000000	27.982182
2.000000	41.000000	40.000000	1219.000000	795.000000	70.000000	1214.236805	814.876001	1.000000	28.629299
3.000000	1.000000	1.000000	784.000000	573.000000	46.000000	778.039546	553.381975	1.000000	0.628976
3.000000	2.000000	2.000000	524.000000	589.000000	44.000000	539.476148	578.255298	1.000000	1.390352
3.000000	3.000000	3.000000	548.000000	652.000000	54.000000	538.020359	651.654354	1.000000	1.710408
3.000000	4.000000	4.000000	655.000000	685.000000	55.000000	670.312709	692.140256	1.000000	2.078870
3.000000	5.000000	0.000000	549.000000	865.000000	74.000000	519.267469	874.438513	1.000000	2.821081
3.000000	6.000000	5.000000	532.000000	877.000000	74.000000	519.267469	874.438513	1.000000	3.541606
3.000000	7.000000	6.000000	227.000000	889.000000	71.000000	218.631144	894.136523	1.000000	4.373622
3.000000	8.000000	7.000000	182.000000	812.000000	61.000000	190.060374	799.480931	1.000000	5.237114
3.000000	9.000000	8.000000	293.000000	696.000000	52.000000	288.147317	694.988038	1.000000	5.989654
3.000000	10.000000	9.000000	341.000000	468.000000	32.000000	331.586121	461.041605	1.000000	6.773093
3.000000	11.000000	10.000000	225.000000	276.000000	11.000000	216.235483	285.503710	1.000000	7.253720
3.000000	12.000000	0.000000	364.000000	293.000000	12.000000	333.489022	294.433029	1.000000	7.814320
3.000000	13.000000	11.000000	351.000000	288.000000	12.000000	333.489022	294.433029	1.000000	8.270154
3.000000	14.000000	12.000000	323.000000	183.000000	2.000000	327.311671	181.596496	1.000000	8.629848
3.000000	15.000000	13.000000	524.000000	197.000000	4.000000	541.038323	188.667938	1.000000	9.366283
3.000000	16.000000	14.000000	880.000000	454.000000	37.000000	878.047500	457.835867	1.000000	11.199035
3.000000	17.000000	15.000000	962.000000	461.000000	38.000000	955.624479	475.042510	1.000000	11.623193
3.000000	18.000000	16.000000	1079.000000	378.000000	29.000000	1069.429143	385.653596	1.000000	12.358348
3.000000	19.000000	17.000000	1176.000000	389.000000	30.000000	1170.090803	398.282178	1.000000	12.902696
3.000000	20.000000	18.000000	1177.000000	451.000000	40.000000	1168.027370	457.315732	1.000000	13.245615
3.000000	21.000000	19.000000	1091.000000	126.000000	9.000000	1088.723578	135.889697	1.000000	13.909108
3.000000	22.000000	20.000000	1190.000000	669.000000	60.000000	1185.392330	676.861230	1.000000	14.988927
3.000000	23.000000	21.000000	888.000000	697.000000	57.000000	871.506391	686.075290	2.000000	17.222896
3.000000	24.000000	22.000000	980.000000	599.000000	48.000000	999.241328	595.075659	2.000000	18.366352
3.000000	25.000000	23.000000	789.000000	493.000000	36.000000	780.164122	504.203730	2.000000	19.205901
3.000000	26.000000	24.000000	859.000000	372.000000	27.000000	871.181779	354.806694	2.000000	19.702699
3.000000	27.000000	25.000000	860.000000	261.000000	17.000000	867.724467	277.705080	2.000000	20.078015
3.000000	28.000000	0.000000	799.000000	244.000000	16.000000	777.699142	224.343562	2.000000	20.524939
3.000000	29.000000	26.000000	788.000000	227.000000	16.000000	777.699142	224.343562	2.000000	20.989091
3.000000	30.000000	27.000000	765.000000	166.000000	6.000000	755.361082	146.454415	2.000000	22.045887
3.000000	31.000000	28.000000	642.000000	134.000000	5.000000	635.130708	123.554751	2.000000	22.501996
3.000000	32.000000	29.000000	864.000000	139.000000	7.000000	851.149351	140.188672	2.000000	23.022683
3.000000	33.000000	30.000000	967.000000	156.000000	8.000000	962.704688	152.881268	2.000000	23.669144
3.000000	34.000000	31.000000	1194.000000	119.000000	10.000000	1186.370992	122.150473	2.000000	24.422603
3.000000	35.000000	0.000000	1246.000000	899.000000	80.000000	1222.435684	883.595968	2.000000	25.470923
3.000000	36.000000	32.000000	1209.000000	888.000000	80.000000	1222.435684	883.595968	2.000000	25.798937
3.000000	37.000000	33.000000	1122.000000	826.000000	69.000000	1108.508492	825.784833	2.000000	26.430890
3.000000	38.000000	0.000000	459.000000	904.000000	73.000000	433.202352	910.238720	2.000000	28.054191
3.000000	39.000000	34.000000	295.000000	863.000000	72.000000	312.468890	872.719225	2.000000	28.902301
3.000000	40.000000	35.000000	415.000000	901.000000	73.000000	433.202352	910.238720	2.000000	29.855030
3.000000	41.000000	36.000000	620.000000	573.000000	45.000000	629.973168	565.815330	2.000000	30.662483
3.000000	42.000000	37.000000	514.000000	369.000000	24.000000	514.229544	359.011383	2.000000	31.718934
3.000000	43.000000	38.000000	538.000000	238.000000	14.000000	543.636280	244.615287	2.000000	32.102752
3.000000	44.000000	39.000000	392.000000	178.000000	3.000000	403.465109	178.813935	2.000000	32.526844
3.000000	45.000000	40.000000	238.000000	553.000000	41.000000	222.641182	555.348906	2.000000	34.150069
4.000000	1.000000	1.000000	528.000000	400.000000	24.000000	535.347473	395.634698	2.000000	2.743696
4.000000	2.000000	2.000000	439.000000	449.000000	33.000000	438.181369	455.348857	2.000000	3.472551
4.000000	3.000000	3.000000	516.000000	250.000000	14.000000	527.304621	260.039110	2.000000	4.079478
4.000000	4.000000	4.000000	208.000000	152.000000	1.000000	191.140664	160.970060	2.000000	4.807721
4.000000	5.000000	5.000000	173.000000	488.000000	31.000000	179.432697	483.452657	2.000000	5.495161
4.000000	6.000000	6.000000	216.000000	772.000000	61.000000	211.501504	760.163051	2.000000	6.368549
4.000000	7.000000	0.000000	190.000000	841.000000	71.000000	183.446634	867.520218	2.000000	6.791036
4.000000	8.000000	7.000000	193.000000	853.000000	71.000000	183.446634	867.520218	2.000000	7.200416
4.000000	9.000000	8.000000	544.000000	680.000000	54.000000	556.661398	668.662081	2.000000	8.111808
4.000000	10.000000	9.000000	514.000000	567.000000	44.000000	507.642435	554.486597	2.000000	8.670693
4.000000	11.000000	10.000000	820.000000	452.000000	37.000000	842.767843	444.955403	2.000000	9.664436
4.000000	12.000000	0.000000	770.000000	386.000000	26.000000	753.443871	366.372743	2.000000	10.318539
4.000000	13.000000	11.000000	751.000000	374.000000	26.000000	753.443871	366.372743	2.000000	11.032559
4.000000	14.000000	12.000000	885.000000	172.000000	7.000000	879.340767	171.583561	2.000000	11.480013
4.000000	15.000000	13.000000	952.000000	250.000000	18.000000	965.058032	253.218186	2.000000	11.863681
4.000000	16.000000	0.000000	1002.000000	333.000000	28.000000	984.154379	360.076238	2.000000	12.375704
4.000000	17.000000	14.000000	995.000000	347.000000	28.000000	984.154379	360.076238	2.000000	12.646596
4.000000	18.000000	15.000000	1065.000000	246.000000	19.000000	1067.932403	240.934174	2.000000	13.127529
4.000000	19.000000	16.000000	1106.000000	145.000000	9.000000	1101.365238	168.172858	2.000000	13.464175
4.000000	20.000000	17.000000	976.000000	570.000000	48.000000	981.440610	566.254809	2.000000	14.559585
4.000000	21.000000	18.000000	1068.000000	800.000000	69.000000	1070.845526	799.406197	2.000000	15.392324
4.000000	22.000000	19.000000	756.000000	822.000000	66.000000	748.796690	825.106567	2.000000	16.262381
4.000000	23.000000	20.000000	768.000000	696.000000	56.000000	759.177719	678.687784	2.000000	16.702602
4.000000	24.000000	21.000000	751.000000	612.000000	46.000000	757.303010	606.188547	1.000000	17.496009
4.000000	25.000000	22.000000	675.000000	649.000000	55.000000	667.639358	649.160554	1.000000	17.895511
4.000000	26.000000	0.000000	676.000000	742.000000	65.000000	662.312565	768.366042	1.000000	18.288458
4.000000	27.000000	23.000000	670.000000	750.000000	65.000000	662.312565	768.366042	1.000000	18.574482
4.000000	28.000000	24.000000	846.000000	772.000000	67.000000	839.953903	787.530338	1.000000	19.110445
4.000000	29.000000	25.000000	952.000000	762.000000	68.000000	953.226716	755.284552	1.000000	19.550571
4.000000	30.000000	26.000000	947.000000	715.000000	58.000000	949.174254	706.503600	1.000000	19.911949
4.000000	31.000000	27.000000	1183.000000	786.000000	70.000000	1194.154727	796.415593	1.000000	20.590636
4.000000	32.000000	28.000000	973.000000	476.000000	38.000000	963.410184	468.971360	1.000000	21.215713
4.000000	33.000000	0.000000	887.000000	400.000000	27.000000	884.650945	374.045772	1.000000	21.599719
4.000000	34.000000	29.000000	878.000000	378.000000	27.000000	884.650945	374.045772	1.000000	21.935922
4.000000	35.000000	30.000000	673.000000	537.000000	45.000000	663.891971	550.164294	1.000000	22.862671
4.000000	36.000000	31.000000	603.000000	460.000000	35.000000	618.765336	472.067558	1.000000	23.175127
4.000000	37.000000	32.000000	635.000000	328.000000	25.000000	622.265257	334.980344	1.000000	24.095970
4.000000	38.000000	33.000000	404.000000	241.000000	13.000000	425.740584	239.665002	1.000000	24.648621
4.000000	39.000000	34.000000	319.000000	162.000000	2.000000	307.930258	167.780264	1.000000	25.383741
4.000000	40.000000	0.000000	352.000000	331.000000	22.000000	330.099623	349.423279	1.000000	25.911777
4.000000	41.000000	35.000000	341.000000	347.000000	22.000000	330.099623	349.423279	1.000000	26.320618
4.000000	42.000000	0.000000	341.000000	479.000000	32.000000	329.552812	455.451584	1.000000	26.702576
4.000000	43.000000	36.000000	334.000000	450.000000	32.000000	329.552812	455.451584	1.000000	26.992017
4.000000	44.000000	37.000000	308.000000	708.000000	52.000000	295.806452	710.949073	1.000000	27.950536
4.000000	45.000000	38.000000	314.000000	835.000000	62.000000	307.678632	822.993425	1.000000	28.638576
4.000000	46.000000	0.000000	1157.000000	261.000000	20.000000	1187.243784	258.749083	1.000000	32.158984
4.000000	47.000000	39.000000	1158.000000	189.000000	10.000000	1174.221188	181.098072	1.000000	32.727722
4.000000	48.000000	40.000000	1179.000000	256.000000	20.000000	1187.243784	258.749083	1.000000	33.360313
5.000000	1.000000	1.000000	642.000000	442.000000	35.000000	634.192302	451.696356	1.000000	1.262552
5.000000	2.000000	2.000000	550.000000	554.000000	44.000000	538.280532	571.360615	1.000000	1.804529
5.000000	3.000000	3.000000	434.000000	558.000000	43.000000	424.309738	560.984650	1.000000	2.309692
5.000000	4.000000	4.000000	416.000000	455.000000	33.000000	409.298839	453.096512	1.000000	2.956797
5.000000	5.000000	5.000000	668.000000	329.000000	25.000000	668.859099	331.645036	1.000000	3.653220
5.000000	6.000000	6.000000	634.000000	161.000000	5.000000	641.222725	173.355798	1.000000	4.341347
5.000000	7.000000	7.000000	836.000000	275.000000	17.000000	838.414997	258.343562	1.000000	4.940403
5.000000	8.000000	8.000000	862.000000	387.000000	27.000000	847.194312	399.007940	1.000000	5.628451
5.000000	9.000000	9.000000	720.000000	602.000000	46.000000	728.970069	612.804315	1.000000	6.422490
5.000000	10.000000	10.000000	747.000000	719.000000	56.000000	740.111892	708.095915	1.000000	6.973564
5.000000	11.000000	11.000000	742.000000	896.000000	76.000000	744.760617	883.630460	1.000000	7.821319
5.000000	12.000000	12.000000	649.000000	914.000000	75.000000	644.255152	916.894045	1.000000	8.220876
5.000000	13.000000	0.000000	509.000000	814.000000	64.000000	542.005346	812.061625	1.000000	8.614216
5.000000	14.000000	13.000000	526.000000	814.000000	64.000000	542.005346	812.061625	1.000000	9.005248
5.000000	15.000000	14.000000	230.000000	229.000000	11.000000	212.688539	239.405580	1.000000	10.654080
5.000000	16.000000	0.000000	1160.000000	234.000000	20.000000	1188.571215	252.945935	1.000000	11.557921
5.000000	17.000000	15.000000	1191.000000	260.000000	20.000000	1188.571215	252.945935	1.000000	11.877000
5.000000	18.000000	16.000000	1223.000000	464.000000	40.000000	1213.465870	453.191648	1.000000	12.373084
5.000000	19.000000	17.000000	1079.000000	555.000000	49.000000	1075.371623	564.951981	1.000000	13.069313
5.000000	20.000000	18.000000	1099.000000	693.000000	59.000000	1104.000268	697.192478	1.000000	13.669373
5.000000	21.000000	19.000000	1071.000000	735.000000	69.000000	1062.025912	757.638925	1.000000	14.204552
5.000000	22.000000	20.000000	1215.000000	758.000000	70.000000	1204.929536	773.798631	1.000000	14.813876
5.000000	23.000000	21.000000	948.000000	605.000000	48.000000	954.692604	594.505655	2.000000	16.133746
5.000000	24.000000	22.000000	982.000000	512.000000	38.000000	986.537199	499.269563	2.000000	16.598155
5.000000	25.000000	23.000000	989.000000	360.000000	28.000000	984.827375	364.558615	2.000000	17.302194
5.000000	26.000000	24.000000	1203.000000	394.000000	30.000000	1190.367747	392.507136	2.000000	17.972684
5.000000	27.000000	25.000000	1187.000000	177.000000	10.000000	1179.969981	167.295924	2.000000	18.468871
5.000000	28.000000	26.000000	860.000000	169.000000	7.000000	855.469552	163.153273	2.000000	18.973639
5.000000	29.000000	27.000000	791.000000	229.000000	16.000000	781.735005	249.141653	2.000000	19.524461
5.000000	30.000000	28.000000	728.000000	168.000000	6.000000	728.425358	180.963963	2.000000	19.934239
5.000000	31.000000	29.000000	545.000000	138.000000	4.000000	550.933531	142.691496	2.000000	20.478325
5.000000	32.000000	30.000000	530.000000	256.000000	14.000000	529.578941	269.371046	2.000000	21.014375
5.000000	33.000000	31.000000	443.000000	272.000000	13.000000	441.904950	270.915174	2.000000	21.413000
5.000000	34.000000	32.000000	557.000000	323.000000	24.000000	551.336493	330.980186	2.000000	22.004909
5.000000	35.000000	33.000000	213.000000	455.000000	31.000000	204.517869	457.639238	2.000000	23.070285
5.000000	36.000000	34.000000	234.000000	589.000000	41.000000	220.759250	602.742155	2.000000	23.628464
5.000000	37.000000	35.000000	184.000000	869.000000	71.000000	178.493309	883.981760	2.000000	24.549518
5.000000	38.000000	36.000000	429.000000	704.000000	53.000000	437.347717	694.787419	2.000000	25.590205
5.000000	39.000000	37.000000	615.000000	786.000000	65.000000	618.144221	787.674864	2.000000	26.270274
5.000000	40.000000	38.000000	887.000000	886.000000	77.000000	876.755782	908.024674	2.000000	26.948938
5.000000	41.000000	39.000000	877.000000	778.000000	67.000000	874.574418	800.236018	2.000000	27.317205
5.000000	42.000000	40.000000	1161.000000	878.000000	80.000000	1171.949624	883.902888	2.000000	29.356500
6.000000	1.000000	1.000000	782.000000	545.000000	46.000000	760.681660	542.614056	2.000000	0.860411
6.000000	2.000000	2.000000	742.000000	393.000000	26.000000	745.423132	389.980409	2.000000	1.308440
6.000000	3.000000	3.000000	661.000000	295.000000	15.000000	643.637696	287.688736	2.000000	1.779615
6.000000	4.000000	4.000000	653.000000	137.000000	5.000000	637.553750	124.147782	2.000000	2.283612
6.000000	5.000000	5.000000	431.000000	388.000000	23.000000	415.734903	390.403631	2.000000	2.947361
6.000000	6.000000	6.000000	570.000000	455.000000	34.000000	558.349291	447.739620	2.000000	3.522806
6.000000	7.000000	7.000000	341.000000	468.000000	32.000000	326.399932	457.077843	2.000000	4.018899
6.000000	8.000000	0.000000	199.000000	295.000000	11.000000	226.991427	287.199009	2.000000	4.731351
6.000000	9.000000	8.000000	213.000000	273.000000	11.000000	226.991427	287.199009	2.000000	5.211487
6.000000	10.000000	9.000000	218.000000	170.000000	1.000000	210.195138	165.766845	2.000000	5.611690
6.000000	11.000000	10.000000	174.000000	797.000000	61.000000	191.684623	797.016235	2.000000	6.788646
6.000000	12.000000	11.000000	248.000000	913.000000	71.000000	230.898916	919.087171	2.000000	7.338802
6.000000	13.000000	12.000000	421.000000	800.000000	63.000000	426.778921	794.198948	2.000000	7.955782
6.000000	14.000000	13.000000	714.000000	893.000000	76.000000	728.256801	913.221294	2.000000	8.836468
6.000000	15.000000	14.000000	1172.000000	913.000000	80.000000	1174.376496	914.554981	2.000000	9.916906
6.000000	16.000000	15.000000	1060.000000	659.000000	59.000000	1078.988198	667.256563	2.000000	10.372799
6.000000	17.000000	16.000000	967.000000	652.000000	58.000000	950.327737	655.034451	2.000000	10.940833
6.000000	18.000000	17.000000	975.000000	463.000000	38.000000	977.186894	450.929712	2.000000	11.812725
6.000000	19.000000	18.000000	987.000000	287.000000	18.000000	986.359611	275.396331	2.000000	12.579032
6.000000	20.000000	19.000000	1070.000000	164.000000	9.000000	1061.965529	157.503748	2.000000	13.060739
6.000000	21.000000	0.000000	1188.000000	301.000000	20.000000	1187.189373	266.605199	2.000000	13.587941
6.000000	22.000000	0.000000	1188.000000	294.000000	20.000000	1187.189373	266.605199	2.000000	14.034995
6.000000	23.000000	20.000000	1191.000000	271.000000	20.000000	1187.189373	266.605199	2.000000	14.452744
6.000000	24.000000	21.000000	886.000000	544.000000	47.000000	871.373756	552.583222	1.000000	16.051707
6.000000	25.000000	0.000000	1142.000000	449.000000	39.000000	1088.993985	444.303710	1.000000	16.890973
6.000000	26.000000	22.000000	1109.000000	454.000000	39.000000	1088.993985	444.303710	1.000000	17.371703
6.000000	27.000000	23.000000	1109.000000	388.000000	29.000000	1102.212410	400.378474	1.000000	17.628698
6.000000	28.000000	24.000000	1074.000000	592.000000	49.000000	1075.566564	582.480107	1.000000	18.114949
6.000000	29.000000	25.000000	1067.000000	744.000000	69.000000	1076.937311	758.808795	1.000000	18.691706
6.000000	30.000000	26.000000	946.000000	835.000000	68.000000	947.837009	826.008120	1.000000	19.587796
6.000000	31.000000	0.000000	686.000000	826.000000	65.000000	660.972632	826.057703	1.000000	20.148297
6.000000	32.000000	27.000000	667.000000	816.000000	65.000000	660.972632	826.057703	1.000000	20.818838
6.000000	33.000000	28.000000	748.000000	753.000000	66.000000	736.013103	757.441171	1.000000	21.388279
6.000000	34.000000	29.000000	647.000000	702.000000	55.000000	638.050211	691.578944	1.000000	21.851180
6.000000	35.000000	30.000000	558.000000	703.000000	54.000000	561.779630	704.574825	1.000000	22.234987
6.000000	36.000000	31.000000	432.000000	651.000000	53.000000	444.141340	658.156227	1.000000	22.684114
6.000000	37.000000	0.000000	363.000000	669.000000	52.000000	340.856898	680.699139	1.000000	23.108267
6.000000	38.000000	32.000000	333.000000	692.000000	52.000000	340.856898	680.699139	1.000000	23.634862
6.000000	39.000000	33.000000	326.000000	780.000000	62.000000	325.347509	789.411389	1.000000	24.028973
6.000000	40.000000	34.000000	207.000000	554.000000	41.000000	203.687048	546.835310	1.000000	24.890890
6.000000	41.000000	35.000000	217.000000	367.000000	21.000000	222.960617	351.343035	1.000000	25.546982
6.000000	42.000000	36.000000	292.000000	233.000000	12.000000	294.030072	225.673926	1.000000	26.412627
6.000000	43.000000	37.000000	420.000000	274.000000	13.000000	437.480550	283.166576	1.000000	26.964806
6.000000	44.000000	38.000000	759.000000	271.000000	16.000000	744.336334	269.443212	1.000000	27.820829
6.000000	45.000000	39.000000	762.000000	185.000000	6.000000	758.823783	177.111581	1.000000	28.155617
6.000000	46.000000	40.000000	865.000000	284.000000	17.000000	858.681152	292.065701	1.000000	28.924854
7.000000	1.000000	1.000000	746.000000	432.000000	36.000000	728.751887	438.819122	1.000000	2.878624
7.000000	2.000000	2.000000	745.000000	372.000000	26.000000	761.153645	366.346869	1.000000	3.182731
7.000000	3.000000	3.000000	544.000000	563.000000	44.000000	538.605885	558.414506	1.000000	3.837920
7.000000	4.000000	4.000000	674.000000	774.000000	65.000000	655.948283	758.874235	1.000000	4.508556
7.000000	5.000000	5.000000	397.000000	704.000000	53.000000	417.039119	715.744371	1.000000	5.054673
7.000000	6.000000	6.000000	420.000000	909.000000	73.000000	418.453349	915.797567	1.000000	5.685316
7.000000	7.000000	7.000000	740.000000	913.000000	76.000000	731.101758	903.733084	1.000000	6.228785
7.000000	8.000000	8.000000	932.000000	906.000000	78.000000	950.350072	896.577885	1.000000	6.749877
7.000000	9.000000	0.000000	878.000000	801.000000	67.000000	881.663815	770.962866	1.000000	7.230227
7.000000	10.000000	9.000000	871.000000	777.000000	67.000000	881.663815	770.962866	1.000000	7.948617
7.000000	11.000000	10.000000	1182.000000	691.000000	60.000000	1185.648710	695.371607	1.000000	8.470589
7.000000	12.000000	11.000000	1223.000000	605.000000	50.000000	1218.022891	596.440234	1.000000	8.950202
7.000000	13.000000	12.000000	1083.000000	436.000000	39.000000	1067.517825	436.732299	1.000000	9.741510
7.000000	14.000000	13.000000	891.000000	286.000000	17.000000	891.584527	268.599268	1.000000	10.669047
7.000000	15.000000	14.000000	560.000000	242.000000	14.000000	543.075850	228.036765	1.000000	11.285629
7.000000	16.000000	15.000000	452.000000	177.000000	3.000000	451.788163	171.291061	1.000000	11.853707
7.000000	17.000000	16.000000	301.000000	271.000000	12.000000	309.539866	274.665158	1.000000	12.950001
7.000000	18.000000	17.000000	192.000000	266.000000	11.000000	208.453250	268.312209	1.000000	13.301345
7.000000	19.000000	0.000000	189.000000	147.000000	1.000000	188.961697	172.851285	1.000000	13.638352
7.000000	20.000000	18.000000	175.000000	182.000000	1.000000	188.961697	172.851285	1.000000	14.460347
7.000000	21.000000	19.000000	192.000000	548.000000	41.000000	189.231168	563.786173	1.000000	15.444490
7.000000	22.000000	20.000000	177.000000	437.000000	31.000000	177.728543	454.621751	1.000000	16.174176
7.000000	23.000000	21.000000	532.000000	667.000000	54.000000	532.661561	649.465842	2.000000	17.644581
7.000000	24.000000	22.000000	649.000000	684.000000	55.000000	641.288922	676.419656	3.000000	18.237646
8.000000	1.000000	1.000000	679.000000	490.000000	35.000000	669.750192	486.756188	1.000000	2.939736
8.000000	2.000000	0.000000	676.000000	518.000000	45.000000	664.836794	543.266711	1.000000	3.354498
8.000000	3.000000	2.000000	665.000000	542.000000	45.000000	664.836794	543.266711	1.000000	3.841299
8.000000	4.000000	3.000000	979.000000	472.000000	38.000000	966.120858	478.238317	1.000000	4.891443
8.000000	5.000000	4.000000	1083.000000	487.000000	39.000000	1092.985030	487.669055	1.000000	5.483420
8.000000	6.000000	5.000000	1195.000000	478.000000	40.000000	1204.750886	485.088481	1.000000	6.091477
8.000000	7.000000	6.000000	1165.000000	246.000000	20.000000	1174.473015	256.108421	1.000000	7.010186
8.000000	8.000000	0.000000	1227.000000	767.000000	70.000000	1200.970873	756.226290	1.000000	8.027549
8.000000	9.000000	7.000000	1206.000000	744.000000	70.000000	1200.970873	756.226290	1.000000	8.457586
8.000000	10.000000	8.000000	1110.000000	862.000000	79.000000	1089.604384	865.324573	1.000000	8.995176
8.000000	11.000000	9.000000	876.000000	773.000000	67.000000	875.247880	778.183121	1.000000	9.849669
8.000000	12.000000	10.000000	731.000000	787.000000	66.000000	744.965828	789.975685	1.000000	10.267566
8.000000	13.000000	11.000000	641.000000	798.000000	65.000000	621.976973	802.479580	1.000000	10.753704
8.000000	14.000000	12.000000	577.000000	866.000000	74.000000	561.350628	882.865479	1.000000	11.251285
8.000000	15.000000	13.000000	720.000000	897.000000	76.000000	733.105867	911.028457	1.000000	11.786716
8.000000	16.000000	14.000000	216.000000	770.000000	61.000000	199.265529	761.602024	1.000000	13.169876
8.000000	17.000000	15.000000	424.000000	454.000000	33.000000	415.362249	438.468555	1.000000	14.202885
8.000000	18.000000	0.000000	146.000000	454.000000	31.000000	203.975057	447.629064	1.000000	14.618797
8.000000	19.000000	16.000000	190.000000	446.000000	31.000000	203.975057	447.629064	1.000000	14.994395
8.000000	20.000000	17.000000	204.000000	244.000000	11.000000	195.464400	229.425850	1.000000	15.577857
8.000000	21.000000	18.000000	294.000000	272.000000	12.000000	308.137790	278.461751	1.000000	16.211391
8.000000	22.000000	19.000000	559.000000	284.000000	14.000000	534.909871	281.979658	1.000000	17.251362
8.000000	23.000000	20.000000	747.000000	264.000000	16.000000	755.860757	271.182559	1.000000	17.849898
8.000000	24.000000	0.000000	736.000000	335.000000	26.000000	742.436981	359.555383	2.000000	18.826295
8.000000	25.000000	21.000000	748.000000	356.000000	26.000000	742.436981	359.555383	2.000000	19.346758
8.000000	26.000000	22.000000	847.000000	334.000000	27.000000	853.807456	340.601691	2.000000	19.793742
8.000000	27.000000	23.000000	766.000000	132.000000	6.000000	758.953063	130.172649	2.000000	20.331725
8.000000	28.000000	24.000000	964.000000	262.000000	18.000000	962.882687	262.071128	2.000000	20.850602
8.000000	29.000000	25.000000	1090.000000	259.000000	19.000000	1089.168754	265.777795	2.000000	21.265540
8.000000	30.000000	26.000000	1180.000000	151.000000	10.000000	1188.137545	155.097607	2.000000	21.819549
8.000000	31.000000	27.000000	1063.000000	564.000000	49.000000	1065.277918	577.410300	2.000000	22.890122
8.000000	32.000000	28.000000	869.000000	575.000000	47.000000	863.974417	570.214464	2.000000	23.450619
8.000000	33.000000	0.000000	1128.000000	812.000000	69.000000	1107.787637	784.809170	2.000000	24.377623
8.000000	34.000000	29.000000	1121.000000	802.000000	69.000000	1107.787637	784.809170	2.000000	24.706286
8.000000	35.000000	30.000000	1009.000000	900.000000	78.000000	991.921037	895.449923	2.000000	25.249752
8.000000	36.000000	31.000000	676.000000	881.000000	75.000000	658.784206	882.893036	2.000000	26.145551
8.000000	37.000000	32.000000	424.000000	884.000000	73.000000	438.315833	892.949920	2.000000	26.850025
8.000000	38.000000	33.000000	416.000000	815.000000	63.000000	420.610929	816.182142	2.000000	27.697566
8.000000	39.000000	0.000000	251.000000	819.000000	62.000000	300.620351	817.828088	2.000000	28.042318
8.000000	40.000000	34.000000	200.000000	700.000000	51.000000	187.425390	707.707605	2.000000	28.842675
8.000000	41.000000	35.000000	288.000000	802.000000	62.000000	300.620351	817.828088	2.000000	29.555487
8.000000	42.000000	36.000000	330.000000	736.000000	52.000000	339.136380	718.516976	2.000000	30.115240
8.000000	43.000000	37.000000	576.000000	671.000000	54.000000	558.859288	674.590247	2.000000	30.601761
8.000000	44.000000	38.000000	552.000000	370.000000	24.000000	544.806762	365.223063	2.000000	31.715336
8.000000	45.000000	39.000000	216.000000	138.000000	1.000000	215.598942	125.652389	2.000000	32.867244
8.000000	46.000000	40.000000	309.000000	179.000000	2.000000	325.265037	177.653105	2.000000	33.323164
9.000000	1.000000	1.000000	778.000000	676.000000	56.000000	775.890734	653.622590	1.000000	1.162944
9.000000	2.000000	0.000000	682.000000	689.000000	55.000000	645.568012	681.957193	1.000000	1.522900
9.000000	3.000000	0.000000	617.000000	676.000000	55.000000	645.568012	681.957193	1.000000	2.187503
9.000000	4.000000	2.000000	651.000000	679.000000	55.000000	645.568012	681.957193	1.000000	2.691597
9.000000	5.000000	3.000000	429.000000	782.000000	63.000000	445.273017	784.798573	1.000000	3.387877
9.000000	6.000000	4.000000	206.000000	917.000000	71.000000	189.049368	931.903180	1.000000	4.404459
9.000000	7.000000	5.000000	639.000000	907.000000	75.000000	658.202143	906.172838	1.000000	5.156067
9.000000	8.000000	6.000000	967.000000	697.000000	58.000000	965.388315	681.960180	1.000000	5.995182
9.000000	9.000000	7.000000	1000.000000	582.000000	48.000000	991.883228	585.855990	1.000000	6.651789
9.000000	10.000000	8.000000	1068.000000	501.000000	39.000000	1070.491777	502.664233	1.000000	7.034653
9.000000	11.000000	9.000000	1168.000000	482.000000	40.000000	1180.119842	483.167359	1.000000	7.356699
9.000000	12.000000	10.000000	1093.000000	810.000000	69.000000	1086.843711	812.937643	1.000000	8.123339
9.000000	13.000000	11.000000	1216.000000	881.000000	80.000000	1195.026018	891.957045	1.000000	8.555827
9.000000	14.000000	0.000000	1190.000000	230.000000	20.000000	1205.616482	277.120841	1.000000	9.708698
9.000000	15.000000	12.000000	1201.000000	272.000000	20.000000	1205.616482	277.120841	1.000000	10.195788
9.000000	16.000000	13.000000	1221.000000	135.000000	10.000000	1203.237201	125.374578	1.000000	10.651750
9.000000	17.000000	0.000000	978.000000	262.000000	18.000000	953.508866	269.008881	1.000000	11.299398
9.000000	18.000000	14.000000	962.000000	264.000000	18.000000	953.508866	269.008881	1.000000	11.963736
9.000000	19.000000	0.000000	650.000000	246.000000	15.000000	623.741296	239.923660	1.000000	12.571160
9.000000	20.000000	15.000000	636.000000	239.000000	15.000000	623.741296	239.923660	1.000000	13.259213
9.000000	21.000000	16.000000	415.000000	240.000000	13.000000	425.596368	237.855687	1.000000	13.755692
9.000000	22.000000	17.000000	343.000000	147.000000	2.000000	330.421954	140.700856	1.000000	14.275402
9.000000	23.000000	18.000000	500.000000	379.000000	24.000000	508.586989	389.295913	1.000000	14.898660
9.000000	24.000000	19.000000	310.000000	596.000000	42.000000	298.215500	599.578572	1.000000	15.635480
9.000000	25.000000	20.000000	181.000000	597.000000	41.000000	183.461045	600.973121	1.000000	16.035352
9.000000	26.000000	21.000000	536.000000	824.000000	64.000000	540.361562	810.034488	2.000000	17.564599
9.000000	27.000000	0.000000	349.000000	832.000000	62.000000	332.666702	805.293220	2.000000	18.211442
9.000000	28.000000	22.000000	323.000000	812.000000	62.000000	332.666702	805.293220	2.000000	18.772838
9.000000	29.000000	23.000000	237.000000	807.000000	61.000000	214.570880	802.792450	2.000000	19.250637
9.000000	30.000000	24.000000	293.000000	718.000000	52.000000	288.394130	712.605207	2.000000	19.867468
9.000000	31.000000	25.000000	247.000000	515.000000	31.000000	228.650932	499.009822	2.000000	20.716538
9.000000	32.000000	26.000000	214.000000	366.000000	21.000000	215.476559	360.346462	2.000000	21.236129
9.000000	33.000000	27.000000	406.000000	442.000000	33.000000	398.192966	438.320214	2.000000	22.475163
9.000000	34.000000	28.000000	510.000000	465.000000	34.000000	512.768935	457.993854	2.000000	22.978681
9.000000	35.000000	29.000000	634.000000	570.000000	45.000000	640.962618	579.630674	2.000000	23.523741
9.000000	36.000000	30.000000	660.000000	495.000000	35.000000	664.395176	496.004933	2.000000	23.931040
9.000000	37.000000	31.000000	748.000000	372.000000	26.000000	746.224367	378.167033	2.000000	24.732203
9.000000	38.000000	32.000000	742.000000	232.000000	16.000000	742.044105	249.697101	2.000000	25.515318
9.000000	39.000000	33.000000	776.000000	178.000000	6.000000	772.657868	167.481863	2.000000	26.060216
9.000000	40.000000	34.000000	870.000000	129.000000	7.000000	854.753842	137.251194	2.000000	26.491710
9.000000	41.000000	35.000000	546.000000	230.000000	14.000000	558.551499	237.734844	2.000000	27.228090
9.000000	42.000000	36.000000	446.000000	165.000000	3.000000	439.669872	171.571959	2.000000	27.820467
9.000000	43.000000	37.000000	972.000000	336.000000	28.000000	978.371420	345.802873	2.000000	28.867919
9.000000	44.000000	38.000000	1069.000000	886.000000	79.000000	1061.399035	898.422047	2.000000	30.300834
9.000000	45.000000	39.000000	875.000000	931.000000	77.000000	879.550636	925.066396	2.000000	30.946974
9.000000	46.000000	40.000000	848.000000	797.000000	67.000000	841.008481	794.571976	2.000000	31.571304
10.000000	1.000000	1.000000	655.000000	562.000000	45.000000	646.889174	558.442973	1.000000	1.229809
10.000000	2.000000	2.000000	736.000000	470.000000	36.000000	738.270284	450.808711	1.000000	1.725311
10.000000	3.000000	3.000000	851.000000	590.000000	47.000000	850.403019	578.842298	1.000000	2.198315
10.000000	4.000000	4.000000	674.000000	360.000000	25.000000	659.256795	377.588065	1.000000	2.677926
10.000000	5.000000	5.000000	729.000000	292.000000	16.000000	729.113797	276.210734	1.000000	3.148992
10.000000	6.000000	6.000000	865.000000	237.000000	17.000000	875.114585	237.016548	1.000000	3.974121
10.000000	7.000000	7.000000	965.000000	385.000000	28.000000	976.349313	387.371965	1.000000	4.686572
10.000000	8.000000	8.000000	990.000000	540.000000	48.000000	985.771636	544.680337	1.000000	5.286385
10.000000	9.000000	9.000000	766.000000	696.000000	56.000000	754.929617	706.810295	1.000000	6.341940
10.000000	10.000000	10.000000	304.000000	776.000000	62.000000	312.749771	794.806944	1.000000	8.334014
10.000000	11.000000	11.000000	226.000000	573.000000	41.000000	216.790964	578.967926	1.000000	9.054879
10.000000	12.000000	12.000000	241.000000	391.000000	21.000000	231.826327	381.935736	1.000000	9.494194
10.000000	13.000000	13.000000	193.000000	152.000000	1.000000	191.631242	168.679203	1.000000	10.373057
10.000000	14.000000	14.000000	307.000000	163.000000	2.000000	298.384599	160.146061	1.000000	10.782816
10.000000	15.000000	15.000000	1217.000000	259.000000	20.000000	1216.584119	271.919298	1.000000	12.206806
10.000000	16.000000	16.000000	1228.000000	117.000000	10.000000	1222.409799	120.277848	1.000000	12.677175
10.000000	17.000000	17.000000	1215.000000	349.000000	30.000000	1209.416939	361.436129	1.000000	13.214480
10.000000	18.000000	18.000000	1210.000000	462.000000	40.000000	1192.313963	462.615773	1.000000	13.654157
10.000000	19.000000	19.000000	1185.000000	685.000000	60.000000	1177.306560	675.597625	1.000000	14.422340
10.000000	20.000000	20.000000	1198.000000	881.000000	80.000000	1197.731180	869.147704	1.000000	15.118071
10.000000	21.000000	21.000000	978.000000	902.000000	78.000000	975.529201	901.845739	2.000000	16.678265
10.000000	22.000000	22.000000	1186.000000	761.000000	70.000000	1199.982329	756.550125	2.000000	17.341440
10.000000	23.000000	23.000000	1077.000000	485.000000	39.000000	1070.976139	495.862678	2.000000	17.957839
10.000000	24.000000	24.000000	982.000000	450.000000	38.000000	964.967342	456.593632	2.000000	18.301394
10.000000	25.000000	0.000000	893.000000	466.000000	37.000000	854.057355	465.332550	2.000000	18.638948
10.000000	26.000000	0.000000	885.000000	468.000000	37.000000	854.057355	465.332550	2.000000	19.166152
10.000000	27.000000	25.000000	873.000000	468.000000	37.000000	854.057355	465.332550	2.000000	19.461920
10.000000	28.000000	26.000000	770.000000	358.000000	26.000000	779.431896	341.042633	2.000000	19.990509
10.000000	29.000000	27.000000	964.000000	300.000000	18.000000	967.902097	294.525616	2.000000	20.604927
10.000000	30.000000	0.000000	1066.000000	178.000000	9.000000	1097.733225	173.088177	2.000000	20.982103
10.000000	31.000000	28.000000	1099.000000	178.000000	9.000000	1097.733225	173.088177	2.000000	21.406444
10.000000	32.000000	29.000000	639.000000	189.000000	5.000000	620.213915	180.639387	2.000000	22.350748
10.000000	33.000000	30.000000	552.000000	326.000000	24.000000	534.679526	336.439120	2.000000	23.062499
10.000000	34.000000	31.000000	539.000000	485.000000	34.000000	538.306702	477.232034	2.000000	23.685513
10.000000	35.000000	32.000000	510.000000	603.000000	44.000000	512.767309	606.927534	2.000000	24.110452
10.000000	36.000000	33.000000	566.000000	893.000000	74.000000	555.487154	885.905582	2.000000	24.982238
10.000000	37.000000	34.000000	432.000000	931.000000	73.000000	428.878352	925.421815	2.000000	25.535100
10.000000	38.000000	0.000000	359.000000	734.000000	52.000000	340.198930	716.911470	2.000000	26.102464
10.000000	39.000000	35.000000	338.000000	725.000000	52.000000	340.198930	716.911470	2.000000	26.390828
10.000000	40.000000	36.000000	223.000000	769.000000	61.000000	207.866908	763.834958	2.000000	26.917147
10.000000	41.000000	37.000000	243.000000	921.000000	71.000000	231.565710	922.897443	2.000000	27.446446
10.000000	42.000000	38.000000	218.000000	501.000000	31.000000	217.539929	499.819509	2.000000	28.245628
10.000000	43.000000	39.000000	293.000000	396.000000	22.000000	293.449651	397.773157	2.000000	28.685247
10.000000	44.000000	40.000000	308.000000	233.000000	12.000000	302.344217	227.418836	2.000000	29.630206
11.000000	1.000000	1.000000	774.000000	456.000000	36.000000	767.344561	448.246381	1.000000	1.437927
11.000000	2.000000	2.000000	553.000000	377.000000	24.000000	543.829836	379.539185	1.000000	2.126243
11.000000	3.000000	3.000000	544.000000	559.000000	44.000000	524.931858	551.964887	1.000000	2.582777
11.000000	4.000000	0.000000	538.000000	657.000000	54.000000	512.877075	651.167127	1.000000	2.950787
11.000000	5.000000	4.000000	454.000000	784.000000	63.000000	437.261863	777.599024	1.000000	3.598800
11.000000	6.000000	5.000000	512.000000	639.000000	54.000000	512.877075	651.167127	1.000000	4.093506
11.000000	7.000000	6.000000	622.000000	824.000000	65.000000	633.337997	817.334922	1.000000	4.694895
11.000000	8.000000	0.000000	197.000000	743.000000	51.000000	181.763751	719.771506	1.000000	5.580729
11.000000	9.000000	7.000000	194.000000	709.000000	51.000000	181.763751	719.771506	1.000000	6.342755
11.000000	10.000000	8.000000	216.000000	489.000000	31.000000	205.216538	481.210355	1.000000	6.910498
11.000000	11.000000	9.000000	433.000000	267.000000	13.000000	442.755590	263.002156	1.000000	7.965080
11.000000	12.000000	0.000000	384.000000	120.000000	3.000000	400.158205	150.373519	1.000000	8.311063
11.000000	13.000000	10.000000	391.000000	129.000000	3.000000	400.158205	150.373519	1.000000	8.606311
11.000000	14.000000	11.000000	564.000000	145.000000	4.000000	548.695089	140.178002	1.000000	9.173032
11.000000	15.000000	12.000000	791.000000	165.000000	6.000000	766.745374	162.661928	1.000000	10.133377
11.000000	16.000000	13.000000	761.000000	255.000000	16.000000	761.055424	261.851965	1.000000	10.798873
11.000000	17.000000	14.000000	1099.000000	145.000000	9.000000	1103.612334	145.517980	1.000000	12.230855
11.000000	18.000000	15.000000	1009.000000	401.000000	28.000000	993.837110	397.251337	1.000000	12.845333
11.000000	19.000000	0.000000	1103.000000	515.000000	39.000000	1082.800844	497.717218	1.000000	13.750492
11.000000	20.000000	16.000000	1102.000000	508.000000	39.000000	1082.800844	497.717218	1.000000	14.166849
11.000000	21.000000	17.000000	1184.000000	443.000000	40.000000	1188.660904	443.748575	1.000000	14.757619
11.000000	22.000000	18.000000	976.000000	678.000000	58.000000	958.117487	676.623545	1.000000	15.590304
11.000000	23.000000	19.000000	878.000000	752.000000	67.000000	878.149102	768.354912	1.000000	16.189802
11.000000	24.000000	20.000000	1227.000000	821.000000	70.000000	1219.241454	825.806882	1.000000	17.076618
11.000000	25.000000	21.000000	754.000000	912.000000	76.000000	739.854133	916.757809	2.000000	18.462363
11.000000	26.000000	22.000000	863.000000	904.000000	77.000000	873.745365	901.316165	2.000000	18.868917
11.000000	27.000000	23.000000	1085.000000	902.000000	79.000000	1090.094289	904.164024	2.000000	19.614764
11.000000	28.000000	24.000000	1077.000000	787.000000	69.000000	1076.257130	768.011764	2.000000	20.238995
11.000000	29.000000	25.000000	1063.000000	670.000000	59.000000	1059.261675	657.539831	2.000000	20.702520
11.000000	30.000000	0.000000	1129.000000	550.000000	49.000000	1111.581088	578.541443	2.000000	21.484832
11.000000	31.000000	26.000000	1124.000000	580.000000	49.000000	1111.581088	578.541443	2.000000	21.917841
11.000000	32.000000	27.000000	1229.000000	693.000000	60.000000	1218.824250	698.373602	2.000000	22.653936
11.000000	33.000000	28.000000	958.000000	584.000000	48.000000	960.545771	592.044392	2.000000	23.254223
11.000000	34.000000	29.000000	863.000000	668.000000	57.000000	868.279063	681.525808	2.000000	23.917486
11.000000	35.000000	30.000000	876.000000	531.000000	47.000000	878.449277	546.200348	2.000000	24.365003
11.000000	36.000000	31.000000	882.000000	481.000000	37.000000	881.082366	479.986994	2.000000	24.685515
11.000000	37.000000	32.000000	898.000000	327.000000	27.000000	883.218008	330.340921	2.000000	25.678028
11.000000	38.000000	33.000000	638.000000	179.000000	5.000000	637.951550	171.158328	2.000000	26.903038
11.000000	39.000000	34.000000	644.000000	271.000000	15.000000	633.883452	269.665868	2.000000	27.414141
11.000000	40.000000	35.000000	553.000000	421.000000	34.000000	542.980577	437.742980	2.000000	28.109639
11.000000	41.000000	36.000000	322.000000	808.000000	62.000000	320.815103	799.235600	2.000000	29.430407
11.000000	42.000000	37.000000	307.000000	542.000000	42.000000	296.235851	544.080750	2.000000	29.934040
11.000000	43.000000	0.000000	262.000000	455.000000	32.000000	287.884368	438.639543	2.000000	30.222821
11.000000	44.000000	0.000000	250.000000	421.000000	32.000000	287.884368	438.639543	2.000000	30.540969
11.000000	45.000000	38.000000	221.000000	384.000000	21.000000	216.062027	383.774643	2.000000	30.798500
11.000000	46.000000	39.000000	282.000000	434.000000	32.000000	287.884368	438.639543	2.000000	31.341785
11.000000	47.000000	40.000000	196.000000	164.000000	1.000000	195.866401	174.672300	2.000000	32.373801
12.000000	1.000000	1.000000	411.000000	180.000000	3.000000	421.645379	161.302578	1.000000	1.488628
12.000000	2.000000	2.000000	354.000000	229.000000	12.000000	335.724638	245.602514	1.000000	2.008537
12.000000	3.000000	3.000000	226.000000	348.000000	21.000000	231.031144	351.760826	1.000000	2.552484
12.000000	4.000000	4.000000	564.000000	137.000000	4.000000	552.366274	145.512904	1.000000	3.072817
12.000000	5.000000	5.000000	752.000000	132.000000	6.000000	752.392295	133.256116	1.000000	3.607186
12.000000	6.000000	6.000000	893.000000	246.000000	17.000000	883.571180	257.784560	1.000000	4.102820
12.000000	7.000000	7.000000	1204.000000	383.000000	30.000000	1215.323801	377.677785	1.000000	5.056216
12.000000	8.000000	8.000000	1223.000000	552.000000	50.000000	1222.291134	546.982458	1.000000	5.630712
12.000000	9.000000	9.000000	1004.000000	689.000000	58.000000	980.281384	692.998156	1.000000	6.232654
12.000000	10.000000	10.000000	1079.000000	559.000000	49.000000	1077.376797	547.091620	1.000000	6.774961
12.000000	11.000000	11.000000	1155.000000	916.000000	80.000000	1172.547707	914.912364	1.000000	7.551368
12.000000	12.000000	0.000000	1199.000000	737.000000	70.000000	1213.535545	761.779022	1.000000	8.007039
12.000000	13.000000	12.000000	1214.000000	750.000000	70.000000	1213.535545	761.779022	1.000000	8.471564
12.000000	14.000000	13.000000	770.000000	773.000000	66.000000	753.542812	791.206377	1.000000	9.222812
12.000000	15.000000	14.000000	544.000000	673.000000	54.000000	541.964516	660.204148	1.000000	9.847197
12.000000	16.000000	15.000000	580.000000	590.000000	44.000000	561.209048	581.148929	1.000000	10.152616
12.000000	17.000000	16.000000	538.000000	495.000000	34.000000	541.891704	490.864616	1.000000	10.535640
12.000000	18.000000	17.000000	416.000000	747.000000	63.000000	409.597208	756.105331	1.000000	11.136422
12.000000	19.000000	18.000000	345.000000	904.000000	72.000000	325.681190	911.317265	1.000000	11.719969
12.000000	20.000000	19.000000	242.000000	916.000000	71.000000	231.388514	924.372038	1.000000	12.112672
12.000000	21.000000	20.000000	309.000000	680.000000	52.000000	306.339685	664.146327	1.000000	12.807623
12.000000	22.000000	21.000000	406.000000	598.000000	43.000000	411.447563	583.148991	2.000000	14.471061
12.000000	23.000000	22.000000	304.000000	784.000000	62.000000	317.952313	790.272996	2.000000	15.590913
12.000000	24.000000	23.000000	629.000000	703.000000	55.000000	625.903086	691.248572	2.000000	16.311752
12.000000	25.000000	0.000000	666.000000	581.000000	45.000000	655.147891	608.009990	2.000000	16.584719
12.000000	26.000000	24.000000	654.000000	607.000000	45.000000	655.147891	608.009990	2.000000	17.215966
12.000000	27.000000	25.000000	628.000000	435.000000	35.000000	619.669659	442.950983	2.000000	17.639423
12.000000	28.000000	26.000000	636.000000	388.000000	25.000000	632.684393	373.441068	2.000000	17.992740
12.000000	29.000000	27.000000	579.000000	373.000000	24.000000	560.788529	371.271899	2.000000	18.352403
12.000000	30.000000	28.000000	432.000000	269.000000	13.000000	428.607525	276.407866	2.000000	19.391396
12.000000	31.000000	29.000000	334.000000	127.000000	2.000000	312.881381	121.956962	2.000000	19.838871
12.000000	32.000000	30.000000	562.000000	244.000000	14.000000	560.597185	253.085320	2.000000	21.479319
12.000000	33.000000	31.000000	665.000000	244.000000	15.000000	662.779134	229.746375	2.000000	22.447477
12.000000	34.000000	32.000000	764.000000	233.000000	16.000000	774.047686	227.289396	2.000000	22.912451
12.000000	35.000000	33.000000	853.000000	138.000000	7.000000	863.187305	134.490321	2.000000	23.703004
12.000000	36.000000	34.000000	989.000000	181.000000	8.000000	995.175076	184.972730	2.000000	24.224319
12.000000	37.000000	35.000000	952.000000	462.000000	38.000000	956.996998	480.757217	2.000000	25.054922
12.000000	38.000000	0.000000	737.000000	475.000000	36.000000	769.804613	475.110810	2.000000	25.559139
12.000000	39.000000	36.000000	777.000000	477.000000	36.000000	769.804613	475.110810	2.000000	26.056345
12.000000	40.000000	37.000000	858.000000	534.000000	47.000000	865.631356	555.414636	2.000000	26.599561
12.000000	41.000000	38.000000	844.000000	711.000000	57.000000	857.976559	710.448115	2.000000	27.583709
12.000000	42.000000	39.000000	992.000000	878.000000	78.000000	974.810515	882.662181	2.000000	28.310945
12.000000	43.000000	40.000000	1083.000000	819.000000	69.000000	1083.987952	813.878348	2.000000	29.064591
13.000000	1.000000	1.000000	784.000000	687.000000	56.000000	781.134231	707.164372	2.000000	1.868900
13.000000	2.000000	2.000000	782.000000	762.000000	66.000000	778.457045	770.918515	2.000000	2.412908
13.000000	3.000000	3.000000	637.000000	787.000000	65.000000	625.179367	796.039309	2.000000	3.123932
13.000000	4.000000	4.000000	880.000000	803.000000	67.000000	879.191649	809.843317	2.000000	3.581069
13.000000	5.000000	5.000000	1050.000000	806.000000	69.000000	1061.418337	798.441057	2.000000	4.229732
13.000000	6.000000	6.000000	1059.000000	904.000000	79.000000	1076.324516	908.855880	2.000000	4.732476
13.000000	7.000000	7.000000	969.000000	490.000000	38.000000	983.046146	503.132627	2.000000	5.820382
13.000000	8.000000	0.000000	909.000000	528.000000	47.000000	883.709236	543.903237	2.000000	6.196587
13.000000	9.000000	8.000000	885.000000	535.000000	47.000000	883.709236	543.903237	2.000000	7.156415
13.000000	10.000000	9.000000	1187.000000	378.000000	30.000000	1206.035649	382.160752	2.000000	8.108045
13.000000	11.000000	10.000000	1099.000000	235.000000	19.000000	1077.665642	242.509895	2.000000	8.565298
13.000000	12.000000	11.000000	1202.000000	149.000000	10.000000	1197.916932	144.446779	2.000000	9.420497
13.000000	13.000000	12.000000	971.000000	185.000000	8.000000	963.213024	171.967425	2.000000	10.036970
13.000000	14.000000	13.000000	882.000000	233.000000	17.000000	869.039855	235.443290	2.000000	10.339835
13.000000	15.000000	14.000000	355.000000	480.000000	32.000000	330.559526	483.708953	2.000000	11.892021
13.000000	16.000000	15.000000	430.000000	660.000000	53.000000	430.135433	650.364993	2.000000	12.348692
13.000000	17.000000	16.000000	209.000000	655.000000	51.000000	226.366633	665.054531	2.000000	12.917667
13.000000	18.000000	17.000000	216.000000	819.000000	61.000000	214.873592	818.561350	2.000000	13.765720
13.000000	19.000000	18.000000	244.000000	905.000000	71.000000	232.481755	889.326045	2.000000	14.300912
13.000000	20.000000	19.000000	294.000000	901.000000	72.000000	313.429010	897.379431	2.000000	15.052286
13.000000	21.000000	20.000000	214.000000	150.000000	1.000000	215.247801	146.215926	2.000000	16.460736
13.000000	22.000000	21.000000	193.000000	275.000000	11.000000	192.715640	282.381990	1.000000	18.067763
13.000000	23.000000	22.000000	218.000000	394.000000	21.000000	217.073458	385.736913	1.000000	18.629306
13.000000	24.000000	23.000000	209.000000	491.000000	31.000000	197.859358	489.711094	1.000000	19.285096
13.000000	25.000000	24.000000	328.000000	594.000000	42.000000	316.700817	601.637212	1.000000	20.029323
13.000000	26.000000	25.000000	302.000000	753.000000	62.000000	292.359574	760.251678	1.000000	20.547870
13.000000	27.000000	26.000000	413.000000	916.000000	73.000000	402.834607	895.486889	1.000000	21.445646
13.000000	28.000000	27.000000	545.000000	685.000000	54.000000	538.491858	686.132002	1.000000	22.093012
13.000000	29.000000	28.000000	617.000000	894.000000	75.000000	627.273603	905.446488	1.000000	22.756174
13.000000	30.000000	29.000000	849.000000	647.000000	57.000000	856.952725	658.004435	1.000000	23.413703
13.000000	31.000000	30.000000	1197.000000	642.000000	60.000000	1211.759713	661.297530	1.000000	24.364536
13.000000	32.000000	0.000000	1102.000000	598.000000	49.000000	1071.747859	584.801701	1.000000	24.731711
13.000000	33.000000	31.000000	1085.000000	595.000000	49.000000	1071.747859	584.801701	1.000000	25.444705
13.000000	34.000000	32.000000	1221.000000	470.000000	40.000000	1216.673716	461.289530	1.000000	25.989197
13.000000	35.000000	33.000000	762.000000	434.000000	36.000000	752.017309	456.344472	1.000000	27.125593
13.000000	36.000000	34.000000	752.000000	361.000000	26.000000	757.641434	380.951146	1.000000	27.421419
13.000000	37.000000	35.000000	550.000000	421.000000	34.000000	537.539951	440.351116	1.000000	28.107593
13.000000	38.000000	36.000000	516.000000	247.000000	14.000000	517.647095	235.024925	1.000000	28.628472
13.000000	39.000000	37.000000	647.000000	242.000000	15.000000	637.834723	232.294094	1.000000	29.052483
13.000000	40.000000	38.000000	614.000000	154.000000	5.000000	619.587170	159.592202	1.000000	29.340909
13.000000	41.000000	39.000000	760.000000	162.000000	6.000000	759.414047	165.501964	1.000000	29.853133
13.000000	42.000000	40.000000	752.000000	274.000000	16.000000	746.399007	266.893616	1.000000	30.277115
14.000000	1.000000	1.000000	613.000000	572.000000	45.000000	622.400871	568.504236	1.000000	2.196386
14.000000	2.000000	2.000000	674.000000	666.000000	55.000000	664.655293	666.954476	1.000000	2.668596
14.000000	3.000000	3.000000	879.000000	654.000000	57.000000	855.860780	651.793958	1.000000	3.134269
14.000000	4.000000	4.000000	863.000000	575.000000	47.000000	858.143899	558.584678	1.000000	3.446425
14.000000	5.000000	5.000000	848.000000	460.000000	37.000000	846.881054	463.496202	1.000000	3.701952
14.000000	6.000000	6.000000	1082.000000	540.000000	49.000000	1097.912802	555.203380	1.000000	4.260612
14.000000	7.000000	7.000000	994.000000	700.000000	58.000000	978.082553	718.536109	1.000000	4.780197
14.000000	8.000000	8.000000	1001.000000	833.000000	68.000000	993.564912	817.424959	1.000000	5.068532
14.000000	9.000000	9.000000	536.000000	865.000000	74.000000	521.623024	879.005766	1.000000	5.916283
14.000000	10.000000	0.000000	233.000000	891.000000	71.000000	202.430665	902.014762	1.000000	6.605478
14.000000	11.000000	10.000000	348.000000	618.000000	42.000000	336.995315	601.462194	1.000000	7.268567
14.000000	12.000000	0.000000	247.000000	658.000000	51.000000	213.572209	687.182482	1.000000	7.916373
14.000000	13.000000	11.000000	220.000000	672.000000	51.000000	213.572209	687.182482	1.000000	8.157942
14.000000	14.000000	12.000000	213.000000	890.000000	71.000000	202.430665	902.014762	1.000000	8.780571
14.000000	15.000000	13.000000	350.000000	452.000000	32.000000	339.899357	458.676258	1.000000	9.508509
14.000000	16.000000	14.000000	444.000000	348.000000	23.000000	446.082870	343.756489	1.000000	10.133630
14.000000	17.000000	15.000000	195.000000	258.000000	11.000000	187.930453	266.380343	1.000000	11.180022
14.000000	18.000000	16.000000	845.000000	178.000000	7.000000	845.704187	175.794295	1.000000	12.333107
14.000000	19.000000	17.000000	961.000000	126.000000	8.000000	961.386009	125.662154	1.000000	12.741029
14.000000	20.000000	18.000000	1121.000000	263.000000	19.000000	1109.672306	271.477159	1.000000	13.852300
14.000000	21.000000	19.000000	1193.000000	284.000000	20.000000	1176.756352	289.258129	1.000000	14.317423
14.000000	22.000000	20.000000	987.000000	329.000000	28.000000	976.018597	350.402282	2.000000	15.318190
14.000000	23.000000	21.000000	851.000000	352.000000	27.000000	842.221512	353.507627	2.000000	15.837224
14.000000	24.000000	22.000000	859.000000	245.000000	17.000000	839.584012	241.830336	2.000000	16.189313
14.000000	25.000000	23.000000	1059.000000	147.000000	9.000000	1063.078871	140.099587	2.000000	16.693612
14.000000	26.000000	24.000000	1192.000000	143.000000	10.000000	1176.672629	142.904311	2.000000	17.189892
14.000000	27.000000	25.000000	1192.000000	667.000000	60.000000	1194.672603	675.322268	2.000000	18.294162
14.000000	28.000000	0.000000	1128.000000	891.000000	79.000000	1099.652327	895.914856	2.000000	19.262254
14.000000	29.000000	26.000000	1106.000000	890.000000	79.000000	1099.652327	895.914856	2.000000	19.940984
14.000000	30.000000	27.000000	650.000000	861.000000	75.000000	631.319534	861.763226	2.000000	20.973024
14.000000	31.000000	28.000000	433.000000	906.000000	73.000000	427.138836	920.217356	2.000000	21.676182
14.000000	32.000000	0.000000	322.000000	869.000000	72.000000	296.728710	867.762918	2.000000	22.164831
14.000000	33.000000	29.000000	344.000000	668.000000	52.000000	340.854599	654.607652	2.000000	22.780248
14.000000	34.000000	30.000000	286.000000	872.000000	72.000000	296.728710	867.762918	2.000000	23.517199
14.000000	35.000000	31.000000	190.000000	553.000000	41.000000	198.178461	548.612182	2.000000	24.318195
14.000000	36.000000	32.000000	237.000000	410.000000	21.000000	228.438660	398.326217	2.000000	24.838101
14.000000	37.000000	33.000000	423.000000	140.000000	3.000000	422.728118	132.450178	2.000000	26.070251
14.000000	38.000000	34.000000	425.000000	263.000000	13.000000	426.222412	281.351568	2.000000	26.629229
14.000000	39.000000	35.000000	549.000000	178.000000	4.000000	532.222729	187.727650	2.000000	27.084312
14.000000	40.000000	36.000000	624.000000	218.000000	15.000000	639.003130	231.892835	2.000000	27.557118
14.000000	41.000000	37.000000	643.000000	176.000000	5.000000	651.484304	175.205010	2.000000	27.909936
14.000000	42.000000	38.000000	725.000000	324.000000	26.000000	732.684058	331.080514	2.000000	28.580140
14.000000	43.000000	39.000000	780.000000	529.000000	46.000000	777.798154	553.149946	2.000000	29.276127
14.000000	44.000000	40.000000	1205.000000	449.000000	40.000000	1206.624417	473.549072	1.000000	33.812635
15.000000	1.000000	1.000000	758.000000	616.000000	46.000000	759.767840	608.361373	2.000000	1.136609
15.000000	2.000000	2.000000	730.000000	671.000000	56.000000	733.989455	672.283865	2.000000	1.433042
15.000000	3.000000	3.000000	988.000000	670.000000	58.000000	967.360676	675.741175	2.000000	1.953161
15.000000	4.000000	0.000000	990.000000	478.000000	38.000000	989.498436	451.418186	2.000000	2.471679
15.000000	5.000000	4.000000	956.000000	372.000000	28.000000	948.604969	375.338290	2.000000	2.928318
15.000000	6.000000	5.000000	987.000000	437.000000	38.000000	989.498436	451.418186	2.000000	3.280010
15.000000	7.000000	0.000000	1031.000000	150.000000	8.000000	996.091965	177.648033	2.000000	3.895202
15.000000	8.000000	6.000000	1014.000000	161.000000	8.000000	996.091965	177.648033	2.000000	4.312065
15.000000	9.000000	7.000000	1164.000000	205.000000	20.000000	1174.254979	226.051147	2.000000	5.032994
15.000000	10.000000	8.000000	1194.000000	397.000000	30.000000	1194.406272	385.598117	2.000000	5.664768
15.000000	11.000000	9.000000	1198.000000	541.000000	50.000000	1185.114492	546.725835	2.000000	6.175356
15.000000	12.000000	10.000000	622.000000	811.000000	65.000000	640.226084	815.831839	2.000000	7.518931
15.000000	13.000000	0.000000	564.000000	855.000000	74.000000	538.583198	862.692323	2.000000	7.984263
15.000000	14.000000	11.000000	430.000000	785.000000	63.000000	438.512329	793.256649	2.000000	8.439325
15.000000	15.000000	12.000000	521.000000	851.000000	74.000000	538.583198	862.692323	2.000000	9.048044
15.000000	16.000000	13.000000	303.000000	868.000000	72.000000	309.979874	884.711798	2.000000	9.711544
15.000000	17.000000	14.000000	203.000000	683.000000	51.000000	184.560956	692.052948	2.000000	10.240806
15.000000	18.000000	15.000000	210.000000	555.000000	41.000000	208.026045	558.631461	2.000000	10.656025
15.000000	19.000000	16.000000	188.000000	483.000000	31.000000	182.969064	473.334537	2.000000	10.992996
15.000000	20.000000	17.000000	324.000000	499.000000	32.000000	323.835926	505.227538	2.000000	11.553065
15.000000	21.000000	18.000000	454.000000	577.000000	43.000000	439.159433	587.031213	2.000000	12.049046
15.000000	22.000000	19.000000	413.000000	260.000000	13.000000	419.804791	244.223741	2.000000	13.009201
15.000000	23.000000	20.000000	646.000000	268.000000	15.000000	638.799232	264.407922	2.000000	13.969088
15.000000	24.000000	21.000000	642.000000	144.000000	5.000000	634.280714	139.340462	1.000000	14.608687
15.000000	25.000000	22.000000	536.000000	158.000000	4.000000	533.054823	160.347233	1.000000	14.960241
15.000000	26.000000	23.000000	542.000000	217.000000	14.000000	522.781017	230.378779	1.000000	15.345041
15.000000	27.000000	24.000000	405.000000	138.000000	3.000000	425.935729	150.189339	1.000000	15.759419
15.000000	28.000000	25.000000	296.000000	243.000000	12.000000	292.370898	236.157007	1.000000	16.351754
15.000000	29.000000	26.000000	417.000000	458.000000	33.000000	412.908737	469.890309	1.000000	17.032979
15.000000	30.000000	27.000000	462.000000	710.000000	53.000000	439.589152	710.861179	1.000000	17.799631
15.000000	31.000000	0.000000	495.000000	713.000000	54.000000	525.136577	702.804094	1.000000	18.145100
15.000000	32.000000	28.000000	512.000000	685.000000	54.000000	525.136577	702.804094	1.000000	18.672226
15.000000	33.000000	29.000000	522.000000	747.000000	64.000000	526.821715	763.752679	1.000000	19.065143
15.000000	34.000000	30.000000	622.000000	943.000000	75.000000	624.368392	926.718306	1.000000	20.025166
15.000000	35.000000	31.000000	944.000000	787.000000	68.000000	950.991451	764.023901	1.000000	20.681058
15.000000	36.000000	32.000000	1058.000000	783.000000	69.000000	1060.960150	793.695885	1.000000	21.024580
15.000000	37.000000	0.000000	828.000000	682.000000	57.000000	851.149418	663.817199	1.000000	21.545321
15.000000	38.000000	33.000000	864.000000	666.000000	57.000000	851.149418	663.817199	1.000000	22.225009
15.000000	39.000000	34.000000	857.000000	542.000000	47.000000	860.582704	559.645285	1.000000	22.543267
15.000000	40.000000	0.000000	777.000000	456.000000	36.000000	744.738073	449.793262	1.000000	23.063619
15.000000	41.000000	35.000000	766.000000	459.000000	36.000000	744.738073	449.793262	1.000000	23.761105
15.000000	42.000000	36.000000	893.000000	376.000000	27.000000	889.307622	364.085257	1.000000	24.255126
15.000000	43.000000	37.000000	845.000000	254.000000	17.000000	860.232415	244.928261	1.000000	24.616186
15.000000	44.000000	38.000000	857.000000	165.000000	7.000000	840.327970	159.779997	1.000000	25.399236
15.000000	45.000000	39.000000	1060.000000	261.000000	19.000000	1059.280270	253.539100	1.000000	26.000914
15.000000	46.000000	40.000000	1201.000000	454.000000	40.000000	1189.720517	462.938362	1.000000	26.752462
16.000000	1.000000	1.000000	660.000000	562.000000	45.000000	640.534811	550.143222	1.000000	1.102457
16.000000	2.000000	2.000000	729.000000	671.000000	56.000000	734.744702	670.274043	1.000000	1.488268
16.000000	3.000000	3.000000	550.000000	452.000000	34.000000	541.759963	436.309742	1.000000	2.022899
16.000000	4.000000	4.000000	755.000000	373.000000	26.000000	745.219868	359.250041	1.000000	2.520149
16.000000	5.000000	5.000000	757.000000	287.000000	16.000000	767.948605	283.256793	1.000000	2.799407
16.000000	6.000000	0.000000	771.000000	177.000000	6.000000	743.542773	184.183587	1.000000	3.096015
16.000000	7.000000	6.000000	866.000000	222.000000	17.000000	871.371304	229.132308	1.000000	3.462210
16.000000	8.000000	7.000000	737.000000	169.000000	6.000000	743.542773	184.183587	1.000000	3.768133
16.000000	9.000000	8.000000	1003.000000	158.000000	8.000000	1001.336850	158.739142	1.000000	4.792239
16.000000	10.000000	9.000000	1201.000000	138.000000	10.000000	1205.385170	146.764086	1.000000	5.423256
16.000000	11.000000	10.000000	1195.000000	538.000000	50.000000	1185.081045	557.577557	1.000000	6.382221
16.000000	12.000000	11.000000	1124.000000	593.000000	49.000000	1110.476689	609.659505	1.000000	7.111302
16.000000	13.000000	12.000000	944.000000	505.000000	38.000000	955.087481	494.841014	1.000000	7.758254
16.000000	14.000000	13.000000	957.000000	701.000000	58.000000	976.770856	705.623146	1.000000	8.566132
16.000000	15.000000	14.000000	985.000000	902.000000	78.000000	984.720954	898.069986	1.000000	9.038065
16.000000	16.000000	15.000000	873.000000	878.000000	77.000000	866.649882	874.950010	1.000000	9.414568
16.000000	17.000000	0.000000	482.000000	798.000000	63.000000	451.986111	796.373718	1.000000	10.591921
16.000000	18.000000	16.000000	450.000000	784.000000	63.000000	451.986111	796.373718	1.000000	11.006901
16.000000	19.000000	17.000000	449.000000	930.000000	73.000000	439.379757	926.917337	1.000000	11.527433
16.000000	20.000000	18.000000	214.000000	918.000000	71.000000	197.692178	928.447996	1.000000	12.055096
16.000000	21.000000	0.000000	260.000000	873.000000	72.000000	289.122995	869.864401	2.000000	12.760033
16.000000	22.000000	19.000000	232.000000	785.000000	61.000000	223.263244	776.913171	2.000000	13.391916
16.000000	23.000000	20.000000	297.000000	875.000000	72.000000	289.122995	869.864401	2.000000	13.847721
16.000000	24.000000	21.000000	533.000000	916.000000	74.000000	533.531983	925.169365	2.000000	14.384295
16.000000	25.000000	22.000000	668.000000	910.000000	75.000000	668.019565	909.180084	2.000000	14.871879
16.000000	26.000000	23.000000	785.000000	832.000000	66.000000	773.790682	823.066067	2.000000	15.344296
16.000000	27.000000	0.000000	438.000000	110.000000	3.000000	415.217542	127.878394	1.000000	17.070820
16.000000	28.000000	24.000000	409.000000	121.000000	3.000000	415.217542	127.878394	1.000000	17.694768
16.000000	29.000000	25.000000	530.000000	124.000000	4.000000	529.693450	138.222871	1.000000	18.127277
16.000000	30.000000	26.000000	651.000000	154.000000	5.000000	632.340275	156.539854	2.000000	19.559155
16.000000	31.000000	27.000000	649.000000	246.000000	15.000000	660.972855	255.789798	2.000000	19.935703
16.000000	32.000000	28.000000	537.000000	233.000000	14.000000	548.853985	241.166090	2.000000	20.583253
16.000000	33.000000	29.000000	434.000000	266.000000	13.000000	433.792214	264.674422	2.000000	20.990679
16.000000	34.000000	30.000000	667.000000	403.000000	25.000000	665.268037	398.000969	2.000000	21.703657
16.000000	35.000000	31.000000	658.000000	431.000000	35.000000	650.664089	446.069621	2.000000	21.982517
16.000000	36.000000	32.000000	297.000000	401.000000	22.000000	294.266904	392.498514	2.000000	23.463581
16.000000	37.000000	33.000000	202.000000	472.000000	31.000000	200.050946	472.860163	2.000000	23.999921
16.000000	38.000000	34.000000	1102.000000	688.000000	59.000000	1102.120129	668.383866	2.000000	26.349944
16.000000	39.000000	35.000000	1159.000000	686.000000	60.000000	1170.350823	679.566580	2.000000	26.886346
16.000000	40.000000	36.000000	1183.000000	793.000000	70.000000	1171.321629	796.578690	2.000000	27.534557
16.000000	41.000000	37.000000	1186.000000	491.000000	40.000000	1186.444564	501.009568	2.000000	28.680113
16.000000	42.000000	38.000000	1189.000000	361.000000	30.000000	1185.038731	351.008737	2.000000	29.111282
16.000000	43.000000	39.000000	981.000000	371.000000	28.000000	983.458223	361.970125	2.000000	30.439304
16.000000	44.000000	40.000000	769.000000	496.000000	36.000000	768.175981	506.396176	2.000000	30.919845
17.000000	1.000000	1.000000	615.000000	652.000000	55.000000	619.918269	652.092321	1.000000	2.032784
17.000000	2.000000	2.000000	662.000000	587.000000	45.000000	651.411972	588.545231	1.000000	2.320003
17.000000	3.000000	3.000000	711.000000	691.000000	56.000000	728.213172	694.746317	1.000000	2.736180
17.000000	4.000000	4.000000	858.000000	666.000000	57.000000	850.363354	653.449910	1.000000	3.239817
17.000000	5.000000	0.000000	839.000000	580.000000	47.000000	843.804045	606.592281	1.000000	3.625223
17.000000	6.000000	5.000000	850.000000	608.000000	47.000000	843.804045	606.592281	1.000000	4.145053
17.000000	7.000000	6.000000	985.000000	558.000000	48.000000	990.017210	557.746727	1.000000	4.712612
17.000000	8.000000	7.000000	977.000000	373.000000	28.000000	955.273387	371.234972	1.000000	5.208431
17.000000	9.000000	8.000000	966.000000	226.000000	18.000000	980.381543	235.234133	1.000000	6.073014
17.000000	10.000000	9.000000	1070.000000	288.000000	19.000000	1070.840844	273.598916	1.000000	6.424552
17.000000	11.000000	10.000000	1190.000000	174.000000	10.000000	1193.099062	171.239054	1.000000	7.689507
17.000000	12.000000	11.000000	1181.000000	339.000000	30.000000	1194.214649	332.374278	1.000000	8.265436
17.000000	13.000000	12.000000	882.000000	149.000000	7.000000	878.369250	155.327455	1.000000	8.937247
17.000000	14.000000	0.000000	798.000000	160.000000	6.000000	768.613345	157.892411	1.000000	9.335898
17.000000	15.000000	13.000000	779.000000	160.000000	6.000000	768.613345	157.892411	1.000000	9.648788
17.000000	16.000000	14.000000	551.000000	166.000000	4.000000	555.720859	173.354865	1.000000	10.223814
17.000000	17.000000	15.000000	238.000000	269.000000	11.000000	229.694344	269.858783	1.000000	10.865249
17.000000	18.000000	16.000000	509.000000	436.000000	34.000000	519.635188	448.485010	1.000000	11.519738
17.000000	19.000000	17.000000	362.000000	555.000000	42.000000	342.478848	568.223725	1.000000	12.104415
17.000000	20.000000	18.000000	415.000000	864.000000	73.000000	427.319695	875.336292	1.000000	13.039971
17.000000	21.000000	19.000000	748.000000	915.000000	76.000000	752.061089	922.554235	1.000000	13.809100
17.000000	22.000000	20.000000	974.000000	910.000000	78.000000	979.027281	906.039878	1.000000	14.377786
17.000000	23.000000	21.000000	1075.000000	801.000000	69.000000	1062.776341	801.676860	2.000000	15.961484
17.000000	24.000000	22.000000	967.000000	811.000000	68.000000	961.416080	799.400695	2.000000	16.360595
17.000000	25.000000	23.000000	951.000000	713.000000	58.000000	954.751156	714.452779	2.000000	16.688435
17.000000	26.000000	24.000000	738.000000	809.000000	66.000000	737.433860	807.562495	2.000000	17.551486
17.000000	27.000000	25.000000	570.000000	803.000000	64.000000	562.207333	800.929627	2.000000	18.097509
17.000000	28.000000	26.000000	528.000000	664.000000	54.000000	522.511676	669.486389	2.000000	18.513713
17.000000	29.000000	27.000000	327.000000	787.000000	62.000000	335.060313	802.685609	2.000000	19.208584
17.000000	30.000000	28.000000	322.000000	700.000000	52.000000	315.408949	690.900507	2.000000	19.529228
17.000000	31.000000	29.000000	201.000000	797.000000	61.000000	199.154344	780.835309	2.000000	20.065600
17.000000	32.000000	0.000000	154.000000	928.000000	71.000000	178.824978	922.116692	2.000000	20.479730
17.000000	33.000000	30.000000	174.000000	923.000000	71.000000	178.824978	922.116692	2.000000	21.009640
17.000000	34.000000	31.000000	341.000000	439.000000	32.000000	338.965156	444.261012	2.000000	21.815828
17.000000	35.000000	32.000000	326.000000	373.000000	22.000000	316.681113	379.772288	2.000000	22.104132
17.000000	36.000000	33.000000	343.000000	279.000000	12.000000	322.120651	266.411247	2.000000	22.921432
17.000000	37.000000	34.000000	325.000000	150.000000	2.000000	333.166218	157.022129	2.000000	23.248022
17.000000	38.000000	35.000000	197.000000	149.000000	1.000000	200.967045	150.319046	2.000000	23.745466
17.000000	39.000000	36.000000	449.000000	262.000000	13.000000	447.889295	273.862947	2.000000	24.344764
17.000000	40.000000	37.000000	860.000000	243.000000	17.000000	848.892371	230.568820	2.000000	25.728554
17.000000	41.000000	38.000000	995.000000	130.000000	8.000000	995.257213	121.202757	2.000000	26.144494
17.000000	42.000000	39.000000	866.000000	437.000000	37.000000	851.922877	439.882932	2.000000	26.768235
17.000000	43.000000	40.000000	1116.000000	526.000000	49.000000	1103.250423	545.479537	2.000000	27.568615
18.000000	1.000000	1.000000	742.000000	518.000000	36.000000	737.383467	497.861472	2.000000	1.252029
18.000000	2.000000	2.000000	751.000000	566.000000	46.000000	756.103800	584.007272	2.000000	1.563940
18.000000	3.000000	3.000000	652.000000	571.000000	45.000000	633.483282	567.548438	2.000000	1.946550
18.000000	4.000000	4.000000	525.000000	607.000000	44.000000	540.742804	603.944371	2.000000	2.330792
18.000000	5.000000	5.000000	522.000000	656.000000	54.000000	512.244594	673.073983	2.000000	2.684447
18.000000	6.000000	0.000000	854.000000	533.000000	47.000000	868.949327	558.552282	2.000000	3.330565
18.000000	7.000000	6.000000	860.000000	456.000000	37.000000	851.251384	467.398296	2.000000	3.578867
18.000000	8.000000	7.000000	870.000000	573.000000	47.000000	868.949327	558.552282	2.000000	4.035022
18.000000	9.000000	8.000000	958.000000	560.000000	48.000000	961.006239	554.621530	2.000000	4.476184
18.000000	10.000000	9.000000	1106.000000	652.000000	59.000000	1108.586083	662.181643	2.000000	4.994484
18.000000	11.000000	10.000000	979.000000	275.000000	18.000000	971.357320	281.181904	2.000000	6.051439
18.000000	12.000000	11.000000	850.000000	139.000000	7.000000	840.394160	119.538765	2.000000	6.835351
18.000000	13.000000	12.000000	776.000000	176.000000	6.000000	763.644558	167.887912	2.000000	7.131238
18.000000	14.000000	0.000000	668.000000	166.000000	5.000000	629.761173	154.735444	2.000000	7.523144
18.000000	15.000000	13.000000	642.000000	162.000000	5.000000	629.761173	154.735444	2.000000	7.852519
18.000000	16.000000	14.000000	445.000000	178.000000	3.000000	426.810816	182.526026	2.000000	8.532136
18.000000	17.000000	15.000000	427.000000	259.000000	13.000000	418.055728	267.604735	2.000000	8.858545
18.000000	18.000000	16.000000	319.000000	159.000000	2.000000	306.855064	161.868464	2.000000	9.436476
18.000000	19.000000	17.000000	341.000000	461.000000	32.000000	341.340152	442.943254	2.000000	10.323992
18.000000	20.000000	18.000000	660.000000	883.000000	75.000000	670.199671	886.030986	2.000000	11.570669
18.000000	21.000000	19.000000	842.000000	876.000000	77.000000	845.648322	868.017933	2.000000	12.178963
18.000000	22.000000	20.000000	1216.000000	889.000000	80.000000	1214.596810	901.079096	2.000000	13.204531
18.000000	23.000000	21.000000	1185.000000	784.000000	70.000000	1180.144807	769.169652	1.000000	14.316365
18.000000	24.000000	0.000000	975.000000	807.000000	68.000000	950.549563	798.746265	1.000000	14.963069
18.000000	25.000000	0.000000	913.000000	804.000000	68.000000	950.549563	798.746265	1.000000	15.251348
18.000000	26.000000	22.000000	937.000000	802.000000	68.000000	950.549563	798.746265	1.000000	15.507133
18.000000	27.000000	23.000000	865.000000	788.000000	67.000000	860.256769	783.209068	1.000000	15.923499
18.000000	28.000000	24.000000	749.000000	789.000000	66.000000	766.029340	793.663971	1.000000	16.243408
18.000000	29.000000	0.000000	758.000000	853.000000	76.000000	758.131720	884.912572	1.000000	16.594557
18.000000	30.000000	25.000000	636.000000	796.000000	65.000000	636.758500	803.232144	1.000000	17.138624
18.000000	31.000000	26.000000	674.000000	699.000000	55.000000	672.325694	714.230987	1.000000	17.547439
18.000000	32.000000	27.000000	762.000000	879.000000	76.000000	758.131720	884.912572	1.000000	18.018628
18.000000	33.000000	28.000000	428.000000	919.000000	73.000000	415.231323	918.644883	1.000000	18.772012
18.000000	34.000000	29.000000	239.000000	781.000000	61.000000	219.557630	774.000494	1.000000	19.708431
18.000000	35.000000	30.000000	203.000000	696.000000	51.000000	207.284048	698.097900	1.000000	19.956489
18.000000	36.000000	31.000000	206.000000	855.000000	71.000000	211.992106	879.089218	1.000000	20.476294
18.000000	37.000000	32.000000	296.000000	793.000000	62.000000	312.562176	784.053857	1.000000	21.083261
18.000000	38.000000	33.000000	321.000000	590.000000	42.000000	315.126671	578.381146	1.000000	21.660551
18.000000	39.000000	34.000000	207.000000	164.000000	1.000000	200.747811	173.777522	1.000000	23.659207
18.000000	40.000000	35.000000	738.000000	282.000000	16.000000	751.843816	284.801396	1.000000	25.434570
18.000000	41.000000	36.000000	851.000000	261.000000	17.000000	860.165795	255.469899	1.000000	25.859457
18.000000	42.000000	37.000000	852.000000	368.000000	27.000000	851.913473	378.922859	1.000000	26.267528
18.000000	43.000000	38.000000	1005.000000	485.000000	38.000000	989.550635	496.827855	1.000000	26.994405
18.000000	44.000000	39.000000	1069.000000	468.000000	39.000000	1066.747116	462.523784	1.000000	27.371515
18.000000	45.000000	0.000000	646.000000	506.000000	35.000000	639.372875	480.995118	1.000000	28.228603
18.000000	46.000000	40.000000	650.000000	497.000000	35.000000	639.372875	480.995118	1.000000	28.964494
19.000000	1.000000	1.000000	730.000000	445.000000	36.000000	740.953283	450.375636	1.000000	1.455446
19.000000	2.000000	0.000000	669.000000	454.000000	35.000000	633.622856	442.014513	1.000000	1.789322
19.000000	3.000000	2.000000	623.000000	449.000000	35.000000	633.622856	442.014513	1.000000	2.069421
19.000000	4.000000	3.000000	466.000000	440.000000	33.000000	451.034756	444.638752	1.000000	2.581912
19.000000	5.000000	4.000000	436.000000	366.000000	23.000000	437.181930	359.635516	1.000000	2.895335
19.000000	6.000000	5.000000	356.000000	447.000000	32.000000	331.607094	450.113563	1.000000	3.309843
19.000000	7.000000	6.000000	311.000000	273.000000	12.000000	305.205762	274.968222	1.000000	3.973230
19.000000	8.000000	7.000000	418.000000	162.000000	3.000000	418.945541	174.890008	1.000000	4.478169
19.000000	9.000000	8.000000	233.000000	168.000000	1.000000	209.748663	171.047496	1.000000	5.382457
19.000000	10.000000	9.000000	212.000000	691.000000	51.000000	217.166365	685.736976	1.000000	6.263394
19.000000	11.000000	0.000000	216.000000	802.000000	61.000000	194.446540	825.642990	1.000000	6.701740
19.000000	12.000000	10.000000	503.000000	763.000000	64.000000	514.067066	759.235372	1.000000	7.589806
19.000000	13.000000	11.000000	207.000000	822.000000	61.000000	194.446540	825.642990	1.000000	8.182824
19.000000	14.000000	12.000000	660.000000	807.000000	65.000000	658.559725	794.556487	1.000000	8.773435
19.000000	15.000000	13.000000	654.000000	859.000000	75.000000	657.153399	869.263605	1.000000	9.342696
19.000000	16.000000	14.000000	871.000000	887.000000	77.000000	854.418176	883.300339	1.000000	10.518899
19.000000	17.000000	15.000000	964.000000	574.000000	48.000000	958.762874	559.276936	1.000000	11.078322
19.000000	18.000000	16.000000	1069.000000	504.000000	39.000000	1078.372895	491.793727	1.000000	11.470771
19.000000	19.000000	17.000000	1216.000000	472.000000	40.000000	1206.690326	469.211240	1.000000	11.838802
19.000000	20.000000	0.000000	848.000000	368.000000	27.000000	846.995583	342.396001	1.000000	12.557653
19.000000	21.000000	18.000000	846.000000	356.000000	27.000000	846.995583	342.396001	1.000000	12.989524
19.000000	22.000000	19.000000	1049.000000	189.000000	9.000000	1062.168205	181.591254	1.000000	14.062098
19.000000	23.000000	0.000000	982.000000	196.000000	8.000000	952.603044	184.742929	2.000000	14.926380
19.000000	24.000000	20.000000	942.000000	183.000000	8.000000	952.603044	184.742929	2.000000	15.462938
19.000000	25.000000	21.000000	1181.000000	219.000000	20.000000	1172.177537	232.460719	2.000000	16.095135
19.000000	26.000000	22.000000	1235.000000	146.000000	10.000000	1219.151780	155.618504	2.000000	16.398564
19.000000	27.000000	23.000000	766.000000	250.000000	16.000000	756.452900	257.338473	2.000000	17.278486
19.000000	28.000000	24.000000	664.000000	362.000000	25.000000	644.865274	353.638821	2.000000	18.343341
19.000000	29.000000	25.000000	730.000000	397.000000	26.000000	733.901673	397.253953	2.000000	18.798700
19.000000	30.000000	26.000000	332.000000	154.000000	2.000000	330.583395	156.614801	2.000000	19.461490
19.000000	31.000000	27.000000	205.000000	300.000000	11.000000	200.557104	293.094156	2.000000	20.175316
19.000000	32.000000	28.000000	307.000000	340.000000	22.000000	314.499909	356.036913	2.000000	20.702263
19.000000	33.000000	29.000000	205.000000	453.000000	31.000000	198.755126	455.895185	2.000000	21.303126
19.000000	34.000000	30.000000	433.000000	596.000000	43.000000	425.269170	599.474513	2.000000	21.941234
19.000000	35.000000	31.000000	309.000000	713.000000	52.000000	316.638896	715.049153	2.000000	22.734938
19.000000	36.000000	32.000000	520.000000	892.000000	74.000000	535.118068	886.993428	2.000000	23.790965
19.000000	37.000000	33.000000	750.000000	692.000000	56.000000	750.211110	678.737688	2.000000	24.518991
19.000000	38.000000	34.000000	642.000000	627.000000	45.000000	656.749073	611.513106	2.000000	24.870994
19.000000	39.000000	35.000000	878.000000	813.000000	67.000000	875.889712	821.389035	2.000000	25.495394
19.000000	40.000000	0.000000	1074.000000	750.000000	69.000000	1069.799639	777.116663	2.000000	26.285452
19.000000	41.000000	36.000000	1077.000000	695.000000	59.000000	1082.353469	681.891187	2.000000	26.542716
19.000000	42.000000	37.000000	1065.000000	780.000000	69.000000	1069.799639	777.116663	2.000000	27.134653
19.000000	43.000000	38.000000	1202.000000	775.000000	70.000000	1195.394316	788.723107	2.000000	27.638019
19.000000	44.000000	39.000000	1215.000000	718.000000	60.000000	1204.708557	716.988389	2.000000	27.903168
19.000000	45.000000	0.000000	654.000000	84.000000	5.000000	652.411895	129.193645	1.000000	34.447314
19.000000	46.000000	40.000000	647.000000	110.000000	5.000000	652.411895	129.193645	1.000000	34.919046
20.000000	1.000000	0.000000	683.000000	470.000000	35.000000	653.318738	481.832446	1.000000	1.391079
20.000000	2.000000	1.000000	605.000000	548.000000	45.000000	619.568298	556.264995	1.000000	1.894344
20.000000	3.000000	2.000000	644.000000	496.000000	35.000000	653.318738	481.832446	1.000000	2.232347
20.000000	4.000000	3.000000	633.000000	231.000000	15.000000	626.244894	246.747890	1.000000	2.741959
20.000000	5.000000	4.000000	759.000000	183.000000	6.000000	764.948785	171.769176	1.000000	3.279632
20.000000	6.000000	5.000000	863.000000	251.000000	17.000000	873.459276	236.208561	1.000000	3.766845
20.000000	7.000000	6.000000	878.000000	342.000000	27.000000	876.335128	351.556099	1.000000	4.174807
20.000000	8.000000	7.000000	965.000000	500.000000	38.000000	950.179019	493.635631	1.000000	4.695324
20.000000	9.000000	8.000000	677.000000	667.000000	55.000000	664.065580	660.655076	1.000000	5.574987
20.000000	10.000000	9.000000	642.000000	784.000000	65.000000	630.731047	776.844534	1.000000	5.903554
20.000000	11.000000	10.000000	418.000000	707.000000	53.000000	414.441141	709.109736	1.000000	6.408037
20.000000	12.000000	11.000000	734.000000	890.000000	76.000000	739.996923	902.311620	1.000000	7.134815
20.000000	13.000000	12.000000	754.000000	816.000000	66.000000	767.980915	823.265432	1.000000	7.455954
20.000000	14.000000	0.000000	854.000000	813.000000	67.000000	884.040078	801.469716	1.000000	7.791662
20.000000	15.000000	13.000000	868.000000	813.000000	67.000000	884.040078	801.469716	1.000000	8.136003
20.000000	16.000000	14.000000	1074.000000	673.000000	59.000000	1076.260309	653.986104	1.000000	8.815891
20.000000	17.000000	15.000000	1083.000000	447.000000	39.000000	1090.008677	463.733718	1.000000	9.558210
20.000000	18.000000	16.000000	1078.000000	386.000000	29.000000	1066.786944	369.901034	1.000000	9.830963
20.000000	19.000000	17.000000	1079.000000	169.000000	9.000000	1064.870145	174.633782	1.000000	10.280052
20.000000	20.000000	18.000000	1195.000000	159.000000	10.000000	1184.411566	163.597347	1.000000	10.647764
20.000000	21.000000	19.000000	238.000000	232.000000	11.000000	229.616570	237.612428	1.000000	11.863652
20.000000	22.000000	20.000000	226.000000	468.000000	31.000000	224.510430	484.319038	1.000000	12.591319
20.000000	23.000000	21.000000	308.000000	693.000000	52.000000	322.403096	696.581172	2.000000	13.717797
20.000000	24.000000	22.000000	205.000000	944.000000	71.000000	195.561499	925.845266	2.000000	14.415351
20.000000	25.000000	23.000000	438.000000	807.000000	63.000000	433.284354	786.365070	2.000000	15.262480
20.000000	26.000000	0.000000	545.000000	803.000000	64.000000	519.584733	794.666991	2.000000	15.815332
20.000000	27.000000	24.000000	549.000000	870.000000	74.000000	548.539784	868.889655	2.000000	16.294779
20.000000	28.000000	0.000000	501.000000	770.000000	64.000000	519.584733	794.666991	2.000000	16.567139
20.000000	29.000000	25.000000	528.000000	775.000000	64.000000	519.584733	794.666991	2.000000	16.958607
20.000000	30.000000	26.000000	1087.000000	811.000000	69.000000	1093.191491	798.765996	2.000000	18.023567
20.000000	31.000000	27.000000	1173.000000	873.000000	80.000000	1169.310919	886.232227	2.000000	18.894818
20.000000	32.000000	28.000000	854.000000	722.000000	57.000000	854.325935	704.649518	2.000000	19.703652
20.000000	33.000000	29.000000	755.000000	559.000000	46.000000	750.262490	560.092221	2.000000	20.176071
20.000000	34.000000	30.000000	547.000000	559.000000	44.000000	526.237406	556.117645	2.000000	20.670389
20.000000	35.000000	0.000000	1208.000000	549.000000	50.000000	1187.560447	570.483966	2.000000	21.734325
20.000000	36.000000	31.000000	1213.000000	474.000000	40.000000	1207.582057	463.521669	2.000000	22.350185
20.000000	37.000000	32.000000	1206.000000	564.000000	50.000000	1187.560447	570.483966	2.000000	22.848075
20.000000	38.000000	33.000000	1102.000000	275.000000	19.000000	1103.249312	262.398877	2.000000	23.855189
20.000000	39.000000	0.000000	1009.000000	254.000000	18.000000	986.368629	236.439948	2.000000	24.359135
20.000000	40.000000	34.000000	1000.000000	248.000000	18.000000	986.368629	236.439948	2.000000	24.703870
20.000000	41.000000	35.000000	849.000000	172.000000	7.000000	845.794319	176.902393	2.000000	25.544103
20.000000	42.000000	36.000000	781.000000	276.000000	16.000000	768.610818	281.995023	2.000000	26.030026
20.000000	43.000000	37.000000	496.000000	261.000000	14.000000	509.169503	257.400907	2.000000	26.495985
20.000000	44.000000	38.000000	514.000000	330.000000	24.000000	513.763950	347.086736	2.000000	26.920254
20.000000	45.000000	39.000000	339.000000	116.000000	2.000000	330.403948	135.619512	2.000000	27.781915
20.000000	46.000000	40.000000	224.000000	151.000000	1.000000	230.896450	154.459262	2.000000	28.214998
21.000000	1.000000	1.000000	560.000000	547.000000	44.000000	553.602098	548.029107	1.000000	1.218462
21.000000	2.000000	2.000000	451.000000	588.000000	43.000000	440.075141	599.913746	1.000000	1.778166
21.000000	3.000000	3.000000	196.000000	487.000000	31.000000	180.083879	467.979649	1.000000	2.314048
21.000000	4.000000	0.000000	223.000000	796.000000	61.000000	205.442413	814.358601	1.000000	3.451068
21.000000	5.000000	4.000000	319.000000	792.000000	62.000000	315.983560	784.594661	1.000000	3.954369
21.000000	6.000000	5.000000	209.000000	818.000000	61.000000	205.442413	814.358601	1.000000	4.482328
21.000000	7.000000	6.000000	309.000000	917.000000	72.000000	300.792422	924.155659	1.000000	5.026640
21.000000	8.000000	7.000000	641.000000	893.000000	75.000000	652.146791	894.105225	1.000000	5.963978
21.000000	9.000000	8.000000	751.000000	616.000000	46.000000	751.391714	594.547259	1.000000	6.514771
21.000000	10.000000	9.000000	876.000000	911.000000	77.000000	889.321272	924.798594	1.000000	7.355961
21.000000	11.000000	10.000000	1103.000000	703.000000	59.000000	1098.473851	691.308581	1.000000	8.235935
21.000000	12.000000	11.000000	1211.000000	556.000000	50.000000	1199.258963	560.963937	1.000000	8.739920
21.000000	13.000000	12.000000	1207.000000	371.000000	30.000000	1214.410120	359.480834	1.000000	9.730326
21.000000	14.000000	13.000000	986.000000	280.000000	18.000000	978.276385	261.816964	1.000000	10.339346
21.000000	15.000000	14.000000	1074.000000	169.000000	9.000000	1062.607865	183.309206	1.000000	11.241896
21.000000	16.000000	15.000000	685.000000	341.000000	25.000000	664.838809	333.759285	1.000000	12.010352
21.000000	17.000000	16.000000	681.000000	190.000000	5.000000	662.160191	188.172385	1.000000	12.562764
21.000000	18.000000	17.000000	545.000000	239.000000	14.000000	551.424908	237.152867	1.000000	13.290995
21.000000	19.000000	18.000000	509.000000	334.000000	24.000000	528.390283	343.905251	1.000000	13.659724
21.000000	20.000000	19.000000	449.000000	169.000000	3.000000	443.336666	161.735317	1.000000	14.258948
21.000000	21.000000	20.000000	231.000000	147.000000	1.000000	232.133347	130.431735	1.000000	14.730445
21.000000	22.000000	21.000000	613.000000	663.000000	55.000000	623.702079	670.575106	2.000000	15.978155
21.000000	23.000000	22.000000	312.000000	697.000000	52.000000	300.177901	675.765819	2.000000	16.819299
21.000000	24.000000	23.000000	186.000000	703.000000	51.000000	178.499415	705.954097	2.000000	17.154031
21.000000	25.000000	24.000000	220.000000	571.000000	41.000000	231.153544	559.442892	2.000000	17.555807
21.000000	26.000000	25.000000	327.000000	363.000000	22.000000	315.243848	357.850415	2.000000	18.482621
21.000000	27.000000	26.000000	398.000000	442.000000	33.000000	406.629707	453.627952	2.000000	18.953770
21.000000	28.000000	27.000000	414.000000	241.000000	13.000000	406.536312	226.375449	2.000000	19.620005
21.000000	29.000000	28.000000	794.000000	138.000000	6.000000	772.019544	142.688220	2.000000	20.643252
21.000000	30.000000	29.000000	869.000000	132.000000	7.000000	888.991782	140.717629	2.000000	21.027985
21.000000	31.000000	0.000000	1112.000000	208.000000	19.000000	1082.841318	231.859876	2.000000	21.914145
21.000000	32.000000	30.000000	1186.000000	138.000000	10.000000	1193.412628	140.103334	2.000000	22.370555
21.000000	33.000000	31.000000	1093.000000	231.000000	19.000000	1082.841318	231.859876	2.000000	22.827621
21.000000	34.000000	0.000000	1088.000000	432.000000	39.000000	1064.669518	449.974244	2.000000	23.635348
21.000000	35.000000	32.000000	1076.000000	443.000000	39.000000	1064.669518	449.974244	2.000000	24.419432
21.000000	36.000000	33.000000	1069.000000	769.000000	69.000000	1066.065705	768.299397	2.000000	25.321870
21.000000	37.000000	34.000000	984.000000	770.000000	68.000000	984.589303	777.236836	2.000000	25.746451
21.000000	38.000000	35.000000	887.000000	810.000000	67.000000	887.912610	801.365071	2.000000	26.132017
21.000000	39.000000	36.000000	1215.000000	854.000000	80.000000	1218.409969	862.987282	2.000000	26.947144
21.000000	40.000000	37.000000	568.000000	815.000000	64.000000	551.952029	808.938104	2.000000	28.259177
21.000000	41.000000	38.000000	447.000000	894.000000	73.000000	441.586302	888.424362	2.000000	28.875913
21.000000	42.000000	39.000000	561.000000	913.000000	74.000000	557.602439	914.376357	2.000000	29.490003
21.000000	43.000000	40.000000	746.000000	436.000000	36.000000	759.561576	454.957575	2.000000	30.281785
