MultiTargForag_2	Participant_Code = 67a
Search_Type = 1	CB_Targets = 1
Trial	Click_Num	Target_Click_Order	Click_X	Click_y	Item_selected	Item_X	Item_Y	Target_Set	RT
1.000000	1.000000	1.000000	535.000000	458.000000	34.000000	528.137563	455.798467	1.000000	1.392695
1.000000	2.000000	2.000000	456.000000	444.000000	33.000000	442.665180	438.564698	2.000000	1.965927
1.000000	3.000000	3.000000	643.000000	395.000000	25.000000	658.737553	384.616288	2.000000	2.997210
1.000000	4.000000	4.000000	673.000000	291.000000	15.000000	663.722336	286.450165	2.000000	3.782887
1.000000	5.000000	5.000000	449.000000	223.000000	13.000000	433.519983	224.910353	1.000000	4.838026
1.000000	6.000000	6.000000	313.000000	232.000000	12.000000	326.176433	230.996779	1.000000	5.534914
1.000000	7.000000	7.000000	298.000000	142.000000	2.000000	296.453585	135.121662	2.000000	6.237114
1.000000	8.000000	8.000000	513.000000	146.000000	4.000000	522.341704	147.206058	2.000000	7.165346
1.000000	9.000000	9.000000	641.000000	131.000000	5.000000	649.725966	126.239986	1.000000	7.686542
1.000000	10.000000	10.000000	733.000000	147.000000	6.000000	746.759947	154.014753	1.000000	8.606820
1.000000	11.000000	11.000000	757.000000	268.000000	16.000000	757.482113	262.273496	1.000000	9.326029
1.000000	12.000000	12.000000	977.000000	131.000000	8.000000	980.675373	131.373649	1.000000	10.222964
1.000000	13.000000	13.000000	1168.000000	162.000000	10.000000	1168.882849	167.875330	2.000000	11.133040
1.000000	14.000000	14.000000	1204.000000	235.000000	20.000000	1195.292322	245.756733	1.000000	11.709708
1.000000	15.000000	15.000000	793.000000	371.000000	26.000000	778.874617	372.779222	2.000000	13.020805
1.000000	16.000000	16.000000	850.000000	379.000000	27.000000	860.897619	378.649017	1.000000	13.630334
1.000000	17.000000	17.000000	969.000000	392.000000	28.000000	977.693641	391.829605	2.000000	14.310974
1.000000	18.000000	18.000000	1059.000000	396.000000	29.000000	1063.324919	396.966360	1.000000	14.886513
1.000000	19.000000	19.000000	1117.000000	515.000000	39.000000	1110.481069	502.579600	1.000000	15.774572
1.000000	20.000000	20.000000	1169.000000	546.000000	50.000000	1171.239840	552.135783	1.000000	16.438516
1.000000	21.000000	21.000000	896.000000	488.000000	37.000000	876.745695	487.503545	1.000000	17.438400
1.000000	22.000000	22.000000	199.000000	457.000000	31.000000	202.154806	454.718163	1.000000	18.630057
1.000000	23.000000	23.000000	192.000000	572.000000	41.000000	198.568763	576.680719	2.000000	19.261899
1.000000	24.000000	24.000000	549.000000	582.000000	44.000000	556.056662	585.081701	2.000000	20.150791
1.000000	25.000000	25.000000	771.000000	646.000000	56.000000	775.844028	650.492304	1.000000	21.014756
1.000000	26.000000	26.000000	313.000000	673.000000	52.000000	308.183578	678.947795	1.000000	22.085086
1.000000	27.000000	27.000000	182.000000	792.000000	61.000000	178.687813	787.218226	1.000000	23.374957
1.000000	28.000000	28.000000	299.000000	815.000000	62.000000	298.124512	818.645689	1.000000	23.957477
1.000000	29.000000	29.000000	387.000000	819.000000	63.000000	407.344504	822.134426	1.000000	24.597643
1.000000	30.000000	30.000000	399.000000	876.000000	73.000000	399.718867	878.231808	2.000000	25.221987
1.000000	31.000000	31.000000	641.000000	870.000000	75.000000	653.357703	863.560622	2.000000	26.014652
1.000000	32.000000	32.000000	529.000000	913.000000	74.000000	515.996001	922.158816	1.000000	26.654095
1.000000	33.000000	33.000000	771.000000	780.000000	66.000000	777.955509	759.011991	2.000000	27.541374
1.000000	34.000000	34.000000	833.000000	712.000000	57.000000	846.126849	712.411400	2.000000	28.381960
1.000000	35.000000	35.000000	881.000000	799.000000	67.000000	885.638193	814.579005	2.000000	29.022027
1.000000	36.000000	36.000000	940.000000	822.000000	68.000000	950.606745	808.775910	2.000000	29.751054
1.000000	37.000000	37.000000	982.000000	945.000000	78.000000	969.094762	929.390248	2.000000	30.711055
1.000000	38.000000	38.000000	782.000000	912.000000	76.000000	774.229732	892.886202	2.000000	31.414188
1.000000	39.000000	39.000000	1077.000000	787.000000	69.000000	1060.986340	768.818903	2.000000	33.237494
1.000000	40.000000	40.000000	1077.000000	713.000000	59.000000	1076.569022	703.340682	2.000000	34.286341
1.000000	1.000000	0.000000	544.000000	480.000000	34.000000	520.559401	469.712663	2.000000	1.284338
1.000000	2.000000	1.000000	512.000000	476.000000	34.000000	520.559401	469.712663	2.000000	2.052922
1.000000	3.000000	2.000000	651.000000	488.000000	35.000000	646.009045	480.556707	1.000000	2.517888
1.000000	4.000000	3.000000	523.000000	391.000000	24.000000	532.870109	386.285703	2.000000	3.165807
1.000000	5.000000	4.000000	622.000000	362.000000	25.000000	626.841563	345.603214	2.000000	3.723652
1.000000	6.000000	5.000000	466.000000	358.000000	23.000000	450.651178	365.652597	1.000000	4.475847
1.000000	7.000000	0.000000	437.000000	284.000000	13.000000	410.163165	284.059399	2.000000	5.044496
1.000000	8.000000	6.000000	400.000000	282.000000	13.000000	410.163165	284.059399	2.000000	5.677867
1.000000	9.000000	7.000000	324.000000	266.000000	12.000000	333.192354	274.885825	2.000000	6.165824
1.000000	10.000000	8.000000	325.000000	191.000000	2.000000	333.291173	174.335903	2.000000	6.987954
1.000000	11.000000	9.000000	428.000000	179.000000	3.000000	429.985036	170.305475	2.000000	7.597432
1.000000	12.000000	10.000000	554.000000	138.000000	4.000000	559.100377	122.849080	1.000000	8.132556
1.000000	13.000000	11.000000	650.000000	140.000000	5.000000	671.074436	146.736135	1.000000	8.613280
1.000000	14.000000	12.000000	775.000000	137.000000	6.000000	755.912404	130.459654	1.000000	9.405548
1.000000	15.000000	13.000000	676.000000	235.000000	15.000000	653.174824	244.754242	2.000000	10.021036
1.000000	16.000000	14.000000	870.000000	278.000000	17.000000	865.664849	291.943595	1.000000	10.774007
1.000000	17.000000	15.000000	1169.000000	155.000000	10.000000	1179.734989	142.417173	2.000000	11.540249
1.000000	18.000000	16.000000	1096.000000	130.000000	9.000000	1072.067238	126.311400	1.000000	12.003775
1.000000	19.000000	0.000000	968.000000	332.000000	28.000000	948.378691	351.743760	2.000000	12.757027
1.000000	20.000000	17.000000	962.000000	348.000000	28.000000	948.378691	351.743760	2.000000	13.483785
1.000000	21.000000	0.000000	885.000000	451.000000	37.000000	863.750601	470.236394	2.000000	14.189434
1.000000	22.000000	18.000000	873.000000	462.000000	37.000000	863.750601	470.236394	2.000000	14.565540
1.000000	23.000000	19.000000	771.000000	465.000000	36.000000	769.668084	464.588775	2.000000	15.228004
1.000000	24.000000	20.000000	1090.000000	355.000000	29.000000	1081.919990	360.307290	1.000000	16.141710
1.000000	25.000000	21.000000	1075.000000	453.000000	39.000000	1071.448390	464.374544	1.000000	16.749851
1.000000	26.000000	22.000000	1101.000000	672.000000	59.000000	1099.957763	659.038193	2.000000	17.371918
1.000000	27.000000	23.000000	1215.000000	712.000000	60.000000	1218.736196	716.504553	2.000000	18.028213
1.000000	28.000000	24.000000	904.000000	680.000000	57.000000	885.189070	670.850071	2.000000	18.787920
1.000000	29.000000	25.000000	1089.000000	811.000000	69.000000	1100.824189	802.040121	1.000000	19.508162
1.000000	30.000000	26.000000	1196.000000	868.000000	80.000000	1180.647600	864.288001	1.000000	20.109360
1.000000	31.000000	27.000000	1088.000000	929.000000	79.000000	1100.483041	926.461312	1.000000	20.644211
1.000000	32.000000	28.000000	871.000000	901.000000	77.000000	867.159921	905.519998	1.000000	21.429049
1.000000	33.000000	0.000000	682.000000	752.000000	65.000000	660.804908	771.251631	1.000000	22.269913
1.000000	34.000000	29.000000	658.000000	759.000000	65.000000	660.804908	771.251631	1.000000	23.036643
1.000000	35.000000	30.000000	656.000000	672.000000	55.000000	652.279701	648.892539	2.000000	23.765618
1.000000	36.000000	31.000000	568.000000	777.000000	64.000000	557.633325	785.646933	1.000000	24.443944
1.000000	37.000000	32.000000	512.000000	876.000000	74.000000	521.906878	881.151504	1.000000	24.981171
1.000000	38.000000	33.000000	433.000000	790.000000	63.000000	433.626655	803.950851	1.000000	25.741919
1.000000	39.000000	34.000000	408.000000	911.000000	73.000000	410.774681	912.845992	2.000000	26.379929
1.000000	40.000000	35.000000	307.000000	812.000000	62.000000	294.708392	815.191976	1.000000	27.029372
1.000000	41.000000	36.000000	194.000000	914.000000	71.000000	200.797390	911.281793	2.000000	27.972447
1.000000	42.000000	37.000000	207.000000	791.000000	61.000000	202.825254	777.531273	2.000000	28.637889
1.000000	43.000000	38.000000	186.000000	602.000000	41.000000	188.854086	589.495290	1.000000	29.397904
1.000000	44.000000	39.000000	185.000000	499.000000	31.000000	185.006124	487.035552	1.000000	30.117127
1.000000	45.000000	40.000000	380.000000	595.000000	43.000000	398.672183	597.252595	2.000000	31.053821
2.000000	1.000000	1.000000	668.000000	475.000000	35.000000	658.429607	469.688773	2.000000	1.397485
2.000000	2.000000	2.000000	787.000000	593.000000	46.000000	769.899658	583.412229	2.000000	2.151245
2.000000	3.000000	3.000000	839.000000	603.000000	47.000000	840.147702	605.884576	1.000000	2.717656
2.000000	4.000000	4.000000	898.000000	503.000000	37.000000	883.583861	501.087569	2.000000	3.581315
2.000000	5.000000	5.000000	875.000000	700.000000	57.000000	867.094724	712.076772	1.000000	4.285501
2.000000	6.000000	6.000000	964.000000	692.000000	58.000000	954.051440	686.802346	1.000000	4.711427
2.000000	7.000000	7.000000	1064.000000	693.000000	59.000000	1081.077286	695.777189	1.000000	5.239099
2.000000	8.000000	8.000000	1089.000000	574.000000	49.000000	1083.417640	578.608673	1.000000	5.991252
2.000000	9.000000	9.000000	1196.000000	671.000000	60.000000	1198.870342	667.412983	2.000000	6.677616
2.000000	10.000000	10.000000	1120.000000	774.000000	69.000000	1107.799181	763.802267	2.000000	7.301733
2.000000	11.000000	11.000000	1166.000000	801.000000	70.000000	1171.502195	804.508395	2.000000	7.741849
2.000000	12.000000	12.000000	981.000000	903.000000	78.000000	957.779470	906.373705	2.000000	8.413252
2.000000	13.000000	13.000000	537.000000	677.000000	54.000000	515.683236	667.943189	2.000000	9.711358
2.000000	14.000000	14.000000	531.000000	771.000000	64.000000	524.413334	782.755331	1.000000	10.174028
2.000000	15.000000	15.000000	506.000000	892.000000	74.000000	514.620747	898.282315	1.000000	10.853174
2.000000	16.000000	16.000000	431.000000	902.000000	73.000000	422.200796	915.066488	2.000000	11.349175
2.000000	17.000000	17.000000	437.000000	793.000000	63.000000	431.820740	802.580275	2.000000	11.789298
2.000000	18.000000	18.000000	322.000000	821.000000	62.000000	316.635010	824.416407	2.000000	12.301759
2.000000	19.000000	19.000000	320.000000	876.000000	72.000000	324.282278	896.700750	2.000000	12.781546
2.000000	20.000000	20.000000	343.000000	696.000000	52.000000	338.486359	677.715569	1.000000	13.718436
2.000000	21.000000	21.000000	430.000000	673.000000	53.000000	438.373608	658.917209	2.000000	14.294828
2.000000	22.000000	22.000000	517.000000	577.000000	44.000000	514.226820	565.256923	1.000000	15.061934
2.000000	23.000000	23.000000	534.000000	495.000000	34.000000	539.508128	489.783528	2.000000	15.647124
2.000000	24.000000	24.000000	566.000000	401.000000	24.000000	559.253559	385.878350	2.000000	16.423039
2.000000	25.000000	25.000000	232.000000	573.000000	41.000000	230.951459	563.835432	2.000000	17.422283
2.000000	26.000000	26.000000	409.000000	484.000000	33.000000	416.786597	484.787734	1.000000	18.126941
2.000000	27.000000	27.000000	407.000000	394.000000	23.000000	401.394452	381.649254	1.000000	18.797549
2.000000	28.000000	28.000000	350.000000	345.000000	22.000000	339.737662	334.206824	1.000000	19.342405
2.000000	29.000000	29.000000	227.000000	365.000000	21.000000	215.693719	375.609313	1.000000	20.038069
2.000000	30.000000	30.000000	223.000000	264.000000	11.000000	225.421582	252.147248	1.000000	20.725349
2.000000	31.000000	31.000000	432.000000	177.000000	3.000000	438.202838	161.688623	2.000000	21.581912
2.000000	32.000000	32.000000	550.000000	121.000000	4.000000	559.974981	118.660359	1.000000	22.317767
2.000000	33.000000	33.000000	655.000000	351.000000	25.000000	660.210800	339.952682	2.000000	23.181696
2.000000	34.000000	34.000000	843.000000	123.000000	7.000000	841.866500	128.511988	1.000000	24.023374
2.000000	35.000000	35.000000	849.000000	272.000000	17.000000	843.286806	291.166899	1.000000	24.773780
2.000000	36.000000	36.000000	1081.000000	288.000000	19.000000	1076.938357	286.973618	2.000000	25.654133
2.000000	37.000000	37.000000	1078.000000	333.000000	29.000000	1071.795009	334.802037	1.000000	26.183225
2.000000	38.000000	38.000000	1013.000000	389.000000	28.000000	999.763454	395.209160	1.000000	26.839264
2.000000	39.000000	39.000000	1196.000000	280.000000	20.000000	1200.002362	279.036563	1.000000	27.566221
2.000000	40.000000	40.000000	1214.000000	142.000000	10.000000	1202.250303	143.112500	2.000000	28.277933
3.000000	1.000000	1.000000	214.000000	259.000000	11.000000	215.455538	253.994298	2.000000	1.784790
3.000000	2.000000	2.000000	341.000000	348.000000	22.000000	340.574442	358.527062	2.000000	2.847652
3.000000	3.000000	3.000000	433.000000	261.000000	13.000000	447.736006	267.798599	1.000000	3.792609
3.000000	4.000000	0.000000	556.000000	134.000000	4.000000	540.368233	154.468026	1.000000	4.319981
3.000000	5.000000	4.000000	551.000000	151.000000	4.000000	540.368233	154.468026	1.000000	4.680761
3.000000	6.000000	5.000000	552.000000	282.000000	14.000000	554.299975	293.588502	2.000000	5.231545
3.000000	7.000000	6.000000	634.000000	255.000000	15.000000	647.463777	239.803990	2.000000	5.719279
3.000000	8.000000	7.000000	771.000000	156.000000	6.000000	776.293133	163.411628	1.000000	6.512094
3.000000	9.000000	8.000000	743.000000	283.000000	16.000000	749.514796	285.623143	1.000000	7.063989
3.000000	10.000000	9.000000	841.000000	294.000000	17.000000	855.926928	289.737186	1.000000	7.624808
3.000000	11.000000	10.000000	984.000000	288.000000	18.000000	979.110613	273.632511	1.000000	8.159058
3.000000	12.000000	11.000000	1093.000000	332.000000	29.000000	1098.891952	333.126587	1.000000	8.919743
3.000000	13.000000	12.000000	1208.000000	234.000000	20.000000	1204.854707	229.471605	2.000000	10.198769
3.000000	14.000000	0.000000	975.000000	376.000000	28.000000	948.762330	371.640179	2.000000	10.975167
3.000000	15.000000	13.000000	953.000000	371.000000	28.000000	948.762330	371.640179	2.000000	11.479874
3.000000	16.000000	14.000000	1009.000000	448.000000	38.000000	996.323122	447.655139	2.000000	12.039670
3.000000	17.000000	15.000000	664.000000	374.000000	25.000000	645.587428	374.898688	1.000000	12.887206
3.000000	18.000000	16.000000	546.000000	379.000000	24.000000	533.687578	384.874568	2.000000	13.495684
3.000000	19.000000	17.000000	1217.000000	391.000000	30.000000	1197.675919	388.906556	1.000000	14.424750
3.000000	20.000000	18.000000	1215.000000	428.000000	40.000000	1215.495343	440.623382	2.000000	14.918794
3.000000	21.000000	19.000000	768.000000	555.000000	46.000000	772.568277	557.285925	2.000000	15.942926
3.000000	22.000000	20.000000	638.000000	557.000000	45.000000	641.012134	547.904755	2.000000	16.455125
3.000000	23.000000	21.000000	439.000000	458.000000	33.000000	443.606659	476.327152	1.000000	17.327941
3.000000	24.000000	0.000000	339.000000	479.000000	32.000000	307.978863	488.805910	1.000000	17.967246
3.000000	25.000000	22.000000	306.000000	489.000000	32.000000	307.978863	488.805910	1.000000	18.816777
3.000000	26.000000	23.000000	216.000000	555.000000	41.000000	214.918383	564.584634	1.000000	19.447721
3.000000	27.000000	24.000000	330.000000	574.000000	42.000000	329.665670	573.212160	2.000000	20.182844
3.000000	28.000000	25.000000	449.000000	595.000000	43.000000	446.859528	589.106226	1.000000	21.079212
3.000000	29.000000	26.000000	566.000000	603.000000	44.000000	559.618631	609.735158	1.000000	21.744768
3.000000	30.000000	27.000000	651.000000	681.000000	55.000000	656.868658	674.733542	2.000000	22.624066
3.000000	31.000000	28.000000	346.000000	685.000000	52.000000	332.766342	686.820011	2.000000	23.344150
3.000000	32.000000	29.000000	195.000000	802.000000	61.000000	195.992650	788.864799	1.000000	24.184162
3.000000	33.000000	30.000000	400.000000	823.000000	63.000000	399.802928	814.967175	1.000000	25.016635
3.000000	34.000000	31.000000	408.000000	891.000000	73.000000	404.815268	904.324506	2.000000	25.783857
3.000000	35.000000	32.000000	764.000000	710.000000	56.000000	767.465839	705.976577	1.000000	26.912045
3.000000	36.000000	33.000000	757.000000	888.000000	76.000000	753.425509	885.260877	1.000000	27.791311
3.000000	37.000000	34.000000	851.000000	708.000000	57.000000	848.442178	704.059359	1.000000	28.358969
3.000000	38.000000	35.000000	976.000000	618.000000	48.000000	979.914081	606.278612	2.000000	29.351621
3.000000	39.000000	36.000000	1086.000000	674.000000	59.000000	1084.035186	660.323311	2.000000	30.640847
3.000000	40.000000	37.000000	1158.000000	589.000000	50.000000	1171.465790	587.995149	2.000000	31.247747
3.000000	41.000000	38.000000	1207.000000	672.000000	60.000000	1197.273264	663.558645	2.000000	32.047958
3.000000	42.000000	39.000000	1214.000000	767.000000	70.000000	1207.190314	782.143316	2.000000	32.728334
3.000000	43.000000	40.000000	1110.000000	801.000000	69.000000	1099.817417	800.183002	1.000000	33.327431
4.000000	1.000000	1.000000	941.000000	598.000000	48.000000	948.584190	599.046921	2.000000	0.886661
4.000000	2.000000	2.000000	966.000000	766.000000	68.000000	971.903548	768.765126	2.000000	1.759191
4.000000	3.000000	3.000000	1047.000000	663.000000	59.000000	1059.845063	651.699264	1.000000	2.336376
4.000000	4.000000	4.000000	1200.000000	662.000000	60.000000	1190.960719	664.016378	2.000000	3.071749
4.000000	5.000000	5.000000	1219.000000	582.000000	50.000000	1214.660204	567.604374	1.000000	4.096550
4.000000	6.000000	6.000000	981.000000	869.000000	78.000000	980.954251	862.558463	1.000000	5.120421
4.000000	7.000000	7.000000	893.000000	894.000000	77.000000	874.592632	882.602008	1.000000	5.568187
4.000000	8.000000	8.000000	882.000000	774.000000	67.000000	870.707131	756.081399	1.000000	6.062845
4.000000	9.000000	9.000000	852.000000	737.000000	57.000000	837.508853	718.145448	2.000000	6.688282
4.000000	10.000000	10.000000	763.000000	703.000000	56.000000	752.961639	702.309455	1.000000	7.214999
4.000000	11.000000	11.000000	739.000000	754.000000	66.000000	728.755089	759.160389	2.000000	7.679198
4.000000	12.000000	12.000000	769.000000	901.000000	76.000000	767.194204	886.505854	2.000000	8.678587
4.000000	13.000000	13.000000	618.000000	915.000000	75.000000	627.590033	917.538435	1.000000	9.862738
4.000000	14.000000	14.000000	535.000000	917.000000	74.000000	520.597390	917.445166	1.000000	10.375984
4.000000	15.000000	15.000000	628.000000	689.000000	55.000000	619.145604	698.506344	2.000000	11.192645
4.000000	16.000000	16.000000	554.000000	707.000000	54.000000	551.263548	712.756387	1.000000	11.648657
4.000000	17.000000	17.000000	800.000000	562.000000	46.000000	779.052990	564.396889	2.000000	12.328046
4.000000	18.000000	18.000000	858.000000	581.000000	47.000000	860.556857	584.872290	1.000000	12.798633
4.000000	19.000000	19.000000	637.000000	552.000000	45.000000	619.652354	546.737491	2.000000	13.543124
4.000000	20.000000	20.000000	648.000000	489.000000	35.000000	643.735714	471.391122	1.000000	14.318493
4.000000	21.000000	21.000000	422.000000	711.000000	53.000000	402.482311	714.891854	1.000000	15.127243
4.000000	22.000000	22.000000	349.000000	767.000000	62.000000	336.093472	769.429291	2.000000	15.783328
4.000000	23.000000	23.000000	343.000000	665.000000	52.000000	335.651721	667.872950	1.000000	16.710681
4.000000	24.000000	24.000000	317.000000	563.000000	42.000000	305.071789	550.831393	1.000000	17.360634
4.000000	25.000000	25.000000	200.000000	560.000000	41.000000	184.409158	564.679747	2.000000	18.031710
4.000000	26.000000	26.000000	308.000000	456.000000	32.000000	296.495374	444.061641	1.000000	18.671073
4.000000	27.000000	27.000000	442.000000	494.000000	33.000000	446.927744	484.055972	2.000000	19.263086
4.000000	28.000000	28.000000	453.000000	359.000000	23.000000	449.328806	363.448273	2.000000	19.879806
4.000000	29.000000	29.000000	505.000000	342.000000	24.000000	508.569510	341.576913	2.000000	20.334682
4.000000	30.000000	30.000000	294.000000	219.000000	12.000000	288.915677	228.458781	1.000000	21.182823
4.000000	31.000000	31.000000	193.000000	237.000000	11.000000	182.804966	227.264116	1.000000	21.967202
4.000000	32.000000	32.000000	660.000000	341.000000	25.000000	648.558314	343.891606	2.000000	23.015891
4.000000	33.000000	33.000000	755.000000	297.000000	16.000000	774.005257	290.450722	1.000000	23.551543
4.000000	34.000000	34.000000	776.000000	407.000000	26.000000	769.726183	398.666945	2.000000	24.328367
4.000000	35.000000	35.000000	864.000000	353.000000	27.000000	843.916638	353.846317	2.000000	25.088774
4.000000	36.000000	36.000000	982.000000	258.000000	18.000000	969.875460	242.435069	2.000000	26.000050
4.000000	37.000000	37.000000	1013.000000	386.000000	28.000000	1001.288036	387.733003	1.000000	26.542440
4.000000	38.000000	38.000000	1202.000000	462.000000	40.000000	1199.956240	456.396737	1.000000	27.367994
4.000000	39.000000	39.000000	1220.000000	243.000000	20.000000	1215.943556	227.527782	2.000000	28.327420
4.000000	40.000000	40.000000	1226.000000	130.000000	10.000000	1216.165600	139.471908	2.000000	29.239899
5.000000	1.000000	1.000000	234.000000	273.000000	11.000000	227.471261	257.305682	2.000000	1.955550
5.000000	2.000000	0.000000	230.000000	372.000000	21.000000	220.493623	347.416302	1.000000	2.788854
5.000000	3.000000	2.000000	222.000000	344.000000	21.000000	220.493623	347.416302	1.000000	3.427696
5.000000	4.000000	3.000000	232.000000	496.000000	31.000000	228.018129	486.062570	2.000000	4.123443
5.000000	5.000000	4.000000	332.000000	459.000000	32.000000	321.626379	455.475005	2.000000	4.715768
5.000000	6.000000	5.000000	449.000000	392.000000	23.000000	433.943771	395.122765	2.000000	5.405578
5.000000	7.000000	6.000000	534.000000	350.000000	24.000000	538.239014	333.814221	2.000000	6.012131
5.000000	8.000000	0.000000	535.000000	246.000000	14.000000	524.702694	272.032598	1.000000	6.460513
5.000000	9.000000	7.000000	527.000000	262.000000	14.000000	524.702694	272.032598	1.000000	6.955266
5.000000	10.000000	8.000000	470.000000	231.000000	13.000000	449.142773	227.479440	1.000000	7.475678
5.000000	11.000000	9.000000	544.000000	437.000000	34.000000	540.623436	444.010646	1.000000	8.187368
5.000000	12.000000	10.000000	526.000000	598.000000	44.000000	535.839176	589.374326	1.000000	8.812751
5.000000	13.000000	11.000000	454.000000	599.000000	43.000000	437.200018	600.810328	1.000000	9.371321
5.000000	14.000000	12.000000	352.000000	792.000000	62.000000	335.107668	784.530123	2.000000	10.317696
5.000000	15.000000	13.000000	227.000000	870.000000	71.000000	215.292568	881.472571	1.000000	11.069250
5.000000	16.000000	0.000000	413.000000	743.000000	63.000000	404.597118	767.722076	1.000000	11.659514
5.000000	17.000000	14.000000	414.000000	752.000000	63.000000	404.597118	767.722076	1.000000	12.060578
5.000000	18.000000	15.000000	501.000000	726.000000	54.000000	507.876773	711.543366	2.000000	12.747417
5.000000	19.000000	16.000000	517.000000	776.000000	64.000000	521.154741	763.746257	2.000000	13.173463
5.000000	20.000000	17.000000	427.000000	910.000000	73.000000	426.346618	923.107204	2.000000	13.755704
5.000000	21.000000	18.000000	509.000000	891.000000	74.000000	527.662042	877.393954	1.000000	14.419554
5.000000	22.000000	19.000000	649.000000	885.000000	75.000000	652.091091	865.952476	2.000000	14.932391
5.000000	23.000000	20.000000	747.000000	749.000000	66.000000	733.457425	759.097217	2.000000	15.499305
5.000000	24.000000	21.000000	776.000000	878.000000	76.000000	778.401993	882.719378	2.000000	16.333501
5.000000	25.000000	22.000000	653.000000	690.000000	55.000000	633.005671	693.377055	1.000000	17.148122
5.000000	26.000000	23.000000	753.000000	665.000000	56.000000	755.325041	654.998138	1.000000	17.597006
5.000000	27.000000	24.000000	735.000000	578.000000	46.000000	727.975577	569.167399	1.000000	18.116206
5.000000	28.000000	25.000000	878.000000	576.000000	47.000000	883.062126	566.874762	2.000000	18.788306
5.000000	29.000000	26.000000	960.000000	610.000000	48.000000	969.764134	609.094213	1.000000	19.355469
5.000000	30.000000	27.000000	1190.000000	882.000000	80.000000	1190.412969	894.365379	1.000000	20.661280
5.000000	31.000000	28.000000	1224.000000	688.000000	60.000000	1214.277360	672.007375	2.000000	21.427615
5.000000	32.000000	29.000000	1117.000000	562.000000	49.000000	1110.200029	567.977381	1.000000	22.020993
5.000000	33.000000	30.000000	893.000000	498.000000	37.000000	876.561245	492.043572	2.000000	22.820906
5.000000	34.000000	31.000000	754.000000	428.000000	36.000000	752.231263	441.081479	2.000000	23.348708
5.000000	35.000000	32.000000	754.000000	417.000000	26.000000	747.942171	401.031050	1.000000	23.915616
5.000000	36.000000	33.000000	1175.000000	399.000000	30.000000	1176.614427	392.969313	2.000000	24.811506
5.000000	37.000000	34.000000	1070.000000	267.000000	19.000000	1072.619075	262.835754	2.000000	25.484578
5.000000	38.000000	35.000000	1203.000000	187.000000	10.000000	1201.024458	174.523565	1.000000	26.244378
5.000000	39.000000	36.000000	979.000000	127.000000	8.000000	975.662726	132.922488	2.000000	26.941385
5.000000	40.000000	37.000000	878.000000	157.000000	7.000000	869.660637	152.015365	1.000000	27.612231
5.000000	41.000000	38.000000	766.000000	127.000000	6.000000	752.371251	118.792829	1.000000	28.429202
5.000000	42.000000	39.000000	744.000000	263.000000	16.000000	745.913370	269.035147	1.000000	29.179395
5.000000	43.000000	40.000000	648.000000	137.000000	5.000000	624.424372	137.379951	2.000000	29.916464
6.000000	1.000000	1.000000	666.000000	276.000000	15.000000	652.802324	287.366178	2.000000	0.911212
6.000000	2.000000	2.000000	740.000000	182.000000	6.000000	752.584724	183.432717	1.000000	1.383949
6.000000	3.000000	3.000000	851.000000	139.000000	7.000000	859.568848	135.440037	2.000000	1.847008
6.000000	4.000000	4.000000	974.000000	135.000000	8.000000	992.056987	130.282181	2.000000	2.431956
6.000000	5.000000	5.000000	987.000000	265.000000	18.000000	986.610235	264.085852	2.000000	2.974395
6.000000	6.000000	6.000000	1049.000000	265.000000	19.000000	1058.619718	268.391601	2.000000	3.391854
6.000000	7.000000	7.000000	1197.000000	127.000000	10.000000	1205.573160	125.197884	2.000000	4.071431
6.000000	8.000000	8.000000	1194.000000	242.000000	20.000000	1200.736529	229.144035	2.000000	4.663681
6.000000	9.000000	9.000000	1102.000000	367.000000	29.000000	1093.007626	373.828439	2.000000	5.319893
6.000000	10.000000	10.000000	877.000000	499.000000	37.000000	859.730467	494.221697	1.000000	5.975053
6.000000	11.000000	11.000000	764.000000	497.000000	36.000000	742.828623	484.003068	1.000000	6.518755
6.000000	12.000000	12.000000	749.000000	562.000000	46.000000	742.632450	548.944102	1.000000	7.310649
6.000000	13.000000	13.000000	1102.000000	588.000000	49.000000	1099.000858	593.054090	1.000000	8.263027
6.000000	14.000000	14.000000	1192.000000	707.000000	60.000000	1181.465603	697.903995	1.000000	8.998005
6.000000	15.000000	15.000000	1188.000000	788.000000	70.000000	1185.250655	803.791840	2.000000	9.447005
6.000000	16.000000	16.000000	1210.000000	903.000000	80.000000	1214.546937	907.277276	2.000000	9.998368
6.000000	17.000000	17.000000	1097.000000	925.000000	79.000000	1107.901667	922.941534	1.000000	10.750413
6.000000	18.000000	18.000000	991.000000	814.000000	68.000000	991.541541	817.164010	1.000000	11.232054
6.000000	19.000000	19.000000	967.000000	895.000000	78.000000	952.730699	910.591989	2.000000	11.798600
6.000000	20.000000	0.000000	896.000000	769.000000	67.000000	871.194494	760.358474	2.000000	12.486582
6.000000	21.000000	20.000000	862.000000	761.000000	67.000000	871.194494	760.358474	2.000000	13.854012
6.000000	22.000000	21.000000	568.000000	761.000000	64.000000	549.549548	760.302982	2.000000	14.599867
6.000000	23.000000	22.000000	454.000000	941.000000	73.000000	449.727247	931.843668	1.000000	15.878561
6.000000	24.000000	23.000000	300.000000	927.000000	72.000000	301.135175	911.209155	1.000000	16.519223
6.000000	25.000000	24.000000	230.000000	896.000000	71.000000	219.851854	886.304069	1.000000	17.605966
6.000000	26.000000	25.000000	544.000000	710.000000	54.000000	531.766769	711.592445	1.000000	18.751007
6.000000	27.000000	26.000000	352.000000	654.000000	52.000000	342.118785	662.442733	1.000000	19.375053
6.000000	28.000000	27.000000	351.000000	632.000000	42.000000	340.340531	609.792815	1.000000	19.750053
6.000000	29.000000	28.000000	195.000000	606.000000	41.000000	207.484230	611.791123	2.000000	20.303968
6.000000	30.000000	29.000000	215.000000	675.000000	51.000000	206.199577	680.854131	1.000000	20.910886
6.000000	31.000000	30.000000	441.000000	574.000000	43.000000	441.825203	565.020325	2.000000	21.656069
6.000000	32.000000	31.000000	536.000000	570.000000	44.000000	547.140472	563.277787	1.000000	22.238587
6.000000	33.000000	32.000000	524.000000	453.000000	34.000000	518.951979	450.112425	2.000000	22.983658
6.000000	34.000000	33.000000	452.000000	400.000000	23.000000	451.898936	395.651351	2.000000	23.662845
6.000000	35.000000	34.000000	421.000000	486.000000	33.000000	408.901256	483.605460	1.000000	24.166477
6.000000	36.000000	35.000000	327.000000	338.000000	22.000000	319.305425	331.189534	1.000000	24.935116
6.000000	37.000000	36.000000	337.000000	290.000000	12.000000	341.067649	277.605733	2.000000	25.407375
6.000000	38.000000	37.000000	213.000000	363.000000	21.000000	199.761031	370.777158	2.000000	25.918124
6.000000	39.000000	38.000000	531.000000	253.000000	14.000000	533.716257	253.769008	2.000000	26.766620
6.000000	40.000000	39.000000	443.000000	106.000000	3.000000	450.691264	119.424340	1.000000	27.454940
6.000000	41.000000	40.000000	224.000000	164.000000	1.000000	218.022064	164.629170	1.000000	28.208102
7.000000	1.000000	1.000000	322.000000	129.000000	2.000000	323.033298	134.578503	1.000000	1.638191
7.000000	2.000000	2.000000	314.000000	265.000000	12.000000	307.329073	280.379664	2.000000	2.311534
7.000000	3.000000	3.000000	446.000000	235.000000	13.000000	444.654604	235.602303	2.000000	3.030726
7.000000	4.000000	4.000000	540.000000	136.000000	4.000000	544.576064	137.703251	2.000000	3.718013
7.000000	5.000000	5.000000	630.000000	158.000000	5.000000	646.851951	160.476981	2.000000	4.286454
7.000000	6.000000	6.000000	328.000000	369.000000	22.000000	321.032225	372.358425	2.000000	5.117995
7.000000	7.000000	7.000000	206.000000	356.000000	21.000000	214.335126	345.167332	1.000000	5.781817
7.000000	8.000000	8.000000	516.000000	357.000000	24.000000	520.290076	350.938970	2.000000	6.959386
7.000000	9.000000	9.000000	189.000000	491.000000	31.000000	191.199375	497.615027	1.000000	7.783758
7.000000	10.000000	10.000000	311.000000	580.000000	42.000000	297.463677	587.010834	1.000000	8.558091
7.000000	11.000000	11.000000	441.000000	577.000000	43.000000	450.801678	563.279116	2.000000	9.151689
7.000000	12.000000	12.000000	662.000000	441.000000	35.000000	644.815424	442.912940	2.000000	9.919981
7.000000	13.000000	13.000000	665.000000	385.000000	25.000000	668.454663	373.882807	1.000000	10.382078
7.000000	14.000000	14.000000	726.000000	281.000000	16.000000	738.791416	263.386628	1.000000	11.143974
7.000000	15.000000	15.000000	849.000000	168.000000	7.000000	854.003968	184.279885	1.000000	11.638743
7.000000	16.000000	16.000000	1003.000000	224.000000	18.000000	984.533331	225.210881	2.000000	12.639267
7.000000	17.000000	17.000000	879.000000	347.000000	27.000000	877.924063	331.307452	1.000000	13.238479
7.000000	18.000000	18.000000	946.000000	356.000000	28.000000	952.890820	354.246942	1.000000	13.687494
7.000000	19.000000	19.000000	744.000000	405.000000	26.000000	756.129283	400.110289	2.000000	14.254881
7.000000	20.000000	20.000000	745.000000	439.000000	36.000000	741.850926	444.756124	2.000000	14.638912
7.000000	21.000000	21.000000	855.000000	494.000000	37.000000	857.132139	487.172447	1.000000	15.199273
7.000000	22.000000	22.000000	1013.000000	464.000000	38.000000	994.487709	470.518453	2.000000	15.711972
7.000000	23.000000	23.000000	1092.000000	463.000000	39.000000	1105.257237	456.453976	1.000000	16.238774
7.000000	24.000000	24.000000	1184.000000	448.000000	40.000000	1182.526209	444.073290	2.000000	16.719980
7.000000	25.000000	0.000000	641.000000	598.000000	45.000000	623.039487	579.919466	1.000000	17.750893
7.000000	26.000000	25.000000	624.000000	588.000000	45.000000	623.039487	579.919466	1.000000	18.767842
7.000000	27.000000	26.000000	732.000000	689.000000	56.000000	735.271687	690.353149	2.000000	19.423404
7.000000	28.000000	27.000000	1191.000000	690.000000	60.000000	1172.486663	690.746623	1.000000	20.535287
7.000000	29.000000	28.000000	1199.000000	760.000000	70.000000	1196.495711	759.705702	2.000000	21.295633
7.000000	30.000000	29.000000	1065.000000	777.000000	69.000000	1061.985535	767.498977	1.000000	22.142519
7.000000	31.000000	30.000000	970.000000	945.000000	78.000000	972.989118	932.223579	1.000000	22.639430
7.000000	32.000000	31.000000	890.000000	927.000000	77.000000	879.662208	916.607983	2.000000	23.150457
7.000000	33.000000	32.000000	889.000000	783.000000	67.000000	885.569556	803.777632	1.000000	23.646121
7.000000	34.000000	33.000000	670.000000	865.000000	75.000000	649.758054	872.597961	2.000000	24.574521
7.000000	35.000000	34.000000	641.000000	831.000000	65.000000	629.012824	824.448972	1.000000	24.933922
7.000000	36.000000	35.000000	552.000000	869.000000	74.000000	546.805385	867.268515	1.000000	25.494935
7.000000	37.000000	36.000000	547.000000	806.000000	64.000000	540.603815	812.718761	2.000000	25.991738
7.000000	38.000000	37.000000	541.000000	730.000000	54.000000	531.167311	715.576183	2.000000	26.759102
7.000000	39.000000	38.000000	310.000000	786.000000	62.000000	288.687743	786.691815	1.000000	27.485808
7.000000	40.000000	0.000000	244.000000	787.000000	61.000000	218.155957	789.441288	2.000000	27.967859
7.000000	41.000000	39.000000	223.000000	792.000000	61.000000	218.155957	789.441288	2.000000	28.541998
7.000000	42.000000	40.000000	186.000000	902.000000	71.000000	178.789970	889.162445	1.000000	29.294001
8.000000	1.000000	1.000000	321.000000	903.000000	72.000000	308.602020	897.066508	2.000000	1.658027
8.000000	2.000000	2.000000	422.000000	870.000000	73.000000	402.231411	881.449183	1.000000	3.415914
8.000000	3.000000	3.000000	461.000000	705.000000	53.000000	444.832375	701.345708	1.000000	4.224675
8.000000	4.000000	4.000000	407.000000	586.000000	43.000000	405.614895	601.354045	2.000000	4.825930
8.000000	5.000000	5.000000	349.000000	583.000000	42.000000	336.655926	584.717312	1.000000	5.384070
8.000000	6.000000	6.000000	210.000000	581.000000	41.000000	213.864459	588.253902	2.000000	6.553167
8.000000	7.000000	7.000000	207.000000	454.000000	31.000000	208.410992	457.618468	2.000000	7.464971
8.000000	8.000000	8.000000	411.000000	445.000000	33.000000	416.747360	441.229720	2.000000	8.152023
8.000000	9.000000	0.000000	556.000000	468.000000	34.000000	532.089310	482.833149	2.000000	8.641702
8.000000	10.000000	9.000000	535.000000	482.000000	34.000000	532.089310	482.833149	2.000000	9.073870
8.000000	11.000000	10.000000	553.000000	562.000000	44.000000	556.060226	578.096170	2.000000	9.632410
8.000000	12.000000	11.000000	718.000000	772.000000	66.000000	732.559396	789.491232	1.000000	10.848070
8.000000	13.000000	12.000000	741.000000	861.000000	76.000000	733.453866	869.821420	2.000000	11.609329
8.000000	14.000000	0.000000	857.000000	663.000000	57.000000	872.999600	691.971514	1.000000	12.168984
8.000000	15.000000	13.000000	872.000000	680.000000	57.000000	872.999600	691.971514	1.000000	12.617662
8.000000	16.000000	14.000000	756.000000	605.000000	46.000000	765.638051	598.854931	2.000000	13.288138
8.000000	17.000000	15.000000	951.000000	612.000000	48.000000	951.292350	612.043417	1.000000	13.888048
8.000000	18.000000	16.000000	976.000000	672.000000	58.000000	979.556283	686.144255	2.000000	14.353104
8.000000	19.000000	17.000000	1113.000000	677.000000	59.000000	1095.317959	684.704652	2.000000	14.882040
8.000000	20.000000	18.000000	966.000000	807.000000	68.000000	964.869002	817.052003	2.000000	15.673850
8.000000	21.000000	19.000000	982.000000	850.000000	78.000000	991.296341	871.695418	2.000000	16.216924
8.000000	22.000000	0.000000	1087.000000	904.000000	79.000000	1059.470842	893.337117	1.000000	16.664494
8.000000	23.000000	20.000000	1075.000000	889.000000	79.000000	1059.470842	893.337117	1.000000	17.248439
8.000000	24.000000	21.000000	1111.000000	816.000000	69.000000	1107.328704	824.716782	1.000000	17.736884
8.000000	25.000000	22.000000	1195.000000	590.000000	50.000000	1194.460943	594.034181	2.000000	19.833530
8.000000	26.000000	23.000000	1199.000000	481.000000	40.000000	1196.324291	476.328069	1.000000	20.441353
8.000000	27.000000	24.000000	1198.000000	375.000000	30.000000	1187.205352	380.754280	1.000000	20.954132
8.000000	28.000000	25.000000	888.000000	448.000000	37.000000	886.278120	446.886568	1.000000	21.817899
8.000000	29.000000	26.000000	766.000000	470.000000	36.000000	768.010777	466.310700	2.000000	22.385407
8.000000	30.000000	27.000000	742.000000	379.000000	26.000000	738.304589	375.635346	1.000000	22.921392
8.000000	31.000000	28.000000	749.000000	255.000000	16.000000	752.855894	269.120590	1.000000	23.930063
8.000000	32.000000	29.000000	1200.000000	166.000000	10.000000	1183.550822	178.282702	1.000000	25.224100
8.000000	33.000000	30.000000	1048.000000	139.000000	9.000000	1063.406143	141.724109	1.000000	25.881558
8.000000	34.000000	0.000000	968.000000	235.000000	18.000000	949.482131	256.074352	1.000000	26.824459
8.000000	35.000000	31.000000	972.000000	259.000000	18.000000	949.482131	256.074352	1.000000	27.496841
8.000000	36.000000	32.000000	890.000000	172.000000	7.000000	877.793914	180.973137	2.000000	28.098023
8.000000	37.000000	33.000000	858.000000	241.000000	17.000000	851.047012	252.456524	2.000000	28.649598
8.000000	38.000000	34.000000	441.000000	370.000000	23.000000	450.206111	391.837743	1.000000	30.089769
8.000000	39.000000	35.000000	317.000000	498.000000	32.000000	315.741348	497.109138	1.000000	30.921283
8.000000	40.000000	36.000000	526.000000	341.000000	24.000000	521.125062	342.988503	2.000000	31.673302
8.000000	41.000000	37.000000	536.000000	234.000000	14.000000	524.005464	239.589900	2.000000	32.417827
8.000000	42.000000	38.000000	390.000000	112.000000	3.000000	405.344839	119.168397	1.000000	33.200663
8.000000	43.000000	39.000000	280.000000	265.000000	12.000000	289.939950	277.040871	2.000000	34.241002
8.000000	44.000000	40.000000	189.000000	269.000000	11.000000	186.429244	273.936200	1.000000	35.545314
9.000000	1.000000	1.000000	190.000000	249.000000	11.000000	180.627119	240.736683	2.000000	2.101048
9.000000	2.000000	2.000000	213.000000	148.000000	1.000000	217.296272	148.111614	1.000000	2.766071
9.000000	3.000000	3.000000	297.000000	180.000000	2.000000	306.310539	188.099604	2.000000	3.413829
9.000000	4.000000	4.000000	635.000000	140.000000	5.000000	637.394791	128.395041	2.000000	4.525826
9.000000	5.000000	5.000000	739.000000	185.000000	6.000000	748.481092	180.314011	1.000000	5.254633
9.000000	6.000000	6.000000	631.000000	252.000000	15.000000	623.411976	256.977607	1.000000	5.805356
9.000000	7.000000	7.000000	517.000000	299.000000	14.000000	514.660150	293.252780	1.000000	6.270636
9.000000	8.000000	8.000000	514.000000	347.000000	24.000000	509.039177	346.587758	1.000000	6.716637
9.000000	9.000000	9.000000	775.000000	294.000000	16.000000	775.412639	289.944314	2.000000	7.462461
9.000000	10.000000	10.000000	896.000000	176.000000	7.000000	876.356497	179.915115	2.000000	8.270472
9.000000	11.000000	11.000000	965.000000	162.000000	8.000000	983.851061	164.603104	2.000000	8.733287
9.000000	12.000000	12.000000	1071.000000	181.000000	9.000000	1071.560818	185.908437	2.000000	9.230650
9.000000	13.000000	13.000000	1217.000000	165.000000	10.000000	1221.185736	171.718547	2.000000	10.237921
9.000000	14.000000	14.000000	1196.000000	231.000000	20.000000	1174.539264	240.127563	1.000000	10.693185
9.000000	15.000000	15.000000	992.000000	327.000000	28.000000	973.598560	330.793527	1.000000	11.350086
9.000000	16.000000	16.000000	781.000000	344.000000	26.000000	764.753580	346.881760	1.000000	12.044853
9.000000	17.000000	17.000000	653.000000	456.000000	35.000000	646.564832	457.812098	1.000000	12.597107
9.000000	18.000000	18.000000	548.000000	462.000000	34.000000	527.281137	473.954079	1.000000	13.054559
9.000000	19.000000	19.000000	383.000000	452.000000	33.000000	404.927192	442.506259	2.000000	13.597092
9.000000	20.000000	20.000000	306.000000	459.000000	32.000000	302.510254	465.925190	2.000000	14.069633
9.000000	21.000000	21.000000	429.000000	603.000000	43.000000	415.725647	609.343583	2.000000	14.837898
9.000000	22.000000	22.000000	528.000000	563.000000	44.000000	525.854018	555.263341	2.000000	15.478123
9.000000	23.000000	23.000000	657.000000	549.000000	45.000000	649.060962	546.072167	1.000000	16.149907
9.000000	24.000000	24.000000	659.000000	651.000000	55.000000	660.659709	663.062834	1.000000	16.846881
9.000000	25.000000	25.000000	548.000000	650.000000	54.000000	548.785410	654.250616	1.000000	17.301570
9.000000	26.000000	26.000000	411.000000	740.000000	63.000000	406.832604	755.037877	1.000000	17.868498
9.000000	27.000000	27.000000	281.000000	718.000000	52.000000	296.712117	712.344622	1.000000	18.406731
9.000000	28.000000	28.000000	174.000000	809.000000	61.000000	178.960352	821.051673	1.000000	19.046638
9.000000	29.000000	29.000000	399.000000	904.000000	73.000000	412.204712	901.694570	1.000000	19.830801
9.000000	30.000000	30.000000	664.000000	807.000000	65.000000	656.630132	791.061091	2.000000	20.549944
9.000000	31.000000	31.000000	635.000000	924.000000	75.000000	632.347303	927.001113	1.000000	21.036435
9.000000	32.000000	32.000000	750.000000	888.000000	76.000000	753.927021	874.478910	2.000000	21.518196
9.000000	33.000000	33.000000	866.000000	760.000000	67.000000	851.515238	759.358662	1.000000	22.101440
9.000000	34.000000	34.000000	992.000000	885.000000	78.000000	983.427633	905.997333	2.000000	22.837561
9.000000	35.000000	35.000000	1105.000000	902.000000	79.000000	1108.523871	894.891304	2.000000	23.885452
9.000000	36.000000	36.000000	1064.000000	817.000000	69.000000	1059.477442	804.797073	2.000000	24.557750
9.000000	37.000000	37.000000	992.000000	747.000000	68.000000	986.374225	757.146667	2.000000	25.453684
9.000000	38.000000	38.000000	1096.000000	700.000000	59.000000	1093.672580	692.269011	2.000000	26.077249
9.000000	39.000000	39.000000	1169.000000	703.000000	60.000000	1169.366016	710.315424	2.000000	26.502436
9.000000	40.000000	40.000000	983.000000	574.000000	48.000000	965.874268	571.036875	1.000000	27.486080
10.000000	1.000000	1.000000	307.000000	187.000000	2.000000	314.690794	187.782187	1.000000	1.459160
10.000000	2.000000	0.000000	466.000000	253.000000	13.000000	441.871045	244.165563	2.000000	2.123140
10.000000	3.000000	2.000000	454.000000	234.000000	13.000000	441.871045	244.165563	2.000000	2.706156
10.000000	4.000000	3.000000	540.000000	168.000000	4.000000	541.616424	156.172212	1.000000	3.298982
10.000000	5.000000	4.000000	540.000000	261.000000	14.000000	555.080767	261.525276	1.000000	3.875268
10.000000	6.000000	5.000000	639.000000	256.000000	15.000000	630.072189	244.060899	1.000000	4.290183
10.000000	7.000000	6.000000	739.000000	128.000000	6.000000	748.181013	128.080553	2.000000	5.034977
10.000000	8.000000	7.000000	855.000000	137.000000	7.000000	848.705598	135.204928	1.000000	5.874081
10.000000	9.000000	8.000000	879.000000	233.000000	17.000000	869.702370	229.246914	2.000000	6.418056
10.000000	10.000000	9.000000	762.000000	269.000000	16.000000	746.617313	281.335529	2.000000	6.931962
10.000000	11.000000	10.000000	677.000000	396.000000	25.000000	660.854198	391.689934	2.000000	7.650665
10.000000	12.000000	0.000000	592.000000	379.000000	24.000000	555.005971	381.352369	2.000000	8.155813
10.000000	13.000000	11.000000	568.000000	388.000000	24.000000	555.005971	381.352369	2.000000	8.579069
10.000000	14.000000	12.000000	514.000000	431.000000	34.000000	510.407966	437.539963	1.000000	9.579606
10.000000	15.000000	13.000000	334.000000	492.000000	32.000000	326.658836	507.278038	1.000000	10.258414
10.000000	16.000000	14.000000	214.000000	689.000000	51.000000	212.293480	680.417730	2.000000	11.339814
10.000000	17.000000	15.000000	201.000000	907.000000	71.000000	190.044584	927.165945	2.000000	12.234550
10.000000	18.000000	16.000000	334.000000	823.000000	62.000000	322.811420	817.721607	2.000000	12.890162
10.000000	19.000000	17.000000	428.000000	819.000000	63.000000	446.386526	816.606693	1.000000	13.458626
10.000000	20.000000	18.000000	666.000000	860.000000	75.000000	670.344783	865.858610	2.000000	14.386382
10.000000	21.000000	19.000000	526.000000	657.000000	54.000000	512.096368	664.765016	2.000000	15.147052
10.000000	22.000000	20.000000	557.000000	564.000000	44.000000	555.954711	571.412171	1.000000	16.316179
10.000000	23.000000	21.000000	627.000000	589.000000	45.000000	635.080240	585.694232	2.000000	16.794461
10.000000	24.000000	22.000000	626.000000	665.000000	55.000000	623.507142	666.153329	1.000000	17.522835
10.000000	25.000000	23.000000	750.000000	699.000000	56.000000	739.319747	697.421412	1.000000	18.210633
10.000000	26.000000	24.000000	763.000000	774.000000	66.000000	769.059568	789.134076	2.000000	18.931574
10.000000	27.000000	25.000000	859.000000	735.000000	57.000000	865.541423	713.365275	2.000000	19.435867
10.000000	28.000000	26.000000	764.000000	621.000000	46.000000	754.758776	607.624215	1.000000	20.002828
10.000000	29.000000	0.000000	930.000000	668.000000	58.000000	952.234284	654.414357	2.000000	20.531957
10.000000	30.000000	27.000000	949.000000	678.000000	58.000000	952.234284	654.414357	2.000000	21.171854
10.000000	31.000000	28.000000	954.000000	796.000000	68.000000	962.414866	808.920601	2.000000	21.772115
10.000000	32.000000	29.000000	976.000000	622.000000	48.000000	969.605608	609.683486	1.000000	22.652083
10.000000	33.000000	30.000000	1065.000000	596.000000	49.000000	1068.333218	590.438158	1.000000	23.163876
10.000000	34.000000	31.000000	1089.000000	680.000000	59.000000	1079.867954	668.119306	1.000000	23.714848
10.000000	35.000000	32.000000	1223.000000	616.000000	50.000000	1215.236433	611.569880	2.000000	25.010394
10.000000	36.000000	33.000000	871.000000	458.000000	37.000000	877.440947	478.964118	1.000000	25.811402
10.000000	37.000000	34.000000	877.000000	394.000000	27.000000	870.494710	382.875628	1.000000	26.291490
10.000000	38.000000	35.000000	1184.000000	459.000000	40.000000	1170.523228	462.477482	1.000000	27.083924
10.000000	39.000000	36.000000	1212.000000	390.000000	30.000000	1204.516924	376.659518	2.000000	27.539362
10.000000	40.000000	37.000000	1019.000000	324.000000	28.000000	1001.706530	332.087309	2.000000	28.410127
10.000000	41.000000	38.000000	1076.000000	292.000000	19.000000	1076.970071	278.815734	1.000000	28.795103
10.000000	42.000000	39.000000	1099.000000	184.000000	9.000000	1107.291502	187.852096	1.000000	29.290151
10.000000	43.000000	40.000000	1202.000000	177.000000	10.000000	1178.465259	174.572433	2.000000	29.699450
11.000000	1.000000	1.000000	1166.000000	492.000000	40.000000	1168.392806	473.892613	1.000000	2.060563
11.000000	2.000000	2.000000	1181.000000	575.000000	50.000000	1191.193668	575.692989	2.000000	2.590282
11.000000	3.000000	3.000000	1103.000000	581.000000	49.000000	1091.257710	587.460391	2.000000	3.140550
11.000000	4.000000	4.000000	1085.000000	683.000000	59.000000	1073.817290	682.828209	2.000000	3.845073
11.000000	5.000000	5.000000	1204.000000	757.000000	70.000000	1200.845621	760.698232	2.000000	4.581411
11.000000	6.000000	6.000000	1127.000000	896.000000	79.000000	1111.627542	899.102103	1.000000	5.253144
11.000000	7.000000	7.000000	970.000000	912.000000	78.000000	973.756356	914.080400	1.000000	5.757823
11.000000	8.000000	8.000000	889.000000	902.000000	77.000000	882.174961	894.489207	1.000000	6.364156
11.000000	9.000000	9.000000	895.000000	812.000000	67.000000	889.959956	811.876138	1.000000	6.852164
11.000000	10.000000	10.000000	754.000000	888.000000	76.000000	741.412089	892.099165	1.000000	7.365378
11.000000	11.000000	11.000000	435.000000	919.000000	73.000000	412.135212	924.195350	2.000000	8.572643
11.000000	12.000000	12.000000	327.000000	887.000000	72.000000	329.446792	883.926268	2.000000	8.998110
11.000000	13.000000	13.000000	416.000000	803.000000	63.000000	430.233459	793.454211	1.000000	9.717315
11.000000	14.000000	14.000000	502.000000	788.000000	64.000000	509.393801	784.518965	2.000000	10.260918
11.000000	15.000000	15.000000	397.000000	708.000000	53.000000	401.791087	711.847461	2.000000	10.972236
11.000000	16.000000	16.000000	415.000000	587.000000	43.000000	409.186134	583.397002	2.000000	11.837269
11.000000	17.000000	17.000000	340.000000	593.000000	42.000000	325.842985	603.637023	1.000000	12.628320
11.000000	18.000000	18.000000	212.000000	473.000000	31.000000	228.369235	483.895353	2.000000	13.197762
11.000000	19.000000	19.000000	188.000000	365.000000	21.000000	199.785920	345.697045	2.000000	13.878227
11.000000	20.000000	20.000000	298.000000	249.000000	12.000000	301.614868	255.477760	1.000000	14.524314
11.000000	21.000000	21.000000	324.000000	165.000000	2.000000	330.317344	161.719105	2.000000	15.029198
11.000000	22.000000	22.000000	514.000000	149.000000	4.000000	521.962054	132.919488	1.000000	15.997967
11.000000	23.000000	23.000000	658.000000	244.000000	15.000000	657.818906	249.151549	2.000000	16.780800
11.000000	24.000000	24.000000	430.000000	369.000000	23.000000	440.452265	373.672477	1.000000	17.540117
11.000000	25.000000	25.000000	524.000000	495.000000	34.000000	525.023153	493.987637	1.000000	18.372533
11.000000	26.000000	26.000000	609.000000	494.000000	35.000000	619.032058	503.162488	2.000000	18.854347
11.000000	27.000000	27.000000	559.000000	384.000000	24.000000	551.616322	379.449369	1.000000	19.509339
11.000000	28.000000	28.000000	671.000000	348.000000	25.000000	660.346377	344.607933	1.000000	20.020641
11.000000	29.000000	29.000000	743.000000	357.000000	26.000000	743.052883	358.825018	1.000000	20.694349
11.000000	30.000000	30.000000	736.000000	587.000000	46.000000	747.089673	597.510701	1.000000	21.557364
11.000000	31.000000	31.000000	877.000000	596.000000	47.000000	886.573365	596.041511	2.000000	22.124907
11.000000	32.000000	32.000000	956.000000	483.000000	38.000000	954.876594	490.943647	1.000000	22.701484
11.000000	33.000000	33.000000	1066.000000	370.000000	29.000000	1068.039941	374.218515	2.000000	23.340118
11.000000	34.000000	34.000000	1077.000000	307.000000	19.000000	1085.320819	290.883899	1.000000	23.892244
11.000000	35.000000	35.000000	1210.000000	168.000000	10.000000	1199.085411	174.732342	1.000000	25.165058
11.000000	36.000000	36.000000	1081.000000	135.000000	9.000000	1081.412502	125.160648	1.000000	25.950195
11.000000	37.000000	37.000000	971.000000	148.000000	8.000000	960.725109	154.554554	2.000000	26.556737
11.000000	38.000000	38.000000	871.000000	266.000000	17.000000	865.338245	259.065668	2.000000	27.093885
11.000000	39.000000	39.000000	756.000000	248.000000	16.000000	757.729487	244.076988	2.000000	27.564271
11.000000	40.000000	40.000000	774.000000	183.000000	6.000000	761.895938	173.186533	2.000000	28.004103
12.000000	1.000000	0.000000	356.000000	161.000000	2.000000	318.582164	153.535621	2.000000	1.084145
12.000000	2.000000	1.000000	328.000000	175.000000	2.000000	318.582164	153.535621	2.000000	1.524491
12.000000	3.000000	2.000000	222.000000	240.000000	11.000000	223.021983	260.965737	2.000000	2.092545
12.000000	4.000000	3.000000	309.000000	358.000000	22.000000	305.066631	348.353841	2.000000	2.814159
12.000000	5.000000	4.000000	434.000000	271.000000	13.000000	427.222288	273.423089	1.000000	3.422098
12.000000	6.000000	5.000000	519.000000	379.000000	24.000000	530.292156	382.094470	2.000000	4.108922
12.000000	7.000000	6.000000	530.000000	484.000000	34.000000	523.880255	502.666502	1.000000	4.661144
12.000000	8.000000	7.000000	442.000000	460.000000	33.000000	427.508658	463.944948	1.000000	5.116090
12.000000	9.000000	8.000000	311.000000	455.000000	32.000000	310.154011	464.788146	1.000000	5.581028
12.000000	10.000000	9.000000	218.000000	492.000000	31.000000	229.169777	504.355667	1.000000	6.132759
12.000000	11.000000	10.000000	414.000000	563.000000	43.000000	419.291702	556.122045	2.000000	6.990224
12.000000	12.000000	11.000000	524.000000	562.000000	44.000000	525.927863	560.180873	2.000000	7.445648
12.000000	13.000000	12.000000	305.000000	714.000000	52.000000	300.054450	711.157439	2.000000	8.182223
12.000000	14.000000	13.000000	301.000000	873.000000	72.000000	308.680630	869.080697	2.000000	8.990192
12.000000	15.000000	14.000000	409.000000	813.000000	63.000000	398.051217	805.196321	2.000000	9.636072
12.000000	16.000000	15.000000	528.000000	878.000000	74.000000	527.967844	878.608380	1.000000	10.236582
12.000000	17.000000	16.000000	632.000000	758.000000	65.000000	638.902265	768.149535	1.000000	10.876920
12.000000	18.000000	17.000000	747.000000	863.000000	76.000000	753.011659	867.417205	1.000000	11.676919
12.000000	19.000000	18.000000	851.000000	878.000000	77.000000	856.310707	889.003347	2.000000	13.436885
12.000000	20.000000	19.000000	874.000000	825.000000	67.000000	887.598033	806.820841	1.000000	13.909420
12.000000	21.000000	20.000000	947.000000	780.000000	68.000000	950.573961	769.629620	1.000000	14.381257
12.000000	22.000000	21.000000	949.000000	710.000000	58.000000	949.123917	704.195192	2.000000	14.788711
12.000000	23.000000	22.000000	1050.000000	689.000000	59.000000	1061.412581	671.106847	1.000000	15.382105
12.000000	24.000000	23.000000	1078.000000	767.000000	69.000000	1080.267202	777.520995	2.000000	15.893610
12.000000	25.000000	24.000000	1203.000000	765.000000	70.000000	1200.809679	770.141494	2.000000	16.332854
12.000000	26.000000	25.000000	1188.000000	917.000000	80.000000	1185.033595	905.842574	2.000000	16.829281
12.000000	27.000000	26.000000	1078.000000	922.000000	79.000000	1069.868970	926.215167	2.000000	17.508745
12.000000	28.000000	27.000000	614.000000	560.000000	45.000000	617.815139	572.173405	1.000000	18.476870
12.000000	29.000000	28.000000	635.000000	456.000000	35.000000	636.886428	443.809937	1.000000	19.092983
12.000000	30.000000	29.000000	792.000000	338.000000	26.000000	767.850413	336.705773	2.000000	19.883947
12.000000	31.000000	30.000000	858.000000	377.000000	27.000000	865.531746	383.145136	1.000000	20.453778
12.000000	32.000000	31.000000	1103.000000	496.000000	39.000000	1103.791508	499.036553	2.000000	21.180462
12.000000	33.000000	32.000000	1185.000000	500.000000	40.000000	1191.471427	505.548878	1.000000	21.733930
12.000000	34.000000	33.000000	1209.000000	330.000000	30.000000	1200.948978	344.297438	1.000000	22.317224
12.000000	35.000000	34.000000	970.000000	242.000000	18.000000	969.290896	244.423076	1.000000	23.150005
12.000000	36.000000	35.000000	1068.000000	177.000000	9.000000	1071.210427	157.920388	1.000000	23.973259
12.000000	37.000000	36.000000	868.000000	119.000000	7.000000	855.740299	118.440666	2.000000	24.828218
12.000000	38.000000	37.000000	744.000000	164.000000	6.000000	748.361660	171.616411	1.000000	25.276269
12.000000	39.000000	38.000000	744.000000	262.000000	16.000000	731.250205	275.711085	1.000000	25.676004
12.000000	40.000000	39.000000	659.000000	230.000000	15.000000	661.821263	232.730045	2.000000	26.078164
12.000000	41.000000	40.000000	561.000000	232.000000	14.000000	561.425959	235.246962	2.000000	26.484157
13.000000	1.000000	1.000000	737.000000	352.000000	26.000000	735.676754	350.297041	1.000000	1.434871
13.000000	2.000000	2.000000	664.000000	305.000000	15.000000	668.563150	285.475130	1.000000	1.817799
13.000000	3.000000	3.000000	627.000000	357.000000	25.000000	626.199461	341.488455	1.000000	2.178869
13.000000	4.000000	4.000000	770.000000	255.000000	16.000000	772.888293	240.365354	2.000000	2.754432
13.000000	5.000000	5.000000	869.000000	344.000000	27.000000	874.177656	336.804990	2.000000	3.258832
13.000000	6.000000	6.000000	845.000000	438.000000	37.000000	843.059045	456.741893	2.000000	3.713822
13.000000	7.000000	7.000000	1009.000000	381.000000	28.000000	994.119499	380.617368	2.000000	4.521643
13.000000	8.000000	8.000000	1042.000000	388.000000	29.000000	1058.398801	390.201747	2.000000	4.881334
13.000000	9.000000	9.000000	1219.000000	371.000000	30.000000	1213.067011	367.142995	2.000000	5.409187
13.000000	10.000000	10.000000	857.000000	184.000000	7.000000	847.176313	169.425825	1.000000	6.666909
13.000000	11.000000	11.000000	1073.000000	561.000000	49.000000	1073.957745	569.254903	2.000000	7.673937
13.000000	12.000000	12.000000	990.000000	595.000000	48.000000	985.014681	583.275668	1.000000	8.098939
13.000000	13.000000	13.000000	881.000000	596.000000	47.000000	875.079549	604.730180	1.000000	8.545648
13.000000	14.000000	0.000000	828.000000	704.000000	57.000000	846.369665	686.057627	1.000000	9.001929
13.000000	15.000000	14.000000	837.000000	695.000000	57.000000	846.369665	686.057627	1.000000	9.394385
13.000000	16.000000	15.000000	794.000000	674.000000	56.000000	779.762269	667.175906	2.000000	9.825948
13.000000	17.000000	16.000000	1182.000000	709.000000	60.000000	1191.656361	704.347921	2.000000	10.579133
13.000000	18.000000	17.000000	1092.000000	817.000000	69.000000	1085.051074	802.830860	1.000000	11.049610
13.000000	19.000000	18.000000	1182.000000	939.000000	80.000000	1171.347181	929.740120	2.000000	11.561592
13.000000	20.000000	0.000000	1106.000000	913.000000	79.000000	1077.577408	891.461235	2.000000	12.017896
13.000000	21.000000	19.000000	1087.000000	908.000000	79.000000	1077.577408	891.461235	2.000000	12.433695
13.000000	22.000000	20.000000	955.000000	910.000000	78.000000	957.352343	907.762655	1.000000	13.066234
13.000000	23.000000	21.000000	893.000000	908.000000	77.000000	873.344189	903.517344	1.000000	13.498235
13.000000	24.000000	22.000000	628.000000	694.000000	55.000000	625.563125	702.493604	1.000000	14.243420
13.000000	25.000000	23.000000	634.000000	631.000000	45.000000	631.160487	613.449283	1.000000	14.675011
13.000000	26.000000	24.000000	529.000000	696.000000	54.000000	532.717190	702.735259	1.000000	15.155134
13.000000	27.000000	25.000000	539.000000	807.000000	64.000000	541.791904	810.478446	2.000000	15.602436
13.000000	28.000000	26.000000	544.000000	861.000000	74.000000	546.023155	876.274536	2.000000	16.082480
13.000000	29.000000	27.000000	437.000000	782.000000	63.000000	440.864113	779.460679	1.000000	16.595244
13.000000	30.000000	28.000000	349.000000	821.000000	62.000000	330.973567	820.425536	2.000000	17.041995
13.000000	31.000000	29.000000	343.000000	914.000000	72.000000	328.729978	917.387409	2.000000	17.601652
13.000000	32.000000	30.000000	345.000000	671.000000	52.000000	330.672108	681.138178	1.000000	18.482459
13.000000	33.000000	31.000000	439.000000	665.000000	53.000000	442.044313	657.878165	2.000000	18.938720
13.000000	34.000000	32.000000	527.000000	544.000000	44.000000	528.257363	542.748404	2.000000	19.601260
13.000000	35.000000	33.000000	331.000000	582.000000	42.000000	314.036614	586.059118	1.000000	20.202464
13.000000	36.000000	34.000000	244.000000	665.000000	51.000000	227.376262	660.382305	1.000000	21.065954
13.000000	37.000000	35.000000	200.000000	578.000000	41.000000	188.106577	567.435842	2.000000	21.746616
13.000000	38.000000	36.000000	329.000000	485.000000	32.000000	336.691984	477.808120	2.000000	22.305677
13.000000	39.000000	37.000000	422.000000	369.000000	23.000000	429.053690	384.826469	1.000000	22.881971
13.000000	40.000000	38.000000	447.000000	243.000000	13.000000	440.243375	236.928552	2.000000	23.603260
13.000000	41.000000	39.000000	414.000000	157.000000	3.000000	418.780507	163.343024	1.000000	24.322754
13.000000	42.000000	40.000000	532.000000	180.000000	4.000000	539.690855	187.433920	1.000000	24.961567
14.000000	1.000000	1.000000	646.000000	245.000000	15.000000	636.255850	257.119041	2.000000	0.879663
14.000000	2.000000	2.000000	762.000000	183.000000	6.000000	770.840696	188.083210	2.000000	1.440111
14.000000	3.000000	3.000000	823.000000	179.000000	7.000000	841.879261	172.048229	2.000000	1.992739
14.000000	4.000000	4.000000	859.000000	243.000000	17.000000	860.376207	244.836903	2.000000	2.472901
14.000000	5.000000	5.000000	972.000000	178.000000	8.000000	965.119119	175.771518	2.000000	2.967223
14.000000	6.000000	6.000000	1079.000000	264.000000	19.000000	1085.557073	270.046934	1.000000	3.640261
14.000000	7.000000	7.000000	1205.000000	264.000000	20.000000	1201.535884	261.869810	2.000000	4.087676
14.000000	8.000000	8.000000	1211.000000	385.000000	30.000000	1193.310776	381.649795	1.000000	4.560437
14.000000	9.000000	9.000000	1096.000000	386.000000	29.000000	1079.504329	388.541350	2.000000	5.184115
14.000000	10.000000	10.000000	1119.000000	501.000000	39.000000	1106.100507	485.228631	2.000000	5.865092
14.000000	11.000000	11.000000	984.000000	393.000000	28.000000	982.205195	396.939836	1.000000	6.817412
14.000000	12.000000	12.000000	983.000000	546.000000	48.000000	989.085325	557.102823	2.000000	7.353166
14.000000	13.000000	13.000000	1200.000000	563.000000	50.000000	1210.330792	568.494607	1.000000	7.936565
14.000000	14.000000	14.000000	1213.000000	687.000000	60.000000	1205.283653	666.121228	1.000000	8.383449
14.000000	15.000000	15.000000	1109.000000	615.000000	49.000000	1108.361479	606.467060	1.000000	8.977365
14.000000	16.000000	16.000000	976.000000	666.000000	58.000000	988.756241	677.201582	1.000000	9.417454
14.000000	17.000000	17.000000	1063.000000	778.000000	69.000000	1068.246746	760.307939	1.000000	9.952648
14.000000	18.000000	18.000000	1217.000000	873.000000	80.000000	1218.932607	874.508093	1.000000	10.592059
14.000000	19.000000	19.000000	1001.000000	831.000000	68.000000	989.125554	818.497598	2.000000	11.201479
14.000000	20.000000	20.000000	968.000000	873.000000	78.000000	950.308366	878.627757	2.000000	11.600218
14.000000	21.000000	21.000000	887.000000	818.000000	67.000000	874.539417	813.679528	2.000000	12.081441
14.000000	22.000000	22.000000	840.000000	884.000000	77.000000	845.335847	888.207104	1.000000	12.679532
14.000000	23.000000	23.000000	662.000000	887.000000	75.000000	669.301818	877.061793	1.000000	13.591487
14.000000	24.000000	24.000000	619.000000	718.000000	55.000000	626.392388	715.001505	2.000000	14.423538
14.000000	25.000000	25.000000	533.000000	670.000000	54.000000	513.773483	661.280252	1.000000	15.040937
14.000000	26.000000	26.000000	737.000000	493.000000	36.000000	727.917765	496.593895	1.000000	15.865258
14.000000	27.000000	27.000000	211.000000	837.000000	61.000000	212.012394	823.156951	1.000000	17.064682
14.000000	28.000000	28.000000	192.000000	907.000000	71.000000	191.261512	916.646745	1.000000	17.463429
14.000000	29.000000	29.000000	204.000000	712.000000	51.000000	195.648378	718.101413	2.000000	18.104030
14.000000	30.000000	30.000000	289.000000	605.000000	42.000000	293.416878	592.663297	2.000000	18.640855
14.000000	31.000000	31.000000	424.000000	603.000000	43.000000	423.387635	592.302189	2.000000	19.145476
14.000000	32.000000	32.000000	425.000000	482.000000	33.000000	424.428655	479.062658	1.000000	19.688465
14.000000	33.000000	33.000000	655.000000	475.000000	35.000000	644.668118	470.316852	2.000000	20.344959
14.000000	34.000000	34.000000	750.000000	361.000000	26.000000	742.657888	361.879866	2.000000	21.072056
14.000000	35.000000	35.000000	456.000000	342.000000	23.000000	448.408324	336.151427	1.000000	21.847504
14.000000	36.000000	36.000000	335.000000	341.000000	22.000000	325.438065	349.767884	2.000000	22.264991
14.000000	37.000000	37.000000	221.000000	373.000000	21.000000	221.080899	378.649903	2.000000	22.752930
14.000000	38.000000	0.000000	191.000000	238.000000	11.000000	190.974097	263.753109	1.000000	23.304840
14.000000	39.000000	38.000000	199.000000	256.000000	11.000000	190.974097	263.753109	1.000000	23.848299
14.000000	40.000000	39.000000	306.000000	238.000000	12.000000	309.294650	230.854283	1.000000	24.337299
14.000000	41.000000	40.000000	309.000000	146.000000	2.000000	304.496395	133.799461	1.000000	25.040264
15.000000	1.000000	1.000000	301.000000	247.000000	12.000000	293.693924	251.793870	2.000000	1.155910
15.000000	2.000000	2.000000	434.000000	177.000000	3.000000	439.375388	162.982455	1.000000	1.883276
15.000000	3.000000	3.000000	524.000000	173.000000	4.000000	539.968113	173.476054	1.000000	2.613257
15.000000	4.000000	4.000000	507.000000	221.000000	14.000000	511.367763	228.321614	2.000000	3.108955
15.000000	5.000000	5.000000	208.000000	326.000000	21.000000	202.624049	336.478697	1.000000	3.917256
15.000000	6.000000	6.000000	211.000000	450.000000	31.000000	208.340990	440.277092	1.000000	4.852156
15.000000	7.000000	7.000000	282.000000	488.000000	32.000000	290.205176	496.033809	2.000000	5.499383
15.000000	8.000000	8.000000	415.000000	456.000000	33.000000	406.957574	444.206372	2.000000	6.269321
15.000000	9.000000	9.000000	405.000000	555.000000	43.000000	404.900161	565.787491	1.000000	6.947947
15.000000	10.000000	10.000000	522.000000	451.000000	34.000000	523.999860	444.918000	2.000000	7.715730
15.000000	11.000000	11.000000	523.000000	568.000000	44.000000	523.905097	571.250970	2.000000	8.405104
15.000000	12.000000	12.000000	639.000000	482.000000	35.000000	639.505803	483.956696	2.000000	9.074930
15.000000	13.000000	13.000000	671.000000	559.000000	45.000000	669.101112	575.285803	1.000000	9.612731
15.000000	14.000000	14.000000	739.000000	509.000000	36.000000	756.163974	492.196730	1.000000	10.187864
15.000000	15.000000	15.000000	741.000000	571.000000	46.000000	749.434320	580.218798	1.000000	10.932903
15.000000	16.000000	16.000000	744.000000	254.000000	16.000000	742.499007	245.100976	1.000000	12.115554
15.000000	17.000000	17.000000	864.000000	116.000000	7.000000	856.639236	122.317280	2.000000	12.853434
15.000000	18.000000	18.000000	774.000000	327.000000	26.000000	778.057571	337.142521	1.000000	13.379836
15.000000	19.000000	19.000000	881.000000	328.000000	27.000000	886.035120	330.262332	1.000000	13.829218
15.000000	20.000000	20.000000	951.000000	151.000000	8.000000	958.973676	148.305880	2.000000	14.556995
15.000000	21.000000	21.000000	999.000000	302.000000	18.000000	990.212863	290.236687	2.000000	15.347433
15.000000	22.000000	22.000000	1072.000000	280.000000	19.000000	1084.658715	274.349944	2.000000	15.965273
15.000000	23.000000	23.000000	1193.000000	126.000000	10.000000	1194.710064	138.873370	1.000000	16.524886
15.000000	24.000000	24.000000	1223.000000	350.000000	30.000000	1222.400174	354.038083	2.000000	17.340663
15.000000	25.000000	25.000000	1073.000000	681.000000	59.000000	1071.526962	687.817170	2.000000	18.364908
15.000000	26.000000	26.000000	965.000000	773.000000	68.000000	950.111175	762.400198	1.000000	19.195251
15.000000	27.000000	27.000000	950.000000	906.000000	78.000000	952.994804	906.017705	1.000000	19.837318
15.000000	28.000000	28.000000	856.000000	897.000000	77.000000	843.606638	889.258710	2.000000	20.268519
15.000000	29.000000	29.000000	782.000000	718.000000	56.000000	782.362175	711.754436	2.000000	21.060591
15.000000	30.000000	30.000000	849.000000	673.000000	57.000000	852.981323	663.859786	2.000000	21.507280
15.000000	31.000000	31.000000	627.000000	716.000000	55.000000	636.261041	703.836648	2.000000	22.020383
15.000000	32.000000	32.000000	544.000000	887.000000	74.000000	529.047372	887.039255	2.000000	22.731623
15.000000	33.000000	0.000000	398.000000	864.000000	73.000000	420.874328	885.234541	1.000000	25.485232
15.000000	34.000000	33.000000	420.000000	878.000000	73.000000	420.874328	885.234541	1.000000	26.243948
15.000000	35.000000	0.000000	684.000000	801.000000	65.000000	659.150813	804.106022	1.000000	27.020235
15.000000	36.000000	34.000000	660.000000	805.000000	65.000000	659.150813	804.106022	1.000000	27.549078
15.000000	37.000000	35.000000	723.000000	804.000000	66.000000	730.221975	803.047212	1.000000	28.021358
15.000000	38.000000	36.000000	760.000000	893.000000	76.000000	766.263941	900.409350	1.000000	28.547594
15.000000	39.000000	37.000000	668.000000	889.000000	75.000000	671.337749	888.916440	1.000000	29.019573
15.000000	40.000000	38.000000	430.000000	674.000000	53.000000	427.829302	677.552410	2.000000	29.779245
15.000000	41.000000	39.000000	310.000000	671.000000	52.000000	303.297513	672.893663	1.000000	30.196223
15.000000	42.000000	40.000000	222.000000	687.000000	51.000000	230.722861	690.074848	2.000000	30.572610
16.000000	1.000000	1.000000	416.000000	859.000000	73.000000	410.513845	867.013545	2.000000	1.129025
16.000000	2.000000	2.000000	437.000000	814.000000	63.000000	434.504468	822.106091	1.000000	1.495828
16.000000	3.000000	3.000000	439.000000	700.000000	53.000000	438.344915	690.714204	2.000000	2.200163
16.000000	4.000000	4.000000	432.000000	532.000000	43.000000	433.637353	546.159001	2.000000	2.863218
16.000000	5.000000	5.000000	343.000000	548.000000	42.000000	321.479376	553.252361	1.000000	3.384455
16.000000	6.000000	6.000000	198.000000	534.000000	41.000000	184.635699	547.262070	2.000000	4.088025
16.000000	7.000000	7.000000	332.000000	449.000000	32.000000	332.184391	441.957311	2.000000	4.816395
16.000000	8.000000	8.000000	464.000000	451.000000	33.000000	449.284567	457.162834	2.000000	5.215305
16.000000	9.000000	9.000000	288.000000	393.000000	22.000000	291.088342	392.395434	1.000000	5.840102
16.000000	10.000000	0.000000	193.000000	312.000000	21.000000	207.312817	348.064215	1.000000	6.264569
16.000000	11.000000	10.000000	198.000000	340.000000	21.000000	207.312817	348.064215	1.000000	6.687834
16.000000	12.000000	0.000000	229.000000	224.000000	11.000000	230.897087	249.860886	2.000000	7.088693
16.000000	13.000000	11.000000	231.000000	252.000000	11.000000	230.897087	249.860886	2.000000	7.432857
16.000000	14.000000	12.000000	408.000000	165.000000	3.000000	404.023346	155.167078	2.000000	8.160670
16.000000	15.000000	13.000000	426.000000	273.000000	13.000000	438.079599	279.258508	1.000000	8.608181
16.000000	16.000000	14.000000	514.000000	280.000000	14.000000	527.883315	285.200598	1.000000	9.063299
16.000000	17.000000	15.000000	547.000000	377.000000	24.000000	550.982438	384.917626	1.000000	9.583423
16.000000	18.000000	16.000000	756.000000	235.000000	16.000000	752.450245	239.395465	1.000000	10.257222
16.000000	19.000000	17.000000	836.000000	237.000000	17.000000	854.790342	244.760885	1.000000	10.664880
16.000000	20.000000	18.000000	851.000000	314.000000	27.000000	845.091319	330.026681	1.000000	11.183306
16.000000	21.000000	0.000000	874.000000	104.000000	7.000000	871.474335	136.248224	2.000000	11.696934
16.000000	22.000000	19.000000	889.000000	135.000000	7.000000	871.474335	136.248224	2.000000	12.279180
16.000000	23.000000	20.000000	1009.000000	129.000000	8.000000	998.856262	128.242790	2.000000	12.767983
16.000000	24.000000	0.000000	1060.000000	168.000000	9.000000	1083.645086	186.695178	2.000000	13.256461
16.000000	25.000000	21.000000	1091.000000	204.000000	9.000000	1083.645086	186.695178	2.000000	14.095911
16.000000	26.000000	22.000000	1070.000000	255.000000	19.000000	1065.611645	250.976601	1.000000	14.553251
16.000000	27.000000	0.000000	1254.000000	271.000000	20.000000	1206.857397	276.819248	1.000000	15.096881
16.000000	28.000000	23.000000	1222.000000	272.000000	20.000000	1206.857397	276.819248	1.000000	15.441241
16.000000	29.000000	24.000000	1105.000000	366.000000	29.000000	1095.507320	376.817872	1.000000	16.096247
16.000000	30.000000	25.000000	955.000000	410.000000	28.000000	963.047689	399.011234	2.000000	16.647488
16.000000	31.000000	26.000000	859.000000	465.000000	37.000000	870.867384	469.929427	1.000000	17.208738
16.000000	32.000000	27.000000	745.000000	551.000000	46.000000	742.920690	542.802940	2.000000	17.928539
16.000000	33.000000	28.000000	653.000000	551.000000	45.000000	648.333942	549.711409	1.000000	18.328737
16.000000	34.000000	29.000000	971.000000	593.000000	48.000000	982.261433	590.983653	2.000000	19.121239
16.000000	35.000000	30.000000	1070.000000	617.000000	49.000000	1073.412799	613.097989	1.000000	19.536958
16.000000	36.000000	31.000000	1196.000000	687.000000	60.000000	1198.074572	686.355332	1.000000	20.128160
16.000000	37.000000	32.000000	979.000000	667.000000	58.000000	960.779850	662.490385	2.000000	20.745272
16.000000	38.000000	33.000000	876.000000	668.000000	57.000000	857.387325	672.611128	2.000000	21.192191
16.000000	39.000000	34.000000	760.000000	676.000000	56.000000	749.752561	683.543229	1.000000	21.768941
16.000000	40.000000	35.000000	774.000000	780.000000	66.000000	772.421805	766.945766	2.000000	22.399371
16.000000	41.000000	36.000000	636.000000	712.000000	55.000000	635.939892	702.720904	2.000000	22.936391
16.000000	42.000000	37.000000	768.000000	935.000000	76.000000	768.222100	923.400172	2.000000	23.887187
16.000000	43.000000	38.000000	994.000000	908.000000	78.000000	998.987331	916.187823	2.000000	24.592329
16.000000	44.000000	0.000000	1087.000000	807.000000	69.000000	1061.922167	809.878307	1.000000	25.079261
16.000000	45.000000	39.000000	1060.000000	807.000000	69.000000	1061.922167	809.878307	1.000000	25.615303
16.000000	46.000000	40.000000	1208.000000	919.000000	80.000000	1211.088641	912.062253	1.000000	26.175806
17.000000	1.000000	1.000000	1181.000000	819.000000	70.000000	1168.181563	816.122450	1.000000	0.922654
17.000000	2.000000	2.000000	1086.000000	777.000000	69.000000	1080.760508	768.351535	1.000000	1.458725
17.000000	3.000000	3.000000	1084.000000	676.000000	59.000000	1071.530423	667.871387	1.000000	1.954774
17.000000	4.000000	4.000000	1001.000000	721.000000	58.000000	1001.972568	713.363854	2.000000	2.489889
17.000000	5.000000	5.000000	985.000000	870.000000	78.000000	976.477041	878.026785	2.000000	3.217758
17.000000	6.000000	6.000000	888.000000	777.000000	67.000000	883.869908	782.825327	1.000000	3.907338
17.000000	7.000000	7.000000	1218.000000	616.000000	50.000000	1206.732765	605.106770	1.000000	4.627037
17.000000	8.000000	8.000000	1091.000000	490.000000	39.000000	1081.185125	494.174596	2.000000	5.146917
17.000000	9.000000	9.000000	979.000000	468.000000	38.000000	973.769049	458.402015	1.000000	5.634550
17.000000	10.000000	10.000000	896.000000	456.000000	37.000000	890.817664	470.632319	2.000000	6.161870
17.000000	11.000000	11.000000	873.000000	375.000000	27.000000	867.975401	357.052665	2.000000	6.810409
17.000000	12.000000	12.000000	854.000000	215.000000	17.000000	844.207466	227.135014	2.000000	7.305529
17.000000	13.000000	13.000000	879.000000	187.000000	7.000000	879.933238	179.051629	1.000000	7.794248
17.000000	14.000000	14.000000	1210.000000	187.000000	10.000000	1208.472896	179.938085	2.000000	8.601834
17.000000	15.000000	15.000000	687.000000	158.000000	5.000000	672.319491	152.571224	2.000000	9.962763
17.000000	16.000000	16.000000	522.000000	125.000000	4.000000	509.223698	123.954940	2.000000	10.651945
17.000000	17.000000	0.000000	642.000000	264.000000	15.000000	644.202578	235.180289	2.000000	11.482570
17.000000	18.000000	17.000000	295.000000	173.000000	2.000000	294.871361	183.656903	1.000000	12.627877
17.000000	19.000000	0.000000	173.000000	184.000000	1.000000	200.994180	182.247785	2.000000	13.076007
17.000000	20.000000	18.000000	194.000000	184.000000	1.000000	200.994180	182.247785	2.000000	13.436026
17.000000	21.000000	19.000000	641.000000	245.000000	15.000000	644.202578	235.180289	2.000000	14.449683
17.000000	22.000000	20.000000	416.000000	282.000000	13.000000	415.068811	289.959211	1.000000	15.051585
17.000000	23.000000	21.000000	356.000000	320.000000	22.000000	339.766306	330.345148	2.000000	15.633596
17.000000	24.000000	22.000000	208.000000	359.000000	21.000000	195.305321	363.592950	2.000000	16.322186
17.000000	25.000000	23.000000	434.000000	351.000000	23.000000	435.977421	339.429634	1.000000	16.930418
17.000000	26.000000	24.000000	513.000000	346.000000	24.000000	511.126441	346.732004	1.000000	17.347573
17.000000	27.000000	25.000000	652.000000	345.000000	25.000000	657.506671	343.073585	1.000000	18.075781
17.000000	28.000000	26.000000	318.000000	453.000000	32.000000	312.594093	448.502765	1.000000	18.795452
17.000000	29.000000	27.000000	739.000000	462.000000	36.000000	735.371984	461.508101	2.000000	19.450901
17.000000	30.000000	28.000000	437.000000	577.000000	43.000000	452.136714	574.592876	1.000000	21.018087
17.000000	31.000000	0.000000	632.000000	574.000000	45.000000	654.850736	585.856122	1.000000	21.555428
17.000000	32.000000	29.000000	644.000000	578.000000	45.000000	654.850736	585.856122	1.000000	21.914604
17.000000	33.000000	30.000000	741.000000	647.000000	56.000000	727.570408	656.647035	2.000000	22.505870
17.000000	34.000000	31.000000	645.000000	687.000000	55.000000	656.310482	699.709989	2.000000	22.994569
17.000000	35.000000	32.000000	730.000000	896.000000	76.000000	730.785497	897.806843	1.000000	23.794330
17.000000	36.000000	33.000000	676.000000	898.000000	75.000000	661.821304	900.339051	1.000000	24.203058
17.000000	37.000000	34.000000	508.000000	894.000000	74.000000	510.813485	890.203662	2.000000	24.666554
17.000000	38.000000	35.000000	513.000000	778.000000	64.000000	512.753257	767.971064	1.000000	25.449562
17.000000	39.000000	36.000000	399.000000	775.000000	63.000000	406.219086	770.150809	2.000000	25.867781
17.000000	40.000000	37.000000	442.000000	717.000000	53.000000	438.612541	696.757430	2.000000	26.531054
17.000000	41.000000	38.000000	291.000000	705.000000	52.000000	295.537244	704.876340	1.000000	27.019814
17.000000	42.000000	39.000000	297.000000	820.000000	62.000000	300.035721	819.833632	1.000000	27.841972
17.000000	43.000000	40.000000	246.000000	659.000000	51.000000	232.193047	662.371469	2.000000	28.651815
18.000000	1.000000	1.000000	199.000000	922.000000	71.000000	197.452662	912.987372	2.000000	1.420783
18.000000	2.000000	0.000000	329.000000	802.000000	62.000000	300.248908	814.046166	2.000000	1.914749
18.000000	3.000000	2.000000	309.000000	808.000000	62.000000	300.248908	814.046166	2.000000	2.426679
18.000000	4.000000	3.000000	401.000000	900.000000	73.000000	402.592032	914.319876	1.000000	3.100005
18.000000	5.000000	4.000000	438.000000	772.000000	63.000000	442.939012	769.099781	1.000000	3.660146
18.000000	6.000000	5.000000	538.000000	667.000000	54.000000	528.961500	688.288434	1.000000	4.114839
18.000000	7.000000	6.000000	454.000000	663.000000	53.000000	431.923106	664.590466	2.000000	4.708241
18.000000	8.000000	7.000000	333.000000	564.000000	42.000000	334.654561	565.973843	2.000000	5.603138
18.000000	9.000000	8.000000	217.000000	588.000000	41.000000	211.279467	590.371134	2.000000	6.076246
18.000000	10.000000	9.000000	433.000000	520.000000	33.000000	423.747584	503.712603	2.000000	6.628246
18.000000	11.000000	10.000000	503.000000	498.000000	34.000000	510.193793	490.382385	1.000000	7.180023
18.000000	12.000000	11.000000	182.000000	442.000000	31.000000	184.767816	456.801287	2.000000	8.027243
18.000000	13.000000	0.000000	188.000000	361.000000	21.000000	200.618321	337.085472	1.000000	8.708184
18.000000	14.000000	12.000000	206.000000	336.000000	21.000000	200.618321	337.085472	1.000000	9.746828
18.000000	15.000000	13.000000	211.000000	188.000000	1.000000	213.510179	182.334182	1.000000	10.563014
18.000000	16.000000	14.000000	321.000000	355.000000	22.000000	323.157616	362.207300	1.000000	11.540031
18.000000	17.000000	15.000000	426.000000	347.000000	23.000000	433.459871	343.700446	2.000000	12.020079
18.000000	18.000000	16.000000	534.000000	289.000000	14.000000	533.314595	283.332144	1.000000	12.714749
18.000000	19.000000	17.000000	526.000000	345.000000	24.000000	525.428724	358.532094	1.000000	13.155797
18.000000	20.000000	18.000000	636.000000	342.000000	25.000000	646.901305	341.232162	1.000000	13.667796
18.000000	21.000000	19.000000	849.000000	172.000000	7.000000	842.886034	173.074944	2.000000	14.411690
18.000000	22.000000	20.000000	1005.000000	220.000000	18.000000	989.926001	224.411458	2.000000	14.980616
18.000000	23.000000	21.000000	1081.000000	219.000000	19.000000	1076.481641	231.316259	1.000000	15.612647
18.000000	24.000000	22.000000	1097.000000	135.000000	9.000000	1111.170767	126.297070	2.000000	16.162846
18.000000	25.000000	23.000000	1197.000000	290.000000	20.000000	1197.744104	286.311918	2.000000	16.842796
18.000000	26.000000	24.000000	1168.000000	381.000000	30.000000	1176.572255	375.091342	2.000000	17.276673
18.000000	27.000000	25.000000	1103.000000	400.000000	29.000000	1107.120343	390.753954	1.000000	17.747485
18.000000	28.000000	26.000000	1203.000000	477.000000	40.000000	1204.669782	470.620716	1.000000	18.251523
18.000000	29.000000	27.000000	968.000000	346.000000	28.000000	976.106102	345.888689	2.000000	18.867563
18.000000	30.000000	28.000000	884.000000	483.000000	37.000000	872.229509	487.780335	2.000000	19.516752
18.000000	31.000000	29.000000	1083.000000	516.000000	39.000000	1075.602639	505.594433	2.000000	20.131801
18.000000	32.000000	30.000000	1186.000000	578.000000	50.000000	1176.754053	570.510989	2.000000	20.564974
18.000000	33.000000	31.000000	1103.000000	610.000000	49.000000	1111.875851	600.750497	2.000000	21.276833
18.000000	34.000000	32.000000	1212.000000	697.000000	60.000000	1213.500547	695.273432	2.000000	21.987684
18.000000	35.000000	33.000000	759.000000	463.000000	36.000000	763.083278	483.745642	1.000000	22.836603
18.000000	36.000000	34.000000	839.000000	573.000000	47.000000	843.260724	579.780221	1.000000	23.363969
18.000000	37.000000	35.000000	796.000000	596.000000	46.000000	781.437122	603.216858	2.000000	23.819636
18.000000	38.000000	36.000000	1067.000000	786.000000	69.000000	1076.179606	789.223181	1.000000	24.660340
18.000000	39.000000	37.000000	1160.000000	917.000000	80.000000	1178.042753	919.235485	1.000000	25.204367
18.000000	40.000000	38.000000	957.000000	885.000000	78.000000	953.642566	881.440170	1.000000	25.971821
18.000000	41.000000	39.000000	836.000000	885.000000	77.000000	841.493139	893.524892	1.000000	26.411875
18.000000	42.000000	40.000000	681.000000	880.000000	75.000000	661.003670	872.656899	1.000000	27.020718
19.000000	1.000000	1.000000	659.000000	879.000000	75.000000	654.605359	879.854483	2.000000	0.999797
19.000000	2.000000	2.000000	652.000000	803.000000	65.000000	648.153783	812.316504	1.000000	1.815903
19.000000	3.000000	3.000000	520.000000	765.000000	64.000000	522.162360	777.049875	1.000000	2.406699
19.000000	4.000000	4.000000	339.000000	792.000000	62.000000	323.942348	807.473914	1.000000	3.079320
19.000000	5.000000	5.000000	221.000000	787.000000	61.000000	219.526614	793.698927	2.000000	3.552325
19.000000	6.000000	6.000000	347.000000	712.000000	52.000000	333.326383	700.776875	2.000000	4.096295
19.000000	7.000000	7.000000	189.000000	550.000000	41.000000	189.350237	563.715510	2.000000	5.096483
19.000000	8.000000	8.000000	299.000000	549.000000	42.000000	308.084571	558.057514	1.000000	5.582532
19.000000	9.000000	9.000000	502.000000	549.000000	44.000000	511.005925	556.081247	2.000000	6.135338
19.000000	10.000000	10.000000	667.000000	726.000000	55.000000	653.739011	719.039162	1.000000	6.952587
19.000000	11.000000	11.000000	774.000000	797.000000	66.000000	779.441314	811.790447	1.000000	7.599446
19.000000	12.000000	12.000000	754.000000	658.000000	56.000000	748.763429	660.304123	1.000000	8.175425
19.000000	13.000000	13.000000	967.000000	883.000000	78.000000	957.011609	876.724895	2.000000	8.991789
19.000000	14.000000	14.000000	996.000000	827.000000	68.000000	989.266635	818.774599	1.000000	9.414468
19.000000	15.000000	15.000000	1113.000000	891.000000	79.000000	1103.171329	888.347745	1.000000	10.176262
19.000000	16.000000	16.000000	1090.000000	770.000000	69.000000	1098.365130	771.216401	2.000000	10.664367
19.000000	17.000000	17.000000	1118.000000	683.000000	59.000000	1097.614690	677.724680	1.000000	11.167209
19.000000	18.000000	18.000000	1009.000000	700.000000	58.000000	998.907750	686.333835	1.000000	11.631637
19.000000	19.000000	19.000000	1001.000000	560.000000	48.000000	988.138034	563.796349	1.000000	12.247635
19.000000	20.000000	20.000000	1060.000000	548.000000	49.000000	1072.509944	547.993838	2.000000	12.680469
19.000000	21.000000	21.000000	1203.000000	549.000000	50.000000	1190.470724	556.153526	2.000000	13.102854
19.000000	22.000000	22.000000	1216.000000	500.000000	40.000000	1199.970912	492.784557	2.000000	13.622812
19.000000	23.000000	0.000000	784.000000	575.000000	46.000000	762.904726	591.493880	2.000000	14.431551
19.000000	24.000000	23.000000	763.000000	582.000000	46.000000	762.904726	591.493880	2.000000	15.063550
19.000000	25.000000	24.000000	741.000000	479.000000	36.000000	736.184281	475.366621	1.000000	15.654818
19.000000	26.000000	25.000000	888.000000	452.000000	37.000000	883.060300	454.441580	1.000000	16.184201
19.000000	27.000000	26.000000	976.000000	397.000000	28.000000	974.780299	397.731937	2.000000	16.696361
19.000000	28.000000	27.000000	1230.000000	150.000000	10.000000	1219.664827	162.338807	2.000000	17.631378
19.000000	29.000000	28.000000	734.000000	279.000000	16.000000	729.787091	289.780030	2.000000	18.823997
19.000000	30.000000	0.000000	633.000000	217.000000	15.000000	637.693958	241.830085	2.000000	19.359809
19.000000	31.000000	29.000000	646.000000	249.000000	15.000000	637.693958	241.830085	2.000000	19.984282
19.000000	32.000000	30.000000	650.000000	330.000000	25.000000	639.186732	350.232355	2.000000	20.528478
19.000000	33.000000	31.000000	993.000000	169.000000	8.000000	987.887422	156.867680	1.000000	21.575008
19.000000	34.000000	32.000000	1099.000000	165.000000	9.000000	1090.487676	169.842700	1.000000	22.016132
19.000000	35.000000	33.000000	1193.000000	276.000000	20.000000	1193.517916	278.618026	1.000000	22.568385
19.000000	36.000000	34.000000	660.000000	150.000000	5.000000	663.250490	146.760467	2.000000	23.464208
19.000000	37.000000	35.000000	524.000000	119.000000	4.000000	524.942758	122.116312	2.000000	24.078940
19.000000	38.000000	36.000000	519.000000	256.000000	14.000000	521.910940	267.284715	2.000000	24.558612
19.000000	39.000000	37.000000	433.000000	271.000000	13.000000	431.890886	279.433778	2.000000	25.200383
19.000000	40.000000	38.000000	328.000000	253.000000	12.000000	330.310977	250.648634	1.000000	25.670756
19.000000	41.000000	39.000000	216.000000	260.000000	11.000000	219.328006	259.574435	1.000000	26.104123
19.000000	42.000000	40.000000	286.000000	129.000000	2.000000	292.550063	140.115775	1.000000	26.703947
20.000000	1.000000	1.000000	194.000000	292.000000	11.000000	198.238461	288.408387	1.000000	1.337956
20.000000	2.000000	2.000000	326.000000	271.000000	12.000000	327.178296	266.397027	1.000000	2.008130
20.000000	3.000000	3.000000	416.000000	271.000000	13.000000	404.778177	276.427964	2.000000	2.481662
20.000000	4.000000	4.000000	413.000000	342.000000	23.000000	412.115601	344.839845	2.000000	3.280575
20.000000	5.000000	5.000000	554.000000	243.000000	14.000000	545.832702	244.471381	2.000000	3.992154
20.000000	6.000000	6.000000	613.000000	185.000000	5.000000	632.971071	179.613359	2.000000	4.400049
20.000000	7.000000	7.000000	647.000000	275.000000	15.000000	657.407401	273.856278	1.000000	4.984284
20.000000	8.000000	0.000000	723.000000	139.000000	6.000000	744.322367	155.494617	1.000000	5.376551
20.000000	9.000000	8.000000	746.000000	155.000000	6.000000	744.322367	155.494617	1.000000	5.969972
20.000000	10.000000	9.000000	780.000000	244.000000	16.000000	781.642568	258.362278	1.000000	6.424605
20.000000	11.000000	10.000000	833.000000	272.000000	17.000000	848.854935	274.893233	1.000000	6.897770
20.000000	12.000000	11.000000	996.000000	169.000000	8.000000	996.045041	162.462794	1.000000	7.624101
20.000000	13.000000	12.000000	982.000000	236.000000	18.000000	981.684806	233.233204	2.000000	8.577311
20.000000	14.000000	13.000000	1207.000000	162.000000	10.000000	1194.786632	161.390779	2.000000	9.297893
20.000000	15.000000	14.000000	1210.000000	297.000000	20.000000	1210.097701	280.769185	2.000000	10.010095
20.000000	16.000000	15.000000	1181.000000	359.000000	30.000000	1172.788507	376.484930	1.000000	10.458040
20.000000	17.000000	16.000000	1107.000000	360.000000	29.000000	1109.496552	356.030555	2.000000	10.889783
20.000000	18.000000	17.000000	992.000000	358.000000	28.000000	988.513448	355.323365	2.000000	11.281002
20.000000	19.000000	18.000000	1211.000000	507.000000	40.000000	1211.763001	503.761777	1.000000	12.032666
20.000000	20.000000	19.000000	1186.000000	584.000000	50.000000	1184.861257	590.890752	2.000000	12.417986
20.000000	21.000000	20.000000	1172.000000	782.000000	70.000000	1168.646515	802.447392	1.000000	13.471626
20.000000	22.000000	21.000000	1182.000000	936.000000	80.000000	1183.040935	922.132436	2.000000	14.114122
20.000000	23.000000	22.000000	999.000000	769.000000	68.000000	996.377936	768.931295	1.000000	15.416551
20.000000	24.000000	23.000000	985.000000	699.000000	58.000000	992.053012	700.432225	1.000000	15.800301
20.000000	25.000000	24.000000	885.000000	699.000000	57.000000	877.914600	701.147926	1.000000	16.386016
20.000000	26.000000	25.000000	767.000000	753.000000	66.000000	759.806428	763.990151	1.000000	16.871531
20.000000	27.000000	26.000000	886.000000	932.000000	77.000000	884.553262	923.965094	1.000000	17.680654
20.000000	28.000000	27.000000	862.000000	596.000000	47.000000	871.218333	592.382395	2.000000	18.497567
20.000000	29.000000	28.000000	526.000000	908.000000	74.000000	525.967620	911.390746	1.000000	19.416140
20.000000	30.000000	29.000000	297.000000	916.000000	72.000000	290.596141	915.935713	1.000000	19.976486
20.000000	31.000000	0.000000	304.000000	785.000000	62.000000	310.687053	813.549884	2.000000	20.407901
20.000000	32.000000	30.000000	305.000000	806.000000	62.000000	310.687053	813.549884	2.000000	20.816203
20.000000	33.000000	31.000000	231.000000	805.000000	61.000000	221.290831	821.817397	2.000000	21.281238
20.000000	34.000000	32.000000	203.000000	653.000000	51.000000	210.505221	661.395698	1.000000	21.920286
20.000000	35.000000	33.000000	225.000000	562.000000	41.000000	215.948706	549.860278	2.000000	22.424959
20.000000	36.000000	34.000000	175.000000	461.000000	31.000000	177.555456	462.096367	1.000000	22.920962
20.000000	37.000000	35.000000	307.000000	692.000000	52.000000	307.853283	673.305391	2.000000	23.473480
20.000000	38.000000	36.000000	405.000000	651.000000	53.000000	398.576294	650.392734	2.000000	23.937266
20.000000	39.000000	37.000000	421.000000	569.000000	43.000000	421.668823	578.651979	2.000000	24.369176
20.000000	40.000000	38.000000	555.000000	578.000000	44.000000	537.843278	574.941326	1.000000	24.802015
20.000000	41.000000	39.000000	431.000000	435.000000	33.000000	425.466969	444.601574	2.000000	25.337450
20.000000	42.000000	40.000000	638.000000	510.000000	35.000000	654.130021	506.113767	2.000000	25.953872
