MultiTargForag_2	Participant_Code = 66
Search_Type = 1	CB_Targets = 1
Trial	Click_Num	Target_Click_Order	Click_X	Click_y	Item_selected	Item_X	Item_Y	Target_Set	RT
1.000000	1.000000	1.000000	320.000000	167.000000	2.000000	329.434543	167.683371	2.000000	1.502769
1.000000	2.000000	2.000000	340.000000	253.000000	12.000000	342.190070	248.387335	2.000000	2.004799
1.000000	3.000000	3.000000	439.000000	134.000000	3.000000	436.170531	128.003095	2.000000	2.532170
1.000000	4.000000	4.000000	571.000000	172.000000	4.000000	561.634766	169.579184	1.000000	5.371705
1.000000	5.000000	5.000000	740.000000	141.000000	6.000000	731.655688	132.572421	1.000000	5.970992
1.000000	6.000000	6.000000	1006.000000	141.000000	8.000000	995.854505	126.690021	1.000000	6.692621
1.000000	7.000000	0.000000	1046.000000	146.000000	9.000000	1071.672937	145.300037	1.000000	7.035285
1.000000	8.000000	7.000000	1062.000000	151.000000	9.000000	1071.672937	145.300037	1.000000	7.356999
1.000000	9.000000	8.000000	1173.000000	277.000000	20.000000	1167.826831	278.414957	2.000000	8.108154
1.000000	10.000000	9.000000	1223.000000	346.000000	30.000000	1211.369490	333.465551	2.000000	8.419580
1.000000	11.000000	0.000000	1149.000000	343.000000	29.000000	1101.655835	335.848260	2.000000	8.844537
1.000000	12.000000	10.000000	1120.000000	341.000000	29.000000	1101.655835	335.848260	2.000000	9.090850
1.000000	13.000000	11.000000	961.000000	249.000000	18.000000	955.402825	241.509063	1.000000	9.579421
1.000000	14.000000	12.000000	863.000000	349.000000	27.000000	859.104128	330.994255	1.000000	10.059857
1.000000	15.000000	13.000000	740.000000	274.000000	16.000000	737.642029	261.321179	1.000000	10.690946
1.000000	16.000000	14.000000	551.000000	332.000000	24.000000	547.845442	334.292730	1.000000	11.220310
1.000000	17.000000	15.000000	316.000000	468.000000	32.000000	313.619064	460.373925	1.000000	11.828740
1.000000	18.000000	16.000000	216.000000	450.000000	31.000000	214.175084	445.612230	1.000000	12.100257
1.000000	19.000000	17.000000	547.000000	511.000000	34.000000	537.756606	496.642752	1.000000	12.874874
1.000000	20.000000	18.000000	844.000000	478.000000	37.000000	853.770882	457.445789	1.000000	13.514746
1.000000	21.000000	19.000000	1196.000000	460.000000	40.000000	1194.110146	446.629739	1.000000	14.164633
1.000000	22.000000	20.000000	901.000000	608.000000	47.000000	880.650305	597.601421	1.000000	14.875883
1.000000	23.000000	21.000000	956.000000	648.000000	58.000000	965.516295	648.879602	1.000000	15.291651
1.000000	24.000000	22.000000	857.000000	707.000000	57.000000	844.216421	707.590027	1.000000	15.626825
1.000000	25.000000	23.000000	1015.000000	781.000000	68.000000	996.798734	776.073095	1.000000	16.066711
1.000000	26.000000	24.000000	1053.000000	780.000000	69.000000	1060.826698	764.503468	1.000000	16.356446
1.000000	27.000000	0.000000	968.000000	903.000000	78.000000	991.692987	877.961688	1.000000	16.741074
1.000000	28.000000	25.000000	983.000000	900.000000	78.000000	991.692987	877.961688	1.000000	17.050968
1.000000	29.000000	26.000000	515.000000	829.000000	64.000000	521.480114	811.325808	1.000000	17.659399
1.000000	30.000000	0.000000	190.000000	809.000000	61.000000	186.221838	782.759888	2.000000	18.316460
1.000000	31.000000	27.000000	194.000000	789.000000	61.000000	186.221838	782.759888	2.000000	18.748205
1.000000	32.000000	28.000000	332.000000	786.000000	62.000000	335.926235	775.904421	2.000000	19.371916
1.000000	33.000000	29.000000	193.000000	719.000000	51.000000	198.851206	709.418102	2.000000	20.228693
1.000000	34.000000	30.000000	226.000000	572.000000	41.000000	225.787125	566.591209	2.000000	20.786965
1.000000	35.000000	31.000000	222.000000	351.000000	21.000000	208.373635	340.107851	2.000000	21.563238
1.000000	36.000000	32.000000	310.000000	562.000000	42.000000	306.301833	561.959555	2.000000	22.348701
1.000000	37.000000	33.000000	404.000000	564.000000	43.000000	415.785122	565.480614	2.000000	22.715575
1.000000	38.000000	34.000000	650.000000	447.000000	35.000000	655.783571	441.730200	2.000000	23.412784
1.000000	39.000000	0.000000	675.000000	571.000000	45.000000	665.894249	546.991302	2.000000	23.820146
1.000000	40.000000	35.000000	679.000000	550.000000	45.000000	665.894249	546.991302	2.000000	24.180988
1.000000	41.000000	36.000000	628.000000	810.000000	65.000000	631.363517	792.548800	2.000000	24.731011
1.000000	42.000000	37.000000	736.000000	821.000000	66.000000	729.608737	809.345087	2.000000	25.123365
1.000000	43.000000	0.000000	757.000000	896.000000	76.000000	752.927917	864.971702	2.000000	25.451785
1.000000	44.000000	38.000000	758.000000	874.000000	76.000000	752.927917	864.971702	2.000000	25.724771
1.000000	45.000000	39.000000	1086.000000	673.000000	59.000000	1065.375441	666.939487	2.000000	26.284275
1.000000	46.000000	40.000000	1184.000000	674.000000	60.000000	1197.554110	661.699502	2.000000	26.916680
1.000000	1.000000	1.000000	207.000000	152.000000	1.000000	193.525495	142.407113	2.000000	1.104252
1.000000	2.000000	2.000000	422.000000	160.000000	3.000000	404.029543	152.825134	2.000000	1.777639
1.000000	3.000000	0.000000	465.000000	287.000000	13.000000	443.905032	271.010914	2.000000	2.377144
1.000000	4.000000	3.000000	456.000000	282.000000	13.000000	443.905032	271.010914	2.000000	2.705385
1.000000	5.000000	4.000000	1205.000000	161.000000	10.000000	1196.327117	163.425524	2.000000	3.545859
1.000000	6.000000	5.000000	1213.000000	397.000000	30.000000	1211.681164	387.609208	2.000000	4.121812
1.000000	7.000000	6.000000	875.000000	377.000000	27.000000	882.417612	363.584106	2.000000	4.689250
1.000000	8.000000	0.000000	786.000000	375.000000	26.000000	759.421955	363.713507	2.000000	5.289432
1.000000	9.000000	7.000000	778.000000	373.000000	26.000000	759.421955	363.713507	2.000000	5.609630
1.000000	10.000000	8.000000	661.000000	484.000000	35.000000	648.869618	466.659388	2.000000	6.265893
1.000000	11.000000	9.000000	329.000000	488.000000	32.000000	323.948945	486.019041	2.000000	6.922135
1.000000	12.000000	10.000000	186.000000	471.000000	31.000000	193.660053	458.535581	2.000000	7.521636
1.000000	13.000000	11.000000	180.000000	667.000000	51.000000	180.276809	662.196052	2.000000	8.345837
1.000000	14.000000	12.000000	538.000000	600.000000	44.000000	524.676007	587.067157	2.000000	8.937395
1.000000	15.000000	13.000000	1181.000000	582.000000	50.000000	1177.052538	580.250919	2.000000	9.784488
1.000000	16.000000	0.000000	1197.000000	897.000000	80.000000	1189.753449	863.797811	2.000000	10.401750
1.000000	17.000000	0.000000	1197.000000	888.000000	80.000000	1189.753449	863.797811	2.000000	10.698109
1.000000	18.000000	14.000000	1198.000000	882.000000	80.000000	1189.753449	863.797811	2.000000	11.080489
1.000000	19.000000	15.000000	1084.000000	728.000000	59.000000	1078.153009	714.260863	2.000000	11.649468
1.000000	20.000000	16.000000	970.000000	875.000000	78.000000	951.695144	863.147078	2.000000	12.306038
1.000000	21.000000	17.000000	503.000000	872.000000	74.000000	511.479528	861.304552	2.000000	13.032004
1.000000	22.000000	18.000000	460.000000	872.000000	73.000000	436.937455	866.399175	2.000000	13.384425
1.000000	23.000000	19.000000	433.000000	840.000000	63.000000	438.869746	817.232401	2.000000	13.705972
1.000000	24.000000	0.000000	367.000000	840.000000	62.000000	342.057674	823.113095	2.000000	14.065586
1.000000	25.000000	20.000000	353.000000	839.000000	62.000000	342.057674	823.113095	2.000000	14.376213
1.000000	26.000000	21.000000	346.000000	875.000000	72.000000	333.349470	870.529633	1.000000	14.626020
1.000000	27.000000	22.000000	207.000000	813.000000	61.000000	212.784488	820.593738	1.000000	14.977440
1.000000	28.000000	23.000000	564.000000	780.000000	64.000000	558.900383	787.485368	1.000000	15.648119
1.000000	29.000000	24.000000	558.000000	693.000000	54.000000	557.002305	685.833461	1.000000	15.944328
1.000000	30.000000	25.000000	618.000000	667.000000	55.000000	617.731859	653.527046	1.000000	16.233402
1.000000	31.000000	26.000000	237.000000	337.000000	21.000000	226.492408	337.468649	1.000000	17.424022
1.000000	32.000000	27.000000	328.000000	378.000000	22.000000	329.190220	379.985025	1.000000	17.714322
1.000000	33.000000	28.000000	443.000000	362.000000	23.000000	437.454641	349.321744	1.000000	18.040450
1.000000	34.000000	29.000000	435.000000	467.000000	33.000000	437.265506	467.519651	1.000000	18.394071
1.000000	35.000000	30.000000	630.000000	175.000000	5.000000	638.016685	182.911371	1.000000	19.120867
1.000000	36.000000	31.000000	759.000000	285.000000	16.000000	739.134741	282.427900	1.000000	19.832059
1.000000	37.000000	32.000000	833.000000	241.000000	17.000000	839.349117	225.914112	1.000000	20.225982
1.000000	38.000000	33.000000	904.000000	179.000000	7.000000	892.396764	158.880664	1.000000	20.576063
1.000000	39.000000	0.000000	1012.000000	140.000000	8.000000	984.085462	139.701344	1.000000	20.992623
1.000000	40.000000	34.000000	1002.000000	142.000000	8.000000	984.085462	139.701344	1.000000	21.432043
1.000000	41.000000	35.000000	978.000000	285.000000	18.000000	973.351883	268.400307	1.000000	21.921797
1.000000	42.000000	36.000000	723.000000	448.000000	36.000000	729.677272	440.172223	1.000000	22.633949
1.000000	43.000000	37.000000	1088.000000	548.000000	49.000000	1073.891673	544.786370	1.000000	23.280893
1.000000	44.000000	38.000000	1202.000000	495.000000	40.000000	1206.130211	472.756852	1.000000	23.688421
1.000000	45.000000	39.000000	877.000000	732.000000	57.000000	879.647811	713.841852	1.000000	24.449282
1.000000	46.000000	40.000000	879.000000	794.000000	67.000000	882.385830	797.151529	1.000000	24.776493
2.000000	1.000000	1.000000	237.000000	176.000000	1.000000	221.747956	171.409288	2.000000	1.000733
2.000000	2.000000	2.000000	301.000000	179.000000	2.000000	288.847265	180.263414	2.000000	1.256862
2.000000	3.000000	3.000000	312.000000	293.000000	12.000000	314.615636	294.392481	1.000000	1.616234
2.000000	4.000000	4.000000	319.000000	396.000000	22.000000	306.970115	381.991060	1.000000	1.937618
2.000000	5.000000	5.000000	309.000000	432.000000	32.000000	298.679478	437.522515	2.000000	2.265415
2.000000	6.000000	6.000000	202.000000	464.000000	31.000000	189.100025	453.486257	2.000000	2.560541
2.000000	7.000000	7.000000	415.000000	473.000000	33.000000	428.665463	469.661156	2.000000	3.144259
2.000000	8.000000	8.000000	543.000000	495.000000	34.000000	521.752781	497.626085	2.000000	3.576927
2.000000	9.000000	9.000000	528.000000	369.000000	24.000000	508.023659	367.018843	2.000000	4.087713
2.000000	10.000000	0.000000	536.000000	297.000000	14.000000	531.742010	271.347120	2.000000	4.449297
2.000000	11.000000	10.000000	525.000000	284.000000	14.000000	531.742010	271.347120	2.000000	4.856696
2.000000	12.000000	11.000000	638.000000	165.000000	5.000000	643.756847	151.987174	1.000000	5.335867
2.000000	13.000000	0.000000	645.000000	306.000000	15.000000	644.859964	275.809424	1.000000	5.592022
2.000000	14.000000	12.000000	656.000000	286.000000	15.000000	644.859964	275.809424	1.000000	5.849937
2.000000	15.000000	13.000000	643.000000	371.000000	25.000000	643.790148	363.267040	2.000000	6.119812
2.000000	16.000000	14.000000	733.000000	348.000000	26.000000	746.842571	338.362160	2.000000	6.392691
2.000000	17.000000	15.000000	779.000000	246.000000	16.000000	772.917951	241.039990	1.000000	6.728782
2.000000	18.000000	16.000000	743.000000	150.000000	6.000000	738.330932	126.045593	2.000000	7.065393
2.000000	19.000000	17.000000	886.000000	247.000000	17.000000	871.535227	237.670924	2.000000	7.689750
2.000000	20.000000	0.000000	971.000000	88.000000	8.000000	949.932242	122.917794	2.000000	8.081157
2.000000	21.000000	18.000000	968.000000	112.000000	8.000000	949.932242	122.917794	2.000000	8.328705
2.000000	22.000000	19.000000	1059.000000	162.000000	9.000000	1065.990222	172.562816	1.000000	8.776713
2.000000	23.000000	20.000000	1195.000000	448.000000	40.000000	1180.210265	437.700610	2.000000	9.665082
2.000000	24.000000	21.000000	1205.000000	399.000000	30.000000	1197.250631	390.732859	1.000000	9.871977
2.000000	25.000000	22.000000	1085.000000	488.000000	39.000000	1074.117073	480.984935	1.000000	10.265102
2.000000	26.000000	0.000000	1092.000000	599.000000	49.000000	1092.655096	570.562377	1.000000	10.568564
2.000000	27.000000	23.000000	1097.000000	585.000000	49.000000	1092.655096	570.562377	1.000000	10.871821
2.000000	28.000000	24.000000	989.000000	601.000000	48.000000	986.534699	588.155561	1.000000	11.249397
2.000000	29.000000	25.000000	860.000000	611.000000	47.000000	842.218867	610.092534	2.000000	11.737143
2.000000	30.000000	26.000000	832.000000	449.000000	37.000000	845.344565	448.266512	1.000000	12.103970
2.000000	31.000000	27.000000	550.000000	652.000000	54.000000	551.960271	659.470558	1.000000	13.209863
2.000000	32.000000	28.000000	436.000000	573.000000	43.000000	426.193762	566.328620	2.000000	13.671816
2.000000	33.000000	29.000000	411.000000	700.000000	53.000000	408.513222	700.808340	2.000000	14.049232
2.000000	34.000000	30.000000	343.000000	698.000000	52.000000	328.868778	693.996284	1.000000	14.383851
2.000000	35.000000	0.000000	258.000000	748.000000	61.000000	231.768746	764.513686	2.000000	14.840274
2.000000	36.000000	31.000000	247.000000	772.000000	61.000000	231.768746	764.513686	2.000000	15.136402
2.000000	37.000000	32.000000	422.000000	809.000000	63.000000	409.259588	814.145515	1.000000	15.800210
2.000000	38.000000	33.000000	213.000000	898.000000	71.000000	204.229641	912.095988	1.000000	16.625197
2.000000	39.000000	34.000000	516.000000	812.000000	64.000000	507.515853	802.703246	2.000000	17.327643
2.000000	40.000000	35.000000	676.000000	819.000000	65.000000	667.092409	825.645094	1.000000	17.929057
2.000000	41.000000	36.000000	763.000000	800.000000	66.000000	769.192544	792.573402	1.000000	18.336991
2.000000	42.000000	37.000000	846.000000	799.000000	67.000000	847.327332	788.669616	1.000000	18.663748
2.000000	43.000000	38.000000	1007.000000	908.000000	78.000000	988.717799	902.772227	1.000000	19.321325
2.000000	44.000000	39.000000	1187.000000	897.000000	80.000000	1184.631765	885.655387	2.000000	19.905001
2.000000	45.000000	0.000000	1213.000000	801.000000	70.000000	1193.169142	779.228973	1.000000	20.256645
2.000000	46.000000	40.000000	1209.000000	784.000000	70.000000	1193.169142	779.228973	1.000000	20.929290
3.000000	1.000000	1.000000	240.000000	171.000000	1.000000	219.060489	164.546320	1.000000	0.632162
3.000000	2.000000	2.000000	284.000000	211.000000	12.000000	296.098473	231.291233	1.000000	0.967785
3.000000	3.000000	3.000000	317.000000	116.000000	2.000000	332.274956	123.435295	2.000000	1.351792
3.000000	4.000000	4.000000	442.000000	271.000000	13.000000	436.170295	274.428358	1.000000	1.920005
3.000000	5.000000	5.000000	414.000000	400.000000	23.000000	418.575458	386.098819	1.000000	2.231977
3.000000	6.000000	0.000000	497.000000	392.000000	24.000000	521.910204	389.629520	2.000000	2.567995
3.000000	7.000000	6.000000	503.000000	391.000000	24.000000	521.910204	389.629520	2.000000	2.896338
3.000000	8.000000	7.000000	319.000000	459.000000	32.000000	299.823123	469.100456	2.000000	3.489247
3.000000	9.000000	0.000000	240.000000	487.000000	31.000000	221.655351	507.012154	2.000000	3.847844
3.000000	10.000000	8.000000	243.000000	508.000000	31.000000	221.655351	507.012154	2.000000	4.471366
3.000000	11.000000	9.000000	208.000000	839.000000	61.000000	192.329155	821.638963	2.000000	5.161046
3.000000	12.000000	10.000000	320.000000	865.000000	72.000000	326.407683	880.589921	1.000000	5.528127
3.000000	13.000000	11.000000	452.000000	780.000000	63.000000	442.066254	793.544935	2.000000	5.944399
3.000000	14.000000	12.000000	514.000000	770.000000	64.000000	520.007485	757.236914	2.000000	6.305074
3.000000	15.000000	13.000000	555.000000	924.000000	74.000000	540.566177	917.525448	2.000000	6.647189
3.000000	16.000000	14.000000	603.000000	925.000000	75.000000	621.828982	920.510059	1.000000	6.920043
3.000000	17.000000	0.000000	663.000000	732.000000	55.000000	651.638532	707.486014	1.000000	7.487925
3.000000	18.000000	15.000000	650.000000	704.000000	55.000000	651.638532	707.486014	1.000000	8.039672
3.000000	19.000000	16.000000	755.000000	688.000000	56.000000	767.861261	694.906622	1.000000	8.496368
3.000000	20.000000	17.000000	834.000000	797.000000	67.000000	842.334996	805.073265	1.000000	9.135495
3.000000	21.000000	18.000000	786.000000	860.000000	76.000000	775.547377	864.205838	2.000000	9.695979
3.000000	22.000000	19.000000	864.000000	859.000000	77.000000	850.624830	869.548435	2.000000	9.977161
3.000000	23.000000	20.000000	966.000000	745.000000	68.000000	968.798327	758.407725	1.000000	10.607109
3.000000	24.000000	21.000000	873.000000	653.000000	57.000000	876.086625	661.172827	1.000000	11.216690
3.000000	25.000000	22.000000	876.000000	564.000000	47.000000	868.178789	565.355572	1.000000	11.591212
3.000000	26.000000	23.000000	646.000000	445.000000	35.000000	654.149235	450.962513	2.000000	12.240962
3.000000	27.000000	24.000000	762.000000	438.000000	36.000000	756.323852	444.879493	2.000000	12.552189
3.000000	28.000000	25.000000	757.000000	243.000000	16.000000	749.988893	251.176635	1.000000	13.495149
3.000000	29.000000	26.000000	644.000000	124.000000	5.000000	641.953651	133.112288	1.000000	13.944965
3.000000	30.000000	27.000000	883.000000	167.000000	7.000000	871.479608	163.086926	2.000000	14.672764
3.000000	31.000000	28.000000	856.000000	236.000000	17.000000	849.395144	240.146861	2.000000	15.015280
3.000000	32.000000	29.000000	986.000000	131.000000	8.000000	974.468267	131.257312	1.000000	15.584810
3.000000	33.000000	0.000000	982.000000	244.000000	18.000000	983.957276	273.806703	2.000000	15.960163
3.000000	34.000000	30.000000	983.000000	255.000000	18.000000	983.957276	273.806703	2.000000	16.264387
3.000000	35.000000	31.000000	902.000000	453.000000	37.000000	886.189103	458.275166	2.000000	16.935969
3.000000	36.000000	32.000000	1091.000000	361.000000	29.000000	1073.081486	350.332367	2.000000	17.471191
3.000000	37.000000	33.000000	1206.000000	122.000000	10.000000	1193.755889	136.581831	1.000000	18.079182
3.000000	38.000000	34.000000	1227.000000	385.000000	30.000000	1219.290276	364.827579	1.000000	18.625140
3.000000	39.000000	35.000000	977.000000	541.000000	48.000000	990.866413	547.920749	2.000000	19.215713
3.000000	40.000000	36.000000	1180.000000	486.000000	40.000000	1176.435401	494.533395	1.000000	19.849127
3.000000	41.000000	37.000000	970.000000	659.000000	58.000000	965.709023	652.957236	2.000000	20.376097
3.000000	42.000000	38.000000	1201.000000	813.000000	70.000000	1188.568113	812.997643	2.000000	21.048338
3.000000	43.000000	39.000000	1215.000000	920.000000	80.000000	1215.210147	921.799495	1.000000	21.399100
3.000000	44.000000	40.000000	1057.000000	913.000000	79.000000	1060.960769	901.277007	1.000000	21.857021
4.000000	1.000000	1.000000	204.000000	245.000000	11.000000	192.548563	228.240492	1.000000	1.058345
4.000000	2.000000	2.000000	307.000000	251.000000	12.000000	292.789850	240.126268	1.000000	1.394005
4.000000	3.000000	3.000000	469.000000	248.000000	13.000000	448.499619	253.703490	1.000000	1.778025
4.000000	4.000000	4.000000	529.000000	132.000000	4.000000	529.260837	132.093490	1.000000	2.346192
4.000000	5.000000	5.000000	553.000000	346.000000	24.000000	540.013751	340.124433	1.000000	2.898307
4.000000	6.000000	6.000000	417.000000	350.000000	23.000000	408.123844	358.300856	1.000000	3.224982
4.000000	7.000000	7.000000	350.000000	363.000000	22.000000	341.067477	369.568681	1.000000	3.451214
4.000000	8.000000	8.000000	206.000000	321.000000	21.000000	190.717794	331.786056	1.000000	3.713434
4.000000	9.000000	9.000000	429.000000	430.000000	33.000000	421.759822	439.389696	1.000000	4.138257
4.000000	10.000000	0.000000	658.000000	437.000000	35.000000	623.425369	436.559069	1.000000	4.546771
4.000000	11.000000	10.000000	623.000000	450.000000	35.000000	623.425369	436.559069	1.000000	5.169619
4.000000	12.000000	11.000000	561.000000	537.000000	44.000000	552.103516	542.951696	1.000000	5.706436
4.000000	13.000000	12.000000	450.000000	659.000000	53.000000	438.019203	661.690801	1.000000	6.298423
4.000000	14.000000	13.000000	347.000000	605.000000	42.000000	338.461271	604.908087	2.000000	6.731173
4.000000	15.000000	14.000000	211.000000	489.000000	31.000000	220.442336	504.489883	2.000000	7.225910
4.000000	16.000000	0.000000	211.000000	647.000000	51.000000	209.153979	673.924909	2.000000	7.771014
4.000000	17.000000	15.000000	207.000000	672.000000	51.000000	209.153979	673.924909	2.000000	8.330564
4.000000	18.000000	16.000000	279.000000	761.000000	62.000000	294.319627	770.142424	1.000000	8.737823
4.000000	19.000000	17.000000	224.000000	890.000000	71.000000	218.704802	865.744120	2.000000	9.377991
4.000000	20.000000	18.000000	432.000000	924.000000	73.000000	416.877328	930.649710	1.000000	10.379186
4.000000	21.000000	0.000000	522.000000	925.000000	74.000000	560.249321	930.642673	1.000000	10.665197
4.000000	22.000000	19.000000	549.000000	925.000000	74.000000	560.249321	930.642673	1.000000	10.939218
4.000000	23.000000	20.000000	602.000000	913.000000	75.000000	620.832085	913.634281	2.000000	11.266073
4.000000	24.000000	21.000000	655.000000	821.000000	65.000000	639.235482	826.023936	2.000000	11.762574
4.000000	25.000000	22.000000	564.000000	692.000000	54.000000	559.421808	710.776112	2.000000	12.298430
4.000000	26.000000	23.000000	753.000000	906.000000	76.000000	754.357731	913.644643	2.000000	12.986074
4.000000	27.000000	24.000000	942.000000	889.000000	78.000000	953.911777	890.797414	2.000000	13.514108
4.000000	28.000000	0.000000	867.000000	759.000000	67.000000	839.641436	763.542540	2.000000	14.322597
4.000000	29.000000	25.000000	849.000000	751.000000	67.000000	839.641436	763.542540	2.000000	14.681688
4.000000	30.000000	26.000000	883.000000	716.000000	57.000000	867.173839	714.960236	2.000000	14.913991
4.000000	31.000000	27.000000	969.000000	702.000000	58.000000	988.101400	686.083250	2.000000	15.290858
4.000000	32.000000	28.000000	1062.000000	571.000000	49.000000	1072.734315	576.099463	2.000000	17.106776
4.000000	33.000000	29.000000	967.000000	571.000000	48.000000	951.210621	563.153176	2.000000	17.705346
4.000000	34.000000	30.000000	963.000000	400.000000	28.000000	981.948516	395.344073	2.000000	18.978663
4.000000	35.000000	31.000000	654.000000	172.000000	5.000000	662.452865	183.529946	2.000000	20.441253
4.000000	36.000000	0.000000	798.000000	166.000000	6.000000	755.885943	174.079308	2.000000	20.817314
4.000000	37.000000	32.000000	771.000000	171.000000	6.000000	755.885943	174.079308	2.000000	21.193315
4.000000	38.000000	33.000000	779.000000	256.000000	16.000000	774.550942	265.073459	1.000000	21.634229
4.000000	39.000000	34.000000	879.000000	147.000000	7.000000	879.917145	160.774585	2.000000	21.923141
4.000000	40.000000	35.000000	1006.000000	269.000000	18.000000	999.972348	285.881091	2.000000	22.474092
4.000000	41.000000	36.000000	1198.000000	260.000000	20.000000	1208.258608	255.336736	2.000000	22.915160
4.000000	42.000000	37.000000	1209.000000	774.000000	70.000000	1200.304146	787.218470	1.000000	23.994411
4.000000	43.000000	38.000000	1157.000000	929.000000	80.000000	1170.259302	920.632959	1.000000	24.386827
4.000000	44.000000	39.000000	753.000000	663.000000	56.000000	768.942041	673.344874	1.000000	25.131016
4.000000	45.000000	40.000000	749.000000	785.000000	66.000000	737.744690	791.990074	1.000000	25.801641
5.000000	1.000000	1.000000	228.000000	230.000000	11.000000	230.420321	236.675192	1.000000	2.297634
5.000000	2.000000	2.000000	421.000000	241.000000	13.000000	436.661316	251.111423	1.000000	2.833819
5.000000	3.000000	0.000000	539.000000	355.000000	24.000000	514.060640	360.763019	1.000000	3.578761
5.000000	4.000000	3.000000	521.000000	354.000000	24.000000	514.060640	360.763019	1.000000	3.890915
5.000000	5.000000	4.000000	213.000000	380.000000	21.000000	210.870439	390.434346	1.000000	4.514284
5.000000	6.000000	5.000000	213.000000	507.000000	31.000000	214.678181	489.630119	1.000000	4.985315
5.000000	7.000000	6.000000	412.000000	500.000000	33.000000	419.055976	496.464079	1.000000	5.697089
5.000000	8.000000	7.000000	395.000000	570.000000	43.000000	400.045876	573.430396	1.000000	5.986479
5.000000	9.000000	8.000000	293.000000	677.000000	52.000000	292.852595	656.741205	1.000000	6.507049
5.000000	10.000000	9.000000	195.000000	671.000000	51.000000	210.504378	665.232718	2.000000	6.976982
5.000000	11.000000	10.000000	430.000000	661.000000	53.000000	434.243705	663.085304	2.000000	7.737692
5.000000	12.000000	11.000000	449.000000	815.000000	63.000000	450.515613	810.563244	2.000000	8.210343
5.000000	13.000000	12.000000	317.000000	859.000000	72.000000	318.278407	866.641731	2.000000	8.842265
5.000000	14.000000	13.000000	541.000000	827.000000	64.000000	531.413027	825.754290	2.000000	9.721691
5.000000	15.000000	14.000000	675.000000	891.000000	75.000000	671.005965	911.943315	2.000000	10.682375
5.000000	16.000000	15.000000	758.000000	694.000000	56.000000	749.975736	705.952844	2.000000	11.474187
5.000000	17.000000	16.000000	667.000000	538.000000	45.000000	652.132329	545.309798	2.000000	12.026741
5.000000	18.000000	17.000000	842.000000	460.000000	37.000000	845.858581	476.144843	2.000000	12.722631
5.000000	19.000000	18.000000	796.000000	342.000000	26.000000	781.645138	346.812712	2.000000	13.290581
5.000000	20.000000	19.000000	788.000000	279.000000	16.000000	781.848872	283.115791	2.000000	13.586198
5.000000	21.000000	0.000000	632.000000	96.000000	5.000000	661.632006	127.914967	2.000000	14.226981
5.000000	22.000000	0.000000	650.000000	104.000000	5.000000	661.632006	127.914967	2.000000	14.665046
5.000000	23.000000	20.000000	652.000000	106.000000	5.000000	661.632006	127.914967	2.000000	14.937190
5.000000	24.000000	21.000000	1225.000000	155.000000	10.000000	1214.841729	158.613290	2.000000	16.211130
5.000000	25.000000	22.000000	1205.000000	238.000000	20.000000	1206.693591	235.940883	1.000000	16.465525
5.000000	26.000000	0.000000	1131.000000	258.000000	19.000000	1096.000675	287.097612	1.000000	16.842205
5.000000	27.000000	23.000000	1092.000000	273.000000	19.000000	1096.000675	287.097612	1.000000	17.099317
5.000000	28.000000	24.000000	1001.000000	253.000000	18.000000	985.498771	247.021045	1.000000	17.425947
5.000000	29.000000	25.000000	964.000000	340.000000	28.000000	947.582038	336.857792	2.000000	17.818671
5.000000	30.000000	26.000000	1212.000000	382.000000	30.000000	1201.693778	397.046233	1.000000	18.907220
5.000000	31.000000	27.000000	1116.000000	483.000000	39.000000	1099.350079	470.220988	1.000000	19.290576
5.000000	32.000000	28.000000	1010.000000	490.000000	38.000000	999.404201	492.979848	2.000000	19.650196
5.000000	33.000000	29.000000	1056.000000	591.000000	49.000000	1075.683881	600.344701	2.000000	20.147127
5.000000	34.000000	30.000000	1096.000000	659.000000	59.000000	1099.480328	657.280537	2.000000	20.466503
5.000000	35.000000	31.000000	1216.000000	581.000000	50.000000	1203.073095	593.809768	1.000000	20.841192
5.000000	36.000000	32.000000	956.000000	679.000000	58.000000	952.796092	668.394346	1.000000	21.514755
5.000000	37.000000	33.000000	662.000000	686.000000	55.000000	662.741713	682.690085	1.000000	21.954220
5.000000	38.000000	34.000000	636.000000	758.000000	65.000000	639.669986	755.997679	1.000000	22.250715
5.000000	39.000000	35.000000	733.000000	920.000000	76.000000	728.805518	915.750174	1.000000	22.801146
5.000000	40.000000	36.000000	891.000000	914.000000	77.000000	876.953244	927.679381	1.000000	23.128987
5.000000	41.000000	37.000000	975.000000	827.000000	68.000000	957.162432	825.002944	2.000000	23.618167
5.000000	42.000000	38.000000	1039.000000	776.000000	69.000000	1060.164362	765.470299	2.000000	23.937701
5.000000	43.000000	0.000000	1077.000000	835.000000	79.000000	1109.064336	866.071695	2.000000	24.306933
5.000000	44.000000	39.000000	1098.000000	848.000000	79.000000	1109.064336	866.071695	2.000000	24.698568
5.000000	45.000000	0.000000	1207.000000	870.000000	80.000000	1179.944967	884.943669	1.000000	25.698260
5.000000	46.000000	40.000000	1194.000000	874.000000	80.000000	1179.944967	884.943669	1.000000	26.090198
6.000000	1.000000	1.000000	215.000000	175.000000	1.000000	200.665126	166.542552	2.000000	0.726711
6.000000	2.000000	2.000000	338.000000	268.000000	12.000000	316.627427	259.283152	2.000000	1.054568
6.000000	3.000000	3.000000	434.000000	149.000000	3.000000	444.705278	148.642258	1.000000	1.568279
6.000000	4.000000	4.000000	618.000000	176.000000	5.000000	628.463811	176.557517	1.000000	2.008627
6.000000	5.000000	5.000000	894.000000	277.000000	17.000000	879.617750	289.794555	1.000000	2.928085
6.000000	6.000000	6.000000	977.000000	240.000000	18.000000	965.989806	240.567852	1.000000	3.184784
6.000000	7.000000	7.000000	968.000000	127.000000	8.000000	970.893400	138.174882	1.000000	3.495921
6.000000	8.000000	8.000000	1083.000000	278.000000	19.000000	1071.965948	269.531593	2.000000	3.975426
6.000000	9.000000	9.000000	1221.000000	281.000000	20.000000	1200.920196	272.359685	1.000000	4.239681
6.000000	10.000000	10.000000	1215.000000	381.000000	30.000000	1220.869845	399.330226	2.000000	4.704467
6.000000	11.000000	11.000000	1164.000000	477.000000	40.000000	1168.708551	473.854306	2.000000	5.112278
6.000000	12.000000	0.000000	992.000000	368.000000	28.000000	981.390951	390.662545	1.000000	5.566563
6.000000	13.000000	12.000000	977.000000	398.000000	28.000000	981.390951	390.662545	1.000000	5.912432
6.000000	14.000000	13.000000	943.000000	472.000000	38.000000	951.125933	480.283057	1.000000	6.254313
6.000000	15.000000	14.000000	874.000000	550.000000	47.000000	854.051629	560.242204	1.000000	6.718420
6.000000	16.000000	15.000000	890.000000	385.000000	27.000000	868.400663	373.771041	2.000000	7.296624
6.000000	17.000000	16.000000	779.000000	379.000000	26.000000	756.513544	375.377234	2.000000	7.776462
6.000000	18.000000	17.000000	542.000000	360.000000	24.000000	536.536044	346.890414	2.000000	8.326741
6.000000	19.000000	18.000000	341.000000	383.000000	22.000000	336.831052	392.452845	1.000000	8.855193
6.000000	20.000000	19.000000	303.000000	489.000000	32.000000	302.385288	490.456231	2.000000	9.190635
6.000000	21.000000	20.000000	626.000000	493.000000	35.000000	625.233291	506.405462	1.000000	9.798745
6.000000	22.000000	21.000000	673.000000	537.000000	45.000000	665.663378	545.009996	1.000000	10.030989
6.000000	23.000000	22.000000	539.000000	581.000000	44.000000	524.604988	590.422906	2.000000	10.415634
6.000000	24.000000	23.000000	527.000000	675.000000	54.000000	526.218268	669.127461	1.000000	10.710674
6.000000	25.000000	24.000000	417.000000	663.000000	53.000000	399.153182	655.968500	1.000000	11.024416
6.000000	26.000000	25.000000	355.000000	662.000000	52.000000	337.548740	659.714577	1.000000	11.335732
6.000000	27.000000	0.000000	331.000000	626.000000	42.000000	291.640589	606.916561	1.000000	11.654962
6.000000	28.000000	26.000000	791.000000	703.000000	56.000000	780.354486	708.413819	1.000000	13.078791
6.000000	29.000000	27.000000	1196.000000	620.000000	50.000000	1188.894633	609.095127	2.000000	13.774975
6.000000	30.000000	28.000000	1176.000000	706.000000	60.000000	1189.201865	703.492392	1.000000	14.072576
6.000000	31.000000	29.000000	1103.000000	715.000000	59.000000	1094.956819	709.633230	1.000000	14.455880
6.000000	32.000000	30.000000	1190.000000	798.000000	70.000000	1196.871721	810.206986	2.000000	14.927253
6.000000	33.000000	0.000000	1255.000000	895.000000	80.000000	1221.534567	896.183995	1.000000	15.360220
6.000000	34.000000	31.000000	1234.000000	895.000000	80.000000	1221.534567	896.183995	1.000000	15.670756
6.000000	35.000000	32.000000	979.000000	909.000000	78.000000	984.295789	913.822671	2.000000	16.551522
6.000000	36.000000	33.000000	767.000000	832.000000	66.000000	748.726344	818.542486	2.000000	17.127893
6.000000	37.000000	34.000000	635.000000	807.000000	65.000000	619.338833	800.299023	2.000000	17.647726
6.000000	38.000000	35.000000	286.000000	616.000000	42.000000	291.640589	606.916561	1.000000	18.256106
6.000000	39.000000	36.000000	206.000000	857.000000	71.000000	202.110847	863.687718	2.000000	18.887924
6.000000	40.000000	0.000000	310.000000	907.000000	72.000000	290.296332	926.335475	2.000000	19.247390
6.000000	41.000000	37.000000	305.000000	910.000000	72.000000	290.296332	926.335475	2.000000	19.583515
6.000000	42.000000	38.000000	332.000000	835.000000	62.000000	340.224454	826.172257	2.000000	20.054554
6.000000	43.000000	39.000000	398.000000	915.000000	73.000000	409.752497	921.702950	2.000000	20.431815
6.000000	44.000000	40.000000	643.000000	917.000000	75.000000	640.323009	922.200980	2.000000	21.064286
7.000000	1.000000	1.000000	193.000000	239.000000	11.000000	182.642240	245.582241	1.000000	1.398532
7.000000	2.000000	2.000000	352.000000	194.000000	2.000000	336.664234	181.855376	1.000000	1.988971
7.000000	3.000000	3.000000	396.000000	180.000000	3.000000	416.894053	172.685904	1.000000	2.373474
7.000000	4.000000	4.000000	434.000000	253.000000	13.000000	418.775728	249.591442	2.000000	2.740354
7.000000	5.000000	5.000000	553.000000	270.000000	14.000000	530.707971	274.275725	1.000000	3.036318
7.000000	6.000000	6.000000	629.000000	181.000000	5.000000	617.510570	173.339923	1.000000	3.404651
7.000000	7.000000	7.000000	549.000000	329.000000	24.000000	553.391427	338.054621	2.000000	3.870207
7.000000	8.000000	8.000000	433.000000	370.000000	23.000000	432.948146	372.280868	1.000000	4.206724
7.000000	9.000000	9.000000	433.000000	453.000000	33.000000	430.729540	444.209465	1.000000	4.500573
7.000000	10.000000	10.000000	310.000000	394.000000	22.000000	322.261084	394.841674	2.000000	4.908996
7.000000	11.000000	11.000000	236.000000	394.000000	21.000000	221.211402	396.154371	1.000000	5.213937
7.000000	12.000000	12.000000	198.000000	574.000000	41.000000	196.502786	576.648101	2.000000	6.285930
7.000000	13.000000	13.000000	310.000000	703.000000	52.000000	298.157592	687.313043	2.000000	6.796583
7.000000	14.000000	14.000000	414.000000	660.000000	53.000000	416.981603	652.200407	2.000000	7.349220
7.000000	15.000000	15.000000	426.000000	622.000000	43.000000	421.346063	610.483391	2.000000	7.700356
7.000000	16.000000	16.000000	242.000000	821.000000	61.000000	232.457652	812.273400	2.000000	8.422100
7.000000	17.000000	17.000000	181.000000	947.000000	71.000000	185.753246	922.618028	2.000000	8.765833
7.000000	18.000000	18.000000	299.000000	922.000000	72.000000	292.589678	921.129178	2.000000	9.180982
7.000000	19.000000	19.000000	446.000000	794.000000	63.000000	447.057164	784.265328	2.000000	9.718442
7.000000	20.000000	20.000000	438.000000	900.000000	73.000000	450.357804	908.236288	2.000000	10.077885
7.000000	21.000000	21.000000	631.000000	903.000000	75.000000	632.543497	912.313117	1.000000	10.924761
7.000000	22.000000	22.000000	638.000000	674.000000	55.000000	637.971866	667.774309	2.000000	11.510142
7.000000	23.000000	23.000000	658.000000	597.000000	45.000000	658.247365	589.448639	1.000000	11.885067
7.000000	24.000000	24.000000	526.000000	484.000000	34.000000	542.920618	492.495433	1.000000	12.277510
7.000000	25.000000	25.000000	767.000000	483.000000	36.000000	744.644729	489.545358	1.000000	13.101743
7.000000	26.000000	26.000000	756.000000	309.000000	16.000000	758.533301	291.325683	2.000000	13.468511
7.000000	27.000000	27.000000	732.000000	348.000000	26.000000	737.613759	336.789870	1.000000	13.773141
7.000000	28.000000	28.000000	862.000000	259.000000	17.000000	857.913779	276.243104	1.000000	14.085703
7.000000	29.000000	29.000000	935.000000	247.000000	18.000000	957.264097	236.957552	1.000000	14.397390
7.000000	30.000000	30.000000	857.000000	139.000000	7.000000	850.639870	128.457694	1.000000	14.790076
7.000000	31.000000	31.000000	1201.000000	262.000000	20.000000	1191.998384	249.135981	2.000000	15.476870
7.000000	32.000000	32.000000	1188.000000	406.000000	30.000000	1176.403557	400.260421	2.000000	16.044480
7.000000	33.000000	0.000000	849.000000	490.000000	37.000000	885.651537	486.049493	2.000000	16.645814
7.000000	34.000000	33.000000	874.000000	489.000000	37.000000	885.651537	486.049493	2.000000	17.149225
7.000000	35.000000	34.000000	966.000000	551.000000	48.000000	974.659592	569.151289	1.000000	17.692550
7.000000	36.000000	35.000000	767.000000	579.000000	46.000000	772.826329	593.570668	2.000000	18.790343
7.000000	37.000000	36.000000	875.000000	711.000000	57.000000	875.188027	704.653624	2.000000	19.237268
7.000000	38.000000	37.000000	887.000000	797.000000	67.000000	880.305032	799.773633	2.000000	19.533625
7.000000	39.000000	38.000000	881.000000	913.000000	77.000000	872.999346	896.414547	1.000000	19.765208
7.000000	40.000000	39.000000	1102.000000	879.000000	79.000000	1092.586406	877.488569	1.000000	20.301499
7.000000	41.000000	40.000000	1199.000000	683.000000	60.000000	1189.475580	691.187660	1.000000	20.732079
8.000000	1.000000	1.000000	237.000000	191.000000	1.000000	219.860781	187.535785	1.000000	1.203840
8.000000	2.000000	2.000000	426.000000	186.000000	3.000000	407.447573	183.278125	2.000000	2.029816
8.000000	3.000000	3.000000	308.000000	273.000000	12.000000	317.080467	276.061357	1.000000	2.437306
8.000000	4.000000	0.000000	206.000000	319.000000	21.000000	186.350837	335.412858	1.000000	2.957271
8.000000	5.000000	4.000000	195.000000	322.000000	21.000000	186.350837	335.412858	1.000000	3.589802
8.000000	6.000000	5.000000	300.000000	443.000000	32.000000	303.391440	436.528362	2.000000	4.020758
8.000000	7.000000	6.000000	244.000000	570.000000	41.000000	229.527567	555.211125	2.000000	4.444684
8.000000	8.000000	7.000000	298.000000	554.000000	42.000000	316.271339	550.372349	1.000000	4.780027
8.000000	9.000000	8.000000	305.000000	662.000000	52.000000	317.299206	666.830338	1.000000	5.109537
8.000000	10.000000	9.000000	314.000000	784.000000	62.000000	319.703890	773.381550	1.000000	5.411812
8.000000	11.000000	10.000000	199.000000	792.000000	61.000000	183.174643	795.857460	2.000000	5.781802
8.000000	12.000000	11.000000	419.000000	849.000000	73.000000	411.140049	864.786202	2.000000	6.300280
8.000000	13.000000	12.000000	452.000000	654.000000	53.000000	437.870959	674.239232	2.000000	6.683891
8.000000	14.000000	0.000000	429.000000	591.000000	43.000000	403.663840	579.640005	2.000000	6.973870
8.000000	15.000000	13.000000	517.000000	561.000000	44.000000	515.445640	558.908334	2.000000	7.229408
8.000000	16.000000	0.000000	421.000000	604.000000	43.000000	403.663840	579.640005	2.000000	7.565085
8.000000	17.000000	14.000000	409.000000	570.000000	43.000000	403.663840	579.640005	2.000000	7.845848
8.000000	18.000000	0.000000	514.000000	694.000000	54.000000	521.766839	668.422120	2.000000	8.236636
8.000000	19.000000	15.000000	534.000000	677.000000	54.000000	521.766839	668.422120	2.000000	8.509247
8.000000	20.000000	16.000000	533.000000	755.000000	64.000000	530.845403	756.998456	1.000000	8.796062
8.000000	21.000000	0.000000	618.000000	772.000000	65.000000	631.249941	801.606553	1.000000	9.093066
8.000000	22.000000	17.000000	645.000000	818.000000	65.000000	631.249941	801.606553	1.000000	9.388643
8.000000	23.000000	0.000000	674.000000	915.000000	75.000000	664.781446	888.445247	1.000000	9.924682
8.000000	24.000000	18.000000	734.000000	928.000000	76.000000	728.511241	928.817202	2.000000	10.372047
8.000000	25.000000	19.000000	658.000000	901.000000	75.000000	664.781446	888.445247	1.000000	10.621205
8.000000	26.000000	0.000000	676.000000	667.000000	55.000000	657.019331	699.667860	2.000000	11.149399
8.000000	27.000000	20.000000	668.000000	689.000000	55.000000	657.019331	699.667860	2.000000	11.451572
8.000000	28.000000	21.000000	677.000000	553.000000	45.000000	663.421658	561.216671	2.000000	11.819597
8.000000	29.000000	22.000000	521.000000	265.000000	14.000000	538.497262	248.851222	2.000000	12.739698
8.000000	30.000000	23.000000	553.000000	111.000000	4.000000	560.339117	118.070758	1.000000	13.293741
8.000000	31.000000	0.000000	674.000000	352.000000	25.000000	650.072605	338.982408	1.000000	14.012621
8.000000	32.000000	24.000000	664.000000	337.000000	25.000000	650.072605	338.982408	1.000000	14.236721
8.000000	33.000000	25.000000	666.000000	297.000000	15.000000	666.456837	289.678890	2.000000	14.523813
8.000000	34.000000	0.000000	707.000000	145.000000	6.000000	731.521789	130.484858	1.000000	15.027850
8.000000	35.000000	26.000000	716.000000	142.000000	6.000000	731.521789	130.484858	1.000000	15.356946
8.000000	36.000000	0.000000	863.000000	165.000000	7.000000	841.298347	180.314030	1.000000	16.317478
8.000000	37.000000	27.000000	857.000000	169.000000	7.000000	841.298347	180.314030	1.000000	16.669791
8.000000	38.000000	28.000000	1017.000000	143.000000	8.000000	992.809265	146.324226	2.000000	17.308835
8.000000	39.000000	29.000000	1211.000000	127.000000	10.000000	1203.460961	122.710812	2.000000	18.005538
8.000000	40.000000	30.000000	1105.000000	177.000000	9.000000	1112.251013	188.175336	2.000000	18.532530
8.000000	41.000000	31.000000	1095.000000	276.000000	19.000000	1091.374534	293.204382	2.000000	19.165169
8.000000	42.000000	32.000000	873.000000	392.000000	27.000000	863.807776	390.063271	2.000000	19.923607
8.000000	43.000000	33.000000	745.000000	465.000000	36.000000	749.725368	466.521553	1.000000	20.452220
8.000000	44.000000	34.000000	990.000000	571.000000	48.000000	982.981357	589.860735	1.000000	21.259835
8.000000	45.000000	0.000000	1113.000000	478.000000	39.000000	1092.214891	503.585352	2.000000	21.580836
8.000000	46.000000	35.000000	1109.000000	491.000000	39.000000	1092.214891	503.585352	2.000000	22.021174
8.000000	47.000000	36.000000	1200.000000	492.000000	40.000000	1196.391601	498.075038	1.000000	22.509202
8.000000	48.000000	0.000000	980.000000	667.000000	58.000000	964.750505	689.975771	1.000000	23.141693
8.000000	49.000000	37.000000	891.000000	773.000000	67.000000	886.587112	778.181467	1.000000	23.877763
8.000000	50.000000	38.000000	953.000000	697.000000	58.000000	964.750505	689.975771	1.000000	24.484111
8.000000	51.000000	39.000000	1079.000000	875.000000	79.000000	1073.421669	862.927537	1.000000	25.429376
8.000000	52.000000	40.000000	1198.000000	877.000000	80.000000	1190.023354	869.986292	1.000000	26.036217
9.000000	1.000000	1.000000	182.000000	180.000000	1.000000	179.281501	188.365122	2.000000	0.929407
9.000000	2.000000	2.000000	329.000000	143.000000	2.000000	311.373088	140.763617	1.000000	1.409738
9.000000	3.000000	3.000000	414.000000	138.000000	3.000000	421.648709	148.361378	2.000000	1.720952
9.000000	4.000000	4.000000	540.000000	137.000000	4.000000	530.414420	143.017551	1.000000	2.122058
9.000000	5.000000	5.000000	661.000000	144.000000	5.000000	656.585610	160.721130	1.000000	2.458118
9.000000	6.000000	0.000000	725.000000	145.000000	6.000000	744.505871	127.128998	2.000000	2.872344
9.000000	7.000000	6.000000	732.000000	137.000000	6.000000	744.505871	127.128998	2.000000	3.208948
9.000000	8.000000	7.000000	895.000000	144.000000	7.000000	881.263645	157.663917	2.000000	3.778409
9.000000	9.000000	8.000000	1202.000000	160.000000	10.000000	1192.148734	176.085110	1.000000	4.392801
9.000000	10.000000	9.000000	841.000000	226.000000	17.000000	842.109922	233.276779	1.000000	5.138388
9.000000	11.000000	10.000000	771.000000	232.000000	16.000000	766.363130	229.690179	2.000000	5.456992
9.000000	12.000000	11.000000	674.000000	243.000000	15.000000	666.430474	252.035499	1.000000	5.777967
9.000000	13.000000	12.000000	545.000000	247.000000	14.000000	542.015636	261.489809	2.000000	6.098393
9.000000	14.000000	13.000000	230.000000	448.000000	31.000000	227.624509	455.833796	2.000000	6.994573
9.000000	15.000000	14.000000	314.000000	464.000000	32.000000	323.263605	484.282034	2.000000	7.296932
9.000000	16.000000	15.000000	416.000000	470.000000	33.000000	407.632037	481.172353	2.000000	7.657647
9.000000	17.000000	16.000000	427.000000	614.000000	43.000000	441.558609	598.419350	1.000000	8.049367
9.000000	18.000000	17.000000	326.000000	590.000000	42.000000	336.533780	584.646818	1.000000	8.448580
9.000000	19.000000	0.000000	172.000000	539.000000	41.000000	210.842500	545.022163	1.000000	8.810342
9.000000	20.000000	18.000000	203.000000	549.000000	41.000000	210.842500	545.022163	1.000000	9.056261
9.000000	21.000000	0.000000	403.000000	640.000000	53.000000	403.757002	665.121497	2.000000	9.762455
9.000000	22.000000	19.000000	403.000000	654.000000	53.000000	403.757002	665.121497	2.000000	10.242296
9.000000	23.000000	20.000000	520.000000	683.000000	54.000000	513.423333	686.791938	1.000000	10.898093
9.000000	24.000000	21.000000	525.000000	812.000000	64.000000	541.076006	815.836437	2.000000	11.545023
9.000000	25.000000	0.000000	432.000000	959.000000	73.000000	437.367366	931.267204	2.000000	12.201958
9.000000	26.000000	22.000000	429.000000	945.000000	73.000000	437.367366	931.267204	2.000000	12.505160
9.000000	27.000000	23.000000	312.000000	901.000000	72.000000	297.202453	902.285995	2.000000	13.113822
9.000000	28.000000	24.000000	650.000000	910.000000	75.000000	653.557590	922.733758	1.000000	13.713045
9.000000	29.000000	0.000000	654.000000	749.000000	65.000000	637.982245	772.043600	2.000000	14.048156
9.000000	30.000000	25.000000	645.000000	753.000000	65.000000	637.982245	772.043600	2.000000	14.712263
9.000000	31.000000	26.000000	643.000000	600.000000	45.000000	647.264835	587.772371	1.000000	15.370176
9.000000	32.000000	27.000000	653.000000	512.000000	35.000000	655.100041	506.464870	1.000000	15.914504
9.000000	33.000000	28.000000	530.000000	504.000000	34.000000	537.405870	502.565269	1.000000	16.584557
9.000000	34.000000	0.000000	720.000000	491.000000	36.000000	745.702835	488.515816	2.000000	17.216903
9.000000	35.000000	29.000000	742.000000	490.000000	36.000000	745.702835	488.515816	2.000000	17.472997
9.000000	36.000000	30.000000	878.000000	321.000000	27.000000	879.490141	344.823583	2.000000	18.249074
9.000000	37.000000	31.000000	1186.000000	337.000000	30.000000	1196.894820	333.383757	1.000000	18.922101
9.000000	38.000000	32.000000	1084.000000	461.000000	39.000000	1073.837656	447.947257	1.000000	19.336928
9.000000	39.000000	33.000000	986.000000	488.000000	38.000000	970.139370	500.609962	2.000000	19.746225
9.000000	40.000000	0.000000	857.000000	492.000000	37.000000	884.703512	490.607371	2.000000	20.050357
9.000000	41.000000	34.000000	900.000000	497.000000	37.000000	884.703512	490.607371	2.000000	20.609122
9.000000	42.000000	35.000000	994.000000	589.000000	48.000000	979.873182	602.894836	2.000000	21.130483
9.000000	43.000000	36.000000	1085.000000	593.000000	49.000000	1076.635561	594.427729	1.000000	21.689513
9.000000	44.000000	37.000000	1186.000000	582.000000	50.000000	1196.834123	579.965712	2.000000	22.129322
9.000000	45.000000	38.000000	1099.000000	704.000000	59.000000	1104.923547	709.962665	1.000000	22.610533
9.000000	46.000000	39.000000	1082.000000	803.000000	69.000000	1093.599843	791.621547	1.000000	23.009414
9.000000	47.000000	40.000000	853.000000	710.000000	57.000000	844.548058	711.554787	1.000000	23.944835
10.000000	1.000000	1.000000	200.000000	131.000000	1.000000	182.013447	140.649038	1.000000	1.149343
10.000000	2.000000	0.000000	216.000000	242.000000	11.000000	201.859301	269.298481	1.000000	1.684568
10.000000	3.000000	2.000000	215.000000	250.000000	11.000000	201.859301	269.298481	1.000000	2.037414
10.000000	4.000000	3.000000	293.000000	263.000000	12.000000	309.450147	277.008389	1.000000	2.445400
10.000000	5.000000	4.000000	300.000000	210.000000	2.000000	307.457158	186.419791	2.000000	2.845333
10.000000	6.000000	0.000000	416.000000	152.000000	3.000000	449.022447	146.207404	1.000000	3.267405
10.000000	7.000000	5.000000	428.000000	151.000000	3.000000	449.022447	146.207404	1.000000	3.611555
10.000000	8.000000	6.000000	640.000000	138.000000	5.000000	634.669221	124.269223	1.000000	4.116259
10.000000	9.000000	7.000000	893.000000	141.000000	7.000000	885.871227	141.253821	2.000000	5.091767
10.000000	10.000000	8.000000	979.000000	136.000000	8.000000	972.929002	136.914691	2.000000	5.365298
10.000000	11.000000	9.000000	998.000000	254.000000	18.000000	977.143281	259.214767	2.000000	6.709041
10.000000	12.000000	10.000000	893.000000	254.000000	17.000000	876.144380	257.534160	2.000000	7.099562
10.000000	13.000000	11.000000	765.000000	257.000000	16.000000	741.453912	260.257838	2.000000	7.660833
10.000000	14.000000	12.000000	566.000000	256.000000	14.000000	548.553069	258.743842	1.000000	8.293448
10.000000	15.000000	13.000000	553.000000	329.000000	24.000000	556.009815	336.683174	1.000000	8.668745
10.000000	16.000000	14.000000	456.000000	341.000000	23.000000	446.859874	343.154145	1.000000	9.013312
10.000000	17.000000	15.000000	218.000000	478.000000	31.000000	227.955714	473.680130	1.000000	10.076775
10.000000	18.000000	16.000000	196.000000	562.000000	41.000000	196.547459	567.000102	1.000000	10.388608
10.000000	19.000000	17.000000	297.000000	562.000000	42.000000	305.945554	569.581525	1.000000	10.692148
10.000000	20.000000	18.000000	443.000000	557.000000	43.000000	436.276853	555.581319	2.000000	11.141243
10.000000	21.000000	19.000000	530.000000	480.000000	34.000000	538.974808	480.475874	2.000000	11.491910
10.000000	22.000000	20.000000	564.000000	541.000000	44.000000	560.007345	550.626124	1.000000	12.005174
10.000000	23.000000	21.000000	777.000000	383.000000	26.000000	781.214030	373.046691	2.000000	12.811884
10.000000	24.000000	22.000000	976.000000	381.000000	28.000000	965.780903	386.347409	1.000000	13.340328
10.000000	25.000000	23.000000	1221.000000	356.000000	30.000000	1218.177439	343.197450	2.000000	13.844825
10.000000	26.000000	24.000000	1191.000000	523.000000	40.000000	1178.507781	507.341524	2.000000	14.467890
10.000000	27.000000	25.000000	1004.000000	563.000000	48.000000	997.272346	565.219923	1.000000	15.060208
10.000000	28.000000	26.000000	888.000000	570.000000	47.000000	873.726716	565.539810	2.000000	15.435284
10.000000	29.000000	27.000000	1203.000000	657.000000	60.000000	1191.517172	665.598936	1.000000	16.564094
10.000000	30.000000	28.000000	980.000000	665.000000	58.000000	973.594431	671.826907	2.000000	17.189079
10.000000	31.000000	29.000000	897.000000	675.000000	57.000000	876.529029	680.669941	1.000000	17.531296
10.000000	32.000000	30.000000	749.000000	743.000000	66.000000	736.735534	755.110153	1.000000	18.220158
10.000000	33.000000	31.000000	686.000000	796.000000	65.000000	670.459912	812.650432	1.000000	18.660430
10.000000	34.000000	32.000000	642.000000	694.000000	55.000000	639.724130	696.759993	2.000000	19.053444
10.000000	35.000000	0.000000	543.000000	665.000000	54.000000	511.013584	660.093432	2.000000	19.444857
10.000000	36.000000	33.000000	515.000000	662.000000	54.000000	511.013584	660.093432	2.000000	19.971351
10.000000	37.000000	34.000000	292.000000	659.000000	52.000000	306.759602	658.150617	2.000000	20.804374
10.000000	38.000000	0.000000	232.000000	664.000000	51.000000	209.502851	681.817363	2.000000	21.244909
10.000000	39.000000	35.000000	227.000000	670.000000	51.000000	209.502851	681.817363	2.000000	21.611571
10.000000	40.000000	36.000000	324.000000	884.000000	72.000000	324.834114	876.481758	2.000000	22.492091
10.000000	41.000000	37.000000	426.000000	814.000000	63.000000	420.837937	810.884181	1.000000	23.077346
10.000000	42.000000	38.000000	1020.000000	911.000000	78.000000	1001.392101	910.457075	2.000000	23.877063
10.000000	43.000000	0.000000	1095.000000	883.000000	79.000000	1060.115823	893.782698	2.000000	24.117449
10.000000	44.000000	39.000000	1065.000000	894.000000	79.000000	1060.115823	893.782698	2.000000	24.515970
10.000000	45.000000	40.000000	1186.000000	942.000000	80.000000	1186.380399	930.793286	1.000000	24.899555
11.000000	1.000000	1.000000	189.000000	115.000000	1.000000	191.408328	128.442296	1.000000	0.869514
11.000000	2.000000	2.000000	337.000000	136.000000	2.000000	333.598802	159.819061	1.000000	1.310929
11.000000	3.000000	0.000000	430.000000	168.000000	3.000000	407.134189	187.137736	2.000000	1.839191
11.000000	4.000000	3.000000	414.000000	171.000000	3.000000	407.134189	187.137736	2.000000	2.413310
11.000000	5.000000	4.000000	534.000000	123.000000	4.000000	535.437949	136.630941	2.000000	2.797468
11.000000	6.000000	5.000000	307.000000	285.000000	12.000000	313.501785	287.732611	2.000000	3.423476
11.000000	7.000000	6.000000	277.000000	356.000000	22.000000	290.724939	354.935702	1.000000	3.646154
11.000000	8.000000	7.000000	207.000000	355.000000	21.000000	205.522598	359.332581	2.000000	4.007639
11.000000	9.000000	8.000000	204.000000	438.000000	31.000000	205.893266	455.275075	2.000000	4.303240
11.000000	10.000000	9.000000	196.000000	555.000000	41.000000	196.771729	553.233774	2.000000	4.590638
11.000000	11.000000	10.000000	206.000000	703.000000	51.000000	211.177557	684.079885	1.000000	4.974465
11.000000	12.000000	0.000000	127.000000	847.000000	61.000000	185.332532	777.375876	1.000000	5.293450
11.000000	13.000000	11.000000	203.000000	762.000000	61.000000	185.332532	777.375876	1.000000	5.557719
11.000000	14.000000	12.000000	232.000000	897.000000	71.000000	217.808884	900.108644	1.000000	5.895531
11.000000	15.000000	13.000000	335.000000	869.000000	72.000000	314.595217	882.845492	1.000000	6.262643
11.000000	16.000000	0.000000	432.000000	893.000000	73.000000	414.596614	911.025877	1.000000	6.629467
11.000000	17.000000	14.000000	525.000000	916.000000	74.000000	514.470235	929.077969	1.000000	7.055245
11.000000	18.000000	15.000000	403.000000	909.000000	73.000000	414.596614	911.025877	1.000000	7.422435
11.000000	19.000000	16.000000	301.000000	797.000000	62.000000	297.671089	792.223329	2.000000	8.079333
11.000000	20.000000	17.000000	303.000000	716.000000	52.000000	305.382754	718.708407	1.000000	8.415643
11.000000	21.000000	18.000000	452.000000	768.000000	63.000000	448.606413	770.756559	2.000000	8.973542
11.000000	22.000000	19.000000	424.000000	566.000000	43.000000	421.649090	562.471374	2.000000	9.477735
11.000000	23.000000	20.000000	524.000000	588.000000	44.000000	529.036851	586.786020	1.000000	9.789578
11.000000	24.000000	21.000000	564.000000	678.000000	54.000000	552.962800	692.811678	2.000000	10.230879
11.000000	25.000000	22.000000	622.000000	403.000000	25.000000	626.668695	393.468843	1.000000	10.870302
11.000000	26.000000	0.000000	630.000000	416.000000	35.000000	648.357423	458.712625	1.000000	11.126850
11.000000	27.000000	23.000000	642.000000	442.000000	35.000000	648.357423	458.712625	1.000000	11.406285
11.000000	28.000000	0.000000	724.000000	480.000000	36.000000	730.418416	506.042209	1.000000	11.822710
11.000000	29.000000	24.000000	730.000000	486.000000	36.000000	730.418416	506.042209	1.000000	12.093192
11.000000	30.000000	25.000000	679.000000	229.000000	15.000000	654.557383	224.387139	1.000000	12.926516
11.000000	31.000000	26.000000	755.000000	257.000000	16.000000	752.625935	259.113397	1.000000	13.365687
11.000000	32.000000	0.000000	883.000000	114.000000	7.000000	856.504244	118.742689	1.000000	13.917473
11.000000	33.000000	27.000000	871.000000	115.000000	7.000000	856.504244	118.742689	1.000000	14.685993
11.000000	34.000000	28.000000	983.000000	123.000000	8.000000	975.051196	135.503478	2.000000	15.150354
11.000000	35.000000	29.000000	966.000000	252.000000	18.000000	958.906349	249.474686	2.000000	15.526839
11.000000	36.000000	30.000000	1108.000000	237.000000	19.000000	1106.580512	230.390616	2.000000	15.877709
11.000000	37.000000	0.000000	1252.000000	269.000000	20.000000	1218.090323	252.644362	2.000000	16.206565
11.000000	38.000000	31.000000	1230.000000	255.000000	20.000000	1218.090323	252.644362	2.000000	16.534837
11.000000	39.000000	0.000000	1206.000000	394.000000	30.000000	1194.225539	359.698969	1.000000	16.926284
11.000000	40.000000	32.000000	1203.000000	337.000000	30.000000	1194.225539	359.698969	1.000000	17.197329
11.000000	41.000000	33.000000	1207.000000	539.000000	50.000000	1208.314447	544.920029	2.000000	18.038379
11.000000	42.000000	0.000000	946.000000	592.000000	48.000000	972.844784	609.707570	2.000000	18.687447
11.000000	43.000000	34.000000	960.000000	597.000000	48.000000	972.844784	609.707570	2.000000	19.093922
11.000000	44.000000	35.000000	734.000000	703.000000	56.000000	738.185544	718.393031	2.000000	19.895342
11.000000	45.000000	36.000000	1003.000000	745.000000	68.000000	993.987778	763.965273	1.000000	20.574855
11.000000	46.000000	37.000000	1102.000000	894.000000	79.000000	1086.202822	895.403492	1.000000	21.813412
11.000000	47.000000	38.000000	982.000000	916.000000	78.000000	963.102486	922.567453	2.000000	22.621327
11.000000	48.000000	0.000000	895.000000	911.000000	77.000000	862.351174	913.493144	2.000000	23.293747
11.000000	49.000000	39.000000	881.000000	909.000000	77.000000	862.351174	913.493144	2.000000	23.942473
11.000000	50.000000	40.000000	666.000000	895.000000	75.000000	667.433758	898.020915	2.000000	24.661303
12.000000	1.000000	0.000000	226.000000	223.000000	11.000000	211.617616	246.641667	2.000000	0.644437
12.000000	2.000000	1.000000	211.000000	235.000000	11.000000	211.617616	246.641667	2.000000	1.043491
12.000000	3.000000	2.000000	306.000000	235.000000	12.000000	315.227356	237.863412	1.000000	1.427312
12.000000	4.000000	3.000000	522.000000	123.000000	4.000000	523.377904	125.008266	1.000000	1.884100
12.000000	5.000000	4.000000	547.000000	276.000000	14.000000	547.167332	265.149446	2.000000	2.234904
12.000000	6.000000	5.000000	861.000000	228.000000	17.000000	870.468943	235.308290	1.000000	2.980505
12.000000	7.000000	6.000000	956.000000	150.000000	8.000000	962.563425	149.020772	1.000000	3.331587
12.000000	8.000000	7.000000	1001.000000	259.000000	18.000000	995.479095	274.033826	2.000000	3.747507
12.000000	9.000000	8.000000	1169.000000	122.000000	10.000000	1180.999654	139.070077	2.000000	4.204037
12.000000	10.000000	9.000000	1182.000000	363.000000	30.000000	1171.874541	354.954493	2.000000	4.836156
12.000000	11.000000	0.000000	1079.000000	397.000000	29.000000	1106.991387	381.381848	2.000000	5.163722
12.000000	12.000000	10.000000	1103.000000	386.000000	29.000000	1106.991387	381.381848	2.000000	5.484466
12.000000	13.000000	11.000000	1064.000000	441.000000	39.000000	1068.564890	441.049247	1.000000	5.739215
12.000000	14.000000	12.000000	856.000000	456.000000	37.000000	862.457038	474.087446	2.000000	6.307364
12.000000	15.000000	13.000000	757.000000	471.000000	36.000000	754.688272	485.359569	1.000000	6.683230
12.000000	16.000000	14.000000	655.000000	479.000000	35.000000	670.389360	496.677750	2.000000	6.988572
12.000000	17.000000	15.000000	619.000000	382.000000	25.000000	633.016826	384.913899	1.000000	7.386378
12.000000	18.000000	0.000000	711.000000	335.000000	26.000000	744.339637	342.833826	1.000000	7.786478
12.000000	19.000000	0.000000	720.000000	334.000000	26.000000	744.339637	342.833826	1.000000	8.059777
12.000000	20.000000	16.000000	410.000000	387.000000	23.000000	411.289335	379.865708	1.000000	8.819762
12.000000	21.000000	17.000000	737.000000	341.000000	26.000000	744.339637	342.833826	1.000000	9.460106
12.000000	22.000000	18.000000	520.000000	449.000000	34.000000	515.554747	442.978007	2.000000	9.964388
12.000000	23.000000	0.000000	425.000000	473.000000	33.000000	399.363766	476.128156	1.000000	10.307761
12.000000	24.000000	19.000000	411.000000	471.000000	33.000000	399.363766	476.128156	1.000000	10.587196
12.000000	25.000000	20.000000	337.000000	450.000000	32.000000	324.054036	446.592606	2.000000	11.060390
12.000000	26.000000	21.000000	307.000000	637.000000	52.000000	287.914441	649.912085	2.000000	11.731134
12.000000	27.000000	22.000000	385.000000	686.000000	53.000000	401.299414	702.158539	2.000000	12.324205
12.000000	28.000000	0.000000	328.000000	743.000000	62.000000	302.337714	766.872217	1.000000	12.770939
12.000000	29.000000	23.000000	315.000000	768.000000	62.000000	302.337714	766.872217	1.000000	13.034790
12.000000	30.000000	24.000000	199.000000	880.000000	71.000000	211.394045	890.397952	1.000000	13.699854
12.000000	31.000000	25.000000	331.000000	890.000000	72.000000	332.934872	903.494903	1.000000	14.266843
12.000000	32.000000	0.000000	395.000000	907.000000	73.000000	432.464118	913.494263	1.000000	14.644249
12.000000	33.000000	26.000000	420.000000	907.000000	73.000000	432.464118	913.494263	1.000000	14.954740
12.000000	34.000000	27.000000	636.000000	820.000000	65.000000	626.064919	826.047450	1.000000	15.851801
12.000000	35.000000	0.000000	774.000000	761.000000	66.000000	743.185411	776.286063	1.000000	16.163875
12.000000	36.000000	0.000000	720.000000	760.000000	66.000000	743.185411	776.286063	1.000000	16.435875
12.000000	37.000000	28.000000	736.000000	762.000000	66.000000	743.185411	776.286063	1.000000	16.740130
12.000000	38.000000	29.000000	763.000000	676.000000	56.000000	782.273067	672.642342	2.000000	17.210838
12.000000	39.000000	30.000000	890.000000	786.000000	67.000000	883.637001	777.282757	1.000000	17.787500
12.000000	40.000000	31.000000	793.000000	945.000000	76.000000	782.191234	929.783700	2.000000	18.291176
12.000000	41.000000	32.000000	857.000000	907.000000	77.000000	867.825193	907.316105	2.000000	18.691425
12.000000	42.000000	33.000000	1079.000000	751.000000	69.000000	1081.320627	766.020967	2.000000	19.426919
12.000000	43.000000	34.000000	1048.000000	873.000000	79.000000	1061.846664	892.692317	1.000000	19.820167
12.000000	44.000000	35.000000	972.000000	916.000000	78.000000	961.280044	917.371521	1.000000	20.243211
12.000000	45.000000	36.000000	850.000000	572.000000	47.000000	850.535768	595.487737	1.000000	20.963630
12.000000	46.000000	37.000000	935.000000	567.000000	48.000000	949.998753	573.921392	2.000000	21.444829
12.000000	47.000000	38.000000	1083.000000	697.000000	59.000000	1085.757452	693.708749	2.000000	22.100340
12.000000	48.000000	39.000000	1190.000000	697.000000	60.000000	1195.466040	697.031572	2.000000	22.523879
12.000000	49.000000	40.000000	1177.000000	562.000000	50.000000	1180.179985	549.478471	2.000000	23.044000
13.000000	1.000000	1.000000	195.000000	177.000000	1.000000	187.209554	176.626828	2.000000	2.655593
13.000000	2.000000	2.000000	183.000000	366.000000	21.000000	182.922032	365.006638	2.000000	3.448753
13.000000	3.000000	3.000000	450.000000	234.000000	13.000000	444.134058	239.657869	2.000000	4.233770
13.000000	4.000000	4.000000	521.000000	264.000000	14.000000	513.326329	267.386885	2.000000	4.568345
13.000000	5.000000	5.000000	532.000000	375.000000	24.000000	530.264046	363.610723	2.000000	4.920240
13.000000	6.000000	0.000000	642.000000	413.000000	25.000000	617.594065	396.431705	2.000000	5.313829
13.000000	7.000000	6.000000	636.000000	403.000000	25.000000	617.594065	396.431705	2.000000	5.657618
13.000000	8.000000	7.000000	675.000000	482.000000	35.000000	671.356016	473.847518	2.000000	6.087699
13.000000	9.000000	8.000000	535.000000	561.000000	44.000000	539.296223	568.509510	1.000000	10.040495
13.000000	10.000000	9.000000	398.000000	330.000000	23.000000	402.894417	336.187490	1.000000	10.521073
13.000000	11.000000	10.000000	214.000000	224.000000	11.000000	209.747007	240.337303	1.000000	11.105807
13.000000	12.000000	11.000000	321.000000	110.000000	2.000000	317.174930	128.651692	1.000000	11.495884
13.000000	13.000000	12.000000	508.000000	138.000000	4.000000	517.849011	149.192473	1.000000	12.017674
13.000000	14.000000	13.000000	414.000000	603.000000	43.000000	413.742231	611.418779	1.000000	12.761785
13.000000	15.000000	0.000000	324.000000	641.000000	52.000000	290.416349	658.060178	1.000000	13.073537
13.000000	16.000000	14.000000	295.000000	645.000000	52.000000	290.416349	658.060178	1.000000	13.288308
13.000000	17.000000	15.000000	445.000000	695.000000	53.000000	432.944766	694.165930	1.000000	13.655861
13.000000	18.000000	0.000000	433.000000	801.000000	63.000000	411.073014	824.274870	1.000000	14.120251
13.000000	19.000000	16.000000	417.000000	812.000000	63.000000	411.073014	824.274870	1.000000	14.400111
13.000000	20.000000	0.000000	313.000000	865.000000	72.000000	328.607478	887.221004	1.000000	14.713780
13.000000	21.000000	17.000000	323.000000	873.000000	72.000000	328.607478	887.221004	1.000000	15.009516
13.000000	22.000000	18.000000	530.000000	873.000000	74.000000	510.235877	882.958871	1.000000	15.521000
13.000000	23.000000	19.000000	764.000000	272.000000	16.000000	761.550052	271.289499	2.000000	16.665422
13.000000	24.000000	0.000000	789.000000	154.000000	6.000000	767.066743	141.630499	2.000000	17.024228
13.000000	25.000000	20.000000	788.000000	145.000000	6.000000	767.066743	141.630499	2.000000	17.296395
13.000000	26.000000	0.000000	889.000000	176.000000	7.000000	856.425400	184.781632	2.000000	17.647884
13.000000	27.000000	21.000000	871.000000	176.000000	7.000000	856.425400	184.781632	2.000000	17.896515
13.000000	28.000000	22.000000	958.000000	140.000000	8.000000	965.139504	124.871136	2.000000	18.241837
13.000000	29.000000	0.000000	1099.000000	138.000000	9.000000	1082.049767	158.803698	1.000000	18.608630
13.000000	30.000000	23.000000	1098.000000	143.000000	9.000000	1082.049767	158.803698	1.000000	18.912089
13.000000	31.000000	24.000000	1225.000000	157.000000	10.000000	1210.083148	174.499774	2.000000	19.289806
13.000000	32.000000	25.000000	989.000000	395.000000	28.000000	982.906415	387.330039	1.000000	19.945797
13.000000	33.000000	26.000000	962.000000	475.000000	38.000000	960.071811	455.183661	2.000000	20.233126
13.000000	34.000000	27.000000	1086.000000	489.000000	39.000000	1103.034649	496.625401	1.000000	20.729362
13.000000	35.000000	0.000000	1186.000000	487.000000	40.000000	1211.921337	484.631246	2.000000	21.376387
13.000000	36.000000	28.000000	1196.000000	492.000000	40.000000	1211.921337	484.631246	2.000000	21.680361
13.000000	37.000000	29.000000	1188.000000	578.000000	50.000000	1186.936427	584.485515	2.000000	22.048333
13.000000	38.000000	30.000000	1118.000000	589.000000	49.000000	1095.936610	582.689499	2.000000	22.344089
13.000000	39.000000	0.000000	995.000000	569.000000	48.000000	963.995696	560.798334	1.000000	22.736148
13.000000	40.000000	31.000000	978.000000	565.000000	48.000000	963.995696	560.798334	1.000000	23.017524
13.000000	41.000000	32.000000	979.000000	653.000000	58.000000	977.869708	660.031085	1.000000	23.336622
13.000000	42.000000	33.000000	755.000000	554.000000	46.000000	742.340810	549.688743	1.000000	23.960320
13.000000	43.000000	34.000000	739.000000	652.000000	56.000000	733.226158	656.866161	2.000000	24.249294
13.000000	44.000000	0.000000	634.000000	822.000000	65.000000	632.774653	787.065811	2.000000	24.664596
13.000000	45.000000	35.000000	627.000000	805.000000	65.000000	632.774653	787.065811	2.000000	24.977985
13.000000	46.000000	0.000000	624.000000	917.000000	75.000000	634.532415	889.070594	2.000000	25.408294
13.000000	47.000000	36.000000	629.000000	899.000000	75.000000	634.532415	889.070594	2.000000	25.721279
13.000000	48.000000	37.000000	864.000000	806.000000	67.000000	855.310661	811.819856	1.000000	26.209007
13.000000	49.000000	38.000000	1079.000000	841.000000	79.000000	1087.583313	863.840840	2.000000	26.881192
13.000000	50.000000	39.000000	1101.000000	812.000000	69.000000	1107.582104	812.133124	1.000000	27.145741
13.000000	51.000000	40.000000	1186.000000	884.000000	80.000000	1180.669153	869.319961	1.000000	27.489208
14.000000	1.000000	1.000000	184.000000	347.000000	21.000000	186.513173	361.785487	2.000000	1.349786
14.000000	2.000000	2.000000	334.000000	382.000000	22.000000	316.893386	386.029552	2.000000	1.758566
14.000000	3.000000	0.000000	232.000000	473.000000	31.000000	215.101789	497.453463	2.000000	2.502317
14.000000	4.000000	3.000000	223.000000	476.000000	31.000000	215.101789	497.453463	2.000000	3.279025
14.000000	5.000000	4.000000	447.000000	365.000000	23.000000	451.383274	356.550450	1.000000	4.189995
14.000000	6.000000	5.000000	431.000000	490.000000	33.000000	425.847366	493.737706	2.000000	4.733492
14.000000	7.000000	6.000000	565.000000	485.000000	34.000000	558.251412	474.652951	2.000000	5.183156
14.000000	8.000000	7.000000	532.000000	559.000000	44.000000	514.922322	576.009740	2.000000	5.574568
14.000000	9.000000	8.000000	455.000000	649.000000	53.000000	438.178108	650.872568	1.000000	6.573182
14.000000	10.000000	9.000000	320.000000	790.000000	62.000000	325.672078	786.595132	2.000000	7.535077
14.000000	11.000000	10.000000	345.000000	900.000000	72.000000	334.919494	917.765259	1.000000	7.974993
14.000000	12.000000	11.000000	432.000000	904.000000	73.000000	421.774375	920.744912	1.000000	8.333628
14.000000	13.000000	0.000000	580.000000	893.000000	74.000000	551.333230	892.032957	1.000000	8.742926
14.000000	14.000000	12.000000	574.000000	887.000000	74.000000	551.333230	892.032957	1.000000	9.078087
14.000000	15.000000	0.000000	567.000000	779.000000	64.000000	539.757098	778.895085	1.000000	9.479166
14.000000	16.000000	13.000000	556.000000	778.000000	64.000000	539.757098	778.895085	1.000000	9.806553
14.000000	17.000000	14.000000	681.000000	782.000000	65.000000	670.858352	791.535082	1.000000	10.181743
14.000000	18.000000	15.000000	659.000000	903.000000	75.000000	665.069667	911.785001	2.000000	10.631336
14.000000	19.000000	16.000000	748.000000	856.000000	76.000000	761.964899	871.269390	2.000000	11.054099
14.000000	20.000000	0.000000	854.000000	892.000000	77.000000	881.184817	925.714672	2.000000	11.509650
14.000000	21.000000	17.000000	878.000000	902.000000	77.000000	881.184817	925.714672	2.000000	11.797870
14.000000	22.000000	18.000000	952.000000	889.000000	78.000000	961.313630	871.685126	2.000000	12.253320
14.000000	23.000000	19.000000	1195.000000	891.000000	80.000000	1189.276679	897.311481	1.000000	13.021972
14.000000	24.000000	20.000000	1194.000000	798.000000	70.000000	1175.549175	807.697519	1.000000	13.429625
14.000000	25.000000	0.000000	1120.000000	797.000000	69.000000	1093.531513	803.964745	1.000000	13.813476
14.000000	26.000000	21.000000	1095.000000	795.000000	69.000000	1093.531513	803.964745	1.000000	14.148998
14.000000	27.000000	22.000000	996.000000	792.000000	68.000000	995.813491	789.888201	2.000000	14.525843
14.000000	28.000000	23.000000	877.000000	793.000000	67.000000	865.932668	795.338148	2.000000	15.061149
14.000000	29.000000	24.000000	874.000000	717.000000	57.000000	870.876504	698.644644	2.000000	15.526985
14.000000	30.000000	25.000000	1181.000000	637.000000	60.000000	1170.869076	648.768298	2.000000	16.318394
14.000000	31.000000	26.000000	1097.000000	588.000000	49.000000	1080.258190	576.527242	2.000000	16.815056
14.000000	32.000000	27.000000	1194.000000	565.000000	50.000000	1175.128692	559.479096	1.000000	17.077333
14.000000	33.000000	28.000000	1103.000000	492.000000	39.000000	1102.505079	500.612794	2.000000	17.469551
14.000000	34.000000	29.000000	1171.000000	464.000000	40.000000	1182.234589	451.279039	2.000000	17.773313
14.000000	35.000000	30.000000	1198.000000	400.000000	30.000000	1206.163522	394.268403	2.000000	18.135088
14.000000	36.000000	31.000000	1101.000000	392.000000	29.000000	1084.602967	391.940296	2.000000	18.501832
14.000000	37.000000	32.000000	962.000000	574.000000	48.000000	970.668580	582.660953	1.000000	19.230136
14.000000	38.000000	33.000000	856.000000	571.000000	47.000000	864.469926	564.088652	1.000000	19.574727
14.000000	39.000000	34.000000	757.000000	567.000000	46.000000	766.373072	559.762543	1.000000	19.910400
14.000000	40.000000	35.000000	851.000000	480.000000	37.000000	848.592829	481.427084	1.000000	20.293915
14.000000	41.000000	36.000000	765.000000	353.000000	26.000000	742.161606	354.974438	1.000000	21.015174
14.000000	42.000000	37.000000	635.000000	155.000000	5.000000	628.427744	157.100953	1.000000	21.758760
14.000000	43.000000	38.000000	741.000000	169.000000	6.000000	751.669420	182.833831	1.000000	22.094737
14.000000	44.000000	39.000000	976.000000	239.000000	18.000000	963.316182	253.450123	1.000000	23.229977
14.000000	45.000000	40.000000	1222.000000	145.000000	10.000000	1210.407922	143.072771	1.000000	23.989335
15.000000	1.000000	1.000000	203.000000	248.000000	11.000000	190.216747	245.136207	2.000000	1.010401
15.000000	2.000000	2.000000	334.000000	259.000000	12.000000	319.437317	264.454756	2.000000	1.545335
15.000000	3.000000	3.000000	413.000000	256.000000	13.000000	422.935036	252.173979	1.000000	2.187431
15.000000	4.000000	0.000000	395.000000	120.000000	3.000000	407.266524	144.812528	1.000000	2.513893
15.000000	5.000000	4.000000	408.000000	129.000000	3.000000	407.266524	144.812528	1.000000	2.786763
15.000000	6.000000	0.000000	583.000000	146.000000	4.000000	554.696727	155.328862	2.000000	3.297593
15.000000	7.000000	0.000000	579.000000	147.000000	4.000000	554.696727	155.328862	2.000000	3.498433
15.000000	8.000000	5.000000	562.000000	144.000000	4.000000	554.696727	155.328862	2.000000	3.793756
15.000000	9.000000	6.000000	651.000000	178.000000	5.000000	631.583344	177.857581	1.000000	4.083179
15.000000	10.000000	7.000000	553.000000	246.000000	14.000000	543.305638	258.338562	2.000000	4.561274
15.000000	11.000000	8.000000	425.000000	321.000000	23.000000	418.023266	331.304150	2.000000	5.090681
15.000000	12.000000	9.000000	193.000000	353.000000	21.000000	195.405675	367.126894	2.000000	5.771436
15.000000	13.000000	10.000000	205.000000	660.000000	51.000000	204.118404	669.087988	1.000000	6.914938
15.000000	14.000000	11.000000	310.000000	655.000000	52.000000	313.701030	660.697975	1.000000	7.251186
15.000000	15.000000	12.000000	325.000000	583.000000	42.000000	312.442878	600.578405	1.000000	7.537374
15.000000	16.000000	13.000000	451.000000	586.000000	43.000000	451.552463	600.367283	1.000000	7.818129
15.000000	17.000000	14.000000	204.000000	797.000000	61.000000	198.356166	789.270801	2.000000	8.458885
15.000000	18.000000	0.000000	203.000000	879.000000	71.000000	192.918158	903.935922	1.000000	8.986829
15.000000	19.000000	15.000000	195.000000	896.000000	71.000000	192.918158	903.935922	1.000000	9.322876
15.000000	20.000000	16.000000	438.000000	779.000000	63.000000	436.813620	781.164543	1.000000	9.866816
15.000000	21.000000	17.000000	459.000000	699.000000	53.000000	449.187731	700.176474	1.000000	10.202463
15.000000	22.000000	18.000000	513.000000	699.000000	54.000000	515.972375	715.165744	1.000000	10.578499
15.000000	23.000000	19.000000	535.000000	547.000000	44.000000	520.828955	560.040206	2.000000	11.249270
15.000000	24.000000	20.000000	662.000000	872.000000	75.000000	662.090806	868.142885	1.000000	12.202199
15.000000	25.000000	21.000000	653.000000	788.000000	65.000000	654.550474	800.863550	2.000000	12.449590
15.000000	26.000000	22.000000	851.000000	884.000000	77.000000	847.987627	898.664044	1.000000	13.137245
15.000000	27.000000	23.000000	993.000000	884.000000	78.000000	977.658377	879.546554	1.000000	13.474539
15.000000	28.000000	0.000000	1055.000000	918.000000	79.000000	1089.208930	925.786817	2.000000	13.841068
15.000000	29.000000	0.000000	1126.000000	919.000000	79.000000	1089.208930	925.786817	2.000000	14.155020
15.000000	30.000000	24.000000	1076.000000	924.000000	79.000000	1089.208930	925.786817	2.000000	14.481758
15.000000	31.000000	25.000000	1184.000000	896.000000	80.000000	1190.817631	899.861544	2.000000	14.994688
15.000000	32.000000	26.000000	1105.000000	653.000000	59.000000	1095.867621	661.202656	2.000000	15.994268
15.000000	33.000000	27.000000	879.000000	473.000000	37.000000	870.965497	472.335149	2.000000	17.585320
15.000000	34.000000	28.000000	789.000000	335.000000	26.000000	777.371676	344.300094	2.000000	18.017499
15.000000	35.000000	29.000000	861.000000	338.000000	27.000000	873.101850	344.525763	1.000000	18.305622
15.000000	36.000000	30.000000	974.000000	347.000000	28.000000	983.427381	359.219743	1.000000	18.666081
15.000000	37.000000	31.000000	970.000000	280.000000	18.000000	971.315616	262.670809	2.000000	19.123180
15.000000	38.000000	32.000000	975.000000	193.000000	8.000000	979.847621	180.735148	2.000000	19.954879
15.000000	39.000000	33.000000	1072.000000	170.000000	9.000000	1064.783054	163.783151	2.000000	20.379265
15.000000	40.000000	34.000000	1099.000000	264.000000	19.000000	1089.117289	245.229138	2.000000	20.715055
15.000000	41.000000	35.000000	1203.000000	284.000000	20.000000	1183.749725	283.244921	2.000000	21.203306
15.000000	42.000000	36.000000	1201.000000	158.000000	10.000000	1183.700660	163.628365	1.000000	21.755207
15.000000	43.000000	37.000000	1211.000000	371.000000	30.000000	1211.974465	393.454319	1.000000	22.185496
15.000000	44.000000	0.000000	1194.000000	451.000000	40.000000	1168.435268	444.968839	2.000000	22.579137
15.000000	45.000000	38.000000	1090.000000	443.000000	39.000000	1067.894456	442.200132	1.000000	23.113890
15.000000	46.000000	39.000000	1187.000000	453.000000	40.000000	1168.435268	444.968839	2.000000	23.482828
15.000000	47.000000	40.000000	1205.000000	557.000000	50.000000	1201.090795	565.193461	1.000000	23.874359
16.000000	1.000000	1.000000	1085.000000	145.000000	9.000000	1089.245527	141.192429	1.000000	1.996015
16.000000	2.000000	2.000000	1207.000000	253.000000	20.000000	1216.190795	268.177841	1.000000	2.492632
16.000000	3.000000	3.000000	1094.000000	281.000000	19.000000	1079.929504	288.847001	1.000000	3.036986
16.000000	4.000000	0.000000	1154.000000	340.000000	30.000000	1169.285507	368.815672	2.000000	3.484843
16.000000	5.000000	4.000000	1164.000000	350.000000	30.000000	1169.285507	368.815672	2.000000	3.771946
16.000000	6.000000	5.000000	1107.000000	378.000000	29.000000	1095.347092	382.387245	2.000000	4.171372
16.000000	7.000000	6.000000	899.000000	258.000000	17.000000	891.937937	250.874616	2.000000	4.708237
16.000000	8.000000	7.000000	868.000000	328.000000	27.000000	876.321431	331.776649	1.000000	5.004761
16.000000	9.000000	8.000000	754.000000	269.000000	16.000000	746.261612	269.334082	1.000000	5.564311
16.000000	10.000000	9.000000	641.000000	147.000000	5.000000	641.409673	132.688616	2.000000	6.027789
16.000000	11.000000	10.000000	398.000000	135.000000	3.000000	417.209021	126.517684	1.000000	6.498856
16.000000	12.000000	11.000000	330.000000	252.000000	12.000000	322.460336	254.594233	2.000000	7.052365
16.000000	13.000000	12.000000	298.000000	360.000000	22.000000	292.831353	370.925331	2.000000	7.435655
16.000000	14.000000	0.000000	239.000000	366.000000	21.000000	212.337938	367.929880	1.000000	7.738901
16.000000	15.000000	0.000000	190.000000	340.000000	21.000000	212.337938	367.929880	1.000000	8.260119
16.000000	16.000000	13.000000	199.000000	351.000000	21.000000	212.337938	367.929880	1.000000	8.580898
16.000000	17.000000	14.000000	207.000000	485.000000	31.000000	197.602252	504.435595	2.000000	9.204811
16.000000	18.000000	15.000000	299.000000	485.000000	32.000000	303.901469	485.530019	1.000000	9.828768
16.000000	19.000000	16.000000	327.000000	590.000000	42.000000	323.185737	581.700528	2.000000	10.388734
16.000000	20.000000	17.000000	409.000000	596.000000	43.000000	412.928507	602.030350	2.000000	10.868615
16.000000	21.000000	18.000000	567.000000	468.000000	34.000000	558.005278	479.734915	2.000000	11.355000
16.000000	22.000000	19.000000	668.000000	354.000000	25.000000	671.508004	356.712074	2.000000	11.780247
16.000000	23.000000	20.000000	753.000000	447.000000	36.000000	748.469698	449.002799	2.000000	12.180820
16.000000	24.000000	21.000000	957.000000	475.000000	38.000000	948.041185	492.638131	1.000000	12.675529
16.000000	25.000000	22.000000	1197.000000	548.000000	50.000000	1180.304496	562.056194	2.000000	13.252502
16.000000	26.000000	23.000000	1009.000000	641.000000	58.000000	1002.401615	657.120287	2.000000	14.092798
16.000000	27.000000	24.000000	1002.000000	603.000000	48.000000	982.722542	610.905168	1.000000	14.380205
16.000000	28.000000	0.000000	1059.000000	663.000000	59.000000	1079.668066	691.847196	1.000000	14.850919
16.000000	29.000000	25.000000	1071.000000	675.000000	59.000000	1079.668066	691.847196	1.000000	15.155134
16.000000	30.000000	26.000000	884.000000	657.000000	57.000000	884.134721	653.125899	1.000000	15.611171
16.000000	31.000000	27.000000	751.000000	689.000000	56.000000	754.142618	701.565040	1.000000	16.203209
16.000000	32.000000	28.000000	729.000000	616.000000	46.000000	729.286142	610.351447	2.000000	16.556314
16.000000	33.000000	29.000000	445.000000	670.000000	53.000000	450.652170	686.812915	1.000000	17.187609
16.000000	34.000000	30.000000	299.000000	680.000000	52.000000	295.070172	685.711638	1.000000	17.739765
16.000000	35.000000	31.000000	216.000000	858.000000	71.000000	213.773872	863.692269	2.000000	18.331705
16.000000	36.000000	32.000000	395.000000	900.000000	73.000000	400.224554	921.710287	2.000000	18.867740
16.000000	37.000000	33.000000	457.000000	804.000000	63.000000	441.710126	813.623767	2.000000	19.364232
16.000000	38.000000	0.000000	285.000000	933.000000	72.000000	310.550738	906.542400	1.000000	19.683099
16.000000	39.000000	34.000000	301.000000	918.000000	72.000000	310.550738	906.542400	1.000000	20.027059
16.000000	40.000000	35.000000	515.000000	912.000000	74.000000	521.517063	912.873574	1.000000	20.635777
16.000000	41.000000	36.000000	542.000000	814.000000	64.000000	532.529110	818.970369	1.000000	20.963928
16.000000	42.000000	37.000000	753.000000	866.000000	76.000000	739.626077	870.006657	2.000000	21.596588
16.000000	43.000000	38.000000	853.000000	920.000000	77.000000	843.556997	924.491122	1.000000	22.012658
16.000000	44.000000	39.000000	1064.000000	888.000000	79.000000	1075.914786	878.711785	1.000000	22.602787
16.000000	45.000000	40.000000	1198.000000	904.000000	80.000000	1212.060483	919.457712	2.000000	23.027023
17.000000	1.000000	1.000000	192.000000	243.000000	11.000000	189.909671	253.143611	1.000000	1.093117
17.000000	2.000000	2.000000	302.000000	332.000000	22.000000	288.921164	330.607819	2.000000	1.612831
17.000000	3.000000	3.000000	345.000000	154.000000	2.000000	331.247748	143.532349	1.000000	2.141342
17.000000	4.000000	4.000000	446.000000	298.000000	13.000000	437.648955	286.929938	2.000000	2.628471
17.000000	5.000000	5.000000	547.000000	247.000000	14.000000	556.744192	253.864015	1.000000	3.085302
17.000000	6.000000	6.000000	634.000000	118.000000	5.000000	629.282249	123.880725	1.000000	3.532726
17.000000	7.000000	7.000000	751.000000	250.000000	16.000000	742.632195	261.442693	2.000000	4.036152
17.000000	8.000000	0.000000	881.000000	110.000000	7.000000	858.614789	122.657743	2.000000	4.444832
17.000000	9.000000	8.000000	872.000000	117.000000	7.000000	858.614789	122.657743	2.000000	4.756443
17.000000	10.000000	9.000000	938.000000	139.000000	8.000000	950.175537	152.989370	1.000000	5.085025
17.000000	11.000000	10.000000	991.000000	224.000000	18.000000	993.382391	246.317803	1.000000	5.477260
17.000000	12.000000	11.000000	1083.000000	241.000000	19.000000	1100.628889	237.678792	2.000000	5.925246
17.000000	13.000000	12.000000	1218.000000	273.000000	20.000000	1219.804374	273.661148	2.000000	6.373570
17.000000	14.000000	13.000000	1183.000000	447.000000	40.000000	1184.973768	466.120313	1.000000	7.180312
17.000000	15.000000	14.000000	1068.000000	447.000000	39.000000	1059.568751	466.950301	2.000000	7.651848
17.000000	16.000000	0.000000	1089.000000	306.000000	29.000000	1071.229312	336.425740	2.000000	8.052633
17.000000	17.000000	15.000000	1070.000000	342.000000	29.000000	1071.229312	336.425740	2.000000	8.341152
17.000000	18.000000	0.000000	891.000000	333.000000	27.000000	867.587141	344.209588	2.000000	8.909631
17.000000	19.000000	16.000000	866.000000	244.000000	17.000000	850.647071	241.215242	1.000000	9.492270
17.000000	20.000000	17.000000	871.000000	329.000000	27.000000	867.587141	344.209588	2.000000	9.908280
17.000000	21.000000	18.000000	737.000000	332.000000	26.000000	730.350703	337.121613	1.000000	10.363843
17.000000	22.000000	19.000000	200.000000	490.000000	31.000000	204.632997	503.350262	1.000000	11.629954
17.000000	23.000000	20.000000	322.000000	457.000000	32.000000	318.087979	456.874517	2.000000	12.196960
17.000000	24.000000	21.000000	523.000000	464.000000	34.000000	536.877722	476.296868	1.000000	12.909419
17.000000	25.000000	22.000000	235.000000	663.000000	51.000000	229.445508	670.584311	1.000000	13.836600
17.000000	26.000000	23.000000	309.000000	701.000000	52.000000	311.478694	714.796571	2.000000	14.228763
17.000000	27.000000	24.000000	443.000000	611.000000	43.000000	448.971684	607.011375	1.000000	14.733892
17.000000	28.000000	25.000000	742.000000	588.000000	46.000000	739.646921	600.335316	2.000000	16.083809
17.000000	29.000000	26.000000	871.000000	653.000000	57.000000	868.668459	664.467568	2.000000	16.723637
17.000000	30.000000	27.000000	1203.000000	591.000000	50.000000	1186.809856	580.218020	2.000000	17.891988
17.000000	31.000000	28.000000	1208.000000	908.000000	80.000000	1199.824097	900.924408	1.000000	18.660724
17.000000	32.000000	29.000000	1207.000000	806.000000	70.000000	1204.867278	811.525946	1.000000	19.052588
17.000000	33.000000	30.000000	1081.000000	784.000000	69.000000	1094.652995	794.965904	1.000000	19.468974
17.000000	34.000000	0.000000	912.000000	784.000000	67.000000	882.956934	793.639368	2.000000	20.332733
17.000000	35.000000	31.000000	902.000000	784.000000	67.000000	882.956934	793.639368	2.000000	20.828019
17.000000	36.000000	32.000000	876.000000	886.000000	77.000000	883.259057	877.342590	2.000000	21.355967
17.000000	37.000000	33.000000	665.000000	892.000000	75.000000	654.314761	903.893451	1.000000	22.085777
17.000000	38.000000	34.000000	664.000000	828.000000	65.000000	657.986169	807.141739	1.000000	22.437407
17.000000	39.000000	35.000000	406.000000	899.000000	73.000000	421.072889	906.080558	2.000000	23.076646
17.000000	40.000000	36.000000	401.000000	791.000000	63.000000	419.879377	800.822137	2.000000	23.429789
17.000000	41.000000	0.000000	359.000000	810.000000	62.000000	293.540411	799.131579	2.000000	23.996689
17.000000	42.000000	37.000000	291.000000	808.000000	62.000000	293.540411	799.131579	2.000000	24.276734
17.000000	43.000000	38.000000	222.000000	873.000000	71.000000	221.780406	870.697980	2.000000	24.580831
17.000000	44.000000	39.000000	341.000000	872.000000	72.000000	336.625738	872.904567	1.000000	24.933690
17.000000	45.000000	40.000000	642.000000	669.000000	55.000000	619.767316	667.513840	1.000000	25.668030
18.000000	1.000000	1.000000	201.000000	155.000000	1.000000	187.946068	162.298612	2.000000	1.192941
18.000000	2.000000	2.000000	298.000000	164.000000	2.000000	311.866116	180.952162	1.000000	1.778808
18.000000	3.000000	3.000000	420.000000	244.000000	13.000000	415.761674	250.190807	1.000000	2.426519
18.000000	4.000000	4.000000	530.000000	243.000000	14.000000	519.727595	241.223018	1.000000	2.810735
18.000000	5.000000	5.000000	538.000000	146.000000	4.000000	525.327812	143.731574	2.000000	3.361453
18.000000	6.000000	6.000000	652.000000	144.000000	5.000000	628.686821	151.964844	1.000000	3.707015
18.000000	7.000000	7.000000	733.000000	166.000000	6.000000	729.704330	173.528216	2.000000	4.193669
18.000000	8.000000	8.000000	860.000000	158.000000	7.000000	857.579634	150.929350	2.000000	4.690097
18.000000	9.000000	9.000000	878.000000	217.000000	17.000000	876.090018	228.911290	1.000000	5.056925
18.000000	10.000000	10.000000	997.000000	144.000000	8.000000	1000.012051	141.575709	1.000000	5.482503
18.000000	11.000000	11.000000	1067.000000	145.000000	9.000000	1085.057368	144.816470	1.000000	5.881946
18.000000	12.000000	12.000000	1059.000000	339.000000	29.000000	1063.349594	346.528420	1.000000	6.482647
18.000000	13.000000	13.000000	1002.000000	345.000000	28.000000	1002.092111	337.553042	1.000000	6.794075
18.000000	14.000000	14.000000	1128.000000	440.000000	39.000000	1106.859716	446.412253	2.000000	7.417216
18.000000	15.000000	15.000000	970.000000	438.000000	38.000000	957.470760	436.914675	2.000000	7.834602
18.000000	16.000000	16.000000	864.000000	461.000000	37.000000	870.938301	472.098655	2.000000	8.162105
18.000000	17.000000	17.000000	663.000000	494.000000	35.000000	650.232167	507.369634	2.000000	8.858057
18.000000	18.000000	18.000000	542.000000	476.000000	34.000000	543.930938	460.490334	1.000000	9.234622
18.000000	19.000000	19.000000	529.000000	395.000000	24.000000	534.984045	396.094690	2.000000	9.617648
18.000000	20.000000	20.000000	390.000000	364.000000	23.000000	404.446761	361.159538	1.000000	9.994163
18.000000	21.000000	21.000000	331.000000	449.000000	32.000000	317.833279	456.828810	1.000000	10.594973
18.000000	22.000000	22.000000	224.000000	616.000000	41.000000	222.054637	608.653624	2.000000	11.521819
18.000000	23.000000	23.000000	303.000000	669.000000	52.000000	299.132400	680.025667	2.000000	11.962775
18.000000	24.000000	24.000000	407.000000	658.000000	53.000000	403.442081	668.250241	1.000000	12.384932
18.000000	25.000000	25.000000	512.000000	593.000000	44.000000	520.868867	585.117235	1.000000	12.842294
18.000000	26.000000	26.000000	647.000000	681.000000	55.000000	644.894460	667.302131	2.000000	13.281564
18.000000	27.000000	27.000000	769.000000	664.000000	56.000000	773.076722	649.327825	2.000000	13.785248
18.000000	28.000000	28.000000	869.000000	589.000000	47.000000	855.056950	589.765734	2.000000	14.201393
18.000000	29.000000	29.000000	981.000000	645.000000	58.000000	968.222908	653.037688	1.000000	14.626524
18.000000	30.000000	30.000000	1085.000000	607.000000	49.000000	1080.526544	594.363460	2.000000	15.050334
18.000000	31.000000	31.000000	1226.000000	700.000000	60.000000	1218.433658	680.204844	2.000000	15.498164
18.000000	32.000000	32.000000	1071.000000	775.000000	69.000000	1065.604500	768.574411	2.000000	16.105304
18.000000	33.000000	33.000000	1094.000000	890.000000	79.000000	1093.569791	878.482748	1.000000	16.689710
18.000000	34.000000	0.000000	963.000000	920.000000	78.000000	988.539658	917.201756	1.000000	17.114499
18.000000	35.000000	34.000000	986.000000	918.000000	78.000000	988.539658	917.201756	1.000000	17.450635
18.000000	36.000000	35.000000	850.000000	869.000000	77.000000	846.518229	863.714585	2.000000	17.994484
18.000000	37.000000	36.000000	758.000000	893.000000	76.000000	767.272263	900.530474	2.000000	18.425848
18.000000	38.000000	37.000000	741.000000	779.000000	66.000000	742.622743	786.046157	1.000000	18.913506
18.000000	39.000000	38.000000	545.000000	795.000000	64.000000	538.085330	809.988519	2.000000	19.433831
18.000000	40.000000	39.000000	311.000000	889.000000	72.000000	303.070168	900.564284	1.000000	19.977844
18.000000	41.000000	40.000000	214.000000	907.000000	71.000000	225.519769	899.579731	1.000000	20.274370
19.000000	1.000000	1.000000	190.000000	212.000000	11.000000	189.670788	230.045027	2.000000	1.051130
19.000000	2.000000	2.000000	302.000000	143.000000	2.000000	300.035235	154.976661	1.000000	1.435654
19.000000	3.000000	3.000000	413.000000	242.000000	13.000000	412.870249	238.069886	2.000000	1.923792
19.000000	4.000000	4.000000	663.000000	187.000000	5.000000	659.356001	180.837573	2.000000	2.515153
19.000000	5.000000	5.000000	745.000000	99.000000	6.000000	749.905366	118.185973	2.000000	2.915493
19.000000	6.000000	6.000000	830.000000	112.000000	7.000000	841.585689	118.455423	1.000000	3.283888
19.000000	7.000000	7.000000	976.000000	158.000000	8.000000	965.727990	179.808756	2.000000	3.874549
19.000000	8.000000	8.000000	1063.000000	263.000000	19.000000	1071.307156	272.325350	2.000000	4.395248
19.000000	9.000000	9.000000	1005.000000	280.000000	18.000000	994.980776	293.629160	2.000000	4.739891
19.000000	10.000000	10.000000	861.000000	274.000000	17.000000	856.701594	273.827743	1.000000	5.123833
19.000000	11.000000	11.000000	790.000000	276.000000	16.000000	774.059509	287.670213	2.000000	5.452986
19.000000	12.000000	0.000000	777.000000	320.000000	26.000000	778.440045	352.258355	1.000000	5.803510
19.000000	13.000000	12.000000	787.000000	343.000000	26.000000	778.440045	352.258355	1.000000	6.467325
19.000000	14.000000	13.000000	862.000000	352.000000	27.000000	851.175096	362.053392	1.000000	6.819806
19.000000	15.000000	14.000000	941.000000	370.000000	28.000000	958.392388	382.614478	1.000000	7.235612
19.000000	16.000000	15.000000	1103.000000	373.000000	29.000000	1105.118369	387.355703	1.000000	7.795314
19.000000	17.000000	16.000000	1217.000000	451.000000	40.000000	1206.906831	461.438738	1.000000	8.346872
19.000000	18.000000	17.000000	1162.000000	557.000000	50.000000	1167.936901	557.921665	2.000000	8.940113
19.000000	19.000000	18.000000	999.000000	597.000000	48.000000	1002.383905	608.430992	2.000000	9.493002
19.000000	20.000000	19.000000	850.000000	635.000000	57.000000	850.003711	652.263564	2.000000	10.259685
19.000000	21.000000	20.000000	762.000000	603.000000	46.000000	761.468119	599.861105	1.000000	10.795114
19.000000	22.000000	21.000000	639.000000	591.000000	45.000000	646.989488	589.049437	1.000000	11.244652
19.000000	23.000000	22.000000	648.000000	500.000000	35.000000	645.286026	483.685381	2.000000	11.708125
19.000000	24.000000	23.000000	647.000000	390.000000	25.000000	642.316527	384.466353	2.000000	12.164666
19.000000	25.000000	24.000000	452.000000	362.000000	23.000000	440.645235	352.003330	1.000000	12.699045
19.000000	26.000000	25.000000	188.000000	432.000000	31.000000	199.045646	443.135647	1.000000	13.300920
19.000000	27.000000	26.000000	203.000000	601.000000	41.000000	201.850948	612.715405	1.000000	13.979321
19.000000	28.000000	27.000000	428.000000	556.000000	43.000000	407.977269	549.084232	2.000000	14.484125
19.000000	29.000000	28.000000	520.000000	559.000000	44.000000	526.730439	557.671711	2.000000	15.036091
19.000000	30.000000	29.000000	533.000000	664.000000	54.000000	526.687659	663.971891	1.000000	15.435308
19.000000	31.000000	30.000000	448.000000	680.000000	53.000000	424.567948	676.933634	2.000000	15.940379
19.000000	32.000000	31.000000	317.000000	675.000000	52.000000	310.503785	672.666845	1.000000	16.475058
19.000000	33.000000	32.000000	289.000000	784.000000	62.000000	288.488280	801.982287	2.000000	17.091732
19.000000	34.000000	33.000000	227.000000	826.000000	61.000000	211.283025	822.096078	1.000000	17.436030
19.000000	35.000000	34.000000	336.000000	883.000000	72.000000	325.936921	893.742263	2.000000	18.075487
19.000000	36.000000	35.000000	442.000000	873.000000	73.000000	427.139149	865.539566	2.000000	18.420046
19.000000	37.000000	36.000000	567.000000	875.000000	74.000000	562.014649	888.347953	1.000000	19.051438
19.000000	38.000000	37.000000	891.000000	864.000000	77.000000	888.577450	867.877287	1.000000	19.643107
19.000000	39.000000	38.000000	1007.000000	804.000000	68.000000	989.434598	803.213779	1.000000	19.971082
19.000000	40.000000	39.000000	985.000000	906.000000	78.000000	974.320833	925.474670	2.000000	20.563107
19.000000	41.000000	40.000000	1217.000000	864.000000	80.000000	1202.989728	873.591169	1.000000	21.380793
20.000000	1.000000	1.000000	303.000000	191.000000	2.000000	304.404872	187.803418	1.000000	0.924917
20.000000	2.000000	2.000000	515.000000	122.000000	4.000000	508.436523	118.729918	2.000000	1.587863
20.000000	3.000000	3.000000	644.000000	221.000000	15.000000	634.723350	234.780606	1.000000	2.043815
20.000000	4.000000	4.000000	726.000000	246.000000	16.000000	744.966613	250.490293	1.000000	2.427992
20.000000	5.000000	5.000000	771.000000	191.000000	6.000000	775.951014	171.572743	1.000000	2.899328
20.000000	6.000000	6.000000	859.000000	153.000000	7.000000	874.750796	138.410984	1.000000	3.315951
20.000000	7.000000	7.000000	873.000000	266.000000	17.000000	853.121779	280.203304	2.000000	3.820951
20.000000	8.000000	0.000000	892.000000	354.000000	27.000000	866.264791	355.955295	1.000000	4.860640
20.000000	9.000000	8.000000	878.000000	349.000000	27.000000	866.264791	355.955295	1.000000	6.148339
20.000000	10.000000	9.000000	1195.000000	373.000000	30.000000	1183.100783	381.703112	2.000000	7.155105
20.000000	11.000000	10.000000	1182.000000	439.000000	40.000000	1185.435658	449.535660	1.000000	7.852061
20.000000	12.000000	11.000000	663.000000	434.000000	35.000000	665.919768	446.537789	2.000000	8.595698
20.000000	13.000000	12.000000	659.000000	375.000000	25.000000	659.539930	366.475684	2.000000	8.916256
20.000000	14.000000	13.000000	539.000000	344.000000	24.000000	552.256725	333.848036	2.000000	9.501017
20.000000	15.000000	14.000000	459.000000	371.000000	23.000000	443.344054	389.633307	1.000000	10.012031
20.000000	16.000000	15.000000	316.000000	351.000000	22.000000	302.504935	342.581128	2.000000	10.587426
20.000000	17.000000	16.000000	234.000000	381.000000	21.000000	232.234050	395.312907	1.000000	11.052775
20.000000	18.000000	17.000000	537.000000	475.000000	34.000000	515.090767	485.471050	1.000000	11.637078
20.000000	19.000000	0.000000	768.000000	494.000000	36.000000	741.017745	503.493372	1.000000	12.115525
20.000000	20.000000	18.000000	731.000000	495.000000	36.000000	741.017745	503.493372	1.000000	13.045172
20.000000	21.000000	19.000000	882.000000	495.000000	37.000000	886.312959	505.853430	1.000000	13.579850
20.000000	22.000000	20.000000	964.000000	545.000000	48.000000	961.996576	560.272786	2.000000	14.084089
20.000000	23.000000	21.000000	1105.000000	554.000000	49.000000	1109.837966	563.439932	1.000000	14.612802
20.000000	24.000000	22.000000	737.000000	585.000000	46.000000	740.225462	603.778181	2.000000	15.364221
20.000000	25.000000	0.000000	780.000000	633.000000	56.000000	760.759469	651.944877	1.000000	16.179406
20.000000	26.000000	23.000000	764.000000	639.000000	56.000000	760.759469	651.944877	1.000000	16.588084
20.000000	27.000000	24.000000	846.000000	688.000000	57.000000	849.483719	705.309073	2.000000	17.092146
20.000000	28.000000	0.000000	1115.000000	767.000000	69.000000	1089.595174	779.146737	1.000000	17.835882
20.000000	29.000000	25.000000	1103.000000	770.000000	69.000000	1089.595174	779.146737	1.000000	18.157217
20.000000	30.000000	26.000000	1194.000000	881.000000	80.000000	1190.378244	884.074176	1.000000	18.764440
20.000000	31.000000	27.000000	1093.000000	899.000000	79.000000	1093.203311	914.457453	1.000000	19.419287
20.000000	32.000000	28.000000	887.000000	880.000000	77.000000	875.759757	875.472924	2.000000	20.036130
20.000000	33.000000	29.000000	659.000000	801.000000	65.000000	658.468401	797.419122	2.000000	20.692655
20.000000	34.000000	0.000000	625.000000	954.000000	75.000000	637.246755	922.705015	2.000000	21.171277
20.000000	35.000000	30.000000	634.000000	927.000000	75.000000	637.246755	922.705015	2.000000	21.468726
20.000000	36.000000	31.000000	532.000000	905.000000	74.000000	531.915769	902.685521	1.000000	22.011171
20.000000	37.000000	0.000000	176.000000	886.000000	71.000000	210.300331	912.925621	1.000000	22.732418
20.000000	38.000000	32.000000	193.000000	898.000000	71.000000	210.300331	912.925621	1.000000	23.028947
20.000000	39.000000	33.000000	322.000000	850.000000	72.000000	316.100585	867.600402	2.000000	23.540730
20.000000	40.000000	34.000000	349.000000	768.000000	62.000000	339.684327	763.066033	2.000000	24.092939
20.000000	41.000000	0.000000	405.000000	767.000000	63.000000	432.890043	769.089828	2.000000	24.555958
20.000000	42.000000	35.000000	420.000000	763.000000	63.000000	432.890043	769.089828	2.000000	24.891825
20.000000	43.000000	36.000000	527.000000	701.000000	54.000000	514.630609	696.088701	2.000000	25.404287
20.000000	44.000000	37.000000	425.000000	685.000000	53.000000	413.339860	684.757306	2.000000	25.907415
20.000000	45.000000	38.000000	338.000000	660.000000	52.000000	328.715876	652.145848	1.000000	26.453141
20.000000	46.000000	39.000000	220.000000	660.000000	51.000000	208.291787	672.504743	2.000000	27.028590
20.000000	47.000000	0.000000	239.000000	586.000000	41.000000	227.946204	552.515340	2.000000	27.547645
20.000000	48.000000	0.000000	240.000000	575.000000	41.000000	227.946204	552.515340	2.000000	28.051208
20.000000	49.000000	40.000000	234.000000	561.000000	41.000000	227.946204	552.515340	2.000000	28.427458
