AdaptChoice	Code = 77	Session = 1	Starting Dist Col = 1
Targ 1 = 	255.000000	0.000000	0.000000	
Targ 2 = 	0.000000	0.000000	255.000000	
SubNo	Trial	Block_trial	Block_num	Plateau_cond	Transition_cond	Run_number	Targ1_position	Targ2_position	FixationCheck	Red_targ_digit	Blue_targ_digit	Response	Targ_Choice	Acc	RT	Optimal_Choice	StarEndOptimal	Repeat_Switch
77	1	1	0	1	0	1	16	5	0	2	3	3	2	1	2252	1	1	NaN
77	2	2	0	1	0	2	40	17	0	5	4	4	2	1	1442	1	1	1
77	3	3	0	1	0	3	16	25	0	4	5	4	1	1	4071	0	2	2
77	4	4	0	1	0	4	45	3	0	3	5	5	2	1	8334	1	1	2
77	5	5	0	1	0	5	51	4	0	5	4	4	2	1	2250	1	1	1
77	6	6	0	0	1	6	22	28	0	2	5	5	2	1	5601	1	1	1
77	7	7	0	0	1	7	27	15	0	5	2	2	2	1	1926	1	1	1
77	8	8	0	0	1	8	48	25	0	2	5	5	2	1	2362	1	1	1
77	9	9	0	0	1	9	11	9	0	2	4	4	2	1	1019	NaN	1	1
77	10	10	0	0	1	10	25	46	0	5	3	5	1	1	4089	1	2	2
77	1	1	1	1	0	1	44	21	0	2	5	5	2	1	2572	1	1	NaN
77	2	2	1	1	0	2	42	50	0	2	5	5	2	1	2457	1	1	1
77	3	3	1	1	0	3	27	43	0	3	5	5	2	1	2323	1	1	1
77	4	4	1	1	0	4	20	4	0	5	3	3	2	1	2091	1	1	1
77	5	5	1	1	0	5	3	8	0	3	5	5	2	1	1162	1	1	1
77	6	6	1	0	1	6	33	43	0	5	3	3	2	1	6059	1	1	1
77	7	7	1	0	1	7	41	22	0	5	4	4	2	1	1870	1	1	1
77	8	8	1	0	1	8	8	40	0	4	5	5	2	1	2764	1	1	1
77	9	9	1	0	1	9	47	48	0	4	2	2	2	1	3509	NaN	1	1
77	10	10	1	0	1	10	15	32	0	5	2	5	1	1	2248	1	2	2
77	11	11	1	0	1	11	33	13	0	3	2	3	1	1	3087	1	2	1
77	12	12	1	0	1	12	20	12	0	5	2	5	1	1	4058	1	2	1
77	13	13	1	2	0	1	23	34	0	5	3	5	1	1	2548	1	1	1
77	14	14	1	2	0	2	6	49	0	2	3	2	1	1	3225	1	1	1
77	15	15	1	2	0	3	41	54	0	5	4	5	1	1	2503	1	1	1
77	16	16	1	2	0	4	41	39	0	2	4	2	1	1	2626	1	1	1
77	17	17	1	2	0	5	17	29	0	3	4	3	1	1	3320	1	1	1
77	18	18	1	0	2	6	17	40	0	5	2	5	1	1	1144	1	1	1
77	19	19	1	0	2	7	35	51	0	4	2	4	1	1	1672	1	1	1
77	20	20	1	0	2	8	35	10	0	5	3	5	1	1	718	1	1	1
77	21	21	1	0	2	9	36	6	0	4	5	4	1	1	3454	NaN	1	1
77	22	22	1	0	2	10	4	45	0	2	5	2	1	1	1217	0	1	1
77	23	23	1	0	2	11	4	37	0	2	4	2	1	1	1402	0	1	1
77	24	24	1	0	2	12	49	44	0	2	3	2	1	1	2680	0	1	1
77	25	25	1	1	0	1	37	18	0	2	3	2	1	1	2491	0	2	1
77	26	26	1	1	0	2	47	3	0	4	5	5	2	1	1634	1	1	2
77	27	27	1	1	0	3	29	41	0	2	5	5	2	1	2972	1	1	1
77	28	28	1	1	0	4	21	51	0	3	5	5	2	1	2801	1	1	1
77	29	29	1	1	0	5	1	18	0	5	4	4	2	1	2750	1	1	1
77	30	30	1	0	1	6	52	16	0	4	5	5	2	1	939	1	1	1
77	31	31	1	0	1	7	43	7	0	5	2	2	2	1	1923	1	1	1
77	32	32	1	0	1	8	6	16	0	2	5	5	2	1	1666	1	1	1
77	33	33	1	0	1	9	16	37	0	4	3	4	1	1	3497	NaN	2	2
77	34	34	1	0	1	10	38	18	0	3	2	3	1	1	5072	1	2	1
77	35	35	1	0	1	11	20	1	0	3	2	3	1	1	2823	1	2	1
77	36	36	1	0	1	12	40	28	0	3	4	3	1	1	2629	1	2	1
77	37	37	1	2	0	1	38	43	0	2	5	2	1	1	2499	1	1	1
77	38	38	1	2	0	2	24	42	0	2	5	2	1	1	2634	1	1	1
77	39	39	1	2	0	3	14	9	0	5	3	5	1	1	1260	1	1	1
77	40	40	1	2	0	4	27	18	0	3	4	3	1	1	2511	1	1	1
77	41	41	1	2	0	5	33	22	0	4	3	4	1	1	4026	1	1	1
77	42	42	1	0	2	6	47	25	0	3	2	3	1	1	2624	1	1	1
77	43	43	1	0	2	7	42	44	0	3	5	3	1	1	3702	1	1	1
77	44	44	1	0	2	8	35	1	0	4	3	4	1	1	2097	1	1	1
77	45	45	1	0	2	9	19	30	0	5	2	2	2	1	3505	NaN	2	2
77	46	46	1	0	2	10	9	34	0	5	2	2	2	1	1988	1	2	1
77	47	47	1	0	2	11	29	46	0	4	3	3	2	1	2781	1	2	1
77	48	48	1	0	2	12	28	13	0	4	2	2	2	1	2890	1	2	1
77	49	49	1	1	0	1	33	30	0	2	4	4	2	1	1593	1	1	1
77	50	50	1	1	0	2	48	52	0	4	5	5	2	1	1402	1	1	1
77	51	51	1	1	0	3	18	35	0	3	4	4	2	1	1864	1	1	1
77	52	52	1	1	0	4	44	13	0	2	4	4	2	1	978	1	1	1
77	53	53	1	1	0	5	3	10	0	3	2	2	2	1	3823	1	1	1
77	54	54	1	0	1	6	11	2	0	3	5	5	2	1	3413	1	1	1
77	55	55	1	0	1	7	32	28	0	4	2	2	2	1	2903	1	1	1
77	56	56	1	0	1	8	26	25	0	2	4	4	2	1	2914	1	1	1
77	57	57	1	0	1	9	25	14	0	2	3	3	2	1	3066	NaN	1	1
77	58	58	1	0	1	10	1	22	0	2	3	2	1	1	1513	1	2	2
77	59	59	1	0	1	11	3	19	0	4	5	4	1	1	2088	1	2	1
77	60	60	1	0	1	12	19	38	0	5	4	5	1	1	3899	1	2	1
77	61	61	1	2	0	1	1	42	0	2	4	2	1	1	2266	1	1	1
77	62	62	1	2	0	2	16	33	0	2	4	2	1	1	913	1	1	1
77	63	63	1	2	0	3	52	14	0	4	2	4	1	1	1505	1	1	1
77	64	64	1	2	0	4	4	20	0	3	5	3	1	1	3132	1	1	1
77	65	65	1	2	0	5	3	50	0	3	4	3	1	1	988	1	1	1
77	66	66	1	0	2	6	6	3	0	3	2	3	1	1	3021	1	1	1
77	67	67	1	0	2	7	28	2	0	4	3	4	1	1	3003	1	1	1
77	68	68	1	0	2	8	6	1	0	3	2	3	1	1	3680	1	1	1
77	69	69	1	0	2	9	47	52	0	3	4	3	1	1	3803	NaN	1	1
77	70	70	1	0	2	10	49	1	0	5	4	4	2	1	2257	1	2	2
77	71	71	1	0	2	11	53	7	0	5	3	3	2	1	3211	1	2	1
77	72	72	1	0	2	12	6	20	0	5	3	3	2	1	2517	1	2	1
77	73	73	1	1	0	1	28	13	0	5	2	2	2	1	1565	1	1	1
77	74	74	1	1	0	2	19	28	0	3	5	5	2	1	3789	1	1	1
77	75	75	1	1	0	3	41	45	0	4	5	5	2	1	2615	1	1	1
77	76	76	1	1	0	4	8	37	0	5	4	4	2	1	1504	1	1	1
77	77	77	1	1	0	5	20	9	0	3	2	2	2	1	3067	1	1	1
77	78	78	1	0	1	6	19	22	0	5	2	2	2	1	2322	1	1	1
77	79	79	1	0	1	7	21	34	0	5	4	4	2	1	1330	1	1	1
77	80	80	1	0	1	8	7	24	0	3	4	4	2	1	1982	1	1	1
77	81	81	1	0	1	9	24	25	0	5	3	3	2	1	3627	NaN	1	1
77	82	82	1	0	1	10	50	19	0	4	3	4	1	1	2625	1	2	2
77	83	83	1	0	1	11	5	41	0	4	3	4	1	1	3134	1	2	1
77	84	84	1	0	1	12	33	43	0	3	5	3	1	1	2698	1	2	1
77	85	85	1	2	0	1	9	40	0	2	3	2	1	1	754	1	1	1
77	86	86	1	2	0	2	17	14	0	4	2	4	1	1	878	1	1	1
77	87	87	1	2	0	3	6	1	0	4	2	4	1	1	2457	1	1	1
77	88	88	1	2	0	4	5	27	0	5	4	5	1	1	1707	1	1	1
77	89	89	1	2	0	5	51	44	0	4	3	4	1	1	2123	1	1	1
77	90	90	1	0	2	6	31	3	0	4	5	4	1	1	3666	1	1	1
77	91	91	1	0	2	7	7	18	0	3	4	3	1	1	3529	1	1	1
77	92	92	1	0	2	8	32	14	0	2	3	2	1	1	1565	1	1	1
77	93	93	1	0	2	9	41	50	0	2	3	2	1	1	2902	NaN	1	1
77	94	94	1	0	2	10	25	2	0	2	4	2	1	1	4185	0	1	1
77	95	95	1	0	2	11	36	35	0	4	2	2	2	1	2778	1	2	2
77	96	96	1	0	2	12	1	16	0	2	5	5	2	1	1087	1	2	1
77	97	1	2	1	0	1	41	11	0	4	3	3	2	1	2425	1	1	NaN
77	98	2	2	1	0	2	42	2	0	3	4	4	2	1	1726	1	1	1
77	99	3	2	1	0	3	8	39	0	4	2	2	2	1	4674	1	1	1
77	100	4	2	1	0	4	34	45	0	5	2	2	2	1	2897	1	1	1
77	101	5	2	1	0	5	2	30	0	5	3	3	2	1	2041	1	1	1
77	102	6	2	0	1	6	26	29	0	3	2	2	2	1	2395	1	1	1
77	103	7	2	0	1	7	48	33	0	5	4	4	2	1	1556	1	1	1
77	104	8	2	0	1	8	28	8	0	4	2	2	2	1	1224	1	1	1
77	105	9	2	0	1	9	8	23	0	3	5	5	2	1	1646	NaN	1	1
77	106	10	2	0	1	10	43	48	0	2	5	2	1	1	4224	1	2	2
77	107	11	2	0	1	11	15	18	0	3	2	2	2	1	4190	0	1	2
77	108	12	2	0	1	12	51	22	0	2	3	2	1	1	3559	1	2	2
77	109	13	2	2	0	1	18	34	0	4	5	4	1	1	2675	1	1	1
77	110	14	2	2	0	2	18	11	0	4	3	4	1	1	13402	1	1	1
77	111	15	2	2	0	3	28	47	0	2	4	2	1	1	1200	1	1	1
77	112	16	2	2	0	4	6	30	0	3	4	3	1	1	3381	1	1	1
77	113	17	2	2	0	5	42	53	0	4	5	4	1	1	2562	1	1	1
77	114	18	2	0	2	6	40	54	0	2	5	2	1	1	1779	1	1	1
77	115	19	2	0	2	7	14	37	0	4	5	4	1	1	1824	1	1	1
77	116	20	2	0	2	8	33	36	0	2	3	2	1	1	869	1	1	1
77	117	21	2	0	2	9	3	47	0	3	4	3	1	1	1412	NaN	1	1
77	118	22	2	0	2	10	30	16	0	4	2	2	2	1	1262	1	2	2
77	119	23	2	0	2	11	43	20	0	5	2	2	2	1	2928	1	2	1
77	120	24	2	0	2	12	13	22	0	2	5	5	2	1	1956	1	2	1
77	121	25	2	1	0	1	18	43	0	3	5	5	2	1	3248	1	1	1
77	122	26	2	1	0	2	38	20	0	2	5	5	2	1	2823	1	1	1
77	123	27	2	1	0	3	8	2	0	5	3	3	2	1	2589	1	1	1
77	124	28	2	1	0	4	30	2	0	3	2	2	2	1	1542	1	1	1
77	125	29	2	1	0	5	47	22	0	2	4	4	2	1	2514	1	1	1
77	126	30	2	0	1	6	18	14	0	5	4	4	2	1	2057	1	1	1
77	127	31	2	0	1	7	31	45	0	3	5	5	2	1	2184	1	1	1
77	128	32	2	0	1	8	15	36	0	4	5	4	1	1	2489	0	2	2
77	129	33	2	0	1	9	22	29	0	5	3	3	2	1	3016	NaN	1	2
77	130	34	2	0	1	10	48	20	0	2	5	2	1	1	4642	1	2	2
77	131	35	2	0	1	11	3	14	0	5	3	5	1	1	2856	1	2	1
77	132	36	2	0	1	12	6	26	0	3	2	3	1	1	2627	1	2	1
77	133	37	2	2	0	1	27	18	0	4	5	4	1	1	2352	1	1	1
77	134	38	2	2	0	2	10	13	0	3	2	3	1	1	3093	1	1	1
77	135	39	2	2	0	3	11	17	0	4	5	4	1	1	1140	1	1	1
77	136	40	2	2	0	4	8	6	0	2	3	2	1	1	1116	1	1	1
77	137	41	2	2	0	5	22	9	0	4	3	4	1	1	1804	1	1	1
77	138	42	2	0	2	6	12	48	0	5	3	5	1	1	1017	1	1	1
77	139	43	2	0	2	7	27	8	0	5	2	5	1	1	3211	1	1	1
77	140	44	2	0	2	8	54	29	0	4	2	4	1	1	1740	1	1	1
77	141	45	2	0	2	9	44	32	0	5	4	5	1	1	2932	NaN	1	1
77	142	46	2	0	2	10	30	24	0	2	3	2	1	1	2248	0	1	1
77	143	47	2	0	2	11	37	25	0	2	3	3	2	1	2399	1	2	2
77	144	48	2	0	2	12	4	31	0	5	4	4	2	1	2248	1	2	1
77	145	49	2	1	0	1	8	29	0	2	5	5	2	1	1678	1	1	1
77	146	50	2	1	0	2	48	42	0	3	4	4	2	1	2745	1	1	1
77	147	51	2	1	0	3	44	16	0	4	3	3	2	1	2841	1	1	1
77	148	52	2	1	0	4	42	6	0	3	5	5	2	1	4112	1	1	1
77	149	53	2	1	0	5	41	45	0	5	4	4	2	1	2355	1	1	1
77	150	54	2	0	1	6	26	40	0	3	5	5	2	1	2303	1	1	1
77	151	55	2	0	1	7	53	5	0	2	5	5	2	1	1419	1	1	1
77	152	56	2	0	1	8	5	17	0	2	3	3	2	1	3001	1	1	1
77	153	57	2	0	1	9	9	8	0	4	3	4	1	1	2682	NaN	2	2
77	154	58	2	0	1	10	29	48	0	5	3	5	1	1	8165	1	2	1
77	155	59	2	0	1	11	50	26	0	5	2	5	1	1	5710	1	2	1
77	156	60	2	0	1	12	23	51	0	5	2	5	1	1	3625	1	2	1
77	157	61	2	2	0	1	23	21	0	3	5	3	1	1	2599	1	1	1
77	158	62	2	2	0	2	49	4	0	5	4	5	1	1	3773	1	1	1
77	159	63	2	2	0	3	52	35	0	3	2	3	1	1	2093	1	1	1
77	160	64	2	2	0	4	26	23	0	5	3	5	1	1	2756	1	1	1
77	161	65	2	2	0	5	23	30	0	2	3	2	1	1	3813	1	1	1
77	162	66	2	0	2	6	37	19	0	4	2	4	1	1	2814	1	1	1
77	163	67	2	0	2	7	35	12	0	2	4	2	1	1	2656	1	1	1
77	164	68	2	0	2	8	51	23	0	3	2	3	1	1	2926	1	1	1
77	165	69	2	0	2	9	50	39	0	4	2	4	1	1	2458	NaN	1	1
77	166	70	2	0	2	10	18	2	0	4	3	3	2	1	1989	1	2	2
77	167	71	2	0	2	11	52	7	0	4	3	3	2	1	3110	1	2	1
77	168	72	2	0	2	12	14	46	0	5	4	4	2	1	2481	1	2	1
77	169	73	2	1	0	1	22	16	0	3	2	2	2	1	2704	1	1	1
77	170	74	2	1	0	2	43	16	0	3	4	4	2	1	1419	1	1	1
77	171	75	2	1	0	3	11	18	0	3	4	4	2	1	825	1	1	1
77	172	76	2	1	0	4	23	48	0	2	4	4	2	1	1655	1	1	1
77	173	77	2	1	0	5	24	12	0	4	2	2	2	1	1386	1	1	1
77	174	78	2	0	1	6	19	25	0	4	3	3	2	1	3091	1	1	1
77	175	79	2	0	1	7	53	41	0	5	2	2	2	1	1874	1	1	1
77	176	80	2	0	1	8	39	22	0	2	4	4	2	1	1836	1	1	1
77	177	81	2	0	1	9	9	33	0	2	4	2	1	1	3998	NaN	2	2
77	178	82	2	0	1	10	28	47	0	5	4	5	1	1	2124	1	2	1
77	179	83	2	0	1	11	22	16	0	4	2	4	1	1	1940	1	2	1
77	180	84	2	0	1	12	20	17	0	2	4	2	1	1	2263	1	2	1
77	181	85	2	2	0	1	43	26	0	4	5	4	1	1	3554	1	1	1
77	182	86	2	2	0	2	51	32	0	2	3	2	1	1	1926	1	1	1
77	183	87	2	2	0	3	27	18	0	5	2	5	1	1	4386	1	1	1
77	184	88	2	2	0	4	15	50	0	5	3	5	1	1	2036	1	1	1
77	185	89	2	2	0	5	4	41	0	3	4	3	1	1	3086	1	1	1
77	186	90	2	0	2	6	11	39	0	3	5	3	1	1	1057	1	1	1
77	187	91	2	0	2	7	22	38	0	3	5	3	1	1	2803	1	1	1
77	188	92	2	0	2	8	9	30	0	2	4	2	1	1	3593	1	1	1
77	189	93	2	0	2	9	42	40	0	3	4	3	1	1	3682	NaN	1	1
77	190	94	2	0	2	10	29	26	0	5	2	2	2	1	3949	1	2	2
77	191	95	2	0	2	11	40	13	0	4	5	4	1	1	2977	0	1	2
77	192	96	2	0	2	12	2	23	0	2	5	5	2	1	3382	1	2	2
77	193	1	3	1	0	1	10	15	0	3	4	3	1	1	1258	0	2	NaN
77	194	2	3	1	0	2	26	11	0	2	4	4	2	1	5301	1	1	2
77	195	3	3	1	0	3	41	10	0	4	5	5	2	1	880	1	1	1
77	196	4	3	1	0	4	31	16	0	3	2	2	2	1	2035	1	1	1
77	197	5	3	1	0	5	10	22	0	4	3	3	2	1	2101	1	1	1
77	198	6	3	0	1	6	1	41	0	5	3	3	2	1	2889	1	1	1
77	199	7	3	0	1	7	35	43	0	3	4	4	2	1	1728	1	1	1
77	200	8	3	0	1	8	43	25	0	2	5	5	2	1	3148	1	1	1
77	201	9	3	0	1	9	22	49	0	3	5	3	1	1	3368	NaN	2	2
77	202	10	3	0	1	10	11	51	0	2	5	2	1	1	873	1	2	1
77	203	11	3	0	1	11	51	16	0	3	5	3	1	1	4520	1	2	1
77	204	12	3	0	1	12	3	24	0	2	4	2	1	1	1144	1	2	1
77	205	13	3	2	0	1	46	39	0	5	3	5	1	1	1856	1	1	1
77	206	14	3	2	0	2	49	36	0	3	5	3	1	1	3186	1	1	1
77	207	15	3	2	0	3	50	15	0	2	3	2	1	1	2812	1	1	1
77	208	16	3	2	0	4	42	50	0	4	2	4	1	1	2221	1	1	1
77	209	17	3	2	0	5	36	45	0	5	3	5	1	1	2635	1	1	1
77	210	18	3	0	2	6	26	52	0	4	5	4	1	1	4029	1	1	1
77	211	19	3	0	2	7	26	52	0	2	3	2	1	1	1539	1	1	1
77	212	20	3	0	2	8	23	43	0	4	3	4	1	1	1755	1	1	1
77	213	21	3	0	2	9	4	7	0	3	2	3	1	1	2015	NaN	1	1
77	214	22	3	0	2	10	27	32	0	5	2	5	1	1	4617	0	1	1
77	215	23	3	0	2	11	23	33	0	3	4	4	2	1	1658	1	2	2
77	216	24	3	0	2	12	29	22	0	2	3	3	2	1	2165	1	2	1
77	217	25	3	1	0	1	50	51	0	3	5	5	2	1	3318	1	1	1
77	218	26	3	1	0	2	30	10	0	4	2	2	2	1	1005	1	1	1
77	219	27	3	1	0	3	2	53	0	5	2	2	2	1	3814	1	1	1
77	220	28	3	1	0	4	45	14	0	5	2	2	2	1	1128	1	1	1
77	221	29	3	1	0	5	30	46	0	2	5	5	2	1	5388	1	1	1
77	222	30	3	0	1	6	44	54	0	4	3	3	2	1	1605	1	1	1
77	223	31	3	0	1	7	44	13	0	4	5	5	2	1	810	1	1	1
77	224	32	3	0	1	8	35	28	0	4	2	2	2	1	2940	1	1	1
77	225	33	3	0	1	9	7	28	0	5	3	3	2	1	1108	NaN	1	1
77	226	34	3	0	1	10	49	33	0	5	4	5	1	1	2864	1	2	2
77	227	35	3	0	1	11	24	15	0	2	3	2	1	1	3442	1	2	1
77	228	36	3	0	1	12	36	8	0	4	5	4	1	1	1953	1	2	1
77	229	37	3	2	0	1	21	46	0	3	2	3	1	1	1981	1	1	1
77	230	38	3	2	0	2	40	29	0	2	4	2	1	1	1586	1	1	1
77	231	39	3	2	0	3	44	51	0	5	3	5	1	1	4395	1	1	1
77	232	40	3	2	0	4	33	12	0	5	2	5	1	1	2712	1	1	1
77	233	41	3	2	0	5	41	32	0	5	2	5	1	1	1760	1	1	1
77	234	42	3	0	2	6	51	12	0	3	4	3	1	1	1569	1	1	1
77	235	43	3	0	2	7	41	54	0	5	4	5	1	1	2057	1	1	1
77	236	44	3	0	2	8	47	3	0	5	3	5	1	1	2464	1	1	1
77	237	45	3	0	2	9	26	49	0	4	5	4	1	1	946	NaN	1	1
77	238	46	3	0	2	10	37	54	0	5	3	3	2	1	4490	1	2	2
77	239	47	3	0	2	11	1	44	0	3	4	4	2	1	1321	1	2	1
77	240	48	3	0	2	12	13	49	0	2	4	4	2	1	985	1	2	1
77	241	49	3	1	0	1	36	41	0	2	4	4	2	1	3198	1	1	1
77	242	50	3	1	0	2	26	47	0	3	2	2	2	1	2795	1	1	1
77	243	51	3	1	0	3	53	4	0	5	4	4	2	1	2009	1	1	1
77	244	52	3	1	0	4	30	38	0	3	5	5	2	1	1938	1	1	1
77	245	53	3	1	0	5	46	38	0	4	3	3	2	1	4086	1	1	1
77	246	54	3	0	1	6	4	43	0	4	2	2	2	1	2761	1	1	1
77	247	55	3	0	1	7	7	51	0	4	3	3	2	1	3674	1	1	1
77	248	56	3	0	1	8	30	41	0	2	5	5	2	1	2393	1	1	1
77	249	57	3	0	1	9	30	22	0	2	3	3	2	1	5142	NaN	1	1
77	250	58	3	0	1	10	12	19	0	3	4	3	1	1	1886	1	2	2
77	251	59	3	0	1	11	53	28	0	5	4	5	1	1	1945	1	2	1
77	252	60	3	0	1	12	36	1	0	5	3	5	1	1	2681	1	2	1
77	253	61	3	2	0	1	23	9	0	3	4	3	1	1	2356	1	1	1
77	254	62	3	2	0	2	38	13	0	5	2	5	1	1	2196	1	1	1
77	255	63	3	2	0	3	18	13	0	4	5	4	1	1	929	1	1	1
77	256	64	3	2	0	4	51	22	0	3	4	3	1	1	2217	1	1	1
77	257	65	3	2	0	5	36	16	0	4	5	4	1	1	2067	1	1	1
77	258	66	3	0	2	6	54	7	0	2	5	3	0	0	1541	NaN	NaN	2
77	259	67	3	0	2	7	39	37	0	5	4	5	1	1	1993	1	1	NaN
77	260	68	3	0	2	8	20	12	0	4	3	4	1	1	2310	1	1	1
77	261	69	3	0	2	9	49	16	0	2	3	3	2	1	2365	NaN	2	2
77	262	70	3	0	2	10	9	13	0	2	3	3	2	1	933	1	2	1
77	263	71	3	0	2	11	7	10	0	2	4	4	2	1	1365	1	2	1
77	264	72	3	0	2	12	25	5	0	5	4	4	2	1	1902	1	2	1
77	265	73	3	1	0	1	11	43	0	4	5	5	2	1	3441	1	1	1
77	266	74	3	1	0	2	41	26	0	4	3	3	2	1	1779	1	1	1
77	267	75	3	1	0	3	33	34	0	4	3	3	2	1	2368	1	1	1
77	268	76	3	1	0	4	34	17	0	3	2	3	1	1	2337	0	2	2
77	269	77	3	1	0	5	29	10	0	2	3	3	2	1	1049	1	1	2
77	270	78	3	0	1	6	25	27	0	5	4	4	2	1	2383	1	1	1
77	271	79	3	0	1	7	16	35	0	2	4	4	2	1	1492	1	1	1
77	272	80	3	0	1	8	17	15	0	5	2	2	2	1	2915	1	1	1
77	273	81	3	0	1	9	37	4	0	2	5	5	2	1	1811	NaN	1	1
77	274	82	3	0	1	10	3	45	0	4	2	4	1	1	2648	1	2	2
77	275	83	3	0	1	11	23	51	0	2	5	2	1	1	3250	1	2	1
77	276	84	3	0	1	12	3	35	0	2	5	2	1	1	1265	1	2	1
77	277	85	3	2	0	1	17	44	0	2	4	2	1	1	2139	1	1	1
77	278	86	3	2	0	2	37	6	0	4	2	4	1	1	1863	1	1	1
77	279	87	3	2	0	3	35	40	0	4	2	4	1	1	1546	1	1	1
77	280	88	3	2	0	4	8	42	0	3	5	3	1	1	1653	1	1	1
77	281	89	3	2	0	5	48	46	0	3	5	3	1	1	3628	1	1	1
77	282	90	3	0	2	6	5	38	0	4	2	4	1	1	2778	1	1	1
77	283	91	3	0	2	7	32	43	0	5	2	5	1	1	1738	1	1	1
77	284	92	3	0	2	8	32	2	0	3	5	3	1	1	1187	1	1	1
77	285	93	3	0	2	9	16	10	0	5	4	5	1	1	1575	NaN	1	1
77	286	94	3	0	2	10	11	39	0	3	2	2	2	1	3780	1	2	2
77	287	95	3	0	2	11	35	38	0	3	2	2	2	1	2185	1	2	1
77	288	96	3	0	2	12	22	11	0	3	2	2	2	1	1198	1	2	1
