MultiTargForag_2	Participant_Code = 14
Search_Type = 2	CB_Targets = 4
Trial	Click_Num	Target_Click_Order	Click_X	Click_y	Item_selected	Item_X	Item_Y	Target_Set	RT
1.000000	1.000000	1.000000	714.000000	429.000000	25.000000	713.054806	437.491375	2.000000	3.532951
1.000000	2.000000	2.000000	860.000000	423.000000	26.000000	859.332949	421.910359	2.000000	4.530493
1.000000	3.000000	3.000000	1001.000000	300.000000	17.000000	1003.940229	313.931287	1.000000	5.875901
1.000000	4.000000	4.000000	988.000000	199.000000	7.000000	982.481237	196.023564	1.000000	6.563456
1.000000	5.000000	5.000000	1144.000000	537.000000	38.000000	1138.523544	542.741370	1.000000	7.434483
1.000000	6.000000	6.000000	1217.000000	556.000000	39.000000	1218.869253	558.201106	1.000000	7.883940
1.000000	7.000000	7.000000	1009.000000	561.000000	37.000000	1002.227639	573.913077	1.000000	8.482381
1.000000	8.000000	8.000000	883.000000	674.000000	46.000000	871.923288	670.627658	1.000000	9.265989
1.000000	9.000000	9.000000	1005.000000	687.000000	47.000000	1008.501022	686.564969	2.000000	9.675503
1.000000	10.000000	10.000000	1141.000000	668.000000	48.000000	1148.640624	650.791534	2.000000	10.210031
1.000000	11.000000	11.000000	1241.000000	448.000000	29.000000	1243.778720	445.375039	2.000000	10.915787
1.000000	12.000000	12.000000	1394.000000	272.000000	20.000000	1389.089173	267.332141	1.000000	11.930560
1.000000	13.000000	13.000000	1146.000000	292.000000	18.000000	1122.418679	298.676106	2.000000	12.555072
1.000000	14.000000	14.000000	1092.000000	183.000000	8.000000	1087.587368	188.008854	2.000000	13.371541
1.000000	15.000000	15.000000	769.000000	163.000000	5.000000	771.420577	162.368774	2.000000	15.018057
1.000000	16.000000	16.000000	836.000000	281.000000	16.000000	832.504700	276.740599	2.000000	15.699864
1.000000	17.000000	17.000000	328.000000	274.000000	12.000000	320.882647	272.522131	2.000000	16.795842
1.000000	18.000000	18.000000	367.000000	192.000000	2.000000	371.777080	193.629284	2.000000	17.372208
1.000000	19.000000	19.000000	265.000000	379.000000	21.000000	247.218061	387.454660	2.000000	18.130978
1.000000	20.000000	20.000000	367.000000	373.000000	22.000000	370.546729	378.481949	1.000000	18.553772
1.000000	21.000000	21.000000	358.000000	479.000000	32.000000	350.078111	495.084509	1.000000	19.161998
1.000000	22.000000	22.000000	446.000000	124.000000	3.000000	447.810469	131.016294	1.000000	20.659909
1.000000	23.000000	23.000000	253.000000	747.000000	51.000000	239.185717	756.174168	2.000000	23.914491
1.000000	24.000000	24.000000	206.000000	1049.000000	71.000000	202.168950	1052.887462	2.000000	25.339827
1.000000	25.000000	25.000000	321.000000	808.000000	52.000000	319.366287	807.408027	1.000000	26.171375
1.000000	26.000000	26.000000	448.000000	809.000000	53.000000	450.914653	811.960774	2.000000	26.706546
1.000000	27.000000	27.000000	443.000000	999.000000	73.000000	452.099069	1006.281326	2.000000	27.491336
1.000000	28.000000	28.000000	349.000000	1075.000000	72.000000	349.959169	1073.864829	2.000000	27.979609
1.000000	29.000000	29.000000	597.000000	1037.000000	74.000000	590.709937	1019.627267	1.000000	28.660159
1.000000	30.000000	30.000000	605.000000	907.000000	64.000000	595.277602	912.791031	1.000000	29.187876
1.000000	31.000000	31.000000	634.000000	664.000000	44.000000	627.280399	660.761397	1.000000	29.843335
1.000000	32.000000	32.000000	644.000000	578.000000	34.000000	638.192236	572.526040	1.000000	30.315700
1.000000	33.000000	33.000000	643.000000	443.000000	24.000000	638.795583	450.417232	1.000000	31.194642
1.000000	34.000000	34.000000	1149.000000	783.000000	58.000000	1156.714120	778.523726	2.000000	33.434579
1.000000	35.000000	35.000000	1365.000000	771.000000	60.000000	1348.564444	774.453353	2.000000	34.186119
1.000000	36.000000	36.000000	1394.000000	712.000000	50.000000	1392.635123	696.286269	2.000000	34.906637
1.000000	37.000000	37.000000	1243.000000	810.000000	59.000000	1227.879654	821.836630	1.000000	35.666178
1.000000	38.000000	38.000000	1284.000000	1057.000000	79.000000	1270.875022	1065.338045	1.000000	36.338697
1.000000	39.000000	39.000000	1386.000000	1025.000000	80.000000	1380.676096	1029.627477	1.000000	36.801893
1.000000	40.000000	40.000000	1087.000000	1053.000000	78.000000	1092.728468	1052.756376	1.000000	37.801694
1.000000	1.000000	1.000000	861.000000	437.000000	26.000000	860.551793	432.546829	2.000000	2.255088
1.000000	2.000000	2.000000	1141.000000	434.000000	28.000000	1130.521499	444.731097	2.000000	2.913144
1.000000	3.000000	3.000000	1367.000000	445.000000	30.000000	1363.943780	452.206935	2.000000	3.536890
1.000000	4.000000	4.000000	1278.000000	369.000000	29.000000	1271.636535	368.267786	2.000000	4.063994
1.000000	5.000000	5.000000	1131.000000	502.000000	38.000000	1129.792775	523.923261	1.000000	4.647955
1.000000	6.000000	6.000000	1423.000000	505.000000	40.000000	1419.338695	524.072182	1.000000	5.281180
1.000000	7.000000	7.000000	1232.000000	302.000000	19.000000	1223.744818	298.108452	1.000000	5.911837
1.000000	8.000000	8.000000	1285.000000	191.000000	9.000000	1279.531418	200.043279	1.000000	6.399515
1.000000	9.000000	9.000000	1170.000000	150.000000	8.000000	1160.553735	148.457724	1.000000	6.991513
1.000000	10.000000	10.000000	879.000000	156.000000	6.000000	875.152110	158.266824	1.000000	8.457145
1.000000	11.000000	11.000000	734.000000	175.000000	5.000000	736.301986	187.379287	2.000000	9.224399
1.000000	12.000000	12.000000	353.000000	125.000000	2.000000	350.951633	128.635597	2.000000	10.672405
1.000000	13.000000	13.000000	510.000000	208.000000	3.000000	506.525304	205.427222	2.000000	11.329062
1.000000	14.000000	14.000000	365.000000	308.000000	12.000000	347.979018	322.831776	1.000000	12.207527
1.000000	15.000000	15.000000	602.000000	298.000000	14.000000	584.928002	298.057812	1.000000	12.879604
1.000000	16.000000	16.000000	255.000000	391.000000	21.000000	251.460439	388.312625	1.000000	13.784847
1.000000	17.000000	17.000000	621.000000	533.000000	34.000000	610.850111	529.185286	2.000000	15.560984
1.000000	18.000000	18.000000	335.000000	570.000000	32.000000	330.227471	570.993311	2.000000	16.904258
1.000000	19.000000	19.000000	230.000000	698.000000	41.000000	239.346535	700.593016	1.000000	18.265173
1.000000	20.000000	20.000000	219.000000	801.000000	51.000000	209.604758	806.174519	1.000000	18.847174
1.000000	21.000000	21.000000	465.000000	916.000000	63.000000	464.863110	909.395181	1.000000	19.680965
1.000000	22.000000	22.000000	195.000000	945.000000	61.000000	195.458006	945.070333	2.000000	20.753198
1.000000	23.000000	23.000000	596.000000	906.000000	64.000000	576.517433	905.757750	2.000000	22.175910
1.000000	24.000000	24.000000	749.000000	878.000000	65.000000	744.958763	871.507354	1.000000	22.833134
1.000000	25.000000	25.000000	486.000000	784.000000	53.000000	475.776645	772.326099	2.000000	24.023358
1.000000	26.000000	26.000000	585.000000	694.000000	44.000000	568.842703	694.632804	2.000000	24.913108
1.000000	27.000000	27.000000	368.000000	692.000000	42.000000	367.531638	706.389199	2.000000	25.607831
1.000000	28.000000	28.000000	489.000000	654.000000	43.000000	485.937023	658.275537	2.000000	26.360171
1.000000	29.000000	29.000000	998.000000	838.000000	57.000000	995.004954	816.201443	2.000000	27.648679
1.000000	30.000000	30.000000	1019.000000	954.000000	67.000000	1030.013708	954.575395	2.000000	28.191447
1.000000	31.000000	31.000000	1139.000000	916.000000	68.000000	1116.329365	918.311744	2.000000	28.864694
1.000000	32.000000	32.000000	1152.000000	1030.000000	78.000000	1156.033005	1054.052515	2.000000	29.656437
1.000000	33.000000	33.000000	1399.000000	906.000000	70.000000	1394.249703	908.592493	1.000000	30.383845
1.000000	34.000000	34.000000	1262.000000	755.000000	59.000000	1268.254898	746.987956	1.000000	30.985138
1.000000	35.000000	35.000000	1226.000000	656.000000	49.000000	1224.014779	669.749482	1.000000	31.496375
1.000000	36.000000	36.000000	998.000000	656.000000	47.000000	995.396874	639.141586	1.000000	32.040110
1.000000	37.000000	0.000000	1030.000000	590.000000	37.000000	1001.901234	579.271461	1.000000	32.528834
1.000000	38.000000	37.000000	979.000000	583.000000	37.000000	1001.901234	579.271461	1.000000	33.072863
1.000000	39.000000	38.000000	869.000000	650.000000	46.000000	854.218036	654.289194	1.000000	34.271449
1.000000	40.000000	39.000000	981.000000	1035.000000	77.000000	975.375420	1041.894243	1.000000	35.543480
1.000000	41.000000	0.000000	1372.000000	736.000000	60.000000	1394.692991	746.757559	2.000000	42.584599
1.000000	42.000000	40.000000	1410.000000	740.000000	60.000000	1394.692991	746.757559	2.000000	42.959145
2.000000	1.000000	1.000000	193.000000	131.000000	1.000000	182.967970	132.348759	1.000000	3.985218
2.000000	2.000000	2.000000	449.000000	245.000000	13.000000	449.963716	256.832596	2.000000	5.113083
2.000000	3.000000	3.000000	485.000000	179.000000	3.000000	478.450448	193.297191	2.000000	5.682331
2.000000	4.000000	4.000000	200.000000	431.000000	21.000000	204.414474	428.553289	2.000000	6.664526
2.000000	5.000000	5.000000	371.000000	519.000000	32.000000	377.679047	543.007629	2.000000	7.466509
2.000000	6.000000	6.000000	597.000000	408.000000	24.000000	616.439086	417.943605	2.000000	8.121432
2.000000	7.000000	7.000000	476.000000	428.000000	23.000000	476.402290	430.303097	1.000000	8.690279
2.000000	8.000000	8.000000	597.000000	555.000000	34.000000	597.807970	558.241380	1.000000	9.234649
2.000000	9.000000	0.000000	599.000000	664.000000	44.000000	604.451047	704.016065	2.000000	9.906534
2.000000	10.000000	9.000000	614.000000	698.000000	44.000000	604.451047	704.016065	2.000000	10.241739
2.000000	11.000000	10.000000	494.000000	808.000000	53.000000	491.481395	829.972499	1.000000	11.145959
2.000000	12.000000	11.000000	348.000000	870.000000	62.000000	340.906389	872.201169	1.000000	11.642455
2.000000	13.000000	12.000000	331.000000	648.000000	42.000000	329.820115	654.321902	1.000000	12.258158
2.000000	14.000000	13.000000	237.000000	900.000000	61.000000	226.931483	911.291123	2.000000	12.960966
2.000000	15.000000	14.000000	365.000000	1032.000000	72.000000	364.414320	1044.480638	2.000000	13.816440
2.000000	16.000000	15.000000	481.000000	929.000000	63.000000	487.429954	924.421440	2.000000	14.506075
2.000000	17.000000	16.000000	625.000000	1061.000000	74.000000	620.933375	1069.312926	1.000000	15.266187
2.000000	18.000000	17.000000	713.000000	928.000000	65.000000	709.806603	916.117436	2.000000	15.880656
2.000000	19.000000	18.000000	892.000000	1054.000000	76.000000	883.044772	1052.774723	2.000000	16.760512
2.000000	20.000000	19.000000	1046.000000	920.000000	67.000000	1025.985694	908.298199	2.000000	17.968504
2.000000	21.000000	20.000000	905.000000	821.000000	56.000000	895.168919	811.392569	2.000000	18.530053
2.000000	22.000000	21.000000	874.000000	688.000000	46.000000	864.990638	679.213113	2.000000	19.185724
2.000000	23.000000	22.000000	1120.000000	568.000000	38.000000	1116.138365	564.771500	1.000000	20.402067
2.000000	24.000000	23.000000	1163.000000	868.000000	68.000000	1156.986341	891.599582	1.000000	21.162526
2.000000	25.000000	24.000000	1358.000000	552.000000	40.000000	1358.996013	549.465149	1.000000	22.074413
2.000000	26.000000	25.000000	1373.000000	780.000000	60.000000	1363.697368	764.324568	1.000000	22.800940
2.000000	27.000000	26.000000	1280.000000	1003.000000	79.000000	1268.981891	1006.565299	1.000000	23.954293
2.000000	28.000000	27.000000	1274.000000	521.000000	39.000000	1286.027183	517.762639	2.000000	24.753659
2.000000	29.000000	28.000000	1410.000000	433.000000	30.000000	1404.329561	440.526118	2.000000	25.649817
2.000000	30.000000	29.000000	1160.000000	373.000000	28.000000	1151.793396	372.164385	1.000000	26.256693
2.000000	31.000000	30.000000	1257.000000	148.000000	9.000000	1261.936750	163.092298	1.000000	27.057830
2.000000	32.000000	31.000000	1425.000000	130.000000	10.000000	1419.943925	126.011763	1.000000	27.769637
2.000000	33.000000	32.000000	1113.000000	303.000000	18.000000	1089.664820	307.056337	2.000000	28.392807
2.000000	34.000000	33.000000	988.000000	258.000000	17.000000	1005.886063	257.292763	2.000000	28.769242
2.000000	35.000000	34.000000	886.000000	169.000000	6.000000	865.586848	167.421017	2.000000	29.169511
2.000000	36.000000	0.000000	737.000000	185.000000	5.000000	709.953661	186.019924	2.000000	29.626406
2.000000	37.000000	35.000000	696.000000	169.000000	5.000000	709.953661	186.019924	2.000000	30.362120
2.000000	38.000000	36.000000	974.000000	147.000000	7.000000	982.744369	139.452271	1.000000	30.905411
2.000000	39.000000	0.000000	891.000000	368.000000	26.000000	857.936420	377.955438	1.000000	31.418521
2.000000	40.000000	37.000000	855.000000	380.000000	26.000000	857.936420	377.955438	1.000000	31.865214
2.000000	41.000000	38.000000	775.000000	379.000000	25.000000	770.280190	378.891499	1.000000	32.250439
2.000000	42.000000	39.000000	226.000000	515.000000	31.000000	223.645931	509.358216	1.000000	38.137464
2.000000	43.000000	40.000000	230.000000	632.000000	41.000000	237.177909	641.581932	1.000000	38.520459
3.000000	1.000000	1.000000	498.000000	257.000000	13.000000	499.949873	261.860020	2.000000	2.890309
3.000000	2.000000	2.000000	206.000000	139.000000	1.000000	210.766095	133.443902	2.000000	3.426538
3.000000	3.000000	3.000000	220.000000	543.000000	31.000000	221.892533	520.111569	2.000000	4.282677
3.000000	4.000000	4.000000	208.000000	663.000000	41.000000	199.619159	653.230990	2.000000	4.857732
3.000000	5.000000	5.000000	234.000000	768.000000	51.000000	230.600638	780.164266	2.000000	5.409077
3.000000	6.000000	6.000000	382.000000	906.000000	62.000000	372.293244	915.018978	1.000000	6.097249
3.000000	7.000000	7.000000	325.000000	534.000000	32.000000	319.943723	541.231406	1.000000	6.841187
3.000000	8.000000	8.000000	192.000000	250.000000	11.000000	187.333879	246.260209	1.000000	7.641454
3.000000	9.000000	9.000000	370.000000	122.000000	2.000000	365.817753	122.466479	1.000000	8.376607
3.000000	10.000000	10.000000	605.000000	171.000000	4.000000	592.301570	191.800032	1.000000	8.994303
3.000000	11.000000	11.000000	623.000000	346.000000	14.000000	628.290633	331.421389	1.000000	9.498360
3.000000	12.000000	12.000000	491.000000	498.000000	33.000000	480.310914	512.881037	1.000000	10.058576
3.000000	13.000000	13.000000	478.000000	705.000000	43.000000	502.009522	703.803360	2.000000	11.130019
3.000000	14.000000	14.000000	585.000000	626.000000	44.000000	596.713502	618.790085	2.000000	11.665813
3.000000	15.000000	15.000000	478.000000	932.000000	63.000000	471.403809	935.526678	2.000000	12.482501
3.000000	16.000000	16.000000	499.000000	1029.000000	73.000000	500.470156	1018.963019	1.000000	13.129290
3.000000	17.000000	17.000000	211.000000	1043.000000	71.000000	195.541844	1050.383239	2.000000	14.537721
3.000000	18.000000	18.000000	758.000000	1046.000000	75.000000	747.986250	1046.521788	1.000000	15.809073
3.000000	19.000000	19.000000	1159.000000	1035.000000	78.000000	1154.675334	1043.396941	1.000000	16.688717
3.000000	20.000000	20.000000	1241.000000	1025.000000	79.000000	1244.121162	1021.245956	1.000000	17.282010
3.000000	21.000000	21.000000	1013.000000	949.000000	67.000000	1015.447883	943.485585	2.000000	18.496759
3.000000	22.000000	22.000000	720.000000	897.000000	65.000000	729.752190	896.546153	1.000000	19.250676
3.000000	23.000000	23.000000	854.000000	654.000000	46.000000	856.317386	667.751493	2.000000	20.210473
3.000000	24.000000	24.000000	975.000000	688.000000	47.000000	971.773703	674.081561	2.000000	20.602713
3.000000	25.000000	25.000000	1282.000000	824.000000	59.000000	1267.031854	821.220035	2.000000	21.841847
3.000000	26.000000	26.000000	1424.000000	888.000000	70.000000	1419.541238	875.397341	2.000000	22.394210
3.000000	27.000000	27.000000	1383.000000	770.000000	60.000000	1375.027675	757.698810	1.000000	22.913616
3.000000	28.000000	28.000000	1256.000000	701.000000	49.000000	1256.837431	707.136375	1.000000	23.521528
3.000000	29.000000	29.000000	974.000000	739.000000	57.000000	963.625668	749.803031	1.000000	24.209368
3.000000	30.000000	30.000000	699.000000	588.000000	35.000000	707.705539	575.513626	1.000000	24.858484
3.000000	31.000000	31.000000	997.000000	548.000000	37.000000	998.637173	525.266337	1.000000	25.546055
3.000000	32.000000	32.000000	1386.000000	652.000000	50.000000	1380.882110	637.087145	2.000000	26.560649
3.000000	33.000000	33.000000	1378.000000	439.000000	30.000000	1376.651113	439.618198	2.000000	27.233747
3.000000	34.000000	0.000000	1059.000000	415.000000	27.000000	1028.342151	418.040961	2.000000	28.193203
3.000000	35.000000	34.000000	1011.000000	415.000000	27.000000	1028.342151	418.040961	2.000000	29.129225
3.000000	36.000000	35.000000	1253.000000	384.000000	29.000000	1261.031912	381.760101	1.000000	29.857965
3.000000	37.000000	36.000000	1091.000000	149.000000	8.000000	1104.172816	143.259080	2.000000	30.600512
3.000000	38.000000	37.000000	1037.000000	131.000000	7.000000	1032.454916	124.349881	2.000000	31.016635
3.000000	39.000000	38.000000	1095.000000	249.000000	18.000000	1091.703643	262.607185	1.000000	31.850252
3.000000	40.000000	39.000000	854.000000	116.000000	6.000000	842.856384	123.250605	1.000000	32.521001
3.000000	41.000000	40.000000	1232.000000	884.000000	69.000000	1229.529820	882.629323	2.000000	34.913100
4.000000	1.000000	1.000000	205.000000	191.000000	1.000000	184.146987	199.801900	2.000000	2.705911
4.000000	2.000000	2.000000	357.000000	197.000000	2.000000	363.460550	198.423226	1.000000	3.577264
4.000000	3.000000	3.000000	478.000000	179.000000	3.000000	480.132558	180.698218	2.000000	4.192957
4.000000	4.000000	4.000000	707.000000	144.000000	5.000000	710.066683	147.884683	2.000000	4.921590
4.000000	5.000000	5.000000	575.000000	267.000000	14.000000	575.261529	280.018859	1.000000	5.506167
4.000000	6.000000	6.000000	474.000000	288.000000	13.000000	456.321023	299.511918	1.000000	5.890051
4.000000	7.000000	0.000000	802.000000	294.000000	15.000000	768.733980	305.193123	1.000000	6.650261
4.000000	8.000000	7.000000	762.000000	301.000000	15.000000	768.733980	305.193123	1.000000	7.553747
4.000000	9.000000	8.000000	473.000000	402.000000	23.000000	455.947947	406.202548	2.000000	8.265689
4.000000	10.000000	9.000000	786.000000	385.000000	25.000000	762.135003	391.236310	1.000000	8.978482
4.000000	11.000000	10.000000	1016.000000	316.000000	17.000000	1000.560811	328.168269	1.000000	10.153578
4.000000	12.000000	11.000000	1019.000000	450.000000	27.000000	1023.468145	446.427138	1.000000	10.601306
4.000000	13.000000	12.000000	1141.000000	381.000000	28.000000	1138.688006	383.238478	1.000000	10.984602
4.000000	14.000000	13.000000	1094.000000	293.000000	18.000000	1109.599610	301.280903	2.000000	11.378177
4.000000	15.000000	14.000000	1132.000000	178.000000	8.000000	1119.689154	180.632342	2.000000	11.768704
4.000000	16.000000	15.000000	1434.000000	234.000000	20.000000	1422.315395	245.814866	2.000000	12.480788
4.000000	17.000000	16.000000	1253.000000	160.000000	9.000000	1260.882435	173.097684	1.000000	13.001133
4.000000	18.000000	17.000000	1040.000000	523.000000	37.000000	1032.417555	529.431961	2.000000	14.722403
4.000000	19.000000	18.000000	1350.000000	527.000000	40.000000	1353.914633	534.953818	1.000000	15.538370
4.000000	20.000000	19.000000	1264.000000	630.000000	49.000000	1264.639513	624.116252	2.000000	16.178481
4.000000	21.000000	0.000000	1134.000000	654.000000	48.000000	1107.097395	657.323849	2.000000	16.745311
4.000000	22.000000	20.000000	1118.000000	652.000000	48.000000	1107.097395	657.323849	2.000000	17.513114
4.000000	23.000000	21.000000	972.000000	674.000000	47.000000	965.906473	674.160450	2.000000	18.049525
4.000000	24.000000	22.000000	696.000000	676.000000	45.000000	705.525637	688.863248	2.000000	19.138053
4.000000	25.000000	23.000000	460.000000	573.000000	33.000000	470.206146	574.944713	2.000000	19.888805
4.000000	26.000000	24.000000	371.000000	693.000000	42.000000	368.212006	698.535086	2.000000	20.554615
4.000000	27.000000	25.000000	180.000000	674.000000	41.000000	184.280164	665.638543	1.000000	21.001402
4.000000	28.000000	26.000000	177.000000	558.000000	31.000000	181.282867	552.816370	1.000000	22.154689
4.000000	29.000000	27.000000	574.000000	669.000000	44.000000	567.829543	686.418936	1.000000	23.240620
4.000000	30.000000	28.000000	722.000000	754.000000	55.000000	705.385551	759.904305	1.000000	23.729687
4.000000	31.000000	29.000000	515.000000	928.000000	63.000000	505.065504	946.763333	2.000000	25.001332
4.000000	32.000000	30.000000	315.000000	1065.000000	72.000000	309.215190	1070.910079	2.000000	25.768678
4.000000	33.000000	31.000000	782.000000	1006.000000	75.000000	771.793824	1011.313186	2.000000	26.720310
4.000000	34.000000	32.000000	879.000000	898.000000	66.000000	874.219984	892.209935	2.000000	27.224553
4.000000	35.000000	33.000000	867.000000	809.000000	56.000000	874.894450	821.181939	2.000000	27.618670
4.000000	36.000000	34.000000	986.000000	952.000000	67.000000	990.304265	941.829399	1.000000	28.184928
4.000000	37.000000	35.000000	1147.000000	819.000000	58.000000	1139.303136	829.017065	1.000000	28.928915
4.000000	38.000000	36.000000	1230.000000	934.000000	69.000000	1246.607834	947.532185	1.000000	29.376428
4.000000	39.000000	37.000000	1406.000000	916.000000	70.000000	1395.264520	908.036443	1.000000	29.833066
4.000000	40.000000	38.000000	1405.000000	1033.000000	80.000000	1399.611246	1032.280872	1.000000	30.378647
4.000000	41.000000	39.000000	904.000000	641.000000	46.000000	891.678258	624.224005	1.000000	31.792670
4.000000	42.000000	40.000000	1222.000000	1066.000000	79.000000	1226.544255	1062.325412	2.000000	33.562268
5.000000	1.000000	1.000000	460.000000	145.000000	3.000000	458.281455	141.180123	2.000000	2.554336
5.000000	2.000000	2.000000	343.000000	439.000000	22.000000	331.254722	421.622693	2.000000	3.283337
5.000000	3.000000	3.000000	622.000000	302.000000	14.000000	623.927902	298.079885	2.000000	4.283041
5.000000	4.000000	4.000000	502.000000	300.000000	13.000000	503.858536	304.854902	1.000000	4.761549
5.000000	5.000000	5.000000	329.000000	287.000000	12.000000	326.772241	288.633175	1.000000	5.314885
5.000000	6.000000	6.000000	634.000000	529.000000	34.000000	633.731603	522.343754	2.000000	6.947264
5.000000	7.000000	7.000000	587.000000	385.000000	24.000000	588.446109	390.418681	1.000000	7.698775
5.000000	8.000000	8.000000	856.000000	193.000000	6.000000	854.225935	196.140724	1.000000	8.561657
5.000000	9.000000	9.000000	1107.000000	337.000000	18.000000	1104.761588	327.692690	2.000000	10.514652
5.000000	10.000000	10.000000	1173.000000	204.000000	8.000000	1154.618594	205.669275	1.000000	10.945923
5.000000	11.000000	11.000000	1279.000000	160.000000	9.000000	1263.611311	170.759553	1.000000	11.442471
5.000000	12.000000	12.000000	1169.000000	387.000000	28.000000	1153.070118	396.851389	2.000000	12.530274
5.000000	13.000000	13.000000	1268.000000	381.000000	29.000000	1250.232033	382.753671	1.000000	13.154316
5.000000	14.000000	14.000000	1141.000000	549.000000	38.000000	1128.822534	558.748193	1.000000	13.785856
5.000000	15.000000	15.000000	1260.000000	653.000000	49.000000	1250.198845	637.903819	1.000000	14.385501
5.000000	16.000000	16.000000	1263.000000	576.000000	39.000000	1264.356292	560.380008	2.000000	14.803376
5.000000	17.000000	17.000000	1433.000000	564.000000	40.000000	1415.472279	564.847209	2.000000	15.427547
5.000000	18.000000	18.000000	1226.000000	805.000000	59.000000	1224.848685	810.328975	2.000000	16.225431
5.000000	19.000000	19.000000	1395.000000	872.000000	70.000000	1392.891483	881.029000	1.000000	16.835242
5.000000	20.000000	20.000000	1239.000000	943.000000	69.000000	1235.239976	927.492464	1.000000	17.385235
5.000000	21.000000	21.000000	1083.000000	877.000000	68.000000	1087.612396	881.557246	1.000000	17.898318
5.000000	22.000000	22.000000	1033.000000	953.000000	67.000000	1017.750327	939.293940	1.000000	18.314350
5.000000	23.000000	23.000000	1397.000000	1012.000000	80.000000	1407.962903	1017.329586	1.000000	18.898680
5.000000	24.000000	24.000000	1284.000000	1010.000000	79.000000	1289.497252	1011.910268	2.000000	19.306769
5.000000	25.000000	25.000000	1133.000000	1039.000000	78.000000	1136.779008	1049.691217	2.000000	19.826587
5.000000	26.000000	26.000000	848.000000	903.000000	66.000000	853.442030	908.405123	2.000000	21.505814
5.000000	27.000000	27.000000	871.000000	837.000000	56.000000	885.576930	827.957598	2.000000	21.915063
5.000000	28.000000	28.000000	720.000000	1052.000000	75.000000	706.585657	1051.128396	2.000000	22.530428
5.000000	29.000000	29.000000	598.000000	1046.000000	74.000000	607.990987	1048.080863	2.000000	22.914743
5.000000	30.000000	30.000000	720.000000	787.000000	55.000000	730.529661	772.235098	1.000000	23.458560
5.000000	31.000000	31.000000	731.000000	654.000000	45.000000	723.238302	642.447650	1.000000	24.033724
5.000000	32.000000	32.000000	623.000000	642.000000	44.000000	609.616253	657.530425	2.000000	24.497231
5.000000	33.000000	33.000000	640.000000	760.000000	54.000000	621.090102	769.892221	2.000000	25.033444
5.000000	34.000000	34.000000	968.000000	503.000000	37.000000	971.542188	502.790745	2.000000	26.233526
5.000000	35.000000	0.000000	509.000000	1049.000000	73.000000	483.434999	1037.282848	1.000000	27.353802
5.000000	36.000000	35.000000	491.000000	1037.000000	73.000000	483.434999	1037.282848	1.000000	27.746761
5.000000	37.000000	0.000000	490.000000	992.000000	63.000000	499.086988	954.640979	2.000000	28.194069
5.000000	38.000000	36.000000	490.000000	963.000000	63.000000	499.086988	954.640979	2.000000	28.489851
5.000000	39.000000	37.000000	506.000000	838.000000	53.000000	509.455210	824.460035	1.000000	29.074155
5.000000	40.000000	38.000000	232.000000	1041.000000	71.000000	221.727382	1046.846142	1.000000	30.298420
5.000000	41.000000	39.000000	354.000000	691.000000	42.000000	345.302503	680.961897	2.000000	30.993821
5.000000	42.000000	40.000000	252.000000	686.000000	41.000000	234.287272	692.315599	1.000000	32.009254
6.000000	1.000000	1.000000	449.000000	149.000000	3.000000	453.227622	148.302007	2.000000	2.828109
6.000000	2.000000	2.000000	302.000000	127.000000	2.000000	309.383248	119.112990	1.000000	3.228539
6.000000	3.000000	3.000000	209.000000	132.000000	1.000000	229.758266	137.169634	1.000000	3.579255
6.000000	4.000000	4.000000	211.000000	297.000000	11.000000	202.595132	307.638280	1.000000	4.012770
6.000000	5.000000	5.000000	247.000000	462.000000	21.000000	227.886440	454.006249	2.000000	4.883671
6.000000	6.000000	0.000000	236.000000	553.000000	31.000000	243.071722	579.204278	1.000000	5.443882
6.000000	7.000000	6.000000	335.000000	545.000000	32.000000	325.737738	553.633055	1.000000	6.155235
6.000000	8.000000	7.000000	242.000000	581.000000	31.000000	243.071722	579.204278	1.000000	6.876918
6.000000	9.000000	8.000000	496.000000	557.000000	33.000000	499.021733	567.960692	2.000000	7.787614
6.000000	10.000000	9.000000	225.000000	816.000000	51.000000	215.615994	809.991242	1.000000	9.099888
6.000000	11.000000	10.000000	212.000000	953.000000	61.000000	210.723509	948.696944	1.000000	10.195266
6.000000	12.000000	11.000000	351.000000	840.000000	52.000000	351.264359	828.753079	2.000000	10.821076
6.000000	13.000000	12.000000	348.000000	1010.000000	72.000000	349.425103	1000.434560	2.000000	11.683668
6.000000	14.000000	13.000000	574.000000	1050.000000	74.000000	575.903853	1056.738007	1.000000	12.364302
6.000000	15.000000	14.000000	606.000000	857.000000	64.000000	601.722148	874.057865	1.000000	12.828639
6.000000	16.000000	15.000000	741.000000	1012.000000	75.000000	742.936086	1001.154429	2.000000	13.404900
6.000000	17.000000	16.000000	728.000000	858.000000	65.000000	720.056093	879.314055	2.000000	13.899627
6.000000	18.000000	17.000000	703.000000	774.000000	55.000000	699.746379	772.768806	2.000000	14.396352
6.000000	19.000000	18.000000	866.000000	819.000000	56.000000	872.046545	825.848891	2.000000	15.003404
6.000000	20.000000	0.000000	890.000000	875.000000	66.000000	891.396857	900.090914	2.000000	15.451024
6.000000	21.000000	19.000000	897.000000	886.000000	66.000000	891.396857	900.090914	2.000000	16.147903
6.000000	22.000000	20.000000	888.000000	1040.000000	76.000000	885.493808	1031.171785	1.000000	16.828491
6.000000	23.000000	21.000000	974.000000	886.000000	67.000000	971.274596	885.315299	1.000000	17.491722
6.000000	24.000000	22.000000	1024.000000	813.000000	57.000000	1027.633638	804.996982	2.000000	18.004978
6.000000	25.000000	23.000000	1114.000000	810.000000	58.000000	1110.605240	812.932162	1.000000	18.507194
6.000000	26.000000	24.000000	1014.000000	998.000000	77.000000	1007.548148	1019.072017	2.000000	19.045223
6.000000	27.000000	25.000000	1125.000000	1039.000000	78.000000	1106.647893	1054.809017	2.000000	19.635979
6.000000	28.000000	26.000000	1221.000000	1039.000000	79.000000	1219.754228	1042.468552	1.000000	20.340620
6.000000	29.000000	27.000000	1379.000000	1032.000000	80.000000	1386.427511	1047.933744	1.000000	21.116091
6.000000	30.000000	28.000000	1226.000000	432.000000	29.000000	1217.819653	423.989067	1.000000	24.292801
6.000000	31.000000	29.000000	1226.000000	271.000000	19.000000	1226.262564	277.932072	1.000000	24.876075
6.000000	32.000000	30.000000	1161.000000	412.000000	28.000000	1148.588479	424.663275	2.000000	25.364320
6.000000	33.000000	31.000000	1146.000000	165.000000	8.000000	1146.692214	167.154435	2.000000	25.997038
6.000000	34.000000	32.000000	1008.000000	327.000000	17.000000	997.970883	323.534079	2.000000	26.805158
6.000000	35.000000	33.000000	857.000000	158.000000	6.000000	852.244055	145.042635	2.000000	27.804301
6.000000	36.000000	34.000000	748.000000	254.000000	15.000000	735.558238	266.100013	2.000000	28.364812
6.000000	37.000000	35.000000	641.000000	388.000000	24.000000	630.210086	375.980256	2.000000	28.949222
6.000000	38.000000	0.000000	612.000000	266.000000	14.000000	618.584151	300.053848	1.000000	29.380619
6.000000	39.000000	36.000000	616.000000	289.000000	14.000000	618.584151	300.053848	1.000000	29.820744
6.000000	40.000000	37.000000	620.000000	188.000000	4.000000	618.038146	187.777295	1.000000	30.307159
6.000000	41.000000	38.000000	475.000000	307.000000	13.000000	462.111251	324.212063	1.000000	30.908939
6.000000	42.000000	39.000000	730.000000	499.000000	35.000000	712.258443	508.590527	1.000000	31.804722
6.000000	43.000000	40.000000	845.000000	649.000000	46.000000	827.564419	655.682319	2.000000	33.579799
7.000000	1.000000	1.000000	202.000000	123.000000	1.000000	189.916159	137.911538	2.000000	2.193866
7.000000	2.000000	2.000000	210.000000	285.000000	11.000000	202.174464	273.438113	2.000000	2.664621
7.000000	3.000000	3.000000	204.000000	396.000000	21.000000	205.023079	407.998639	1.000000	3.281618
7.000000	4.000000	4.000000	305.000000	333.000000	12.000000	327.591565	331.563137	1.000000	3.872459
7.000000	5.000000	5.000000	497.000000	324.000000	13.000000	486.593428	314.921523	1.000000	4.433620
7.000000	6.000000	6.000000	595.000000	259.000000	14.000000	586.578318	273.131663	2.000000	5.264471
7.000000	7.000000	7.000000	738.000000	142.000000	5.000000	744.130363	160.354167	1.000000	6.032797
7.000000	8.000000	8.000000	883.000000	248.000000	16.000000	874.267572	257.650335	1.000000	6.720811
7.000000	9.000000	0.000000	1190.000000	159.000000	8.000000	1159.491163	159.397409	2.000000	7.857825
7.000000	10.000000	9.000000	1169.000000	160.000000	8.000000	1159.491163	159.397409	2.000000	8.506373
7.000000	11.000000	10.000000	1132.000000	281.000000	18.000000	1125.189215	275.922935	2.000000	9.081707
7.000000	12.000000	11.000000	1264.000000	421.000000	29.000000	1258.527657	413.353511	2.000000	9.712795
7.000000	13.000000	12.000000	987.000000	380.000000	27.000000	993.562044	375.554259	2.000000	10.386392
7.000000	14.000000	13.000000	1160.000000	577.000000	38.000000	1161.153910	574.710658	1.000000	11.242336
7.000000	15.000000	14.000000	1016.000000	562.000000	37.000000	1020.813196	568.168829	1.000000	11.977733
7.000000	16.000000	15.000000	890.000000	547.000000	36.000000	885.097612	539.679143	2.000000	12.554383
7.000000	17.000000	16.000000	1232.000000	537.000000	39.000000	1223.593131	537.204002	2.000000	13.394232
7.000000	18.000000	17.000000	1417.000000	687.000000	50.000000	1419.073791	697.703485	1.000000	14.177000
7.000000	19.000000	18.000000	1282.000000	757.000000	59.000000	1277.279727	761.888532	1.000000	14.760374
7.000000	20.000000	19.000000	1398.000000	814.000000	60.000000	1408.880226	820.994097	1.000000	15.353164
7.000000	21.000000	20.000000	1368.000000	876.000000	70.000000	1374.014486	874.937010	2.000000	15.905098
7.000000	22.000000	21.000000	1420.000000	1022.000000	80.000000	1415.634915	1026.573947	2.000000	16.585887
7.000000	23.000000	22.000000	1257.000000	1018.000000	79.000000	1252.336793	1011.724951	1.000000	17.041575
7.000000	24.000000	0.000000	1156.000000	1016.000000	78.000000	1127.766896	1023.498763	1.000000	17.489566
7.000000	25.000000	23.000000	1138.000000	1015.000000	78.000000	1127.766896	1023.498763	1.000000	17.801020
7.000000	26.000000	24.000000	1093.000000	951.000000	68.000000	1095.826223	953.117390	2.000000	18.856515
7.000000	27.000000	0.000000	1037.000000	976.000000	77.000000	1024.362724	999.065552	2.000000	19.473455
7.000000	28.000000	25.000000	1026.000000	991.000000	77.000000	1024.362724	999.065552	2.000000	20.145176
7.000000	29.000000	26.000000	1013.000000	959.000000	67.000000	1003.733196	949.155268	2.000000	20.569357
7.000000	30.000000	27.000000	1006.000000	761.000000	57.000000	1008.033209	769.056152	1.000000	21.482346
7.000000	31.000000	28.000000	710.000000	1052.000000	75.000000	710.644435	1055.405846	2.000000	22.976547
7.000000	32.000000	29.000000	463.000000	1056.000000	73.000000	461.041748	1054.875345	2.000000	24.176421
7.000000	33.000000	30.000000	233.000000	903.000000	61.000000	230.085793	907.253303	1.000000	25.072844
7.000000	34.000000	31.000000	236.000000	770.000000	51.000000	242.477183	763.579683	1.000000	25.834173
7.000000	35.000000	32.000000	436.000000	646.000000	43.000000	445.206260	645.550086	1.000000	26.633237
7.000000	36.000000	33.000000	213.000000	699.000000	41.000000	213.941680	694.295590	2.000000	27.288275
7.000000	37.000000	34.000000	484.000000	750.000000	53.000000	484.049955	764.577643	2.000000	27.992876
7.000000	38.000000	35.000000	653.000000	753.000000	54.000000	638.727497	750.967417	2.000000	28.513181
7.000000	39.000000	36.000000	457.000000	543.000000	33.000000	445.030287	529.976680	2.000000	29.297216
7.000000	40.000000	37.000000	732.000000	326.000000	15.000000	728.086128	315.023084	1.000000	32.137082
7.000000	41.000000	38.000000	845.000000	611.000000	46.000000	828.685029	626.587290	1.000000	37.754104
7.000000	42.000000	39.000000	765.000000	676.000000	45.000000	765.884220	664.684412	1.000000	38.153567
7.000000	43.000000	40.000000	371.000000	484.000000	32.000000	381.473607	496.189369	1.000000	39.616988
8.000000	1.000000	1.000000	248.000000	320.000000	11.000000	249.939393	317.291459	2.000000	2.150941
8.000000	2.000000	2.000000	321.000000	294.000000	12.000000	323.707554	291.122173	1.000000	2.519080
8.000000	3.000000	0.000000	346.000000	158.000000	2.000000	347.454742	186.795250	1.000000	2.911491
8.000000	4.000000	3.000000	363.000000	176.000000	2.000000	347.454742	186.795250	1.000000	3.470537
8.000000	5.000000	4.000000	463.000000	139.000000	3.000000	449.153726	141.257181	1.000000	3.887445
8.000000	6.000000	5.000000	697.000000	140.000000	5.000000	715.009722	140.647864	1.000000	4.471858
8.000000	7.000000	6.000000	1103.000000	146.000000	8.000000	1108.050100	143.645047	1.000000	6.912681
8.000000	8.000000	7.000000	1379.000000	172.000000	10.000000	1373.015523	174.182956	2.000000	7.894466
8.000000	9.000000	8.000000	1286.000000	341.000000	19.000000	1283.635091	329.543162	2.000000	8.510943
8.000000	10.000000	0.000000	1409.000000	395.000000	30.000000	1382.520260	393.766921	2.000000	8.991355
8.000000	11.000000	9.000000	1386.000000	397.000000	30.000000	1382.520260	393.766921	2.000000	9.392663
8.000000	12.000000	10.000000	1230.000000	397.000000	29.000000	1217.725614	409.778653	1.000000	10.160521
8.000000	13.000000	11.000000	1115.000000	368.000000	28.000000	1131.565186	375.683734	1.000000	10.584236
8.000000	14.000000	12.000000	1110.000000	501.000000	38.000000	1122.395519	515.128567	1.000000	11.199291
8.000000	15.000000	13.000000	1356.000000	506.000000	40.000000	1355.093145	504.148282	2.000000	12.120601
8.000000	16.000000	14.000000	1288.000000	627.000000	49.000000	1286.644504	636.541784	1.000000	12.694983
8.000000	17.000000	15.000000	1028.000000	378.000000	27.000000	1010.260134	370.893484	2.000000	13.544268
8.000000	18.000000	16.000000	999.000000	316.000000	17.000000	987.063901	328.254342	2.000000	13.919770
8.000000	19.000000	17.000000	772.000000	504.000000	35.000000	762.762757	510.219201	1.000000	14.790919
8.000000	20.000000	18.000000	699.000000	443.000000	25.000000	705.717420	447.281302	2.000000	15.198806
8.000000	21.000000	19.000000	835.000000	558.000000	36.000000	828.027360	552.209877	2.000000	15.758710
8.000000	22.000000	20.000000	583.000000	430.000000	24.000000	576.043892	425.377660	1.000000	16.359811
8.000000	23.000000	21.000000	474.000000	518.000000	33.000000	478.935893	502.467675	2.000000	17.055339
8.000000	24.000000	22.000000	586.000000	573.000000	34.000000	587.965365	578.011565	2.000000	17.606732
8.000000	25.000000	23.000000	618.000000	668.000000	44.000000	616.601292	686.883903	1.000000	18.135144
8.000000	26.000000	24.000000	890.000000	709.000000	46.000000	886.677133	704.114583	1.000000	20.224687
8.000000	27.000000	25.000000	992.000000	695.000000	47.000000	983.560892	697.084315	1.000000	20.943839
8.000000	28.000000	26.000000	1018.000000	789.000000	57.000000	1020.747891	791.697665	1.000000	21.920024
8.000000	29.000000	27.000000	1140.000000	790.000000	58.000000	1131.974745	795.998402	1.000000	22.495163
8.000000	30.000000	28.000000	871.000000	812.000000	56.000000	869.340854	809.524628	2.000000	23.151599
8.000000	31.000000	29.000000	1107.000000	946.000000	68.000000	1098.095481	939.355346	2.000000	23.951858
8.000000	32.000000	30.000000	1034.000000	1000.000000	77.000000	1031.765697	1005.580873	2.000000	24.704448
8.000000	33.000000	31.000000	1345.000000	892.000000	70.000000	1351.959869	882.204177	2.000000	25.623309
8.000000	34.000000	32.000000	1433.000000	1009.000000	80.000000	1420.395217	1006.262691	1.000000	26.462493
8.000000	35.000000	33.000000	1374.000000	762.000000	60.000000	1372.442307	749.970673	2.000000	27.607604
8.000000	36.000000	34.000000	580.000000	1061.000000	74.000000	582.081702	1069.565747	2.000000	29.447693
8.000000	37.000000	35.000000	750.000000	933.000000	65.000000	757.171422	927.717980	2.000000	30.463244
8.000000	38.000000	36.000000	377.000000	910.000000	62.000000	377.598157	902.867888	2.000000	31.264521
8.000000	39.000000	37.000000	202.000000	863.000000	61.000000	209.353538	868.958700	2.000000	31.903092
8.000000	40.000000	38.000000	229.000000	1014.000000	71.000000	221.169605	1007.010091	1.000000	32.504378
8.000000	41.000000	39.000000	230.000000	760.000000	51.000000	232.820008	766.668086	1.000000	33.120272
8.000000	42.000000	40.000000	357.000000	650.000000	42.000000	351.048883	662.903308	1.000000	34.119309
9.000000	1.000000	1.000000	199.000000	115.000000	1.000000	193.905917	128.512204	2.000000	1.479392
9.000000	2.000000	0.000000	204.000000	276.000000	11.000000	204.859622	301.848737	2.000000	1.920471
9.000000	3.000000	2.000000	185.000000	307.000000	11.000000	204.859622	301.848737	2.000000	2.735515
9.000000	4.000000	3.000000	302.000000	416.000000	22.000000	312.792968	423.614346	2.000000	3.280651
9.000000	5.000000	4.000000	182.000000	659.000000	41.000000	179.277917	654.791893	2.000000	4.039396
9.000000	6.000000	5.000000	438.000000	302.000000	13.000000	441.509985	291.328033	1.000000	4.919674
9.000000	7.000000	6.000000	327.000000	173.000000	2.000000	334.136501	177.228442	1.000000	5.463864
9.000000	8.000000	7.000000	477.000000	149.000000	3.000000	469.556543	149.685214	2.000000	6.120774
9.000000	9.000000	8.000000	713.000000	272.000000	15.000000	725.403567	281.387268	1.000000	7.256362
9.000000	10.000000	9.000000	590.000000	403.000000	24.000000	576.249118	408.550447	1.000000	7.887232
9.000000	11.000000	10.000000	588.000000	507.000000	34.000000	594.749045	516.614721	2.000000	8.480079
9.000000	12.000000	11.000000	746.000000	540.000000	35.000000	745.985026	558.611265	2.000000	9.024689
9.000000	13.000000	12.000000	831.000000	518.000000	36.000000	844.381067	510.578002	2.000000	9.527547
9.000000	14.000000	13.000000	976.000000	421.000000	27.000000	972.095454	430.978734	1.000000	10.198583
9.000000	15.000000	14.000000	959.000000	337.000000	17.000000	959.009620	329.949035	1.000000	10.616675
9.000000	16.000000	15.000000	844.000000	266.000000	16.000000	845.815069	264.648546	1.000000	11.088325
9.000000	17.000000	16.000000	893.000000	139.000000	6.000000	899.402454	139.394126	1.000000	11.742709
9.000000	18.000000	17.000000	1037.000000	148.000000	7.000000	1029.984219	158.144643	2.000000	12.503067
9.000000	19.000000	18.000000	1125.000000	385.000000	28.000000	1120.031520	390.986453	1.000000	13.584689
9.000000	20.000000	19.000000	1155.000000	288.000000	18.000000	1152.258467	288.846985	2.000000	13.975687
9.000000	21.000000	20.000000	1215.000000	260.000000	19.000000	1233.393250	250.899098	2.000000	14.456571
9.000000	22.000000	21.000000	1394.000000	242.000000	20.000000	1381.032455	243.845656	1.000000	15.471165
9.000000	23.000000	22.000000	1404.000000	384.000000	30.000000	1395.680993	399.705440	1.000000	16.142775
9.000000	24.000000	23.000000	1137.000000	964.000000	68.000000	1122.733493	956.532031	2.000000	17.983893
9.000000	25.000000	24.000000	1372.000000	636.000000	50.000000	1369.321888	618.595204	1.000000	18.751213
9.000000	26.000000	25.000000	1081.000000	562.000000	38.000000	1089.651059	567.247425	1.000000	19.392661
9.000000	27.000000	26.000000	1003.000000	787.000000	57.000000	983.901836	795.332891	1.000000	20.383804
9.000000	28.000000	27.000000	1036.000000	920.000000	67.000000	1019.175804	916.376310	1.000000	20.912554
9.000000	29.000000	28.000000	1030.000000	1007.000000	77.000000	1025.448084	1014.139310	1.000000	21.488105
9.000000	30.000000	29.000000	843.000000	956.000000	66.000000	827.720170	944.687764	2.000000	22.199942
9.000000	31.000000	30.000000	879.000000	1018.000000	76.000000	866.846349	1001.713802	1.000000	22.863186
9.000000	32.000000	31.000000	386.000000	1051.000000	72.000000	376.565690	1068.442011	1.000000	23.903951
9.000000	33.000000	32.000000	451.000000	905.000000	63.000000	446.908830	886.383209	2.000000	24.575525
9.000000	34.000000	33.000000	444.000000	797.000000	53.000000	448.406037	803.233120	2.000000	25.110735
9.000000	35.000000	34.000000	301.000000	875.000000	62.000000	321.032486	883.619272	2.000000	25.606829
9.000000	36.000000	35.000000	455.000000	662.000000	43.000000	463.913803	652.244583	2.000000	26.223797
9.000000	37.000000	36.000000	604.000000	1076.000000	74.000000	589.645061	1074.053729	2.000000	27.271708
9.000000	38.000000	37.000000	881.000000	634.000000	46.000000	874.775266	626.304657	1.000000	28.464293
9.000000	39.000000	38.000000	748.000000	774.000000	55.000000	726.836663	782.909022	2.000000	29.278986
9.000000	40.000000	39.000000	959.000000	491.000000	37.000000	961.144235	511.786516	2.000000	31.855027
9.000000	41.000000	40.000000	199.000000	874.000000	61.000000	197.564273	871.731436	1.000000	40.895513
10.000000	1.000000	1.000000	505.000000	156.000000	3.000000	493.416971	164.517264	2.000000	2.558734
10.000000	2.000000	2.000000	610.000000	130.000000	4.000000	610.894661	129.030813	2.000000	2.934281
10.000000	3.000000	3.000000	445.000000	248.000000	13.000000	465.904995	250.211592	1.000000	3.471412
10.000000	4.000000	4.000000	1218.000000	142.000000	9.000000	1218.028655	123.919043	1.000000	4.782264
10.000000	5.000000	0.000000	1388.000000	137.000000	10.000000	1359.705747	135.762016	1.000000	5.390911
10.000000	6.000000	5.000000	1354.000000	132.000000	10.000000	1359.705747	135.762016	1.000000	5.831111
10.000000	7.000000	6.000000	1379.000000	313.000000	20.000000	1376.075583	324.924739	2.000000	6.366243
10.000000	8.000000	7.000000	1389.000000	433.000000	30.000000	1399.685163	435.111155	1.000000	6.824177
10.000000	9.000000	8.000000	1414.000000	539.000000	40.000000	1402.509457	545.797183	1.000000	7.238661
10.000000	10.000000	9.000000	1412.000000	676.000000	50.000000	1417.855624	658.077204	1.000000	7.806290
10.000000	11.000000	10.000000	1273.000000	570.000000	39.000000	1271.055479	560.486004	1.000000	8.502065
10.000000	12.000000	11.000000	1159.000000	668.000000	48.000000	1147.614126	650.850481	2.000000	8.992086
10.000000	13.000000	12.000000	1254.000000	765.000000	59.000000	1241.768438	768.048203	2.000000	9.560220
10.000000	14.000000	13.000000	1433.000000	1002.000000	80.000000	1418.601922	1003.292434	2.000000	10.294938
10.000000	15.000000	14.000000	1219.000000	954.000000	69.000000	1232.645069	950.892041	2.000000	10.894931
10.000000	16.000000	15.000000	1116.000000	930.000000	68.000000	1137.187954	932.435314	1.000000	11.366049
10.000000	17.000000	0.000000	1111.000000	850.000000	58.000000	1106.285607	824.746387	1.000000	11.815948
10.000000	18.000000	16.000000	1102.000000	818.000000	58.000000	1106.285607	824.746387	1.000000	12.655131
10.000000	19.000000	17.000000	971.000000	670.000000	47.000000	983.918921	679.491856	1.000000	13.262494
10.000000	20.000000	18.000000	1123.000000	503.000000	38.000000	1115.542767	502.748425	1.000000	13.967784
10.000000	21.000000	19.000000	1120.000000	388.000000	28.000000	1118.281463	395.946626	2.000000	14.414646
10.000000	22.000000	20.000000	1043.000000	414.000000	27.000000	1032.250496	408.206939	2.000000	14.935226
10.000000	23.000000	0.000000	1000.000000	316.000000	17.000000	974.742472	308.238158	1.000000	15.551436
10.000000	24.000000	21.000000	985.000000	313.000000	17.000000	974.742472	308.238158	1.000000	16.096278
10.000000	25.000000	22.000000	722.000000	390.000000	25.000000	709.039528	408.819622	2.000000	16.871605
10.000000	26.000000	23.000000	871.000000	542.000000	36.000000	871.314806	546.197022	2.000000	17.542298
10.000000	27.000000	24.000000	865.000000	693.000000	46.000000	857.057738	691.064687	2.000000	18.103012
10.000000	28.000000	25.000000	695.000000	551.000000	35.000000	697.950740	537.851951	1.000000	18.615522
10.000000	29.000000	26.000000	606.000000	559.000000	34.000000	609.852252	562.954401	1.000000	19.070391
10.000000	30.000000	27.000000	495.000000	516.000000	33.000000	509.969449	507.684330	1.000000	19.519180
10.000000	31.000000	28.000000	730.000000	795.000000	55.000000	720.324175	802.156918	1.000000	20.375277
10.000000	32.000000	29.000000	754.000000	1075.000000	75.000000	744.560070	1081.159810	1.000000	22.182275
10.000000	33.000000	30.000000	901.000000	953.000000	66.000000	893.135965	949.071859	1.000000	23.375595
10.000000	34.000000	31.000000	582.000000	1024.000000	74.000000	577.214647	1042.824383	2.000000	24.223610
10.000000	35.000000	32.000000	329.000000	872.000000	62.000000	339.916677	874.502921	2.000000	25.102681
10.000000	36.000000	33.000000	339.000000	1028.000000	72.000000	352.085104	1034.270553	1.000000	25.822201
10.000000	37.000000	34.000000	429.000000	919.000000	63.000000	449.270988	909.348352	1.000000	26.406092
10.000000	38.000000	35.000000	487.000000	660.000000	43.000000	478.098740	664.983395	2.000000	27.215844
10.000000	39.000000	36.000000	201.000000	572.000000	31.000000	193.168342	563.487516	2.000000	28.646067
10.000000	40.000000	0.000000	374.000000	308.000000	12.000000	352.552856	321.378112	2.000000	32.278380
10.000000	41.000000	37.000000	565.000000	298.000000	14.000000	568.813177	302.558634	2.000000	32.934936
10.000000	42.000000	38.000000	367.000000	313.000000	12.000000	352.552856	321.378112	2.000000	33.543222
10.000000	43.000000	39.000000	229.000000	390.000000	21.000000	220.037090	401.574491	2.000000	34.047258
10.000000	44.000000	40.000000	174.000000	295.000000	11.000000	181.943895	309.942580	2.000000	34.472213
11.000000	1.000000	1.000000	355.000000	179.000000	2.000000	336.818992	177.994163	1.000000	1.941284
11.000000	2.000000	2.000000	650.000000	124.000000	4.000000	641.905200	128.825525	1.000000	2.621664
11.000000	3.000000	3.000000	231.000000	151.000000	1.000000	232.207015	152.204897	2.000000	3.301343
11.000000	4.000000	4.000000	745.000000	190.000000	5.000000	766.604129	198.867907	2.000000	4.029459
11.000000	5.000000	5.000000	851.000000	189.000000	6.000000	841.132686	192.826715	2.000000	4.438370
11.000000	6.000000	0.000000	980.000000	164.000000	7.000000	1012.376499	164.584497	1.000000	4.846902
11.000000	7.000000	6.000000	996.000000	164.000000	7.000000	1012.376499	164.584497	1.000000	5.493925
11.000000	8.000000	7.000000	1124.000000	166.000000	8.000000	1141.147524	170.757489	1.000000	6.005345
11.000000	9.000000	8.000000	1297.000000	122.000000	9.000000	1289.103682	127.828363	2.000000	6.855069
11.000000	10.000000	9.000000	1411.000000	191.000000	10.000000	1401.964421	200.031400	1.000000	7.685891
11.000000	11.000000	10.000000	1114.000000	227.000000	18.000000	1101.403041	244.328792	1.000000	8.542950
11.000000	12.000000	11.000000	1015.000000	289.000000	17.000000	991.937687	291.003778	1.000000	9.134439
11.000000	13.000000	0.000000	353.000000	416.000000	22.000000	375.523407	428.102195	2.000000	11.390161
11.000000	14.000000	12.000000	384.000000	418.000000	22.000000	375.523407	428.102195	2.000000	11.799172
11.000000	15.000000	13.000000	464.000000	401.000000	23.000000	471.104441	407.384053	2.000000	12.319319
11.000000	16.000000	14.000000	727.000000	383.000000	25.000000	725.697619	373.638557	2.000000	12.990844
11.000000	17.000000	15.000000	635.000000	456.000000	24.000000	634.585602	448.309820	1.000000	13.622264
11.000000	18.000000	16.000000	1435.000000	396.000000	30.000000	1417.418337	403.071537	2.000000	16.158047
11.000000	19.000000	17.000000	1255.000000	498.000000	39.000000	1245.040129	503.762676	2.000000	16.829270
11.000000	20.000000	18.000000	1128.000000	509.000000	38.000000	1128.279410	508.570733	2.000000	17.357691
11.000000	21.000000	19.000000	834.000000	561.000000	36.000000	827.742133	574.698665	1.000000	17.989866
11.000000	22.000000	20.000000	900.000000	671.000000	46.000000	902.369890	668.586371	1.000000	18.678634
11.000000	23.000000	21.000000	1122.000000	678.000000	48.000000	1106.790583	691.541045	2.000000	19.238790
11.000000	24.000000	0.000000	1027.000000	757.000000	57.000000	1030.520887	789.744484	2.000000	19.711100
11.000000	25.000000	22.000000	1044.000000	781.000000	57.000000	1030.520887	789.744484	2.000000	20.334354
11.000000	26.000000	23.000000	1145.000000	765.000000	58.000000	1129.591857	767.383853	2.000000	20.845191
11.000000	27.000000	0.000000	1262.000000	742.000000	59.000000	1224.328467	752.743077	2.000000	21.214149
11.000000	28.000000	24.000000	1234.000000	751.000000	59.000000	1224.328467	752.743077	2.000000	21.646783
11.000000	29.000000	25.000000	1280.000000	861.000000	69.000000	1278.126622	871.014362	1.000000	22.437411
11.000000	30.000000	26.000000	1362.000000	835.000000	60.000000	1353.664815	829.945667	1.000000	23.093228
11.000000	31.000000	27.000000	1366.000000	982.000000	80.000000	1370.392484	1003.247627	2.000000	23.582368
11.000000	32.000000	28.000000	1085.000000	1075.000000	78.000000	1095.847112	1066.970241	1.000000	24.574795
11.000000	33.000000	29.000000	1020.000000	1071.000000	77.000000	1022.035532	1073.909374	1.000000	25.173381
11.000000	34.000000	30.000000	847.000000	831.000000	56.000000	844.502604	826.986018	2.000000	25.997679
11.000000	35.000000	31.000000	769.000000	937.000000	65.000000	770.180371	926.855383	1.000000	26.630869
11.000000	36.000000	0.000000	342.000000	1049.000000	72.000000	317.637232	1061.873898	2.000000	28.671280
11.000000	37.000000	32.000000	322.000000	1065.000000	72.000000	317.637232	1061.873898	2.000000	29.549486
11.000000	38.000000	33.000000	340.000000	812.000000	52.000000	337.468999	795.484443	2.000000	30.334753
11.000000	39.000000	34.000000	185.000000	756.000000	51.000000	192.017394	749.978638	2.000000	31.693972
11.000000	40.000000	35.000000	211.000000	561.000000	31.000000	201.187995	582.192692	1.000000	32.351524
11.000000	41.000000	36.000000	329.000000	529.000000	32.000000	344.072204	533.937011	1.000000	33.094677
11.000000	42.000000	37.000000	335.000000	639.000000	42.000000	334.277989	647.331725	1.000000	33.743059
11.000000	43.000000	38.000000	478.000000	552.000000	33.000000	462.555310	565.721724	1.000000	34.261539
11.000000	44.000000	0.000000	570.000000	668.000000	44.000000	596.469672	678.319744	1.000000	34.941294
11.000000	45.000000	39.000000	599.000000	670.000000	44.000000	596.469672	678.319744	1.000000	35.525518
11.000000	46.000000	40.000000	719.000000	664.000000	45.000000	729.311065	663.411761	2.000000	36.023660
12.000000	1.000000	1.000000	505.000000	123.000000	3.000000	498.167691	117.517528	1.000000	3.308622
12.000000	2.000000	2.000000	637.000000	185.000000	4.000000	624.508843	193.245417	1.000000	5.724290
12.000000	3.000000	3.000000	744.000000	295.000000	15.000000	738.207821	288.399572	2.000000	6.244487
12.000000	4.000000	4.000000	905.000000	279.000000	16.000000	886.982785	279.129352	2.000000	6.716472
12.000000	5.000000	5.000000	1005.000000	268.000000	17.000000	995.042886	271.419054	2.000000	7.341441
12.000000	6.000000	6.000000	1217.000000	115.000000	9.000000	1228.472560	123.623873	2.000000	8.628336
12.000000	7.000000	7.000000	1436.000000	305.000000	20.000000	1420.097435	303.580971	2.000000	10.589706
12.000000	8.000000	8.000000	1421.000000	382.000000	30.000000	1415.948416	392.439358	2.000000	11.636840
12.000000	9.000000	9.000000	1299.000000	441.000000	29.000000	1283.915123	448.130527	2.000000	12.403876
12.000000	10.000000	10.000000	1276.000000	499.000000	39.000000	1274.512379	500.540718	2.000000	12.796749
12.000000	11.000000	11.000000	1141.000000	528.000000	38.000000	1128.355453	537.732625	1.000000	13.300982
12.000000	12.000000	12.000000	1274.000000	650.000000	49.000000	1268.047752	656.893317	1.000000	13.876291
12.000000	13.000000	13.000000	1160.000000	671.000000	48.000000	1146.165978	685.219489	1.000000	14.387932
12.000000	14.000000	14.000000	1153.000000	807.000000	58.000000	1158.511461	819.682551	1.000000	14.941013
12.000000	15.000000	15.000000	1126.000000	875.000000	68.000000	1120.351364	880.945097	1.000000	15.501351
12.000000	16.000000	16.000000	1313.000000	811.000000	59.000000	1290.048423	812.770629	2.000000	16.101332
12.000000	17.000000	17.000000	1241.000000	915.000000	69.000000	1255.768773	916.465744	2.000000	16.651322
12.000000	18.000000	18.000000	1350.000000	986.000000	80.000000	1348.137423	997.317530	2.000000	17.301156
12.000000	19.000000	19.000000	1415.000000	911.000000	70.000000	1409.701142	915.604461	1.000000	18.188261
12.000000	20.000000	20.000000	1152.000000	1084.000000	78.000000	1146.895909	1079.725936	1.000000	18.845629
12.000000	21.000000	21.000000	893.000000	933.000000	66.000000	876.766683	932.760725	1.000000	20.147864
12.000000	22.000000	22.000000	877.000000	1035.000000	76.000000	887.868731	1030.696035	2.000000	21.243967
12.000000	23.000000	23.000000	1034.000000	818.000000	57.000000	1028.837203	810.177335	2.000000	21.917760
12.000000	24.000000	24.000000	891.000000	804.000000	56.000000	898.643390	802.655095	2.000000	22.365760
12.000000	25.000000	25.000000	865.000000	547.000000	36.000000	855.909629	546.804870	2.000000	23.403892
12.000000	26.000000	26.000000	867.000000	441.000000	26.000000	867.216933	438.459805	1.000000	24.060514
12.000000	27.000000	27.000000	730.000000	618.000000	45.000000	731.106889	629.386549	1.000000	24.844490
12.000000	28.000000	28.000000	732.000000	869.000000	65.000000	722.592128	876.960951	1.000000	25.628325
12.000000	29.000000	29.000000	770.000000	1036.000000	75.000000	760.867231	1040.416164	1.000000	26.396104
12.000000	30.000000	30.000000	635.000000	1058.000000	74.000000	640.087289	1059.538678	1.000000	27.900320
12.000000	31.000000	31.000000	472.000000	893.000000	63.000000	471.125815	886.486925	1.000000	28.499484
12.000000	32.000000	32.000000	332.000000	877.000000	62.000000	345.438580	872.317020	1.000000	28.948332
12.000000	33.000000	33.000000	240.000000	1041.000000	71.000000	223.919808	1032.845139	1.000000	29.604923
12.000000	34.000000	34.000000	219.000000	770.000000	51.000000	204.928783	763.503533	1.000000	30.989213
12.000000	35.000000	35.000000	260.000000	690.000000	41.000000	249.987672	703.566639	2.000000	31.572212
12.000000	36.000000	36.000000	355.000000	742.000000	52.000000	369.333288	743.307491	2.000000	32.085028
12.000000	37.000000	37.000000	596.000000	757.000000	54.000000	586.840114	770.592065	2.000000	32.940849
12.000000	38.000000	38.000000	511.000000	585.000000	33.000000	497.764696	578.939251	2.000000	33.700065
12.000000	39.000000	39.000000	350.000000	510.000000	32.000000	354.077874	512.841304	1.000000	35.060957
12.000000	40.000000	40.000000	965.000000	402.000000	27.000000	973.402359	408.042453	2.000000	39.221535
13.000000	1.000000	1.000000	228.000000	127.000000	1.000000	222.348146	130.384587	2.000000	1.627985
13.000000	2.000000	2.000000	359.000000	271.000000	12.000000	352.516527	264.475992	1.000000	2.162693
13.000000	3.000000	3.000000	448.000000	187.000000	3.000000	442.101634	193.384650	1.000000	2.578390
13.000000	4.000000	4.000000	346.000000	390.000000	22.000000	344.852918	396.020325	1.000000	3.131889
13.000000	5.000000	0.000000	224.000000	431.000000	21.000000	247.101553	419.994155	1.000000	3.963007
13.000000	6.000000	5.000000	250.000000	420.000000	21.000000	247.101553	419.994155	1.000000	4.411875
13.000000	7.000000	6.000000	191.000000	548.000000	31.000000	192.933754	545.346315	2.000000	4.899576
13.000000	8.000000	7.000000	589.000000	191.000000	4.000000	590.217050	199.838643	1.000000	5.722460
13.000000	9.000000	8.000000	604.000000	260.000000	14.000000	600.055295	261.260614	2.000000	6.267472
13.000000	10.000000	9.000000	707.000000	412.000000	25.000000	715.557098	415.307105	2.000000	7.874459
13.000000	11.000000	10.000000	727.000000	129.000000	5.000000	727.267538	127.597720	2.000000	8.946988
13.000000	12.000000	11.000000	1259.000000	134.000000	9.000000	1238.884659	146.615703	2.000000	10.338126
13.000000	13.000000	12.000000	1118.000000	308.000000	18.000000	1103.231230	314.123654	2.000000	11.074930
13.000000	14.000000	13.000000	1273.000000	268.000000	19.000000	1271.364888	268.482797	2.000000	12.090926
13.000000	15.000000	14.000000	1221.000000	460.000000	29.000000	1222.839313	456.190702	2.000000	13.290422
13.000000	16.000000	15.000000	1400.000000	521.000000	40.000000	1384.656993	531.413085	1.000000	13.882665
13.000000	17.000000	16.000000	1029.000000	400.000000	27.000000	1019.532031	403.598656	1.000000	14.595612
13.000000	18.000000	17.000000	1143.000000	644.000000	48.000000	1137.840503	652.024578	1.000000	15.339231
13.000000	19.000000	18.000000	1135.000000	744.000000	58.000000	1124.281778	750.903371	1.000000	16.018587
13.000000	20.000000	19.000000	975.000000	629.000000	47.000000	972.108013	637.944198	2.000000	16.531865
13.000000	21.000000	0.000000	859.000000	573.000000	36.000000	833.792977	563.386640	2.000000	16.995242
13.000000	22.000000	20.000000	833.000000	559.000000	36.000000	833.792977	563.386640	2.000000	17.362044
13.000000	23.000000	21.000000	624.000000	522.000000	34.000000	616.710705	525.276528	2.000000	18.346806
13.000000	24.000000	22.000000	730.000000	527.000000	35.000000	721.717282	530.644761	1.000000	18.779097
13.000000	25.000000	23.000000	710.000000	632.000000	45.000000	706.953709	641.760755	1.000000	19.314170
13.000000	26.000000	24.000000	859.000000	738.000000	56.000000	853.992269	758.282709	1.000000	19.994151
13.000000	27.000000	25.000000	1001.000000	821.000000	57.000000	998.015660	825.975620	2.000000	20.801869
13.000000	28.000000	26.000000	844.000000	890.000000	66.000000	829.674450	884.654807	2.000000	22.523424
13.000000	29.000000	27.000000	701.000000	902.000000	65.000000	708.554105	896.290245	1.000000	23.114774
13.000000	30.000000	28.000000	973.000000	914.000000	67.000000	972.482322	917.226603	2.000000	23.818350
13.000000	31.000000	29.000000	1265.000000	1046.000000	79.000000	1261.877339	1057.466562	2.000000	24.811326
13.000000	32.000000	30.000000	1251.000000	932.000000	69.000000	1248.115672	939.180031	1.000000	25.435153
13.000000	33.000000	31.000000	744.000000	1059.000000	75.000000	733.285350	1069.861615	2.000000	27.098725
13.000000	34.000000	0.000000	565.000000	1057.000000	74.000000	590.506620	1063.463275	1.000000	27.754417
13.000000	35.000000	32.000000	599.000000	1065.000000	74.000000	590.506620	1063.463275	1.000000	28.394754
13.000000	36.000000	33.000000	981.000000	1063.000000	77.000000	969.877770	1068.026929	1.000000	29.091512
13.000000	37.000000	34.000000	485.000000	1054.000000	73.000000	475.362622	1067.250741	2.000000	29.778829
13.000000	38.000000	35.000000	451.000000	880.000000	63.000000	455.718907	877.363761	2.000000	30.426077
13.000000	39.000000	36.000000	486.000000	719.000000	43.000000	481.114834	698.565959	1.000000	31.298517
13.000000	40.000000	37.000000	393.000000	959.000000	62.000000	374.116699	942.894035	1.000000	31.987786
13.000000	41.000000	38.000000	208.000000	1065.000000	71.000000	200.081509	1082.371117	1.000000	32.778700
13.000000	42.000000	39.000000	204.000000	837.000000	51.000000	221.772052	831.234568	2.000000	33.987064
13.000000	43.000000	40.000000	378.000000	550.000000	32.000000	367.787037	553.404447	1.000000	35.059901
14.000000	1.000000	1.000000	178.000000	188.000000	1.000000	179.613201	195.076160	2.000000	1.998873
14.000000	2.000000	2.000000	381.000000	205.000000	2.000000	378.618438	207.366229	2.000000	2.501349
14.000000	3.000000	3.000000	454.000000	165.000000	3.000000	453.627546	176.393074	1.000000	3.014735
14.000000	4.000000	4.000000	580.000000	261.000000	14.000000	573.046250	254.038105	2.000000	3.588792
14.000000	5.000000	5.000000	737.000000	237.000000	15.000000	735.012371	247.097037	2.000000	4.934331
14.000000	6.000000	6.000000	1122.000000	131.000000	8.000000	1128.012200	138.437327	1.000000	6.318892
14.000000	7.000000	7.000000	1255.000000	118.000000	9.000000	1238.850905	119.146727	1.000000	6.974258
14.000000	8.000000	8.000000	1172.000000	289.000000	18.000000	1155.584438	301.644474	2.000000	8.973063
14.000000	9.000000	9.000000	992.000000	321.000000	17.000000	987.342476	326.266547	1.000000	9.990920
14.000000	10.000000	10.000000	1396.000000	398.000000	30.000000	1392.718867	402.792342	2.000000	11.286325
14.000000	11.000000	11.000000	1400.000000	607.000000	50.000000	1402.286453	620.220850	2.000000	11.933253
14.000000	12.000000	12.000000	1237.000000	533.000000	39.000000	1234.234671	536.314715	2.000000	12.606803
14.000000	13.000000	13.000000	1420.000000	895.000000	70.000000	1418.820167	891.468853	2.000000	14.140944
14.000000	14.000000	14.000000	1285.000000	904.000000	69.000000	1269.199748	911.011730	1.000000	14.630901
14.000000	15.000000	15.000000	1117.000000	832.000000	58.000000	1117.653612	817.455054	1.000000	15.189000
14.000000	16.000000	16.000000	1103.000000	931.000000	68.000000	1102.658905	936.943086	1.000000	15.622599
14.000000	17.000000	17.000000	1015.000000	1054.000000	77.000000	1006.938221	1061.308170	1.000000	16.366226
14.000000	18.000000	18.000000	872.000000	1017.000000	76.000000	853.706552	1023.637961	1.000000	17.262479
14.000000	19.000000	19.000000	480.000000	1051.000000	73.000000	480.603790	1064.227670	2.000000	18.470788
14.000000	20.000000	20.000000	606.000000	1025.000000	74.000000	611.998709	1026.250071	2.000000	18.918224
14.000000	21.000000	21.000000	598.000000	895.000000	64.000000	599.616694	891.790214	1.000000	19.414455
14.000000	22.000000	22.000000	692.000000	913.000000	65.000000	699.286011	923.483167	2.000000	19.878912
14.000000	23.000000	23.000000	587.000000	789.000000	54.000000	608.924389	788.219030	1.000000	20.470405
14.000000	24.000000	0.000000	768.000000	793.000000	55.000000	742.923073	794.116071	1.000000	21.005572
14.000000	25.000000	24.000000	744.000000	793.000000	55.000000	742.923073	794.116071	1.000000	21.573563
14.000000	26.000000	25.000000	871.000000	783.000000	56.000000	858.942051	781.560938	2.000000	22.022664
14.000000	27.000000	26.000000	752.000000	715.000000	45.000000	751.695346	706.063444	2.000000	22.517984
14.000000	28.000000	27.000000	617.000000	700.000000	44.000000	621.335507	703.077485	1.000000	22.958025
14.000000	29.000000	28.000000	686.000000	536.000000	35.000000	702.270662	538.597581	2.000000	23.662314
14.000000	30.000000	29.000000	838.000000	569.000000	36.000000	844.077056	578.149158	2.000000	24.188795
14.000000	31.000000	30.000000	995.000000	534.000000	37.000000	1002.639078	523.090205	2.000000	24.781280
14.000000	32.000000	31.000000	875.000000	380.000000	26.000000	858.175486	377.430129	2.000000	25.500858
14.000000	33.000000	32.000000	987.000000	691.000000	47.000000	986.173469	696.633420	1.000000	26.444930
14.000000	34.000000	33.000000	468.000000	557.000000	33.000000	457.643261	545.652248	1.000000	27.748867
14.000000	35.000000	34.000000	595.000000	512.000000	34.000000	575.371243	503.428844	1.000000	28.414887
14.000000	36.000000	35.000000	576.000000	438.000000	24.000000	582.056343	431.572317	1.000000	29.197856
14.000000	37.000000	36.000000	332.000000	698.000000	42.000000	325.386842	706.531657	2.000000	29.926286
14.000000	38.000000	37.000000	210.000000	1003.000000	71.000000	202.274292	1013.894031	2.000000	30.862644
14.000000	39.000000	38.000000	211.000000	676.000000	41.000000	216.506055	665.757491	1.000000	32.311011
14.000000	40.000000	39.000000	215.000000	514.000000	31.000000	218.567077	519.825903	1.000000	32.861169
14.000000	41.000000	40.000000	217.000000	362.000000	21.000000	215.801792	385.317278	1.000000	33.334737
15.000000	1.000000	1.000000	362.000000	170.000000	2.000000	366.019344	182.029117	2.000000	2.597281
15.000000	2.000000	2.000000	238.000000	279.000000	11.000000	236.995148	290.620090	1.000000	3.301195
15.000000	3.000000	3.000000	221.000000	407.000000	21.000000	225.683085	404.408935	1.000000	3.949738
15.000000	4.000000	4.000000	333.000000	439.000000	22.000000	324.465159	455.406532	1.000000	4.526715
15.000000	5.000000	5.000000	336.000000	584.000000	32.000000	348.241169	577.990517	1.000000	5.134873
15.000000	6.000000	6.000000	467.000000	532.000000	33.000000	472.766805	522.409089	1.000000	5.613157
15.000000	7.000000	7.000000	233.000000	562.000000	31.000000	222.289672	570.420296	2.000000	6.222533
15.000000	8.000000	8.000000	607.000000	612.000000	44.000000	601.103436	629.647299	2.000000	6.862376
15.000000	9.000000	9.000000	557.000000	511.000000	34.000000	574.568988	519.034643	1.000000	7.412944
15.000000	10.000000	10.000000	739.000000	620.000000	45.000000	751.353528	634.180375	2.000000	8.013836
15.000000	11.000000	11.000000	883.000000	633.000000	46.000000	861.340488	637.328342	2.000000	8.533563
15.000000	12.000000	12.000000	749.000000	413.000000	25.000000	756.575525	414.175057	1.000000	9.479214
15.000000	13.000000	13.000000	887.000000	562.000000	36.000000	887.314011	559.940889	2.000000	10.014806
15.000000	14.000000	14.000000	997.000000	570.000000	37.000000	997.435758	580.528601	2.000000	10.685295
15.000000	15.000000	15.000000	1112.000000	432.000000	28.000000	1120.048338	443.329308	1.000000	11.373170
15.000000	16.000000	16.000000	1276.000000	492.000000	39.000000	1272.403711	501.050161	2.000000	12.053632
15.000000	17.000000	17.000000	1396.000000	390.000000	30.000000	1382.767495	397.013307	1.000000	12.590534
15.000000	18.000000	18.000000	1388.000000	639.000000	50.000000	1384.704676	646.439060	1.000000	13.358289
15.000000	19.000000	19.000000	1222.000000	706.000000	49.000000	1224.594655	704.053858	1.000000	14.110040
15.000000	20.000000	20.000000	1403.000000	811.000000	60.000000	1385.599175	824.485970	2.000000	15.191145
15.000000	21.000000	21.000000	1278.000000	870.000000	69.000000	1282.146498	879.631786	2.000000	15.662514
15.000000	22.000000	22.000000	1408.000000	985.000000	80.000000	1410.226512	999.212529	2.000000	16.349633
15.000000	23.000000	23.000000	1278.000000	1069.000000	79.000000	1268.751744	1065.026212	1.000000	17.367254
15.000000	24.000000	24.000000	896.000000	1033.000000	76.000000	894.955039	1034.076316	1.000000	18.549168
15.000000	25.000000	25.000000	975.000000	895.000000	67.000000	965.759555	876.743745	1.000000	18.990265
15.000000	26.000000	0.000000	827.000000	878.000000	66.000000	859.443709	876.292594	1.000000	19.374770
15.000000	27.000000	26.000000	858.000000	877.000000	66.000000	859.443709	876.292594	1.000000	19.837831
15.000000	28.000000	27.000000	866.000000	801.000000	56.000000	877.252649	807.481668	2.000000	20.486983
15.000000	29.000000	28.000000	979.000000	774.000000	57.000000	984.564303	771.798260	2.000000	21.206109
15.000000	30.000000	29.000000	617.000000	889.000000	64.000000	609.902369	888.715796	2.000000	22.319155
15.000000	31.000000	30.000000	454.000000	1022.000000	73.000000	447.372021	1006.712313	2.000000	22.855182
15.000000	32.000000	0.000000	471.000000	809.000000	53.000000	492.259051	781.311079	2.000000	23.598520
15.000000	33.000000	31.000000	483.000000	793.000000	53.000000	492.259051	781.311079	2.000000	24.015212
15.000000	34.000000	32.000000	464.000000	709.000000	43.000000	463.058529	706.771458	1.000000	24.733544
15.000000	35.000000	33.000000	237.000000	812.000000	51.000000	221.134088	822.513250	1.000000	25.270513
15.000000	36.000000	34.000000	187.000000	691.000000	41.000000	183.595729	684.445782	1.000000	26.071171
15.000000	37.000000	35.000000	866.000000	202.000000	6.000000	875.443895	203.076965	1.000000	29.973895
15.000000	38.000000	36.000000	913.000000	257.000000	16.000000	902.329643	266.555783	1.000000	30.477569
15.000000	39.000000	0.000000	742.000000	171.000000	5.000000	714.000964	170.829628	2.000000	31.766146
15.000000	40.000000	37.000000	713.000000	161.000000	5.000000	714.000964	170.829628	2.000000	32.295212
15.000000	41.000000	38.000000	614.000000	147.000000	4.000000	606.002726	153.979719	2.000000	32.758728
15.000000	42.000000	39.000000	985.000000	146.000000	7.000000	981.673555	156.516411	2.000000	33.814907
15.000000	43.000000	0.000000	1404.000000	311.000000	20.000000	1387.989239	286.272682	2.000000	38.405523
15.000000	44.000000	40.000000	1394.000000	293.000000	20.000000	1387.989239	286.272682	2.000000	38.741098
16.000000	1.000000	1.000000	376.000000	149.000000	2.000000	367.332233	157.541078	1.000000	2.326394
16.000000	2.000000	2.000000	575.000000	125.000000	4.000000	571.296266	136.361555	2.000000	2.838000
16.000000	3.000000	3.000000	488.000000	291.000000	13.000000	481.809847	299.384384	1.000000	3.357884
16.000000	4.000000	4.000000	569.000000	247.000000	14.000000	574.313689	261.332543	1.000000	3.782762
16.000000	5.000000	5.000000	711.000000	193.000000	5.000000	731.484544	198.984519	2.000000	4.325919
16.000000	6.000000	6.000000	870.000000	197.000000	6.000000	864.788251	204.367164	1.000000	4.823764
16.000000	7.000000	7.000000	1108.000000	113.000000	8.000000	1092.195968	118.368241	1.000000	5.943404
16.000000	8.000000	8.000000	1289.000000	131.000000	9.000000	1277.906189	137.771609	2.000000	6.878290
16.000000	9.000000	9.000000	1393.000000	309.000000	20.000000	1394.109548	316.386072	2.000000	7.821859
16.000000	10.000000	10.000000	1269.000000	294.000000	19.000000	1258.133917	299.525110	1.000000	8.694740
16.000000	11.000000	11.000000	1390.000000	564.000000	40.000000	1384.687388	562.699427	2.000000	9.791343
16.000000	12.000000	12.000000	995.000000	373.000000	27.000000	985.007395	374.746737	1.000000	11.431221
16.000000	13.000000	13.000000	1026.000000	320.000000	17.000000	1020.109972	330.223627	2.000000	11.927940
16.000000	14.000000	14.000000	758.000000	382.000000	25.000000	760.860155	389.371652	2.000000	13.565996
16.000000	15.000000	15.000000	483.000000	392.000000	23.000000	496.604646	381.244134	1.000000	14.565960
16.000000	16.000000	16.000000	353.000000	433.000000	22.000000	344.845326	451.368346	1.000000	15.175208
16.000000	17.000000	17.000000	202.000000	390.000000	21.000000	209.457834	388.044663	1.000000	15.925834
16.000000	18.000000	18.000000	196.000000	330.000000	11.000000	196.591109	328.532324	2.000000	16.430754
16.000000	19.000000	19.000000	357.000000	509.000000	32.000000	368.952096	514.425777	2.000000	17.077810
16.000000	20.000000	20.000000	222.000000	589.000000	31.000000	236.633925	572.631677	1.000000	17.959339
16.000000	21.000000	0.000000	204.000000	618.000000	41.000000	194.222824	644.146782	2.000000	18.567809
16.000000	22.000000	21.000000	203.000000	657.000000	41.000000	194.222824	644.146782	2.000000	19.207211
16.000000	23.000000	22.000000	200.000000	769.000000	51.000000	202.865784	772.602482	2.000000	19.750512
16.000000	24.000000	23.000000	352.000000	777.000000	52.000000	355.758519	771.460973	1.000000	20.542246
16.000000	25.000000	24.000000	428.000000	702.000000	43.000000	439.383629	699.084145	1.000000	21.134472
16.000000	26.000000	25.000000	197.000000	1025.000000	71.000000	190.490328	1029.603280	1.000000	22.239149
16.000000	27.000000	26.000000	455.000000	1031.000000	73.000000	459.520852	1025.208551	2.000000	23.503091
16.000000	28.000000	27.000000	604.000000	1010.000000	74.000000	605.773026	1009.966124	2.000000	24.287407
16.000000	29.000000	28.000000	743.000000	996.000000	75.000000	732.398995	994.049997	2.000000	24.863916
16.000000	30.000000	29.000000	852.000000	1014.000000	76.000000	843.870322	1010.093927	1.000000	25.454746
16.000000	31.000000	30.000000	1153.000000	949.000000	68.000000	1142.165109	937.716297	2.000000	27.366376
16.000000	32.000000	31.000000	1257.000000	958.000000	69.000000	1253.111549	937.618376	1.000000	28.143179
16.000000	33.000000	32.000000	1290.000000	1006.000000	79.000000	1290.139548	1015.009882	2.000000	29.102549
16.000000	34.000000	33.000000	1367.000000	759.000000	60.000000	1357.777465	761.001659	1.000000	30.166460
16.000000	35.000000	34.000000	1252.000000	763.000000	59.000000	1249.572815	766.958430	1.000000	30.855240
16.000000	36.000000	35.000000	1121.000000	777.000000	58.000000	1114.692646	790.556660	2.000000	31.406661
16.000000	37.000000	36.000000	718.000000	816.000000	55.000000	729.231223	825.769935	2.000000	33.167184
16.000000	38.000000	37.000000	515.000000	584.000000	33.000000	510.608238	579.029876	1.000000	34.431079
16.000000	39.000000	38.000000	736.000000	614.000000	45.000000	738.240404	624.229554	2.000000	35.406964
16.000000	40.000000	39.000000	1140.000000	525.000000	38.000000	1127.853515	524.259309	2.000000	36.551190
16.000000	41.000000	40.000000	1031.000000	548.000000	37.000000	1026.874628	556.587610	1.000000	37.142500
17.000000	1.000000	1.000000	446.000000	173.000000	3.000000	447.546692	177.593950	2.000000	2.799957
17.000000	2.000000	2.000000	242.000000	281.000000	11.000000	243.622703	282.904412	2.000000	3.390391
17.000000	3.000000	3.000000	217.000000	408.000000	21.000000	211.513019	421.967934	1.000000	4.078176
17.000000	4.000000	4.000000	185.000000	553.000000	31.000000	180.604207	552.104607	1.000000	4.767504
17.000000	5.000000	5.000000	462.000000	282.000000	13.000000	456.962929	265.081014	2.000000	5.472253
17.000000	6.000000	6.000000	584.000000	164.000000	4.000000	580.569172	171.359617	2.000000	6.031400
17.000000	7.000000	7.000000	748.000000	194.000000	5.000000	748.986884	203.242321	2.000000	6.567433
17.000000	8.000000	8.000000	731.000000	279.000000	15.000000	737.419821	283.687617	2.000000	8.006560
17.000000	9.000000	9.000000	738.000000	388.000000	25.000000	720.490298	402.558774	2.000000	9.112046
17.000000	10.000000	10.000000	983.000000	374.000000	27.000000	975.141950	378.018812	2.000000	9.792088
17.000000	11.000000	11.000000	1123.000000	155.000000	8.000000	1131.770676	150.345703	2.000000	10.494465
17.000000	12.000000	12.000000	1279.000000	184.000000	9.000000	1283.131860	192.618300	2.000000	11.143066
17.000000	13.000000	13.000000	1289.000000	364.000000	29.000000	1291.900172	379.519206	1.000000	12.376186
17.000000	14.000000	14.000000	1369.000000	521.000000	40.000000	1364.381559	526.831098	1.000000	13.926346
17.000000	15.000000	15.000000	1225.000000	629.000000	49.000000	1234.495546	633.557382	1.000000	14.496309
17.000000	16.000000	16.000000	1169.000000	561.000000	38.000000	1149.361006	570.376538	1.000000	14.974233
17.000000	17.000000	17.000000	1116.000000	659.000000	48.000000	1102.489789	664.968223	1.000000	15.518124
17.000000	18.000000	18.000000	885.000000	535.000000	36.000000	898.356807	546.688913	1.000000	16.279539
17.000000	19.000000	19.000000	756.000000	702.000000	45.000000	760.429262	705.310002	1.000000	17.102480
17.000000	20.000000	20.000000	598.000000	506.000000	34.000000	610.656705	523.792551	1.000000	17.727675
17.000000	21.000000	0.000000	347.000000	669.000000	42.000000	345.762955	698.917488	1.000000	18.728390
17.000000	22.000000	21.000000	372.000000	571.000000	32.000000	365.635039	573.317075	2.000000	19.383642
17.000000	23.000000	22.000000	345.000000	687.000000	42.000000	345.762955	698.917488	1.000000	19.950563
17.000000	24.000000	23.000000	370.000000	768.000000	52.000000	354.894008	771.328221	2.000000	20.496245
17.000000	25.000000	24.000000	627.000000	702.000000	44.000000	637.494965	695.262780	2.000000	21.215459
17.000000	26.000000	25.000000	767.000000	898.000000	65.000000	763.656565	901.364393	2.000000	22.064378
17.000000	27.000000	26.000000	841.000000	1064.000000	76.000000	844.482381	1065.610999	2.000000	22.838994
17.000000	28.000000	27.000000	891.000000	959.000000	66.000000	885.379107	946.886702	1.000000	23.352137
17.000000	29.000000	28.000000	998.000000	906.000000	67.000000	1003.214696	903.424449	1.000000	23.791774
17.000000	30.000000	29.000000	1049.000000	1030.000000	77.000000	1029.565760	1033.505421	1.000000	24.376110
17.000000	31.000000	30.000000	1130.000000	909.000000	68.000000	1124.336756	896.760463	1.000000	24.966224
17.000000	32.000000	31.000000	1243.000000	1002.000000	79.000000	1236.637134	1006.641138	2.000000	25.622656
17.000000	33.000000	32.000000	1225.000000	873.000000	69.000000	1219.205121	870.614954	2.000000	26.174258
17.000000	34.000000	33.000000	1160.000000	803.000000	58.000000	1155.869188	795.630145	2.000000	26.832347
17.000000	35.000000	34.000000	1387.000000	775.000000	60.000000	1374.914837	773.390032	1.000000	28.094809
17.000000	36.000000	35.000000	607.000000	876.000000	64.000000	610.708887	882.589470	1.000000	30.663683
17.000000	37.000000	36.000000	476.000000	901.000000	63.000000	481.085917	908.664588	1.000000	31.167833
17.000000	38.000000	37.000000	613.000000	766.000000	54.000000	618.539503	768.272478	1.000000	31.967801
17.000000	39.000000	38.000000	332.000000	1066.000000	72.000000	319.552348	1078.743506	2.000000	32.750380
17.000000	40.000000	39.000000	192.000000	1030.000000	71.000000	206.647495	1020.685505	2.000000	33.262989
17.000000	41.000000	40.000000	222.000000	905.000000	61.000000	224.789453	899.366973	1.000000	33.902850
18.000000	1.000000	1.000000	209.000000	181.000000	1.000000	202.198463	192.463268	2.000000	1.946011
18.000000	2.000000	2.000000	175.000000	286.000000	11.000000	180.948945	291.734362	1.000000	2.531086
18.000000	3.000000	3.000000	340.000000	301.000000	12.000000	335.636564	297.428623	2.000000	3.139048
18.000000	4.000000	4.000000	461.000000	161.000000	3.000000	461.664332	175.516198	2.000000	3.683313
18.000000	5.000000	5.000000	466.000000	262.000000	13.000000	467.311984	263.295708	1.000000	4.291397
18.000000	6.000000	6.000000	834.000000	191.000000	6.000000	830.387307	193.323802	2.000000	6.194849
18.000000	7.000000	7.000000	743.000000	170.000000	5.000000	727.867849	171.134942	1.000000	6.698271
18.000000	8.000000	8.000000	865.000000	253.000000	16.000000	865.447806	256.372595	1.000000	7.882896
18.000000	9.000000	9.000000	993.000000	153.000000	7.000000	981.114257	159.483646	1.000000	8.507667
18.000000	10.000000	10.000000	976.000000	293.000000	17.000000	966.971887	290.079648	2.000000	10.298637
18.000000	11.000000	11.000000	1148.000000	287.000000	18.000000	1152.105856	275.116836	2.000000	10.922601
18.000000	12.000000	12.000000	1380.000000	307.000000	20.000000	1375.698777	310.121784	2.000000	13.177855
18.000000	13.000000	13.000000	1379.000000	558.000000	40.000000	1368.548063	559.771354	1.000000	15.090260
18.000000	14.000000	14.000000	1116.000000	503.000000	38.000000	1113.825148	497.752763	1.000000	15.651455
18.000000	15.000000	15.000000	1006.000000	549.000000	37.000000	1007.456765	554.671722	1.000000	16.170764
18.000000	16.000000	16.000000	1357.000000	633.000000	50.000000	1359.704263	628.270752	2.000000	17.883097
18.000000	17.000000	17.000000	1433.000000	931.000000	70.000000	1416.829483	937.794190	1.000000	19.674562
18.000000	18.000000	18.000000	1259.000000	819.000000	59.000000	1252.825243	810.239107	2.000000	20.363991
18.000000	19.000000	19.000000	1282.000000	917.000000	69.000000	1272.226842	917.382603	2.000000	20.827891
18.000000	20.000000	20.000000	1244.000000	1016.000000	79.000000	1254.163905	1007.225845	2.000000	21.299867
18.000000	21.000000	21.000000	1402.000000	1018.000000	80.000000	1407.335927	1017.512564	2.000000	21.811022
18.000000	22.000000	22.000000	1101.000000	1057.000000	78.000000	1111.512262	1064.582575	2.000000	22.483889
18.000000	23.000000	23.000000	1141.000000	834.000000	58.000000	1131.753150	829.843467	2.000000	23.506515
18.000000	24.000000	0.000000	891.000000	838.000000	56.000000	873.180719	815.996956	1.000000	25.930871
18.000000	25.000000	24.000000	888.000000	812.000000	56.000000	873.180719	815.996956	1.000000	26.323366
18.000000	26.000000	25.000000	888.000000	699.000000	46.000000	884.557688	689.038909	1.000000	26.923785
18.000000	27.000000	26.000000	753.000000	1054.000000	75.000000	744.852818	1048.805193	1.000000	27.698100
18.000000	28.000000	27.000000	601.000000	1073.000000	74.000000	585.625988	1069.206979	1.000000	28.529942
18.000000	29.000000	28.000000	616.000000	923.000000	64.000000	611.201057	911.442455	1.000000	29.163283
18.000000	30.000000	29.000000	867.000000	1053.000000	76.000000	858.192367	1049.822282	2.000000	29.946671
18.000000	31.000000	30.000000	393.000000	1020.000000	72.000000	376.817267	1010.465839	2.000000	30.723877
18.000000	32.000000	0.000000	382.000000	966.000000	62.000000	371.200322	938.124395	2.000000	31.194443
18.000000	33.000000	31.000000	372.000000	945.000000	62.000000	371.200322	938.124395	2.000000	31.834785
18.000000	34.000000	32.000000	227.000000	1018.000000	71.000000	217.959939	1025.292697	1.000000	32.772011
18.000000	35.000000	33.000000	194.000000	930.000000	61.000000	193.571093	933.595686	1.000000	33.354999
18.000000	36.000000	34.000000	202.000000	818.000000	51.000000	206.898937	812.613355	2.000000	33.970182
18.000000	37.000000	35.000000	452.000000	665.000000	43.000000	462.168580	663.428624	1.000000	34.627689
18.000000	38.000000	36.000000	461.000000	379.000000	23.000000	454.526649	381.349737	2.000000	36.147192
18.000000	39.000000	37.000000	708.000000	610.000000	45.000000	703.243656	619.381471	1.000000	37.346089
18.000000	40.000000	38.000000	723.000000	778.000000	55.000000	724.684151	770.558469	1.000000	38.010036
18.000000	41.000000	39.000000	184.000000	563.000000	31.000000	185.494090	558.408678	2.000000	39.787336
18.000000	42.000000	40.000000	883.000000	409.000000	26.000000	891.876049	409.536707	1.000000	41.515851
19.000000	1.000000	1.000000	224.000000	132.000000	1.000000	231.551625	133.380092	1.000000	2.140444
19.000000	2.000000	2.000000	471.000000	172.000000	3.000000	459.663093	171.785895	1.000000	2.826263
19.000000	3.000000	3.000000	592.000000	108.000000	4.000000	571.146492	117.581621	2.000000	3.282457
19.000000	4.000000	4.000000	526.000000	288.000000	13.000000	512.453443	290.666391	2.000000	3.930364
19.000000	5.000000	5.000000	617.000000	321.000000	14.000000	612.567492	325.889839	2.000000	4.514687
19.000000	6.000000	6.000000	760.000000	317.000000	15.000000	758.654327	320.993766	2.000000	5.075419
19.000000	7.000000	7.000000	1115.000000	138.000000	8.000000	1102.942036	142.557640	2.000000	7.146986
19.000000	8.000000	8.000000	1230.000000	186.000000	9.000000	1224.838288	204.361300	2.000000	7.612513
19.000000	9.000000	9.000000	1374.000000	260.000000	20.000000	1366.729759	272.661442	2.000000	8.252412
19.000000	10.000000	10.000000	1160.000000	296.000000	18.000000	1147.256700	311.885844	2.000000	9.042434
19.000000	11.000000	11.000000	1383.000000	419.000000	30.000000	1384.997397	437.148543	2.000000	9.810686
19.000000	12.000000	12.000000	1417.000000	501.000000	40.000000	1411.718845	502.269253	1.000000	10.371452
19.000000	13.000000	13.000000	1126.000000	500.000000	38.000000	1120.388053	508.949522	2.000000	10.995878
19.000000	14.000000	14.000000	828.000000	385.000000	26.000000	838.012944	399.837787	2.000000	11.636007
19.000000	15.000000	15.000000	877.000000	494.000000	36.000000	878.286997	509.489854	1.000000	12.115215
19.000000	16.000000	16.000000	989.000000	448.000000	27.000000	1002.351011	455.864363	1.000000	12.588428
19.000000	17.000000	17.000000	1004.000000	291.000000	17.000000	994.790436	288.550338	1.000000	13.196402
19.000000	18.000000	18.000000	707.000000	417.000000	25.000000	704.134496	405.911576	1.000000	13.835980
19.000000	19.000000	19.000000	450.000000	417.000000	23.000000	457.321289	430.467102	2.000000	14.706631
19.000000	20.000000	0.000000	165.000000	441.000000	21.000000	197.252213	446.176901	1.000000	15.330236
19.000000	21.000000	20.000000	195.000000	447.000000	21.000000	197.252213	446.176901	1.000000	15.859802
19.000000	22.000000	21.000000	324.000000	516.000000	32.000000	336.031026	520.992666	2.000000	16.690503
19.000000	23.000000	22.000000	598.000000	575.000000	34.000000	588.889811	567.930480	1.000000	17.538848
19.000000	24.000000	23.000000	625.000000	607.000000	44.000000	629.714501	621.641396	1.000000	18.242498
19.000000	25.000000	24.000000	1226.000000	620.000000	49.000000	1225.226077	630.405275	1.000000	19.906740
19.000000	26.000000	0.000000	1404.000000	678.000000	50.000000	1387.202399	698.322841	2.000000	20.970526
19.000000	27.000000	25.000000	1393.000000	686.000000	50.000000	1387.202399	698.322841	2.000000	21.354964
19.000000	28.000000	26.000000	1410.000000	1075.000000	80.000000	1401.190705	1069.932754	1.000000	23.020403
19.000000	29.000000	27.000000	1251.000000	963.000000	69.000000	1253.444922	944.360796	2.000000	23.675327
19.000000	30.000000	28.000000	1251.000000	1060.000000	79.000000	1248.458813	1058.078824	1.000000	24.155401
19.000000	31.000000	29.000000	1158.000000	918.000000	68.000000	1142.540612	913.721282	1.000000	24.748309
19.000000	32.000000	30.000000	1016.000000	1066.000000	77.000000	1030.615031	1069.994220	1.000000	25.308117
19.000000	33.000000	31.000000	976.000000	797.000000	57.000000	968.007532	796.370295	1.000000	25.884308
19.000000	34.000000	32.000000	855.000000	1067.000000	76.000000	857.844549	1063.040381	2.000000	26.868100
19.000000	35.000000	33.000000	728.000000	1063.000000	75.000000	739.274682	1061.528157	1.000000	27.876163
19.000000	36.000000	34.000000	737.000000	680.000000	45.000000	729.304112	693.466944	2.000000	30.835776
19.000000	37.000000	35.000000	631.000000	787.000000	54.000000	627.720454	786.803721	1.000000	31.418802
19.000000	38.000000	36.000000	338.000000	1028.000000	72.000000	338.056832	1023.800612	2.000000	32.787205
19.000000	39.000000	37.000000	226.000000	1026.000000	71.000000	223.412871	1026.770149	2.000000	33.235932
19.000000	40.000000	38.000000	441.000000	1015.000000	73.000000	454.827752	1016.817321	1.000000	33.980227
19.000000	41.000000	39.000000	331.000000	939.000000	62.000000	316.674797	923.801591	1.000000	34.523430
19.000000	42.000000	40.000000	195.000000	814.000000	51.000000	185.441386	814.780035	2.000000	35.260035
20.000000	1.000000	1.000000	494.000000	132.000000	3.000000	490.557562	148.535951	2.000000	1.630915
20.000000	2.000000	2.000000	327.000000	145.000000	2.000000	334.260518	153.372813	1.000000	2.173250
20.000000	3.000000	3.000000	254.000000	287.000000	11.000000	250.499683	290.047975	1.000000	2.701802
20.000000	4.000000	4.000000	220.000000	418.000000	21.000000	217.740217	438.718434	1.000000	3.190329
20.000000	5.000000	5.000000	331.000000	436.000000	22.000000	339.733894	455.852570	1.000000	3.621662
20.000000	6.000000	6.000000	374.000000	521.000000	32.000000	364.297991	523.840614	1.000000	4.173323
20.000000	7.000000	7.000000	187.000000	547.000000	31.000000	196.765491	559.275023	2.000000	4.653387
20.000000	8.000000	8.000000	366.000000	632.000000	42.000000	368.698013	632.199897	1.000000	5.214005
20.000000	9.000000	9.000000	478.000000	571.000000	33.000000	488.362472	577.009802	2.000000	5.814224
20.000000	10.000000	10.000000	501.000000	634.000000	43.000000	505.881219	630.602759	2.000000	6.374107
20.000000	11.000000	11.000000	489.000000	790.000000	53.000000	488.232679	801.193968	1.000000	6.885417
20.000000	12.000000	12.000000	239.000000	780.000000	51.000000	238.707943	787.526125	2.000000	7.422078
20.000000	13.000000	13.000000	314.000000	780.000000	52.000000	321.289107	783.925093	2.000000	8.004933
20.000000	14.000000	14.000000	358.000000	957.000000	62.000000	335.479568	954.260707	2.000000	9.469060
20.000000	15.000000	15.000000	476.000000	882.000000	63.000000	476.479326	874.948231	2.000000	10.605970
20.000000	16.000000	16.000000	620.000000	940.000000	64.000000	617.160497	946.087083	2.000000	11.469333
20.000000	17.000000	17.000000	599.000000	844.000000	54.000000	592.691241	826.067644	1.000000	12.189791
20.000000	18.000000	18.000000	721.000000	742.000000	55.000000	716.457767	745.069568	1.000000	12.886363
20.000000	19.000000	19.000000	845.000000	672.000000	46.000000	847.656122	677.694433	2.000000	14.413114
20.000000	20.000000	20.000000	746.000000	1071.000000	75.000000	746.439354	1079.700167	2.000000	18.086823
20.000000	21.000000	21.000000	1016.000000	906.000000	67.000000	1005.547110	902.608401	1.000000	19.189185
20.000000	22.000000	22.000000	1169.000000	887.000000	68.000000	1157.924092	882.696585	1.000000	20.149041
20.000000	23.000000	23.000000	1411.000000	889.000000	70.000000	1404.766694	890.461844	2.000000	21.133224
20.000000	24.000000	24.000000	1283.000000	791.000000	59.000000	1265.865659	790.635709	1.000000	22.815083
20.000000	25.000000	25.000000	1136.000000	786.000000	58.000000	1115.820326	775.634377	1.000000	23.445938
20.000000	26.000000	26.000000	1250.000000	714.000000	49.000000	1240.228187	704.795649	2.000000	24.133168
20.000000	27.000000	27.000000	1405.000000	566.000000	40.000000	1410.369133	570.772426	1.000000	25.141593
20.000000	28.000000	28.000000	1345.000000	444.000000	30.000000	1348.221011	434.592001	2.000000	26.126672
20.000000	29.000000	0.000000	1305.000000	280.000000	19.000000	1265.883489	275.079057	2.000000	28.686807
20.000000	30.000000	29.000000	1266.000000	278.000000	19.000000	1265.883489	275.079057	2.000000	28.982172
20.000000	31.000000	30.000000	1158.000000	191.000000	8.000000	1142.170797	205.703876	2.000000	29.517317
20.000000	32.000000	31.000000	969.000000	136.000000	7.000000	981.870782	133.630399	2.000000	30.389457
20.000000	33.000000	32.000000	620.000000	167.000000	4.000000	628.719690	160.929827	1.000000	31.558154
20.000000	34.000000	33.000000	489.000000	311.000000	13.000000	479.347053	327.628423	1.000000	32.174343
20.000000	35.000000	34.000000	619.000000	382.000000	24.000000	631.058126	396.318236	1.000000	32.830143
20.000000	36.000000	35.000000	696.000000	303.000000	15.000000	699.669968	305.057607	2.000000	33.263109
20.000000	37.000000	36.000000	713.000000	450.000000	25.000000	709.430226	430.050180	1.000000	33.830090
20.000000	38.000000	37.000000	734.000000	509.000000	35.000000	728.563471	511.701896	1.000000	34.223013
20.000000	39.000000	38.000000	866.000000	416.000000	26.000000	872.722303	408.775468	2.000000	34.758057
20.000000	40.000000	39.000000	1088.000000	507.000000	38.000000	1100.087856	514.535247	1.000000	35.470641
20.000000	41.000000	40.000000	980.000000	505.000000	37.000000	975.811434	508.737112	2.000000	41.174114
