MultiTargForag_2	Participant_Code = 6
Search_Type = 1	CB_Targets = 1
Trial	Click_Num	Target_Click_Order	Click_X	Click_y	Item_selected	Item_X	Item_Y	Target_Set	RT
1.000000	1.000000	1.000000	900.000000	181.000000	6.000000	900.521024	184.856730	1.000000	3.493596
1.000000	2.000000	2.000000	847.000000	289.000000	16.000000	839.579255	312.182564	1.000000	4.620575
1.000000	3.000000	3.000000	743.000000	322.000000	15.000000	734.303972	331.744422	2.000000	5.324573
1.000000	4.000000	4.000000	763.000000	378.000000	25.000000	760.525919	388.704999	1.000000	6.061239
1.000000	5.000000	0.000000	880.000000	379.000000	26.000000	856.640442	396.167011	1.000000	6.596421
1.000000	6.000000	5.000000	867.000000	383.000000	26.000000	856.640442	396.167011	1.000000	6.876437
1.000000	7.000000	6.000000	986.000000	383.000000	27.000000	985.033097	385.227055	1.000000	7.685124
1.000000	8.000000	7.000000	855.000000	505.000000	36.000000	852.089689	506.914197	2.000000	8.452368
1.000000	9.000000	8.000000	842.000000	633.000000	46.000000	840.873955	640.622607	2.000000	9.291783
1.000000	10.000000	9.000000	751.000000	680.000000	45.000000	757.336238	685.246337	1.000000	9.835322
1.000000	11.000000	10.000000	948.000000	679.000000	47.000000	959.724124	688.278323	1.000000	10.476426
1.000000	12.000000	11.000000	1042.000000	777.000000	57.000000	1021.217641	787.926700	2.000000	11.156110
1.000000	13.000000	12.000000	1150.000000	910.000000	68.000000	1131.507538	913.090146	1.000000	11.725300
1.000000	14.000000	13.000000	1219.000000	745.000000	59.000000	1220.132438	752.193638	1.000000	12.717093
1.000000	15.000000	14.000000	1262.000000	637.000000	49.000000	1250.997564	621.997896	2.000000	13.580250
1.000000	16.000000	15.000000	1382.000000	819.000000	60.000000	1380.473122	823.040727	2.000000	14.189190
1.000000	17.000000	16.000000	1234.000000	1007.000000	79.000000	1228.508768	1020.385103	2.000000	14.916655
1.000000	18.000000	17.000000	1374.000000	1045.000000	80.000000	1372.641079	1060.125689	2.000000	15.645352
1.000000	19.000000	18.000000	1362.000000	560.000000	40.000000	1371.407848	555.709394	1.000000	16.819857
1.000000	20.000000	19.000000	1366.000000	438.000000	30.000000	1365.514245	433.998763	1.000000	17.899339
1.000000	21.000000	20.000000	1407.000000	209.000000	10.000000	1405.828943	203.938306	2.000000	19.491480
1.000000	22.000000	21.000000	1224.000000	145.000000	9.000000	1224.652980	129.528483	1.000000	20.419758
1.000000	23.000000	22.000000	1107.000000	204.000000	8.000000	1101.052600	200.765697	1.000000	21.299530
1.000000	24.000000	23.000000	588.000000	117.000000	4.000000	596.009143	128.089213	2.000000	23.660497
1.000000	25.000000	24.000000	359.000000	158.000000	2.000000	368.392281	167.812008	1.000000	24.853405
1.000000	26.000000	0.000000	199.000000	260.000000	11.000000	190.454418	284.085532	2.000000	25.973267
1.000000	27.000000	25.000000	188.000000	301.000000	11.000000	190.454418	284.085532	2.000000	26.589204
1.000000	28.000000	26.000000	167.000000	413.000000	21.000000	178.786151	402.747719	1.000000	27.132907
1.000000	29.000000	27.000000	369.000000	518.000000	32.000000	372.702061	526.549521	1.000000	27.980721
1.000000	30.000000	28.000000	520.000000	563.000000	33.000000	502.105443	572.478374	2.000000	28.676390
1.000000	31.000000	29.000000	630.000000	546.000000	34.000000	640.326291	524.299162	1.000000	29.404376
1.000000	32.000000	30.000000	369.000000	629.000000	42.000000	366.295423	624.089712	2.000000	30.028516
1.000000	33.000000	0.000000	371.000000	706.000000	52.000000	355.193963	749.098141	2.000000	30.492702
1.000000	34.000000	31.000000	368.000000	741.000000	52.000000	355.193963	749.098141	2.000000	30.797254
1.000000	35.000000	32.000000	173.000000	805.000000	51.000000	184.175096	820.182325	2.000000	31.587375
1.000000	36.000000	33.000000	491.000000	776.000000	53.000000	503.636249	778.488790	2.000000	32.324809
1.000000	37.000000	34.000000	635.000000	784.000000	54.000000	637.715777	795.410957	1.000000	32.965171
1.000000	38.000000	35.000000	518.000000	1070.000000	73.000000	506.584343	1069.633296	2.000000	33.925044
1.000000	39.000000	36.000000	360.000000	1078.000000	72.000000	357.280400	1077.286750	1.000000	34.539699
1.000000	40.000000	37.000000	229.000000	1058.000000	71.000000	218.431857	1066.136585	2.000000	35.333056
1.000000	41.000000	38.000000	598.000000	1060.000000	74.000000	591.394794	1054.608408	1.000000	36.261153
1.000000	42.000000	39.000000	710.000000	1020.000000	75.000000	701.948900	1014.815176	2.000000	36.788387
1.000000	43.000000	40.000000	973.000000	1042.000000	77.000000	967.698149	1042.797247	2.000000	37.868231
1.000000	1.000000	1.000000	182.000000	172.000000	1.000000	179.063272	163.728428	1.000000	1.320195
1.000000	2.000000	2.000000	300.000000	182.000000	2.000000	312.987733	187.624150	2.000000	1.959879
1.000000	3.000000	3.000000	483.000000	186.000000	3.000000	472.489247	192.422805	1.000000	2.999980
1.000000	4.000000	4.000000	735.000000	185.000000	5.000000	739.397425	194.894942	2.000000	4.585944
1.000000	5.000000	5.000000	734.000000	253.000000	15.000000	724.682451	255.048547	2.000000	4.976622
1.000000	6.000000	0.000000	1009.000000	155.000000	7.000000	983.457288	158.440672	2.000000	5.673599
1.000000	7.000000	6.000000	994.000000	159.000000	7.000000	983.457288	158.440672	2.000000	6.152918
1.000000	8.000000	7.000000	1133.000000	121.000000	8.000000	1145.288148	121.016769	2.000000	6.689965
1.000000	9.000000	8.000000	1358.000000	118.000000	10.000000	1365.633454	120.754430	2.000000	7.872320
1.000000	10.000000	9.000000	1370.000000	282.000000	20.000000	1363.089523	304.757758	1.000000	9.169259
1.000000	11.000000	10.000000	1018.000000	316.000000	17.000000	1029.811125	319.233145	1.000000	10.250083
1.000000	12.000000	11.000000	854.000000	291.000000	16.000000	867.121121	290.778223	2.000000	10.994149
1.000000	13.000000	12.000000	975.000000	440.000000	27.000000	970.907210	456.333929	2.000000	12.056734
1.000000	14.000000	13.000000	740.000000	425.000000	25.000000	721.122024	433.650587	2.000000	12.785977
1.000000	15.000000	14.000000	621.000000	401.000000	24.000000	614.757882	405.096282	2.000000	13.513955
1.000000	16.000000	15.000000	378.000000	338.000000	12.000000	370.370430	325.255839	1.000000	14.569124
1.000000	17.000000	16.000000	184.000000	399.000000	21.000000	180.053877	406.899698	1.000000	15.368897
1.000000	18.000000	17.000000	239.000000	488.000000	31.000000	233.444606	500.504633	2.000000	16.191868
1.000000	19.000000	18.000000	362.000000	564.000000	32.000000	341.521880	572.285105	1.000000	17.050018
1.000000	20.000000	19.000000	476.000000	560.000000	33.000000	489.524799	542.338324	1.000000	17.601725
1.000000	21.000000	20.000000	632.000000	543.000000	34.000000	635.275733	528.975596	1.000000	18.136735
1.000000	22.000000	21.000000	1167.000000	564.000000	38.000000	1146.942590	568.305899	1.000000	19.361982
1.000000	23.000000	22.000000	1161.000000	657.000000	48.000000	1161.219018	671.257201	1.000000	20.224527
1.000000	24.000000	23.000000	982.000000	651.000000	47.000000	992.617159	641.860247	2.000000	20.904378
1.000000	25.000000	24.000000	1291.000000	781.000000	59.000000	1282.976450	794.748216	1.000000	21.825858
1.000000	26.000000	25.000000	1271.000000	870.000000	69.000000	1261.824863	878.630932	2.000000	22.519925
1.000000	27.000000	26.000000	1100.000000	766.000000	58.000000	1089.488680	753.980328	2.000000	23.120039
1.000000	28.000000	27.000000	998.000000	799.000000	57.000000	1007.601037	783.706753	1.000000	23.736805
1.000000	29.000000	28.000000	835.000000	824.000000	56.000000	843.098410	829.882237	2.000000	24.417682
1.000000	30.000000	29.000000	733.000000	804.000000	55.000000	729.002364	808.191767	2.000000	24.785206
1.000000	31.000000	30.000000	770.000000	705.000000	45.000000	757.986681	692.168896	1.000000	25.281215
1.000000	32.000000	31.000000	488.000000	742.000000	53.000000	469.029006	752.215911	2.000000	25.993110
1.000000	33.000000	32.000000	206.000000	782.000000	51.000000	203.639255	790.281822	1.000000	27.433665
1.000000	34.000000	33.000000	225.000000	888.000000	61.000000	228.682911	883.983424	1.000000	28.096211
1.000000	35.000000	34.000000	334.000000	1025.000000	72.000000	326.612681	1035.016414	1.000000	28.728621
1.000000	36.000000	35.000000	468.000000	1009.000000	73.000000	467.545499	1004.790121	2.000000	29.240312
1.000000	37.000000	36.000000	878.000000	998.000000	76.000000	870.663413	999.441983	1.000000	30.240476
1.000000	38.000000	37.000000	1004.000000	1034.000000	77.000000	992.663008	1039.454074	1.000000	30.937546
1.000000	39.000000	38.000000	1149.000000	1047.000000	78.000000	1142.368932	1030.718218	2.000000	32.617389
1.000000	40.000000	39.000000	1280.000000	1070.000000	79.000000	1281.963605	1074.874590	2.000000	33.249612
1.000000	41.000000	40.000000	1373.000000	1012.000000	80.000000	1380.319424	1005.400364	1.000000	33.848381
2.000000	1.000000	0.000000	225.000000	273.000000	11.000000	242.053653	251.495131	2.000000	1.192477
2.000000	2.000000	1.000000	232.000000	266.000000	11.000000	242.053653	251.495131	2.000000	1.646606
2.000000	3.000000	2.000000	303.000000	286.000000	12.000000	315.249715	276.980029	1.000000	2.215008
2.000000	4.000000	3.000000	488.000000	287.000000	13.000000	486.250669	276.704348	1.000000	2.840439
2.000000	5.000000	4.000000	571.000000	188.000000	4.000000	571.690241	178.642469	1.000000	3.432504
2.000000	6.000000	5.000000	773.000000	170.000000	5.000000	770.997446	156.290286	1.000000	3.976157
2.000000	7.000000	6.000000	732.000000	278.000000	15.000000	722.905288	259.429394	2.000000	4.430870
2.000000	8.000000	7.000000	835.000000	279.000000	16.000000	851.876587	276.564330	2.000000	4.918419
2.000000	9.000000	0.000000	839.000000	154.000000	6.000000	864.725608	148.222588	2.000000	5.408764
2.000000	10.000000	8.000000	876.000000	156.000000	6.000000	864.725608	148.222588	2.000000	5.926900
2.000000	11.000000	9.000000	981.000000	203.000000	7.000000	975.751427	203.198546	2.000000	6.448545
2.000000	12.000000	10.000000	1002.000000	243.000000	17.000000	1006.217281	247.195025	2.000000	6.871301
2.000000	13.000000	11.000000	1132.000000	161.000000	8.000000	1142.118759	161.328108	2.000000	7.558799
2.000000	14.000000	12.000000	1288.000000	148.000000	9.000000	1287.265272	134.869012	1.000000	9.280579
2.000000	15.000000	13.000000	1357.000000	199.000000	10.000000	1362.911555	204.356233	1.000000	9.856691
2.000000	16.000000	14.000000	1401.000000	318.000000	20.000000	1391.437958	308.226971	2.000000	11.175135
2.000000	17.000000	15.000000	1391.000000	402.000000	30.000000	1393.729565	390.205127	1.000000	11.783345
2.000000	18.000000	16.000000	1251.000000	343.000000	19.000000	1243.118523	325.414274	2.000000	12.447505
2.000000	19.000000	17.000000	1116.000000	336.000000	18.000000	1109.292632	318.931961	2.000000	12.903725
2.000000	20.000000	18.000000	1417.000000	531.000000	40.000000	1405.783100	522.680213	1.000000	13.856086
2.000000	21.000000	19.000000	1304.000000	542.000000	39.000000	1292.289069	543.744867	2.000000	14.592663
2.000000	22.000000	20.000000	1129.000000	539.000000	38.000000	1142.164435	529.069510	2.000000	15.214917
2.000000	23.000000	21.000000	982.000000	512.000000	37.000000	968.619070	497.714460	1.000000	15.840018
2.000000	24.000000	22.000000	603.000000	549.000000	34.000000	596.866849	553.631726	1.000000	16.671174
2.000000	25.000000	23.000000	362.000000	395.000000	22.000000	355.828345	406.715336	2.000000	18.016372
2.000000	26.000000	24.000000	375.000000	589.000000	32.000000	378.875133	578.318347	1.000000	18.798684
2.000000	27.000000	25.000000	488.000000	622.000000	43.000000	493.319114	629.636190	1.000000	19.390340
2.000000	28.000000	26.000000	334.000000	654.000000	42.000000	322.628978	658.990760	2.000000	20.392180
2.000000	29.000000	27.000000	876.000000	621.000000	46.000000	888.218834	619.579422	1.000000	21.446693
2.000000	30.000000	28.000000	972.000000	753.000000	57.000000	966.227714	760.580248	1.000000	22.119920
2.000000	31.000000	29.000000	1284.000000	771.000000	59.000000	1280.414300	768.888718	2.000000	23.199959
2.000000	32.000000	30.000000	1350.000000	792.000000	60.000000	1355.729340	797.028468	1.000000	23.582697
2.000000	33.000000	31.000000	1262.000000	937.000000	69.000000	1273.001495	937.449967	1.000000	24.263204
2.000000	34.000000	0.000000	1296.000000	975.000000	79.000000	1290.189315	1001.497356	2.000000	24.782850
2.000000	35.000000	32.000000	1296.000000	1001.000000	79.000000	1290.189315	1001.497356	2.000000	25.136040
2.000000	36.000000	0.000000	1433.000000	1010.000000	80.000000	1394.928116	1015.377558	2.000000	25.751546
2.000000	37.000000	33.000000	1396.000000	1017.000000	80.000000	1394.928116	1015.377558	2.000000	26.112016
2.000000	38.000000	34.000000	821.000000	791.000000	56.000000	829.866758	787.316568	2.000000	27.584091
2.000000	39.000000	35.000000	865.000000	960.000000	66.000000	878.562351	946.134297	2.000000	28.406495
2.000000	40.000000	36.000000	994.000000	1073.000000	77.000000	994.322510	1051.231380	1.000000	29.168565
2.000000	41.000000	37.000000	716.000000	918.000000	65.000000	722.067945	925.532965	1.000000	30.183545
2.000000	42.000000	38.000000	466.000000	942.000000	63.000000	467.910644	941.923038	1.000000	31.831180
2.000000	43.000000	39.000000	344.000000	1079.000000	72.000000	352.956662	1056.243533	2.000000	32.567692
2.000000	44.000000	40.000000	225.000000	890.000000	61.000000	216.956737	877.396803	1.000000	33.303831
3.000000	1.000000	1.000000	301.000000	210.000000	2.000000	313.552344	198.277701	2.000000	2.722364
3.000000	2.000000	2.000000	343.000000	248.000000	12.000000	350.272426	248.054671	1.000000	3.171053
3.000000	3.000000	3.000000	455.000000	247.000000	13.000000	458.964862	246.153720	2.000000	3.611884
3.000000	4.000000	4.000000	499.000000	181.000000	3.000000	495.835719	171.077837	2.000000	4.011748
3.000000	5.000000	5.000000	599.000000	157.000000	4.000000	617.271976	144.287447	1.000000	4.659510
3.000000	6.000000	6.000000	724.000000	311.000000	15.000000	731.960894	316.229451	1.000000	5.379230
3.000000	7.000000	7.000000	995.000000	188.000000	7.000000	1001.319737	181.959569	2.000000	6.555287
3.000000	8.000000	8.000000	1232.000000	122.000000	9.000000	1219.971881	119.058054	1.000000	7.866987
3.000000	9.000000	9.000000	1369.000000	493.000000	40.000000	1365.805725	495.093842	1.000000	9.138390
3.000000	10.000000	0.000000	1098.000000	468.000000	28.000000	1088.580369	442.185024	2.000000	9.867046
3.000000	11.000000	10.000000	1093.000000	463.000000	28.000000	1088.580369	442.185024	2.000000	10.274466
3.000000	12.000000	11.000000	977.000000	418.000000	27.000000	977.072944	403.311486	1.000000	10.978965
3.000000	13.000000	12.000000	973.000000	561.000000	37.000000	978.453774	548.496056	1.000000	11.595210
3.000000	14.000000	13.000000	737.000000	458.000000	25.000000	722.230204	447.979320	2.000000	12.474446
3.000000	15.000000	14.000000	459.000000	500.000000	33.000000	442.302443	503.910338	1.000000	13.620297
3.000000	16.000000	15.000000	364.000000	401.000000	22.000000	377.821221	389.750011	2.000000	15.684309
3.000000	17.000000	16.000000	208.000000	424.000000	21.000000	205.674046	427.768778	1.000000	16.347949
3.000000	18.000000	17.000000	302.000000	539.000000	32.000000	310.129888	536.096820	2.000000	17.146317
3.000000	19.000000	18.000000	245.000000	576.000000	31.000000	238.690925	575.302593	2.000000	17.899312
3.000000	20.000000	19.000000	371.000000	709.000000	42.000000	375.798712	704.693862	1.000000	19.148341
3.000000	21.000000	20.000000	476.000000	702.000000	43.000000	492.330773	692.688922	2.000000	19.778415
3.000000	22.000000	21.000000	577.000000	641.000000	44.000000	577.518312	631.995298	2.000000	20.578351
3.000000	23.000000	22.000000	757.000000	694.000000	45.000000	758.739310	693.953539	1.000000	21.188037
3.000000	24.000000	23.000000	880.000000	685.000000	46.000000	874.347967	677.314530	2.000000	21.634802
3.000000	25.000000	24.000000	1108.000000	696.000000	48.000000	1094.770790	681.810460	1.000000	22.274762
3.000000	26.000000	25.000000	1232.000000	668.000000	49.000000	1234.458790	656.102804	1.000000	23.355271
3.000000	27.000000	26.000000	1430.000000	689.000000	50.000000	1420.533363	691.625982	1.000000	23.947403
3.000000	28.000000	27.000000	1365.000000	763.000000	60.000000	1361.460113	770.114616	2.000000	24.699541
3.000000	29.000000	28.000000	1134.000000	805.000000	58.000000	1120.713972	803.231169	1.000000	25.362312
3.000000	30.000000	29.000000	1016.000000	920.000000	67.000000	1028.834779	912.535222	1.000000	26.172219
3.000000	31.000000	30.000000	890.000000	912.000000	66.000000	901.734065	902.027827	2.000000	26.851538
3.000000	32.000000	31.000000	732.000000	933.000000	65.000000	723.375462	935.733872	2.000000	27.436332
3.000000	33.000000	32.000000	465.000000	942.000000	63.000000	475.438983	922.715615	2.000000	28.723696
3.000000	34.000000	33.000000	298.000000	944.000000	62.000000	321.831509	946.445318	1.000000	29.268343
3.000000	35.000000	34.000000	232.000000	932.000000	61.000000	223.185040	927.025718	1.000000	29.666985
3.000000	36.000000	35.000000	217.000000	824.000000	51.000000	222.429753	805.067628	2.000000	30.306591
3.000000	37.000000	36.000000	567.000000	1039.000000	74.000000	578.503756	1044.965899	1.000000	31.139203
3.000000	38.000000	37.000000	757.000000	1049.000000	75.000000	735.344123	1047.751315	1.000000	31.643174
3.000000	39.000000	38.000000	1143.000000	1046.000000	78.000000	1145.565270	1057.384828	2.000000	32.571043
3.000000	40.000000	0.000000	1250.000000	1032.000000	79.000000	1237.829907	1003.443990	2.000000	33.107288
3.000000	41.000000	39.000000	1257.000000	1015.000000	79.000000	1237.829907	1003.443990	2.000000	33.827913
3.000000	42.000000	40.000000	1285.000000	944.000000	69.000000	1288.714082	929.417672	2.000000	34.587627
4.000000	1.000000	1.000000	178.000000	210.000000	1.000000	185.707448	203.655789	1.000000	1.053491
4.000000	2.000000	0.000000	493.000000	332.000000	13.000000	471.447335	319.162260	1.000000	1.844477
4.000000	3.000000	2.000000	470.000000	327.000000	13.000000	471.447335	319.162260	1.000000	2.411812
4.000000	4.000000	3.000000	461.000000	429.000000	23.000000	472.976393	429.015185	1.000000	3.148020
4.000000	5.000000	4.000000	595.000000	417.000000	24.000000	583.251219	411.221100	1.000000	3.860938
4.000000	6.000000	5.000000	713.000000	293.000000	15.000000	714.850366	277.600355	2.000000	4.557226
4.000000	7.000000	6.000000	755.000000	188.000000	5.000000	749.106928	198.849133	2.000000	5.428320
4.000000	8.000000	7.000000	990.000000	144.000000	7.000000	995.496677	122.580485	1.000000	6.260515
4.000000	9.000000	8.000000	1124.000000	180.000000	8.000000	1116.809352	179.222755	2.000000	6.907712
4.000000	10.000000	9.000000	1245.000000	163.000000	9.000000	1263.258275	155.299880	1.000000	7.516282
4.000000	11.000000	10.000000	1088.000000	272.000000	18.000000	1100.134365	265.550854	1.000000	8.284818
4.000000	12.000000	11.000000	1043.000000	334.000000	17.000000	1023.304058	321.580235	1.000000	8.851891
4.000000	13.000000	12.000000	1358.000000	407.000000	30.000000	1371.347770	420.870988	2.000000	9.716541
4.000000	14.000000	13.000000	1372.000000	566.000000	40.000000	1366.482723	569.164935	2.000000	10.340936
4.000000	15.000000	14.000000	1253.000000	527.000000	39.000000	1246.708435	516.482499	2.000000	10.917688
4.000000	16.000000	15.000000	1111.000000	434.000000	28.000000	1117.738629	435.636464	1.000000	11.613667
4.000000	17.000000	16.000000	1118.000000	530.000000	38.000000	1107.334120	536.206730	2.000000	12.181178
4.000000	18.000000	17.000000	1256.000000	632.000000	49.000000	1250.034031	637.700071	2.000000	12.891780
4.000000	19.000000	18.000000	1408.000000	737.000000	60.000000	1408.863301	744.261351	1.000000	13.683969
4.000000	20.000000	19.000000	832.000000	639.000000	46.000000	845.004136	634.426628	2.000000	15.348559
4.000000	21.000000	20.000000	615.000000	615.000000	44.000000	607.961221	623.067937	1.000000	16.556992
4.000000	22.000000	21.000000	615.000000	590.000000	34.000000	614.054251	574.550648	2.000000	17.013084
4.000000	23.000000	22.000000	472.000000	535.000000	33.000000	470.189692	515.973456	2.000000	18.203974
4.000000	24.000000	23.000000	189.000000	473.000000	21.000000	186.213431	456.776643	2.000000	19.501141
4.000000	25.000000	24.000000	473.000000	713.000000	43.000000	478.790643	695.126065	2.000000	20.421100
4.000000	26.000000	25.000000	225.000000	779.000000	51.000000	227.502257	784.346918	2.000000	21.349519
4.000000	27.000000	26.000000	462.000000	804.000000	53.000000	462.779739	812.748753	2.000000	22.053555
4.000000	28.000000	27.000000	488.000000	894.000000	63.000000	488.574605	874.412135	1.000000	22.724886
4.000000	29.000000	28.000000	596.000000	884.000000	64.000000	589.453482	871.401598	2.000000	23.325312
4.000000	30.000000	29.000000	645.000000	835.000000	54.000000	636.801380	824.068736	1.000000	23.732498
4.000000	31.000000	30.000000	720.000000	810.000000	55.000000	718.413170	795.377196	1.000000	24.356681
4.000000	32.000000	31.000000	851.000000	828.000000	56.000000	849.448175	818.361403	1.000000	24.859658
4.000000	33.000000	32.000000	986.000000	834.000000	57.000000	996.503372	827.813718	2.000000	25.460596
4.000000	34.000000	33.000000	1016.000000	923.000000	67.000000	1023.609307	906.800486	2.000000	26.187688
4.000000	35.000000	34.000000	1162.000000	882.000000	68.000000	1147.058991	876.742487	1.000000	26.981753
4.000000	36.000000	0.000000	1283.000000	985.000000	69.000000	1284.355086	954.423905	1.000000	28.181726
4.000000	37.000000	35.000000	1287.000000	967.000000	69.000000	1284.355086	954.423905	1.000000	28.748237
4.000000	38.000000	36.000000	1340.000000	1001.000000	80.000000	1353.258004	1008.337834	1.000000	29.395572
4.000000	39.000000	37.000000	1220.000000	1072.000000	79.000000	1227.772117	1067.675969	1.000000	30.140389
4.000000	40.000000	38.000000	1025.000000	1066.000000	77.000000	1031.604689	1052.515109	2.000000	30.683424
4.000000	41.000000	39.000000	626.000000	1039.000000	74.000000	637.353259	1037.845312	2.000000	31.548579
4.000000	42.000000	40.000000	219.000000	1007.000000	71.000000	218.085641	1002.871841	1.000000	32.723679
5.000000	1.000000	1.000000	210.000000	284.000000	11.000000	220.773209	289.709904	1.000000	0.936461
5.000000	2.000000	2.000000	340.000000	326.000000	12.000000	357.433524	316.129380	1.000000	1.664697
5.000000	3.000000	3.000000	339.000000	389.000000	22.000000	348.698967	391.438730	1.000000	2.256715
5.000000	4.000000	4.000000	465.000000	447.000000	23.000000	467.910503	441.622296	1.000000	2.722062
5.000000	5.000000	5.000000	495.000000	553.000000	33.000000	504.010829	530.114218	1.000000	3.200732
5.000000	6.000000	0.000000	602.000000	535.000000	34.000000	607.849056	510.078541	2.000000	3.720486
5.000000	7.000000	6.000000	607.000000	526.000000	34.000000	607.849056	510.078541	2.000000	4.585142
5.000000	8.000000	7.000000	835.000000	529.000000	36.000000	832.461160	514.068609	1.000000	5.481214
5.000000	9.000000	8.000000	771.000000	456.000000	25.000000	771.644895	437.090746	2.000000	5.984119
5.000000	10.000000	0.000000	821.000000	406.000000	26.000000	831.307717	381.965573	1.000000	6.560689
5.000000	11.000000	9.000000	834.000000	393.000000	26.000000	831.307717	381.965573	1.000000	6.913049
5.000000	12.000000	10.000000	892.000000	268.000000	16.000000	892.387528	272.988370	1.000000	7.640782
5.000000	13.000000	11.000000	724.000000	243.000000	15.000000	741.998055	246.008297	1.000000	8.305486
5.000000	14.000000	12.000000	730.000000	157.000000	5.000000	727.794980	138.844619	1.000000	9.113181
5.000000	15.000000	13.000000	1033.000000	148.000000	7.000000	1025.617857	127.286559	2.000000	10.121627
5.000000	16.000000	14.000000	1152.000000	195.000000	8.000000	1149.048013	186.746034	2.000000	10.657390
5.000000	17.000000	0.000000	1309.000000	176.000000	9.000000	1285.145842	166.612469	2.000000	11.233951
5.000000	18.000000	15.000000	1278.000000	170.000000	9.000000	1285.145842	166.612469	2.000000	11.817517
5.000000	19.000000	16.000000	1337.000000	185.000000	10.000000	1351.975587	182.845020	1.000000	12.240577
5.000000	20.000000	17.000000	1249.000000	306.000000	19.000000	1255.773365	288.275804	2.000000	13.072135
5.000000	21.000000	18.000000	1250.000000	390.000000	29.000000	1254.221952	373.699003	1.000000	13.505569
5.000000	22.000000	19.000000	1393.000000	638.000000	50.000000	1380.615626	633.531623	2.000000	14.552282
5.000000	23.000000	20.000000	1282.000000	543.000000	39.000000	1276.925489	529.749393	2.000000	15.128682
5.000000	24.000000	21.000000	1222.000000	679.000000	49.000000	1224.248804	678.553401	2.000000	16.112990
5.000000	25.000000	22.000000	1108.000000	671.000000	48.000000	1102.418817	668.826438	1.000000	16.584631
5.000000	26.000000	23.000000	995.000000	544.000000	37.000000	994.730068	533.289663	2.000000	17.120018
5.000000	27.000000	24.000000	839.000000	662.000000	46.000000	833.915905	662.454787	1.000000	17.848097
5.000000	28.000000	25.000000	729.000000	672.000000	45.000000	745.560650	674.794365	1.000000	18.472051
5.000000	29.000000	26.000000	592.000000	690.000000	44.000000	605.165433	690.016257	1.000000	19.247999
5.000000	30.000000	27.000000	455.000000	695.000000	43.000000	451.999499	695.464136	2.000000	19.849261
5.000000	31.000000	28.000000	335.000000	695.000000	42.000000	339.006881	682.449477	1.000000	20.242009
5.000000	32.000000	29.000000	242.000000	635.000000	41.000000	226.495736	636.180991	1.000000	20.712911
5.000000	33.000000	30.000000	196.000000	522.000000	31.000000	185.037562	533.853652	2.000000	21.241654
5.000000	34.000000	31.000000	345.000000	1012.000000	72.000000	336.092110	999.234101	2.000000	22.456098
5.000000	35.000000	32.000000	521.000000	925.000000	63.000000	511.691287	908.078334	2.000000	23.288143
5.000000	36.000000	0.000000	515.000000	1016.000000	73.000000	484.397204	1008.580112	2.000000	23.737858
5.000000	37.000000	33.000000	503.000000	1018.000000	73.000000	484.397204	1008.580112	2.000000	24.128564
5.000000	38.000000	34.000000	613.000000	974.000000	64.000000	609.687845	956.232702	2.000000	24.807924
5.000000	39.000000	35.000000	587.000000	1042.000000	74.000000	590.598849	1044.628343	1.000000	25.393940
5.000000	40.000000	36.000000	748.000000	907.000000	65.000000	746.733514	886.420077	1.000000	26.274035
5.000000	41.000000	37.000000	756.000000	789.000000	55.000000	758.421604	771.232805	2.000000	27.015995
5.000000	42.000000	38.000000	972.000000	819.000000	57.000000	982.046079	798.195931	2.000000	28.312828
5.000000	43.000000	39.000000	1117.000000	1017.000000	78.000000	1119.367270	1024.343036	2.000000	29.776571
5.000000	44.000000	40.000000	1282.000000	1066.000000	79.000000	1280.165169	1065.828643	2.000000	30.512081
6.000000	1.000000	1.000000	194.000000	270.000000	11.000000	188.814174	268.664216	2.000000	1.319748
6.000000	2.000000	0.000000	193.000000	437.000000	21.000000	186.122511	407.816369	2.000000	1.855847
6.000000	3.000000	2.000000	192.000000	430.000000	21.000000	186.122511	407.816369	2.000000	2.264839
6.000000	4.000000	3.000000	433.000000	287.000000	13.000000	437.890850	269.186362	1.000000	3.120771
6.000000	5.000000	4.000000	504.000000	172.000000	3.000000	505.389157	188.489181	1.000000	3.584257
6.000000	6.000000	5.000000	597.000000	174.000000	4.000000	612.797973	156.254442	1.000000	4.199719
6.000000	7.000000	6.000000	614.000000	311.000000	14.000000	630.773566	293.712834	2.000000	4.705353
6.000000	8.000000	7.000000	858.000000	126.000000	6.000000	857.047420	122.979671	2.000000	5.528036
6.000000	9.000000	8.000000	727.000000	398.000000	25.000000	724.786866	404.580488	2.000000	6.848660
6.000000	10.000000	9.000000	1115.000000	218.000000	8.000000	1123.284248	206.190673	1.000000	7.713507
6.000000	11.000000	10.000000	1308.000000	183.000000	9.000000	1285.671271	175.516891	1.000000	8.257139
6.000000	12.000000	11.000000	1291.000000	309.000000	19.000000	1285.306552	302.018383	2.000000	8.817287
6.000000	13.000000	12.000000	1165.000000	477.000000	28.000000	1153.126239	455.389933	2.000000	9.367623
6.000000	14.000000	13.000000	1256.000000	546.000000	39.000000	1262.562958	546.323244	2.000000	9.889361
6.000000	15.000000	14.000000	1016.000000	433.000000	27.000000	1021.142750	418.184750	2.000000	10.504538
6.000000	16.000000	0.000000	702.000000	556.000000	35.000000	716.916062	532.623506	1.000000	11.216446
6.000000	17.000000	0.000000	590.000000	549.000000	34.000000	623.281545	548.631855	2.000000	11.783895
6.000000	18.000000	15.000000	619.000000	549.000000	34.000000	623.281545	548.631855	2.000000	12.081195
6.000000	19.000000	16.000000	719.000000	547.000000	35.000000	716.916062	532.623506	1.000000	12.489225
6.000000	20.000000	17.000000	444.000000	544.000000	33.000000	441.598553	545.583729	1.000000	13.240410
6.000000	21.000000	18.000000	353.000000	493.000000	32.000000	357.564354	499.053920	1.000000	13.864069
6.000000	22.000000	0.000000	253.000000	539.000000	31.000000	230.940023	553.564506	1.000000	14.353266
6.000000	23.000000	19.000000	240.000000	550.000000	31.000000	230.940023	553.564506	1.000000	14.648029
6.000000	24.000000	20.000000	452.000000	643.000000	43.000000	454.606933	648.772851	2.000000	16.497185
6.000000	25.000000	21.000000	603.000000	679.000000	44.000000	597.521078	679.557734	1.000000	17.169645
6.000000	26.000000	22.000000	875.000000	680.000000	46.000000	883.747991	672.980423	1.000000	18.104952
6.000000	27.000000	23.000000	1131.000000	758.000000	58.000000	1119.042665	764.216461	2.000000	18.776829
6.000000	28.000000	24.000000	1220.000000	846.000000	59.000000	1221.055984	824.503055	2.000000	19.559541
6.000000	29.000000	25.000000	1103.000000	901.000000	68.000000	1116.797048	883.229015	2.000000	20.249644
6.000000	30.000000	26.000000	968.000000	887.000000	67.000000	975.617004	872.771149	1.000000	20.992390
6.000000	31.000000	27.000000	957.000000	804.000000	57.000000	957.584583	781.329585	1.000000	21.527813
6.000000	32.000000	28.000000	900.000000	896.000000	66.000000	892.176118	872.937052	1.000000	22.000610
6.000000	33.000000	29.000000	700.000000	847.000000	55.000000	700.718603	829.996113	1.000000	22.888021
6.000000	34.000000	30.000000	723.000000	908.000000	65.000000	717.468401	917.935257	2.000000	23.345033
6.000000	35.000000	31.000000	606.000000	817.000000	54.000000	600.984141	822.838048	2.000000	23.833622
6.000000	36.000000	32.000000	512.000000	902.000000	63.000000	503.654808	911.327202	1.000000	24.488000
6.000000	37.000000	33.000000	387.000000	899.000000	62.000000	367.671758	898.748522	2.000000	24.921028
6.000000	38.000000	34.000000	226.000000	800.000000	51.000000	210.245012	787.848393	2.000000	25.536599
6.000000	39.000000	35.000000	196.000000	904.000000	61.000000	183.424766	909.456685	1.000000	26.256605
6.000000	40.000000	36.000000	327.000000	1070.000000	72.000000	336.518666	1073.360813	1.000000	27.168422
6.000000	41.000000	37.000000	457.000000	1043.000000	73.000000	449.260100	1041.460589	1.000000	27.912924
6.000000	42.000000	38.000000	772.000000	1074.000000	75.000000	765.362380	1067.806702	1.000000	28.721233
6.000000	43.000000	39.000000	1137.000000	1060.000000	78.000000	1119.043532	1042.731631	2.000000	29.472311
6.000000	44.000000	40.000000	1357.000000	1071.000000	80.000000	1357.980121	1064.393183	2.000000	30.496310
7.000000	1.000000	0.000000	250.000000	180.000000	1.000000	247.075512	154.786437	1.000000	1.023132
7.000000	2.000000	1.000000	246.000000	168.000000	1.000000	247.075512	154.786437	1.000000	1.447404
7.000000	3.000000	2.000000	306.000000	200.000000	2.000000	312.637952	197.923342	1.000000	1.880723
7.000000	4.000000	3.000000	375.000000	273.000000	12.000000	373.296770	271.463182	2.000000	2.438924
7.000000	5.000000	4.000000	473.000000	268.000000	13.000000	474.153541	261.678276	1.000000	2.999715
7.000000	6.000000	5.000000	620.000000	280.000000	14.000000	621.359593	270.838402	1.000000	3.577037
7.000000	7.000000	6.000000	762.000000	192.000000	5.000000	760.338880	186.892440	2.000000	4.272280
7.000000	8.000000	7.000000	985.000000	240.000000	17.000000	975.497336	248.386641	1.000000	5.393155
7.000000	9.000000	8.000000	1015.000000	188.000000	7.000000	1031.343959	173.825909	2.000000	5.960573
7.000000	10.000000	9.000000	1286.000000	124.000000	9.000000	1266.249536	122.512994	2.000000	6.639184
7.000000	11.000000	10.000000	1379.000000	182.000000	10.000000	1371.732480	188.413467	2.000000	7.151901
7.000000	12.000000	0.000000	254.000000	376.000000	21.000000	228.819331	370.658859	1.000000	8.673214
7.000000	13.000000	11.000000	237.000000	376.000000	21.000000	228.819331	370.658859	1.000000	9.119896
7.000000	14.000000	12.000000	436.000000	450.000000	23.000000	447.292419	439.706073	2.000000	9.792180
7.000000	15.000000	13.000000	492.000000	506.000000	33.000000	500.071345	495.460906	2.000000	10.303197
7.000000	16.000000	14.000000	656.000000	581.000000	34.000000	634.297843	573.331866	1.000000	10.937061
7.000000	17.000000	15.000000	744.000000	449.000000	25.000000	737.792963	436.012305	1.000000	11.864363
7.000000	18.000000	16.000000	899.000000	405.000000	26.000000	897.154959	388.911630	1.000000	12.545102
7.000000	19.000000	17.000000	999.000000	405.000000	27.000000	991.755116	391.700739	2.000000	13.001111
7.000000	20.000000	18.000000	1029.000000	482.000000	37.000000	1026.826986	492.676676	1.000000	13.511737
7.000000	21.000000	19.000000	1168.000000	512.000000	38.000000	1160.683274	499.639506	2.000000	14.151197
7.000000	22.000000	20.000000	1218.000000	440.000000	29.000000	1231.847404	433.763999	2.000000	14.729009
7.000000	23.000000	21.000000	1353.000000	452.000000	30.000000	1360.773949	449.198994	2.000000	15.328844
7.000000	24.000000	22.000000	1095.000000	624.000000	48.000000	1103.878595	618.147714	1.000000	16.216251
7.000000	25.000000	0.000000	289.000000	552.000000	32.000000	327.680223	555.470451	2.000000	17.727930
7.000000	26.000000	23.000000	312.000000	558.000000	32.000000	327.680223	555.470451	2.000000	18.024849
7.000000	27.000000	24.000000	567.000000	690.000000	44.000000	568.652286	675.411204	1.000000	18.696756
7.000000	28.000000	25.000000	636.000000	774.000000	54.000000	631.467921	775.610698	1.000000	19.288770
7.000000	29.000000	0.000000	762.000000	773.000000	55.000000	733.620827	772.502909	1.000000	19.783468
7.000000	30.000000	26.000000	737.000000	768.000000	55.000000	733.620827	772.502909	1.000000	20.112514
7.000000	31.000000	27.000000	707.000000	712.000000	45.000000	714.420874	706.644958	2.000000	20.527249
7.000000	32.000000	28.000000	830.000000	693.000000	46.000000	832.703432	677.280916	2.000000	21.073087
7.000000	33.000000	29.000000	861.000000	792.000000	56.000000	863.918975	806.104623	2.000000	21.593168
7.000000	34.000000	30.000000	1109.000000	804.000000	58.000000	1120.433009	800.770030	2.000000	22.272059
7.000000	35.000000	31.000000	1282.000000	775.000000	59.000000	1281.319786	762.522493	2.000000	22.768081
7.000000	36.000000	32.000000	1350.000000	831.000000	60.000000	1349.455305	828.678344	1.000000	23.375364
7.000000	37.000000	33.000000	971.000000	898.000000	67.000000	961.683049	902.221861	1.000000	24.232878
7.000000	38.000000	34.000000	832.000000	1005.000000	76.000000	836.342483	1006.018402	1.000000	24.839337
7.000000	39.000000	35.000000	489.000000	923.000000	63.000000	477.530593	908.894252	1.000000	26.016797
7.000000	40.000000	36.000000	208.000000	894.000000	61.000000	210.950317	881.475242	2.000000	26.704643
7.000000	41.000000	37.000000	317.000000	1025.000000	72.000000	326.808646	1013.792825	2.000000	27.455030
7.000000	42.000000	38.000000	623.000000	1021.000000	74.000000	620.645754	1001.857508	1.000000	28.207166
7.000000	43.000000	39.000000	1147.000000	1027.000000	78.000000	1156.607616	1017.277728	2.000000	29.120407
7.000000	44.000000	40.000000	1259.000000	1027.000000	79.000000	1264.546623	1022.033728	1.000000	29.800467
8.000000	1.000000	1.000000	321.000000	166.000000	2.000000	314.981267	171.578757	1.000000	1.501473
8.000000	2.000000	2.000000	479.000000	173.000000	3.000000	467.465393	178.115652	2.000000	1.997538
8.000000	3.000000	3.000000	582.000000	138.000000	4.000000	596.309778	128.269049	1.000000	2.654355
8.000000	4.000000	4.000000	623.000000	285.000000	14.000000	624.088029	262.947727	1.000000	3.292974
8.000000	5.000000	5.000000	319.000000	288.000000	12.000000	313.033586	288.850681	1.000000	3.965179
8.000000	6.000000	6.000000	753.000000	321.000000	15.000000	761.044066	313.214786	2.000000	4.901846
8.000000	7.000000	7.000000	1026.000000	184.000000	7.000000	1013.243297	166.579511	2.000000	5.837585
8.000000	8.000000	8.000000	1141.000000	271.000000	18.000000	1141.666728	263.400149	1.000000	6.501983
8.000000	9.000000	9.000000	1237.000000	110.000000	9.000000	1227.286079	117.865851	2.000000	7.046010
8.000000	10.000000	10.000000	1253.000000	297.000000	19.000000	1257.286209	281.531648	2.000000	7.692745
8.000000	11.000000	11.000000	1358.000000	374.000000	30.000000	1363.219240	377.884755	1.000000	8.213843
8.000000	12.000000	12.000000	1221.000000	395.000000	29.000000	1225.672530	398.640335	2.000000	8.782375
8.000000	13.000000	13.000000	1143.000000	430.000000	28.000000	1146.471239	422.976835	2.000000	9.277213
8.000000	14.000000	14.000000	1287.000000	546.000000	39.000000	1287.191748	541.472533	2.000000	9.932517
8.000000	15.000000	15.000000	973.000000	532.000000	37.000000	963.593917	523.562580	2.000000	10.572597
8.000000	16.000000	16.000000	876.000000	504.000000	36.000000	888.612179	497.312824	2.000000	11.366468
8.000000	17.000000	0.000000	882.000000	471.000000	26.000000	885.810314	445.024440	2.000000	11.869358
8.000000	18.000000	17.000000	880.000000	462.000000	26.000000	885.810314	445.024440	2.000000	12.309699
8.000000	19.000000	18.000000	425.000000	416.000000	23.000000	440.088492	402.510023	2.000000	13.541364
8.000000	20.000000	19.000000	366.000000	438.000000	22.000000	362.079737	437.928029	2.000000	13.948836
8.000000	21.000000	20.000000	229.000000	430.000000	21.000000	218.846323	420.705432	1.000000	14.414342
8.000000	22.000000	21.000000	602.000000	505.000000	34.000000	594.316370	492.751359	1.000000	15.381536
8.000000	23.000000	22.000000	355.000000	569.000000	32.000000	349.340947	571.468870	2.000000	16.094592
8.000000	24.000000	23.000000	385.000000	681.000000	42.000000	375.321026	688.663978	1.000000	16.853668
8.000000	25.000000	24.000000	494.000000	632.000000	43.000000	495.006611	635.667098	1.000000	17.622151
8.000000	26.000000	25.000000	715.000000	636.000000	45.000000	708.024757	632.220361	1.000000	18.165952
8.000000	27.000000	0.000000	912.000000	716.000000	46.000000	901.374972	685.467115	1.000000	18.972496
8.000000	28.000000	26.000000	900.000000	703.000000	46.000000	901.374972	685.467115	1.000000	19.438169
8.000000	29.000000	27.000000	1050.000000	710.000000	47.000000	1030.763127	697.228536	1.000000	19.918371
8.000000	30.000000	28.000000	1161.000000	709.000000	48.000000	1150.024739	689.462868	1.000000	20.469604
8.000000	31.000000	29.000000	1144.000000	804.000000	58.000000	1133.887010	797.267104	1.000000	21.006582
8.000000	32.000000	30.000000	1008.000000	802.000000	57.000000	1019.188521	785.712560	2.000000	21.477237
8.000000	33.000000	0.000000	789.000000	830.000000	55.000000	763.814873	822.415863	1.000000	22.901606
8.000000	34.000000	31.000000	780.000000	831.000000	55.000000	763.814873	822.415863	1.000000	23.252826
8.000000	35.000000	32.000000	642.000000	865.000000	64.000000	632.637625	873.784716	1.000000	23.972914
8.000000	36.000000	33.000000	629.000000	1030.000000	74.000000	614.359496	1041.548366	1.000000	24.966156
8.000000	37.000000	34.000000	829.000000	921.000000	66.000000	847.636393	915.583986	2.000000	25.812619
8.000000	38.000000	35.000000	912.000000	1054.000000	76.000000	899.273448	1040.843700	1.000000	26.572434
8.000000	39.000000	36.000000	1030.000000	1054.000000	77.000000	1027.441008	1045.751326	1.000000	27.028553
8.000000	40.000000	37.000000	1110.000000	967.000000	68.000000	1114.245435	954.980505	2.000000	27.637607
8.000000	41.000000	38.000000	1253.000000	1095.000000	79.000000	1248.484601	1080.623964	2.000000	28.340554
8.000000	42.000000	39.000000	1358.000000	1061.000000	80.000000	1355.828585	1048.694971	2.000000	29.046415
8.000000	43.000000	40.000000	1425.000000	943.000000	70.000000	1421.764081	921.912957	2.000000	29.629861
9.000000	1.000000	0.000000	263.000000	153.000000	1.000000	245.043798	131.445210	2.000000	1.327680
9.000000	2.000000	1.000000	240.000000	144.000000	1.000000	245.043798	131.445210	2.000000	1.951945
9.000000	3.000000	2.000000	347.000000	141.000000	2.000000	364.562884	126.869941	1.000000	2.622333
9.000000	4.000000	3.000000	363.000000	294.000000	12.000000	369.557117	301.788068	1.000000	3.391015
9.000000	5.000000	4.000000	645.000000	304.000000	14.000000	637.000526	299.811558	2.000000	4.183315
9.000000	6.000000	5.000000	619.000000	223.000000	4.000000	630.846658	203.713641	1.000000	4.792332
9.000000	7.000000	6.000000	883.000000	275.000000	16.000000	886.087817	283.627542	2.000000	5.519972
9.000000	8.000000	7.000000	989.000000	124.000000	7.000000	984.178290	132.043185	2.000000	6.160493
9.000000	9.000000	8.000000	1084.000000	178.000000	8.000000	1093.658248	185.739290	1.000000	6.671694
9.000000	10.000000	0.000000	1133.000000	295.000000	18.000000	1124.849425	260.088792	1.000000	7.112350
9.000000	11.000000	0.000000	1129.000000	285.000000	18.000000	1124.849425	260.088792	1.000000	7.446820
9.000000	12.000000	9.000000	1000.000000	278.000000	17.000000	984.710704	265.390539	1.000000	7.983143
9.000000	13.000000	10.000000	1110.000000	277.000000	18.000000	1124.849425	260.088792	1.000000	8.422727
9.000000	14.000000	11.000000	1425.000000	133.000000	10.000000	1419.160153	117.533483	1.000000	9.264067
9.000000	15.000000	12.000000	1407.000000	329.000000	20.000000	1396.954410	330.044070	2.000000	9.839539
9.000000	16.000000	13.000000	1425.000000	432.000000	30.000000	1418.125267	409.357050	2.000000	10.640577
9.000000	17.000000	14.000000	1138.000000	396.000000	28.000000	1136.380446	384.436894	1.000000	11.440441
9.000000	18.000000	15.000000	873.000000	390.000000	26.000000	874.203022	376.719327	2.000000	12.086720
9.000000	19.000000	16.000000	737.000000	446.000000	25.000000	735.754354	441.186657	2.000000	12.752509
9.000000	20.000000	17.000000	601.000000	431.000000	24.000000	588.794065	420.002699	2.000000	13.270473
9.000000	21.000000	18.000000	370.000000	394.000000	22.000000	379.174252	386.670961	1.000000	14.031406
9.000000	22.000000	19.000000	356.000000	518.000000	32.000000	341.745813	512.747563	1.000000	14.935716
9.000000	23.000000	20.000000	758.000000	493.000000	35.000000	759.594670	497.181475	1.000000	16.046827
9.000000	24.000000	21.000000	868.000000	560.000000	36.000000	871.627278	564.832858	1.000000	16.678816
9.000000	25.000000	22.000000	1035.000000	509.000000	37.000000	1030.034100	498.521615	2.000000	17.240002
9.000000	26.000000	23.000000	1389.000000	520.000000	40.000000	1368.485926	516.714915	1.000000	17.928476
9.000000	27.000000	24.000000	1254.000000	661.000000	49.000000	1258.825720	649.305575	1.000000	18.816791
9.000000	28.000000	25.000000	1271.000000	794.000000	59.000000	1271.127428	783.485942	1.000000	19.319917
9.000000	29.000000	26.000000	1370.000000	779.000000	60.000000	1360.451183	778.787493	2.000000	19.728631
9.000000	30.000000	27.000000	1390.000000	922.000000	70.000000	1380.958028	915.811507	2.000000	20.270473
9.000000	31.000000	28.000000	1091.000000	810.000000	58.000000	1106.216637	797.729789	2.000000	21.008039
9.000000	32.000000	29.000000	1038.000000	894.000000	67.000000	1025.739867	900.907314	2.000000	21.703321
9.000000	33.000000	30.000000	755.000000	813.000000	55.000000	755.908431	807.645309	2.000000	23.007392
9.000000	34.000000	31.000000	460.000000	643.000000	43.000000	476.195411	636.440426	2.000000	24.047945
9.000000	35.000000	32.000000	310.000000	680.000000	42.000000	330.058027	684.354904	2.000000	24.688728
9.000000	36.000000	33.000000	359.000000	778.000000	52.000000	367.973705	777.730992	2.000000	25.375559
9.000000	37.000000	34.000000	486.000000	776.000000	53.000000	487.605603	781.480329	1.000000	26.007519
9.000000	38.000000	35.000000	577.000000	877.000000	64.000000	581.445612	881.838601	1.000000	26.592212
9.000000	39.000000	36.000000	467.000000	1006.000000	73.000000	469.517370	1006.030721	1.000000	27.271352
9.000000	40.000000	37.000000	592.000000	1013.000000	74.000000	585.114657	1004.698927	2.000000	28.016560
9.000000	41.000000	38.000000	886.000000	963.000000	66.000000	880.885382	946.369699	1.000000	29.216631
9.000000	42.000000	39.000000	1152.000000	1036.000000	78.000000	1153.540751	1038.341711	2.000000	29.942626
9.000000	43.000000	40.000000	1271.000000	1041.000000	79.000000	1281.863294	1034.474426	1.000000	30.744339
10.000000	1.000000	1.000000	221.000000	201.000000	1.000000	222.343841	198.818002	1.000000	1.712109
10.000000	2.000000	2.000000	174.000000	308.000000	11.000000	187.444816	308.994369	2.000000	2.385048
10.000000	3.000000	3.000000	325.000000	254.000000	12.000000	310.162519	258.425753	1.000000	2.942905
10.000000	4.000000	4.000000	357.000000	212.000000	2.000000	362.137302	197.800791	2.000000	3.472915
10.000000	5.000000	5.000000	211.000000	430.000000	21.000000	222.751764	431.245428	2.000000	4.104982
10.000000	6.000000	6.000000	575.000000	261.000000	14.000000	586.608076	253.183533	2.000000	4.864951
10.000000	7.000000	7.000000	766.000000	259.000000	15.000000	755.693236	260.501542	1.000000	5.335489
10.000000	8.000000	8.000000	985.000000	275.000000	17.000000	1003.439798	283.964338	2.000000	6.015345
10.000000	9.000000	9.000000	1241.000000	298.000000	19.000000	1248.649592	305.108238	1.000000	6.687606
10.000000	10.000000	10.000000	1380.000000	134.000000	10.000000	1395.117712	125.183229	1.000000	7.448997
10.000000	11.000000	11.000000	1434.000000	448.000000	30.000000	1412.958498	451.752096	2.000000	8.343193
10.000000	12.000000	0.000000	1281.000000	402.000000	29.000000	1255.770510	381.432972	2.000000	9.191986
10.000000	13.000000	0.000000	1035.000000	387.000000	27.000000	1007.619595	395.809684	2.000000	9.775373
10.000000	14.000000	12.000000	1021.000000	390.000000	27.000000	1007.619595	395.809684	2.000000	10.192027
10.000000	15.000000	13.000000	1263.000000	381.000000	29.000000	1255.770510	381.432972	2.000000	10.760369
10.000000	16.000000	14.000000	1361.000000	536.000000	40.000000	1363.073432	549.841042	1.000000	11.462978
10.000000	17.000000	15.000000	1214.000000	569.000000	39.000000	1234.153290	578.945841	1.000000	12.055089
10.000000	18.000000	0.000000	1376.000000	637.000000	50.000000	1347.654352	638.723466	2.000000	12.608357
10.000000	19.000000	16.000000	1350.000000	640.000000	50.000000	1347.654352	638.723466	2.000000	13.024865
10.000000	20.000000	17.000000	1298.000000	650.000000	49.000000	1287.531997	656.787318	2.000000	13.654954
10.000000	21.000000	18.000000	1146.000000	514.000000	38.000000	1142.317265	510.936558	1.000000	14.280863
10.000000	22.000000	19.000000	1003.000000	561.000000	37.000000	996.649091	581.273388	1.000000	14.927090
10.000000	23.000000	20.000000	773.000000	571.000000	35.000000	760.698173	581.925209	1.000000	15.520334
10.000000	24.000000	21.000000	590.000000	445.000000	24.000000	569.681766	449.824389	1.000000	16.128496
10.000000	25.000000	22.000000	476.000000	444.000000	23.000000	500.087480	440.934657	2.000000	16.583559
10.000000	26.000000	0.000000	454.000000	539.000000	33.000000	439.559481	567.162973	2.000000	17.127744
10.000000	27.000000	23.000000	336.000000	568.000000	32.000000	327.316027	578.185699	1.000000	18.135013
10.000000	28.000000	0.000000	466.000000	558.000000	33.000000	439.559481	567.162973	2.000000	18.583990
10.000000	29.000000	24.000000	451.000000	553.000000	33.000000	439.559481	567.162973	2.000000	19.014707
10.000000	30.000000	25.000000	375.000000	696.000000	42.000000	358.886847	691.794382	2.000000	19.728812
10.000000	31.000000	26.000000	343.000000	788.000000	52.000000	338.653205	798.414897	2.000000	20.320289
10.000000	32.000000	27.000000	744.000000	807.000000	55.000000	749.866492	824.892045	2.000000	21.375181
10.000000	33.000000	28.000000	759.000000	877.000000	65.000000	757.864705	874.717069	1.000000	21.975814
10.000000	34.000000	29.000000	867.000000	822.000000	56.000000	857.588190	824.937934	2.000000	22.503429
10.000000	35.000000	30.000000	973.000000	777.000000	57.000000	961.317254	789.783132	1.000000	23.062980
10.000000	36.000000	31.000000	1014.000000	681.000000	47.000000	1017.550596	680.520146	1.000000	23.696830
10.000000	37.000000	32.000000	1170.000000	674.000000	48.000000	1162.276604	670.537996	1.000000	24.519430
10.000000	38.000000	33.000000	1097.000000	775.000000	58.000000	1110.205343	773.071151	1.000000	25.007174
10.000000	39.000000	34.000000	1229.000000	864.000000	69.000000	1221.813501	872.862459	1.000000	25.910926
10.000000	40.000000	35.000000	1016.000000	868.000000	67.000000	1017.351619	879.984655	2.000000	27.480751
10.000000	41.000000	36.000000	852.000000	957.000000	66.000000	835.719052	952.024128	2.000000	28.184651
10.000000	42.000000	37.000000	718.000000	985.000000	75.000000	702.889443	998.380068	2.000000	28.688741
10.000000	43.000000	38.000000	618.000000	900.000000	64.000000	601.116471	900.807152	2.000000	29.175787
10.000000	44.000000	39.000000	360.000000	992.000000	72.000000	357.425767	1004.913535	1.000000	29.879554
10.000000	45.000000	40.000000	192.000000	1056.000000	71.000000	194.956391	1051.267807	1.000000	30.470761
11.000000	1.000000	1.000000	200.000000	277.000000	11.000000	199.405694	255.860345	2.000000	1.974001
11.000000	2.000000	2.000000	339.000000	213.000000	2.000000	340.391072	198.689986	1.000000	2.718754
11.000000	3.000000	3.000000	1124.000000	203.000000	8.000000	1125.536068	182.385925	2.000000	3.966292
11.000000	4.000000	4.000000	1132.000000	257.000000	18.000000	1144.707835	245.313889	1.000000	4.373987
11.000000	5.000000	5.000000	1243.000000	185.000000	9.000000	1225.611062	190.368673	1.000000	4.774992
11.000000	6.000000	6.000000	1374.000000	195.000000	10.000000	1395.441353	186.986263	2.000000	5.383142
11.000000	7.000000	0.000000	1402.000000	315.000000	20.000000	1389.508055	289.252012	2.000000	5.767031
11.000000	8.000000	0.000000	1271.000000	306.000000	19.000000	1243.829946	289.021292	2.000000	6.277985
11.000000	9.000000	0.000000	1409.000000	308.000000	20.000000	1389.508055	289.252012	2.000000	6.688070
11.000000	10.000000	7.000000	1396.000000	304.000000	20.000000	1389.508055	289.252012	2.000000	7.061861
11.000000	11.000000	8.000000	1228.000000	297.000000	19.000000	1243.829946	289.021292	2.000000	7.839806
11.000000	12.000000	9.000000	1285.000000	371.000000	29.000000	1279.265630	373.077729	2.000000	8.309797
11.000000	13.000000	10.000000	1368.000000	431.000000	30.000000	1352.980195	431.421315	2.000000	8.806323
11.000000	14.000000	11.000000	1374.000000	491.000000	40.000000	1380.430752	497.327635	1.000000	9.335500
11.000000	15.000000	12.000000	1434.000000	623.000000	50.000000	1422.148937	623.441453	1.000000	9.901927
11.000000	16.000000	0.000000	1139.000000	566.000000	38.000000	1114.031617	555.358897	1.000000	10.918048
11.000000	17.000000	13.000000	1108.000000	554.000000	38.000000	1114.031617	555.358897	1.000000	11.527275
11.000000	18.000000	14.000000	1005.000000	409.000000	27.000000	992.650806	408.990218	2.000000	12.263883
11.000000	19.000000	15.000000	953.000000	516.000000	37.000000	958.664548	518.148259	2.000000	12.855927
11.000000	20.000000	16.000000	854.000000	401.000000	26.000000	841.102714	401.522160	2.000000	13.373765
11.000000	21.000000	17.000000	624.000000	513.000000	34.000000	621.171894	520.125227	2.000000	14.222746
11.000000	22.000000	18.000000	598.000000	423.000000	24.000000	584.008926	420.971107	1.000000	14.999894
11.000000	23.000000	19.000000	319.000000	498.000000	32.000000	320.754319	503.315546	1.000000	15.677950
11.000000	24.000000	20.000000	242.000000	463.000000	21.000000	225.877836	445.875306	1.000000	16.223983
11.000000	25.000000	21.000000	312.000000	705.000000	42.000000	315.459267	684.308371	2.000000	17.094550
11.000000	26.000000	22.000000	503.000000	676.000000	43.000000	499.398352	659.404590	2.000000	17.878511
11.000000	27.000000	23.000000	865.000000	681.000000	46.000000	861.858311	674.610918	2.000000	18.566777
11.000000	28.000000	24.000000	959.000000	684.000000	47.000000	974.791695	678.754040	1.000000	19.094162
11.000000	29.000000	25.000000	1225.000000	669.000000	49.000000	1235.021870	657.609978	2.000000	20.749783
11.000000	30.000000	26.000000	1258.000000	741.000000	59.000000	1266.805277	749.289602	1.000000	21.222011
11.000000	31.000000	27.000000	1363.000000	809.000000	60.000000	1352.938501	808.684334	2.000000	21.951984
11.000000	32.000000	28.000000	1211.000000	904.000000	69.000000	1228.929117	893.438649	1.000000	22.463067
11.000000	33.000000	29.000000	1149.000000	920.000000	68.000000	1145.256918	919.903184	2.000000	22.823653
11.000000	34.000000	30.000000	1003.000000	801.000000	57.000000	1014.204126	791.320335	1.000000	23.414993
11.000000	35.000000	31.000000	893.000000	769.000000	56.000000	886.162595	749.458350	1.000000	23.807910
11.000000	36.000000	32.000000	704.000000	777.000000	55.000000	713.191723	761.582036	1.000000	24.662962
11.000000	37.000000	33.000000	651.000000	838.000000	54.000000	631.243229	827.433342	1.000000	25.166660
11.000000	38.000000	34.000000	499.000000	845.000000	53.000000	511.308568	828.927676	2.000000	25.638819
11.000000	39.000000	0.000000	489.000000	883.000000	63.000000	466.469807	899.854475	1.000000	26.135490
11.000000	40.000000	35.000000	475.000000	906.000000	63.000000	466.469807	899.854475	1.000000	26.638324
11.000000	41.000000	36.000000	209.000000	933.000000	61.000000	212.174982	925.074280	2.000000	27.592063
11.000000	42.000000	37.000000	850.000000	1023.000000	76.000000	863.450467	1014.124811	2.000000	28.903559
11.000000	43.000000	38.000000	561.000000	1036.000000	74.000000	572.368397	1033.709693	1.000000	29.591930
11.000000	44.000000	39.000000	996.000000	1053.000000	77.000000	1002.631110	1045.455107	1.000000	30.352101
11.000000	45.000000	40.000000	1098.000000	1035.000000	78.000000	1092.293654	1023.135293	1.000000	31.024156
12.000000	1.000000	1.000000	522.000000	138.000000	3.000000	506.904216	130.539228	2.000000	2.693370
12.000000	2.000000	2.000000	889.000000	131.000000	6.000000	902.100189	123.095745	1.000000	3.413954
12.000000	3.000000	0.000000	996.000000	161.000000	7.000000	1018.848791	175.523163	1.000000	3.796654
12.000000	4.000000	3.000000	1016.000000	172.000000	7.000000	1018.848791	175.523163	1.000000	4.115993
12.000000	5.000000	4.000000	1266.000000	209.000000	9.000000	1271.439538	205.531876	1.000000	4.716736
12.000000	6.000000	5.000000	1358.000000	188.000000	10.000000	1348.338947	174.844467	1.000000	5.197445
12.000000	7.000000	0.000000	1360.000000	316.000000	20.000000	1359.300983	289.024953	2.000000	5.893092
12.000000	8.000000	6.000000	1399.000000	376.000000	30.000000	1408.962579	383.530270	2.000000	6.324550
12.000000	9.000000	7.000000	1353.000000	302.000000	20.000000	1359.300983	289.024953	2.000000	6.749849
12.000000	10.000000	8.000000	1206.000000	289.000000	19.000000	1227.086541	284.898070	1.000000	7.300302
12.000000	11.000000	9.000000	1106.000000	287.000000	18.000000	1109.473389	267.952953	2.000000	7.901814
12.000000	12.000000	10.000000	1022.000000	334.000000	17.000000	1026.667549	315.730728	1.000000	8.572650
12.000000	13.000000	11.000000	1095.000000	439.000000	28.000000	1093.084253	444.746285	2.000000	9.245303
12.000000	14.000000	12.000000	1237.000000	513.000000	39.000000	1225.833314	508.613064	1.000000	9.861545
12.000000	15.000000	13.000000	1348.000000	561.000000	40.000000	1364.324115	568.369853	1.000000	10.356133
12.000000	16.000000	14.000000	1394.000000	681.000000	50.000000	1397.638144	685.567151	1.000000	10.932233
12.000000	17.000000	15.000000	1143.000000	630.000000	48.000000	1161.773865	626.512278	1.000000	11.547723
12.000000	18.000000	16.000000	999.000000	553.000000	37.000000	1012.030302	560.050436	1.000000	12.341019
12.000000	19.000000	17.000000	893.000000	527.000000	36.000000	895.192301	524.536293	1.000000	12.748982
12.000000	20.000000	18.000000	727.000000	441.000000	25.000000	730.136464	442.936833	1.000000	13.244643
12.000000	21.000000	19.000000	629.000000	399.000000	24.000000	629.278827	387.688064	2.000000	13.653268
12.000000	22.000000	0.000000	462.000000	446.000000	23.000000	479.258034	426.020293	2.000000	14.100866
12.000000	23.000000	20.000000	469.000000	440.000000	23.000000	479.258034	426.020293	2.000000	14.486068
12.000000	24.000000	21.000000	333.000000	392.000000	22.000000	336.962211	380.596621	1.000000	15.124918
12.000000	25.000000	0.000000	373.000000	290.000000	12.000000	361.691865	266.295544	1.000000	15.828168
12.000000	26.000000	22.000000	363.000000	282.000000	12.000000	361.691865	266.295544	1.000000	16.301130
12.000000	27.000000	23.000000	200.000000	309.000000	11.000000	183.712090	302.169413	2.000000	16.948860
12.000000	28.000000	24.000000	218.000000	438.000000	21.000000	219.002002	422.146985	2.000000	17.420768
12.000000	29.000000	25.000000	216.000000	776.000000	51.000000	227.682514	762.395436	2.000000	19.236551
12.000000	30.000000	26.000000	376.000000	689.000000	42.000000	380.585324	687.636451	2.000000	20.677732
12.000000	31.000000	27.000000	509.000000	696.000000	43.000000	493.961388	687.321308	2.000000	21.252846
12.000000	32.000000	28.000000	771.000000	685.000000	45.000000	771.228876	666.976165	2.000000	22.100993
12.000000	33.000000	29.000000	990.000000	680.000000	47.000000	995.672955	669.282771	2.000000	23.036494
12.000000	34.000000	30.000000	763.000000	870.000000	65.000000	749.072784	872.592272	2.000000	23.939765
12.000000	35.000000	31.000000	830.000000	842.000000	56.000000	828.941805	832.487542	2.000000	24.371915
12.000000	36.000000	0.000000	992.000000	843.000000	57.000000	969.252483	829.358734	2.000000	24.813891
12.000000	37.000000	32.000000	976.000000	841.000000	57.000000	969.252483	829.358734	2.000000	25.237489
12.000000	38.000000	33.000000	1118.000000	884.000000	68.000000	1122.254751	886.006125	2.000000	25.692586
12.000000	39.000000	0.000000	1427.000000	892.000000	70.000000	1408.040092	875.102674	1.000000	26.380848
12.000000	40.000000	34.000000	1420.000000	877.000000	70.000000	1408.040092	875.102674	1.000000	27.044992
12.000000	41.000000	35.000000	1405.000000	1048.000000	80.000000	1398.946473	1043.620681	1.000000	28.021308
12.000000	42.000000	36.000000	1243.000000	1067.000000	79.000000	1237.137567	1052.836700	2.000000	28.756498
12.000000	43.000000	37.000000	870.000000	1061.000000	76.000000	865.304961	1046.980144	2.000000	29.557069
12.000000	44.000000	38.000000	443.000000	926.000000	63.000000	455.033150	931.514183	1.000000	30.541511
12.000000	45.000000	39.000000	355.000000	928.000000	62.000000	360.314426	927.432752	1.000000	30.932833
12.000000	46.000000	0.000000	359.000000	1049.000000	72.000000	336.417840	1063.252938	1.000000	31.748365
12.000000	47.000000	40.000000	343.000000	1058.000000	72.000000	336.417840	1063.252938	1.000000	32.077247
13.000000	1.000000	1.000000	186.000000	138.000000	1.000000	203.935859	148.453215	1.000000	0.783084
13.000000	2.000000	2.000000	468.000000	155.000000	3.000000	461.997037	154.264103	1.000000	1.657104
13.000000	3.000000	3.000000	622.000000	134.000000	4.000000	612.534152	132.554260	2.000000	2.319915
13.000000	4.000000	4.000000	692.000000	187.000000	5.000000	711.189678	195.097155	1.000000	2.904837
13.000000	5.000000	5.000000	869.000000	196.000000	6.000000	864.571073	195.807420	2.000000	3.561052
13.000000	6.000000	6.000000	1019.000000	197.000000	7.000000	1005.886759	195.844369	1.000000	4.417037
13.000000	7.000000	7.000000	1135.000000	138.000000	8.000000	1120.576564	127.510539	2.000000	5.513173
13.000000	8.000000	8.000000	1257.000000	306.000000	19.000000	1243.123875	287.613580	2.000000	6.256903
13.000000	9.000000	9.000000	1413.000000	327.000000	20.000000	1394.134757	317.797251	1.000000	7.025216
13.000000	10.000000	0.000000	1359.000000	479.000000	30.000000	1363.995915	453.010877	2.000000	7.961227
13.000000	11.000000	10.000000	1361.000000	467.000000	30.000000	1363.995915	453.010877	2.000000	8.384760
13.000000	12.000000	0.000000	1280.000000	469.000000	29.000000	1287.185788	444.521253	2.000000	8.777194
13.000000	13.000000	11.000000	1282.000000	463.000000	29.000000	1287.185788	444.521253	2.000000	9.400308
13.000000	14.000000	0.000000	1248.000000	537.000000	39.000000	1256.300466	512.072985	2.000000	9.728708
13.000000	15.000000	12.000000	1249.000000	521.000000	39.000000	1256.300466	512.072985	2.000000	10.056149
13.000000	16.000000	13.000000	1149.000000	419.000000	28.000000	1157.823461	404.950907	2.000000	10.617151
13.000000	17.000000	14.000000	973.000000	407.000000	27.000000	989.270004	399.244008	2.000000	11.503150
13.000000	18.000000	15.000000	427.000000	275.000000	13.000000	438.746709	272.162914	1.000000	12.752736
13.000000	19.000000	16.000000	308.000000	300.000000	12.000000	312.626895	311.680368	1.000000	13.295358
13.000000	20.000000	17.000000	246.000000	456.000000	21.000000	239.117812	452.172562	1.000000	14.079294
13.000000	21.000000	18.000000	623.000000	555.000000	34.000000	620.738122	546.499157	2.000000	14.801160
13.000000	22.000000	19.000000	732.000000	638.000000	45.000000	735.560695	654.813146	1.000000	15.824738
13.000000	23.000000	20.000000	857.000000	657.000000	46.000000	837.719161	665.905357	1.000000	16.359506
13.000000	24.000000	21.000000	1022.000000	622.000000	47.000000	1012.588241	625.166987	1.000000	17.032807
13.000000	25.000000	22.000000	1091.000000	696.000000	48.000000	1102.886416	691.276513	1.000000	17.607931
13.000000	26.000000	23.000000	1294.000000	643.000000	49.000000	1273.047483	629.924064	2.000000	18.607456
13.000000	27.000000	24.000000	1414.000000	643.000000	50.000000	1391.165985	637.745187	1.000000	19.160246
13.000000	28.000000	25.000000	1415.000000	750.000000	60.000000	1414.589573	760.640666	2.000000	19.808752
13.000000	29.000000	26.000000	1248.000000	762.000000	59.000000	1253.907457	746.908932	2.000000	20.343586
13.000000	30.000000	27.000000	1114.000000	780.000000	58.000000	1100.300775	762.605211	2.000000	20.767104
13.000000	31.000000	28.000000	1033.000000	745.000000	57.000000	1028.612171	743.779423	1.000000	21.168966
13.000000	32.000000	29.000000	1044.000000	889.000000	67.000000	1030.216447	879.060295	1.000000	21.689332
13.000000	33.000000	30.000000	885.000000	792.000000	56.000000	898.050086	790.363683	1.000000	22.183286
13.000000	34.000000	31.000000	713.000000	777.000000	55.000000	709.990124	766.489542	1.000000	22.593088
13.000000	35.000000	32.000000	568.000000	765.000000	54.000000	574.913294	755.084980	2.000000	23.207117
13.000000	36.000000	33.000000	350.000000	809.000000	52.000000	347.743189	803.542081	1.000000	23.784210
13.000000	37.000000	0.000000	187.000000	856.000000	61.000000	185.200920	895.236361	1.000000	25.303377
13.000000	38.000000	34.000000	191.000000	884.000000	61.000000	185.200920	895.236361	1.000000	25.632921
13.000000	39.000000	35.000000	734.000000	896.000000	65.000000	741.227729	899.402609	2.000000	26.335956
13.000000	40.000000	36.000000	608.000000	1016.000000	74.000000	604.449963	1015.008671	2.000000	26.992138
13.000000	41.000000	37.000000	884.000000	1022.000000	76.000000	878.303582	1016.800109	2.000000	27.535435
13.000000	42.000000	38.000000	1160.000000	1014.000000	78.000000	1158.237179	1006.108365	1.000000	28.193180
13.000000	43.000000	39.000000	1235.000000	917.000000	69.000000	1238.306649	917.018406	2.000000	28.648435
13.000000	44.000000	0.000000	1449.000000	1043.000000	80.000000	1421.693068	1046.684570	2.000000	29.247248
13.000000	45.000000	40.000000	1434.000000	1052.000000	80.000000	1421.693068	1046.684570	2.000000	29.543097
14.000000	1.000000	1.000000	209.000000	228.000000	1.000000	208.247294	203.658738	2.000000	1.097045
14.000000	2.000000	2.000000	632.000000	199.000000	4.000000	626.082882	192.687953	2.000000	2.079337
14.000000	3.000000	3.000000	681.000000	160.000000	5.000000	700.517217	161.940086	1.000000	2.800257
14.000000	4.000000	4.000000	576.000000	318.000000	14.000000	582.104679	329.165346	2.000000	3.439450
14.000000	5.000000	5.000000	496.000000	406.000000	23.000000	495.473820	407.591373	2.000000	4.040946
14.000000	6.000000	0.000000	330.000000	426.000000	22.000000	358.236434	418.784676	2.000000	4.536160
14.000000	7.000000	6.000000	361.000000	420.000000	22.000000	358.236434	418.784676	2.000000	4.961382
14.000000	8.000000	7.000000	470.000000	562.000000	33.000000	478.707029	551.015311	2.000000	5.569238
14.000000	9.000000	8.000000	204.000000	576.000000	31.000000	219.930732	580.283414	1.000000	6.071256
14.000000	10.000000	9.000000	371.000000	670.000000	42.000000	375.865018	656.504685	1.000000	6.743172
14.000000	11.000000	0.000000	608.000000	588.000000	34.000000	605.113004	562.432047	2.000000	7.416251
14.000000	12.000000	10.000000	621.000000	566.000000	34.000000	605.113004	562.432047	2.000000	7.984028
14.000000	13.000000	11.000000	711.000000	530.000000	35.000000	708.565256	531.246098	1.000000	8.415699
14.000000	14.000000	12.000000	844.000000	416.000000	26.000000	832.268472	412.108337	2.000000	9.096530
14.000000	15.000000	13.000000	988.000000	259.000000	17.000000	978.562373	261.892668	2.000000	9.641414
14.000000	16.000000	0.000000	1136.000000	248.000000	18.000000	1109.148169	243.035575	1.000000	10.072246
14.000000	17.000000	14.000000	1116.000000	248.000000	18.000000	1109.148169	243.035575	1.000000	10.519735
14.000000	18.000000	15.000000	1404.000000	193.000000	10.000000	1411.431889	178.505682	2.000000	11.249321
14.000000	19.000000	16.000000	1363.000000	282.000000	20.000000	1360.892217	267.299212	1.000000	11.673073
14.000000	20.000000	17.000000	1408.000000	417.000000	30.000000	1399.683655	409.493297	2.000000	12.207397
14.000000	21.000000	18.000000	1099.000000	403.000000	28.000000	1092.545565	395.156540	1.000000	12.847643
14.000000	22.000000	19.000000	1022.000000	414.000000	27.000000	1029.597835	414.849504	1.000000	13.633329
14.000000	23.000000	20.000000	1016.000000	506.000000	37.000000	1012.060666	503.330328	2.000000	14.184136
14.000000	24.000000	21.000000	1244.000000	566.000000	39.000000	1258.122688	568.532396	1.000000	14.945260
14.000000	25.000000	22.000000	1385.000000	517.000000	40.000000	1378.726079	508.942039	1.000000	15.696322
14.000000	26.000000	23.000000	1270.000000	700.000000	49.000000	1256.743947	694.535344	1.000000	16.376396
14.000000	27.000000	24.000000	770.000000	651.000000	45.000000	769.374026	646.234212	1.000000	17.256453
14.000000	28.000000	25.000000	562.000000	681.000000	44.000000	577.925880	675.035936	1.000000	18.016105
14.000000	29.000000	26.000000	362.000000	761.000000	52.000000	351.149944	752.532154	2.000000	18.879748
14.000000	30.000000	27.000000	219.000000	783.000000	51.000000	218.508285	787.749419	2.000000	19.529300
14.000000	31.000000	28.000000	619.000000	830.000000	54.000000	607.300371	828.568669	1.000000	20.257425
14.000000	32.000000	29.000000	744.000000	901.000000	65.000000	748.351019	897.421751	1.000000	20.919620
14.000000	33.000000	30.000000	847.000000	918.000000	66.000000	843.246293	923.614639	2.000000	21.663885
14.000000	34.000000	31.000000	843.000000	827.000000	56.000000	854.629829	825.116142	2.000000	22.169326
14.000000	35.000000	32.000000	1035.000000	877.000000	67.000000	1028.032504	875.821956	1.000000	22.816037
14.000000	36.000000	33.000000	1139.000000	885.000000	68.000000	1158.583864	873.864775	2.000000	23.225453
14.000000	37.000000	34.000000	1238.000000	957.000000	69.000000	1243.638110	950.496740	1.000000	24.192478
14.000000	38.000000	35.000000	1369.000000	1035.000000	80.000000	1367.989531	1018.430373	1.000000	24.696932
14.000000	39.000000	36.000000	1254.000000	1066.000000	79.000000	1248.169379	1054.267053	2.000000	25.247504
14.000000	40.000000	37.000000	879.000000	1067.000000	76.000000	884.248981	1053.471771	1.000000	25.944713
14.000000	41.000000	38.000000	734.000000	1024.000000	75.000000	725.344922	1008.749333	2.000000	26.575351
14.000000	42.000000	39.000000	353.000000	1063.000000	72.000000	360.639090	1060.329738	2.000000	27.488475
14.000000	43.000000	40.000000	264.000000	937.000000	61.000000	251.063472	926.460204	1.000000	28.215869
15.000000	1.000000	1.000000	319.000000	281.000000	12.000000	329.881818	274.674478	2.000000	0.897811
15.000000	2.000000	2.000000	444.000000	322.000000	13.000000	449.761365	323.271870	1.000000	1.457097
15.000000	3.000000	3.000000	570.000000	133.000000	4.000000	574.783445	117.731248	1.000000	2.193745
15.000000	4.000000	4.000000	614.000000	333.000000	14.000000	616.088652	325.166208	2.000000	2.970058
15.000000	5.000000	5.000000	892.000000	179.000000	6.000000	888.883533	180.918172	1.000000	3.641275
15.000000	6.000000	6.000000	986.000000	273.000000	17.000000	984.985395	278.373153	2.000000	4.130149
15.000000	7.000000	7.000000	1136.000000	297.000000	18.000000	1116.216910	296.798569	1.000000	4.530756
15.000000	8.000000	8.000000	1116.000000	398.000000	28.000000	1124.866751	397.155233	1.000000	4.969109
15.000000	9.000000	9.000000	1228.000000	430.000000	29.000000	1235.516870	439.953994	1.000000	5.395036
15.000000	10.000000	10.000000	1264.000000	285.000000	19.000000	1269.720285	271.631048	2.000000	5.977680
15.000000	11.000000	11.000000	1413.000000	419.000000	30.000000	1413.070225	404.970265	2.000000	6.522079
15.000000	12.000000	12.000000	973.000000	556.000000	37.000000	964.854855	555.152959	2.000000	7.409197
15.000000	13.000000	13.000000	771.000000	551.000000	35.000000	767.571930	556.045894	2.000000	7.961678
15.000000	14.000000	14.000000	600.000000	535.000000	34.000000	597.102459	523.182650	2.000000	8.458163
15.000000	15.000000	15.000000	624.000000	434.000000	24.000000	609.703871	428.438334	2.000000	9.065491
15.000000	16.000000	16.000000	510.000000	503.000000	33.000000	497.416837	505.823910	2.000000	9.586549
15.000000	17.000000	17.000000	330.000000	432.000000	22.000000	323.893468	422.673499	1.000000	10.233890
15.000000	18.000000	18.000000	226.000000	548.000000	31.000000	216.806492	551.270164	1.000000	10.768763
15.000000	19.000000	0.000000	180.000000	724.000000	51.000000	223.051677	769.009364	3.000000	11.265823
15.000000	20.000000	19.000000	184.000000	683.000000	41.000000	179.629460	659.748882	2.000000	11.785253
15.000000	21.000000	20.000000	314.000000	705.000000	42.000000	311.889964	690.360098	1.000000	12.226488
15.000000	22.000000	21.000000	457.000000	694.000000	43.000000	453.994031	683.540309	2.000000	12.993237
15.000000	23.000000	0.000000	476.000000	743.000000	53.000000	502.748404	753.350008	2.000000	13.314905
15.000000	24.000000	22.000000	484.000000	754.000000	53.000000	502.748404	753.350008	2.000000	13.673313
15.000000	25.000000	23.000000	715.000000	771.000000	55.000000	716.158634	779.846260	2.000000	14.434440
15.000000	26.000000	24.000000	839.000000	792.000000	56.000000	835.198416	799.277264	2.000000	14.834198
15.000000	27.000000	25.000000	1030.000000	672.000000	47.000000	1030.328950	683.167602	1.000000	15.473681
15.000000	28.000000	0.000000	1044.000000	741.000000	57.000000	1016.853305	756.090112	2.000000	15.938891
15.000000	29.000000	26.000000	1030.000000	766.000000	57.000000	1016.853305	756.090112	2.000000	16.401303
15.000000	30.000000	27.000000	1115.000000	773.000000	58.000000	1125.985038	770.235715	1.000000	16.866985
15.000000	31.000000	28.000000	1254.000000	787.000000	59.000000	1257.461218	782.723913	1.000000	17.505799
15.000000	32.000000	29.000000	1398.000000	763.000000	60.000000	1403.824260	769.253166	1.000000	18.042652
15.000000	33.000000	30.000000	1426.000000	941.000000	70.000000	1406.404648	949.963851	1.000000	19.248576
15.000000	34.000000	31.000000	1382.000000	1039.000000	80.000000	1379.245479	1045.989408	2.000000	20.194127
15.000000	35.000000	32.000000	1222.000000	1053.000000	79.000000	1218.975906	1050.235195	2.000000	20.714572
15.000000	36.000000	33.000000	1114.000000	1036.000000	78.000000	1119.187466	1021.174912	1.000000	21.146161
15.000000	37.000000	34.000000	1158.000000	898.000000	68.000000	1158.684039	888.902059	1.000000	21.753000
15.000000	38.000000	35.000000	980.000000	885.000000	67.000000	972.858689	884.145692	1.000000	22.441289
15.000000	39.000000	36.000000	756.000000	994.000000	75.000000	769.067757	994.262882	2.000000	23.152997
15.000000	40.000000	37.000000	695.000000	956.000000	65.000000	712.574280	950.948866	1.000000	23.569388
15.000000	41.000000	0.000000	622.000000	951.000000	64.000000	640.107911	933.380023	1.000000	23.896931
15.000000	42.000000	38.000000	642.000000	944.000000	64.000000	640.107911	933.380023	1.000000	24.345721
15.000000	43.000000	39.000000	364.000000	918.000000	62.000000	356.673838	912.116638	2.000000	25.033972
15.000000	44.000000	40.000000	220.000000	943.000000	61.000000	211.205201	946.924992	1.000000	26.016988
16.000000	1.000000	1.000000	367.000000	177.000000	2.000000	358.008422	168.490048	2.000000	0.736744
16.000000	2.000000	2.000000	497.000000	169.000000	3.000000	488.487842	146.822353	1.000000	1.328716
16.000000	3.000000	3.000000	640.000000	184.000000	4.000000	636.270827	177.793269	2.000000	1.784798
16.000000	4.000000	4.000000	735.000000	173.000000	5.000000	743.740703	169.330573	1.000000	2.248180
16.000000	5.000000	5.000000	1282.000000	200.000000	9.000000	1278.139557	196.112226	1.000000	3.150843
16.000000	6.000000	6.000000	1348.000000	257.000000	20.000000	1364.774301	258.013311	1.000000	3.616330
16.000000	7.000000	7.000000	1264.000000	393.000000	29.000000	1274.056474	390.448833	2.000000	4.111429
16.000000	8.000000	8.000000	1241.000000	506.000000	39.000000	1239.316550	495.324225	2.000000	4.582846
16.000000	9.000000	9.000000	1081.000000	412.000000	28.000000	1099.916904	402.146235	2.000000	5.152415
16.000000	10.000000	10.000000	1141.000000	556.000000	38.000000	1135.546427	563.972462	2.000000	5.632321
16.000000	11.000000	11.000000	1146.000000	623.000000	48.000000	1137.988015	620.684585	1.000000	6.495625
16.000000	12.000000	12.000000	992.000000	445.000000	27.000000	984.565585	443.539644	1.000000	7.136706
16.000000	13.000000	13.000000	860.000000	412.000000	26.000000	864.260527	393.978223	1.000000	7.791378
16.000000	14.000000	14.000000	1382.000000	660.000000	50.000000	1397.595134	667.967815	1.000000	8.696338
16.000000	15.000000	15.000000	1235.000000	682.000000	49.000000	1227.139521	684.430706	2.000000	9.431967
16.000000	16.000000	16.000000	1029.000000	749.000000	57.000000	1022.843042	757.288959	2.000000	10.128867
16.000000	17.000000	17.000000	1028.000000	697.000000	47.000000	1016.551192	700.863416	1.000000	10.535023
16.000000	18.000000	0.000000	738.000000	653.000000	45.000000	760.235575	641.012438	1.000000	11.416120
16.000000	19.000000	0.000000	564.000000	638.000000	44.000000	599.256421	634.552449	1.000000	12.078819
16.000000	20.000000	18.000000	598.000000	638.000000	44.000000	599.256421	634.552449	1.000000	12.432302
16.000000	21.000000	19.000000	763.000000	639.000000	45.000000	760.235575	641.012438	1.000000	12.832320
16.000000	22.000000	20.000000	514.000000	544.000000	33.000000	504.453319	531.818516	2.000000	13.663348
16.000000	23.000000	21.000000	441.000000	622.000000	43.000000	445.629451	627.230451	1.000000	14.375438
16.000000	24.000000	22.000000	357.000000	593.000000	32.000000	349.287817	581.005830	2.000000	15.023801
16.000000	25.000000	23.000000	332.000000	782.000000	52.000000	327.933191	787.288184	2.000000	15.712041
16.000000	26.000000	24.000000	240.000000	761.000000	51.000000	236.337917	766.150247	1.000000	16.094665
16.000000	27.000000	25.000000	495.000000	764.000000	53.000000	479.049159	757.167391	1.000000	16.872339
16.000000	28.000000	26.000000	210.000000	435.000000	21.000000	208.538137	424.846269	1.000000	17.943007
16.000000	29.000000	27.000000	595.000000	803.000000	54.000000	584.825726	788.032139	2.000000	18.808697
16.000000	30.000000	28.000000	597.000000	886.000000	64.000000	588.456407	880.364919	2.000000	19.176954
16.000000	31.000000	29.000000	342.000000	898.000000	62.000000	338.891569	898.236196	2.000000	19.919675
16.000000	32.000000	30.000000	479.000000	937.000000	63.000000	475.188061	917.848349	2.000000	20.319776
16.000000	33.000000	31.000000	307.000000	1016.000000	72.000000	311.500009	1005.261983	1.000000	21.007027
16.000000	34.000000	32.000000	570.000000	1014.000000	74.000000	581.296264	998.698467	2.000000	21.656251
16.000000	35.000000	33.000000	751.000000	922.000000	65.000000	762.525883	927.354443	2.000000	22.296668
16.000000	36.000000	0.000000	929.000000	949.000000	66.000000	900.970060	948.728475	1.000000	22.928166
16.000000	37.000000	34.000000	910.000000	953.000000	66.000000	900.970060	948.728475	1.000000	23.263000
16.000000	38.000000	35.000000	1137.000000	1044.000000	78.000000	1140.921085	1033.052875	1.000000	23.919886
16.000000	39.000000	36.000000	1254.000000	889.000000	69.000000	1253.910402	881.637122	2.000000	24.816880
16.000000	40.000000	37.000000	1295.000000	1016.000000	79.000000	1281.536845	1005.016112	2.000000	25.327843
16.000000	41.000000	38.000000	1436.000000	1017.000000	80.000000	1413.328252	1017.808030	2.000000	26.135734
16.000000	42.000000	39.000000	1405.000000	952.000000	70.000000	1413.437642	941.936104	1.000000	26.711282
16.000000	43.000000	40.000000	1376.000000	836.000000	60.000000	1382.568425	827.838628	1.000000	27.630683
17.000000	1.000000	1.000000	248.000000	196.000000	1.000000	248.380263	193.113930	1.000000	0.929431
17.000000	2.000000	2.000000	620.000000	203.000000	4.000000	635.183241	197.691917	2.000000	1.858382
17.000000	3.000000	3.000000	850.000000	199.000000	6.000000	840.079450	201.902626	2.000000	2.440782
17.000000	4.000000	0.000000	1202.000000	148.000000	9.000000	1239.445655	159.499977	1.000000	3.066584
17.000000	5.000000	4.000000	1162.000000	149.000000	8.000000	1146.854857	145.934364	2.000000	3.520803
17.000000	6.000000	5.000000	1241.000000	154.000000	9.000000	1239.445655	159.499977	1.000000	3.841471
17.000000	7.000000	0.000000	1086.000000	309.000000	18.000000	1098.488997	284.123593	2.000000	4.560917
17.000000	8.000000	6.000000	1084.000000	295.000000	18.000000	1098.488997	284.123593	2.000000	5.137150
17.000000	9.000000	7.000000	1022.000000	320.000000	17.000000	1002.018544	319.100997	1.000000	5.496807
17.000000	10.000000	8.000000	1406.000000	429.000000	30.000000	1387.135821	417.796478	1.000000	6.185396
17.000000	11.000000	9.000000	958.000000	404.000000	27.000000	970.118820	383.944794	1.000000	7.345135
17.000000	12.000000	10.000000	716.000000	300.000000	15.000000	729.496203	285.992769	1.000000	8.033461
17.000000	13.000000	11.000000	636.000000	313.000000	14.000000	626.545456	317.511229	2.000000	8.504960
17.000000	14.000000	12.000000	599.000000	399.000000	24.000000	601.576187	383.735885	1.000000	8.954002
17.000000	15.000000	13.000000	444.000000	323.000000	13.000000	446.045249	303.781502	2.000000	9.418846
17.000000	16.000000	14.000000	338.000000	360.000000	22.000000	318.895754	372.070995	2.000000	9.865376
17.000000	17.000000	15.000000	471.000000	416.000000	23.000000	464.954847	432.230737	2.000000	10.625134
17.000000	18.000000	16.000000	833.000000	426.000000	26.000000	847.065152	438.400880	2.000000	11.353301
17.000000	19.000000	17.000000	869.000000	489.000000	36.000000	871.900198	513.397176	1.000000	11.938286
17.000000	20.000000	18.000000	1343.000000	533.000000	40.000000	1350.906376	535.312370	2.000000	13.041559
17.000000	21.000000	19.000000	1344.000000	657.000000	50.000000	1354.672275	665.247020	2.000000	13.697140
17.000000	22.000000	20.000000	1230.000000	659.000000	49.000000	1221.065965	657.095585	1.000000	14.162452
17.000000	23.000000	21.000000	1006.000000	679.000000	47.000000	991.255653	673.550652	1.000000	14.809452
17.000000	24.000000	22.000000	893.000000	696.000000	46.000000	890.895376	683.134999	2.000000	15.265271
17.000000	25.000000	23.000000	879.000000	809.000000	56.000000	875.874010	794.329829	2.000000	15.794096
17.000000	26.000000	24.000000	784.000000	752.000000	55.000000	768.938233	746.233614	2.000000	16.192730
17.000000	27.000000	25.000000	695.000000	644.000000	45.000000	709.673502	632.179326	1.000000	16.794728
17.000000	28.000000	0.000000	530.000000	649.000000	43.000000	501.362687	655.270189	1.000000	17.266613
17.000000	29.000000	26.000000	351.000000	646.000000	42.000000	340.181728	639.894918	2.000000	18.354864
17.000000	30.000000	0.000000	205.000000	646.000000	41.000000	238.844449	648.029183	2.000000	18.833052
17.000000	31.000000	27.000000	232.000000	651.000000	41.000000	238.844449	648.029183	2.000000	19.114342
17.000000	32.000000	28.000000	487.000000	658.000000	43.000000	501.362687	655.270189	1.000000	19.817624
17.000000	33.000000	29.000000	589.000000	759.000000	54.000000	602.177945	755.907779	1.000000	20.313564
17.000000	34.000000	30.000000	1124.000000	798.000000	58.000000	1133.289675	793.396342	1.000000	21.058986
17.000000	35.000000	31.000000	1207.000000	789.000000	59.000000	1222.567420	794.051634	1.000000	21.433757
17.000000	36.000000	32.000000	1411.000000	815.000000	60.000000	1401.170841	814.154505	2.000000	22.009597
17.000000	37.000000	33.000000	1362.000000	901.000000	70.000000	1372.636767	908.150019	2.000000	22.538818
17.000000	38.000000	34.000000	1258.000000	886.000000	69.000000	1270.171129	880.009897	1.000000	22.954652
17.000000	39.000000	35.000000	1155.000000	894.000000	68.000000	1160.305873	895.132167	1.000000	23.361131
17.000000	40.000000	36.000000	995.000000	916.000000	67.000000	997.511669	914.224387	1.000000	24.098109
17.000000	41.000000	37.000000	1015.000000	991.000000	77.000000	1000.108642	1003.868727	1.000000	24.585555
17.000000	42.000000	38.000000	1290.000000	1024.000000	79.000000	1288.583360	1027.308086	1.000000	25.248780
17.000000	43.000000	39.000000	452.000000	859.000000	63.000000	440.843995	869.600962	2.000000	26.057275
17.000000	44.000000	40.000000	235.000000	1022.000000	71.000000	223.705903	1028.628102	2.000000	26.937992
18.000000	1.000000	1.000000	262.000000	121.000000	1.000000	246.518954	122.946948	2.000000	0.858398
18.000000	2.000000	2.000000	323.000000	195.000000	2.000000	331.138208	190.059622	1.000000	1.457218
18.000000	3.000000	3.000000	216.000000	308.000000	11.000000	209.098834	312.358693	1.000000	1.881493
18.000000	4.000000	4.000000	346.000000	357.000000	22.000000	338.552233	371.013206	1.000000	2.249797
18.000000	5.000000	0.000000	481.000000	341.000000	13.000000	468.958753	309.034105	2.000000	2.673858
18.000000	6.000000	5.000000	604.000000	205.000000	4.000000	599.127765	189.671966	2.000000	3.353615
18.000000	7.000000	6.000000	488.000000	321.000000	13.000000	468.958753	309.034105	2.000000	3.810347
18.000000	8.000000	7.000000	569.000000	362.000000	24.000000	571.902245	371.747900	2.000000	4.322623
18.000000	9.000000	8.000000	887.000000	165.000000	6.000000	893.776942	155.267303	1.000000	5.201603
18.000000	10.000000	0.000000	904.000000	294.000000	16.000000	895.100169	250.195780	1.000000	5.553461
18.000000	11.000000	9.000000	898.000000	250.000000	16.000000	895.100169	250.195780	1.000000	5.834862
18.000000	12.000000	0.000000	1086.000000	265.000000	18.000000	1112.491173	276.000079	2.000000	6.402792
18.000000	13.000000	10.000000	1133.000000	284.000000	18.000000	1112.491173	276.000079	2.000000	6.713804
18.000000	14.000000	11.000000	1247.000000	392.000000	29.000000	1236.863941	376.344064	1.000000	7.427191
18.000000	15.000000	12.000000	1385.000000	385.000000	30.000000	1397.180811	386.607315	2.000000	8.145732
18.000000	16.000000	13.000000	1397.000000	280.000000	20.000000	1403.397762	279.870030	2.000000	8.649602
18.000000	17.000000	14.000000	1138.000000	386.000000	28.000000	1143.047523	377.202388	1.000000	9.274403
18.000000	18.000000	15.000000	1398.000000	576.000000	40.000000	1398.910090	581.417008	2.000000	9.858150
18.000000	19.000000	16.000000	1262.000000	565.000000	39.000000	1271.998198	552.444716	1.000000	10.403020
18.000000	20.000000	17.000000	1044.000000	549.000000	37.000000	1032.121641	527.224990	2.000000	11.074315
18.000000	21.000000	18.000000	867.000000	573.000000	36.000000	869.405549	570.790468	2.000000	11.714468
18.000000	22.000000	19.000000	739.000000	450.000000	25.000000	731.131322	451.322806	1.000000	12.273586
18.000000	23.000000	20.000000	606.000000	489.000000	34.000000	606.953940	499.087327	1.000000	12.874920
18.000000	24.000000	21.000000	446.000000	448.000000	23.000000	456.613040	450.131097	1.000000	13.475126
18.000000	25.000000	22.000000	219.000000	469.000000	21.000000	230.534784	457.359750	1.000000	14.098648
18.000000	26.000000	23.000000	220.000000	531.000000	31.000000	212.099083	531.087809	2.000000	14.729044
18.000000	27.000000	24.000000	387.000000	564.000000	32.000000	374.672368	565.012956	2.000000	15.283194
18.000000	28.000000	25.000000	592.000000	641.000000	44.000000	597.602445	635.614598	2.000000	15.962940
18.000000	29.000000	26.000000	1122.000000	768.000000	58.000000	1097.523625	766.581448	2.000000	17.082236
18.000000	30.000000	27.000000	997.000000	771.000000	57.000000	996.268218	764.692533	2.000000	17.593442
18.000000	31.000000	28.000000	833.000000	761.000000	56.000000	832.794052	749.154327	1.000000	18.194688
18.000000	32.000000	29.000000	256.000000	800.000000	51.000000	250.132395	805.499649	1.000000	19.194371
18.000000	33.000000	30.000000	344.000000	797.000000	52.000000	331.892508	793.700411	2.000000	19.698861
18.000000	34.000000	0.000000	512.000000	830.000000	53.000000	473.186618	826.349516	2.000000	20.337225
18.000000	35.000000	31.000000	489.000000	832.000000	53.000000	473.186618	826.349516	2.000000	20.665039
18.000000	36.000000	32.000000	1035.000000	941.000000	67.000000	1025.409282	927.021651	1.000000	21.601602
18.000000	37.000000	33.000000	1243.000000	839.000000	59.000000	1240.899936	821.066240	1.000000	22.305331
18.000000	38.000000	34.000000	1390.000000	948.000000	70.000000	1393.202875	936.937219	1.000000	22.826853
18.000000	39.000000	35.000000	1253.000000	1040.000000	79.000000	1248.028215	1030.573121	2.000000	23.402004
18.000000	40.000000	36.000000	725.000000	1024.000000	75.000000	705.164940	1017.543723	1.000000	24.146217
18.000000	41.000000	37.000000	615.000000	965.000000	64.000000	624.333030	954.717660	1.000000	24.785076
18.000000	42.000000	38.000000	512.000000	1026.000000	73.000000	498.369958	1013.189236	1.000000	25.203121
18.000000	43.000000	39.000000	336.000000	1042.000000	72.000000	332.061019	1028.388742	2.000000	25.649298
18.000000	44.000000	40.000000	241.000000	1013.000000	71.000000	235.405985	1003.846165	2.000000	26.026895
19.000000	1.000000	1.000000	173.000000	128.000000	1.000000	182.826448	126.063620	1.000000	0.951891
19.000000	2.000000	0.000000	176.000000	251.000000	11.000000	201.683702	257.218368	2.000000	1.335506
19.000000	3.000000	2.000000	223.000000	253.000000	11.000000	201.683702	257.218368	2.000000	1.816250
19.000000	4.000000	0.000000	413.000000	174.000000	2.000000	376.787583	165.903579	2.000000	2.735263
19.000000	5.000000	3.000000	376.000000	176.000000	2.000000	376.787583	165.903579	2.000000	3.248590
19.000000	6.000000	4.000000	467.000000	135.000000	3.000000	464.231840	125.067703	1.000000	3.616136
19.000000	7.000000	5.000000	571.000000	189.000000	4.000000	589.818921	187.447320	2.000000	3.992758
19.000000	8.000000	6.000000	716.000000	156.000000	5.000000	728.597812	154.267312	1.000000	4.456309
19.000000	9.000000	7.000000	698.000000	279.000000	15.000000	714.546762	278.912923	2.000000	4.984222
19.000000	10.000000	8.000000	586.000000	283.000000	14.000000	580.867649	289.843578	1.000000	5.350738
19.000000	11.000000	9.000000	853.000000	283.000000	16.000000	866.144615	281.126354	2.000000	6.015302
19.000000	12.000000	10.000000	1234.000000	134.000000	9.000000	1237.163869	138.650117	1.000000	6.888230
19.000000	13.000000	11.000000	1256.000000	430.000000	29.000000	1257.490213	428.512486	2.000000	7.688555
19.000000	14.000000	12.000000	1160.000000	437.000000	28.000000	1138.440259	434.257397	2.000000	8.103312
19.000000	15.000000	0.000000	1135.000000	569.000000	38.000000	1119.743965	533.057120	2.000000	8.639003
19.000000	16.000000	13.000000	1120.000000	550.000000	38.000000	1119.743965	533.057120	2.000000	9.070660
19.000000	17.000000	14.000000	1282.000000	567.000000	39.000000	1263.311483	567.165904	1.000000	9.494814
19.000000	18.000000	15.000000	1408.000000	557.000000	40.000000	1416.072729	534.532508	1.000000	10.023240
19.000000	19.000000	16.000000	875.000000	521.000000	36.000000	896.268333	520.398447	2.000000	10.855606
19.000000	20.000000	17.000000	874.000000	400.000000	26.000000	876.132023	408.561703	1.000000	11.358856
19.000000	21.000000	18.000000	734.000000	412.000000	25.000000	723.720447	420.859027	2.000000	11.760594
19.000000	22.000000	19.000000	570.000000	505.000000	34.000000	574.725308	501.014419	2.000000	12.296002
19.000000	23.000000	20.000000	583.000000	416.000000	24.000000	570.007971	414.631109	1.000000	12.935336
19.000000	24.000000	21.000000	230.000000	431.000000	21.000000	222.908009	426.149759	1.000000	13.736656
19.000000	25.000000	22.000000	203.000000	700.000000	41.000000	197.574070	687.187769	2.000000	14.439980
19.000000	26.000000	23.000000	337.000000	751.000000	52.000000	339.439851	747.138021	1.000000	15.008578
19.000000	27.000000	24.000000	370.000000	681.000000	42.000000	376.642583	671.253418	1.000000	15.504586
19.000000	28.000000	25.000000	441.000000	641.000000	43.000000	450.410112	630.428879	1.000000	16.015629
19.000000	29.000000	26.000000	886.000000	679.000000	46.000000	888.556141	673.008306	2.000000	16.711313
19.000000	30.000000	27.000000	1133.000000	767.000000	58.000000	1135.237741	762.259436	2.000000	17.382583
19.000000	31.000000	28.000000	1389.000000	796.000000	60.000000	1384.014757	798.363675	1.000000	18.335504
19.000000	32.000000	29.000000	1424.000000	658.000000	50.000000	1418.445852	671.402964	1.000000	19.070639
19.000000	33.000000	30.000000	1222.000000	923.000000	69.000000	1229.733330	912.065130	1.000000	20.039436
19.000000	34.000000	31.000000	852.000000	872.000000	66.000000	864.001431	874.053132	1.000000	20.768553
19.000000	35.000000	32.000000	734.000000	927.000000	65.000000	737.224044	916.911284	2.000000	21.448721
19.000000	36.000000	33.000000	611.000000	887.000000	64.000000	608.023035	891.211365	2.000000	22.248271
19.000000	37.000000	34.000000	584.000000	837.000000	54.000000	589.473022	824.854802	2.000000	22.695006
19.000000	38.000000	0.000000	565.000000	1019.000000	74.000000	567.765828	993.990883	1.000000	23.846584
19.000000	39.000000	35.000000	465.000000	1088.000000	73.000000	451.840653	1070.369643	2.000000	24.952711
19.000000	40.000000	36.000000	564.000000	1008.000000	74.000000	567.765828	993.990883	1.000000	25.751254
19.000000	41.000000	0.000000	900.000000	1083.000000	76.000000	892.851612	1058.761923	1.000000	26.616572
19.000000	42.000000	37.000000	882.000000	1074.000000	76.000000	892.851612	1058.761923	1.000000	27.039760
19.000000	43.000000	38.000000	1024.000000	1025.000000	77.000000	1019.450349	1020.432834	1.000000	27.856560
19.000000	44.000000	39.000000	1153.000000	1035.000000	78.000000	1150.328091	1025.619601	2.000000	28.328648
19.000000	45.000000	40.000000	1388.000000	1065.000000	80.000000	1391.851841	1052.342564	2.000000	28.951310
20.000000	1.000000	1.000000	352.000000	143.000000	2.000000	370.834852	158.148731	1.000000	1.173133
20.000000	2.000000	2.000000	480.000000	182.000000	3.000000	455.424295	182.404078	2.000000	1.668815
20.000000	3.000000	3.000000	742.000000	142.000000	5.000000	756.371060	132.425900	1.000000	2.317065
20.000000	4.000000	0.000000	862.000000	138.000000	6.000000	829.208024	121.380315	1.000000	2.700185
20.000000	5.000000	0.000000	846.000000	140.000000	6.000000	829.208024	121.380315	1.000000	3.051441
20.000000	6.000000	0.000000	811.000000	140.000000	6.000000	829.208024	121.380315	1.000000	3.699929
20.000000	7.000000	4.000000	814.000000	136.000000	6.000000	829.208024	121.380315	1.000000	4.132718
20.000000	8.000000	0.000000	688.000000	251.000000	15.000000	716.824253	247.878716	2.000000	4.884300
20.000000	9.000000	5.000000	711.000000	251.000000	15.000000	716.824253	247.878716	2.000000	5.237128
20.000000	10.000000	6.000000	851.000000	293.000000	16.000000	853.828791	291.219878	2.000000	5.789122
20.000000	11.000000	7.000000	1022.000000	246.000000	17.000000	1002.431016	249.088148	1.000000	6.340161
20.000000	12.000000	8.000000	1123.000000	292.000000	18.000000	1143.736731	300.237428	2.000000	7.035269
20.000000	13.000000	0.000000	1284.000000	260.000000	19.000000	1263.012490	274.247419	2.000000	7.628722
20.000000	14.000000	9.000000	1278.000000	270.000000	19.000000	1263.012490	274.247419	2.000000	8.028516
20.000000	15.000000	10.000000	1422.000000	299.000000	20.000000	1411.022057	298.121591	1.000000	8.541318
20.000000	16.000000	11.000000	1425.000000	160.000000	10.000000	1420.384311	174.191587	2.000000	9.013350
20.000000	17.000000	12.000000	1154.000000	409.000000	28.000000	1156.203269	411.831592	1.000000	9.932571
20.000000	18.000000	13.000000	847.000000	427.000000	26.000000	857.474684	428.937958	2.000000	10.652553
20.000000	19.000000	14.000000	770.000000	395.000000	25.000000	760.586493	394.290524	1.000000	11.099255
20.000000	20.000000	0.000000	675.000000	519.000000	35.000000	703.007206	504.785921	2.000000	11.731315
20.000000	21.000000	15.000000	691.000000	518.000000	35.000000	703.007206	504.785921	2.000000	12.124306
20.000000	22.000000	16.000000	641.000000	458.000000	24.000000	636.830473	454.813384	1.000000	12.555410
20.000000	23.000000	17.000000	579.000000	577.000000	34.000000	581.590045	574.859668	1.000000	13.245160
20.000000	24.000000	18.000000	432.000000	571.000000	33.000000	445.750076	569.509569	2.000000	13.709125
20.000000	25.000000	19.000000	346.000000	493.000000	32.000000	349.721955	498.619712	1.000000	14.189127
20.000000	26.000000	20.000000	356.000000	446.000000	22.000000	353.831818	435.290367	1.000000	14.605091
20.000000	27.000000	21.000000	201.000000	452.000000	21.000000	215.658376	445.843967	2.000000	15.203334
20.000000	28.000000	22.000000	194.000000	644.000000	41.000000	179.473351	642.843908	2.000000	15.907721
20.000000	29.000000	23.000000	618.000000	679.000000	44.000000	616.676924	679.233842	2.000000	16.667836
20.000000	30.000000	24.000000	745.000000	670.000000	45.000000	754.965793	660.217536	1.000000	17.091959
20.000000	31.000000	25.000000	990.000000	653.000000	47.000000	995.642670	644.097134	1.000000	17.933442
20.000000	32.000000	26.000000	1239.000000	664.000000	49.000000	1224.683524	648.540930	1.000000	19.644611
20.000000	33.000000	27.000000	1347.000000	662.000000	50.000000	1367.163671	657.884840	1.000000	20.379972
20.000000	34.000000	28.000000	1378.000000	512.000000	40.000000	1377.680023	494.663469	2.000000	20.827772
20.000000	35.000000	29.000000	1116.000000	665.000000	48.000000	1110.200612	656.154441	2.000000	21.548378
20.000000	36.000000	30.000000	964.000000	820.000000	57.000000	974.080360	817.650223	2.000000	22.172936
20.000000	37.000000	0.000000	864.000000	787.000000	56.000000	867.038619	761.169480	1.000000	22.603369
20.000000	38.000000	31.000000	874.000000	772.000000	56.000000	867.038619	761.169480	1.000000	23.051282
20.000000	39.000000	32.000000	742.000000	778.000000	55.000000	741.472787	767.427290	1.000000	23.571738
20.000000	40.000000	33.000000	570.000000	769.000000	54.000000	590.978217	770.870124	1.000000	24.091372
20.000000	41.000000	34.000000	323.000000	761.000000	52.000000	316.129192	771.247454	2.000000	24.995801
20.000000	42.000000	35.000000	335.000000	1054.000000	72.000000	340.424538	1054.632569	2.000000	27.052679
20.000000	43.000000	36.000000	555.000000	951.000000	64.000000	569.206545	950.913919	1.000000	27.915322
20.000000	44.000000	37.000000	864.000000	1097.000000	76.000000	873.363996	1081.585434	2.000000	28.803459
20.000000	45.000000	38.000000	1025.000000	905.000000	67.000000	1028.985006	919.608468	2.000000	29.708756
20.000000	46.000000	39.000000	1141.000000	1014.000000	78.000000	1135.305995	1018.161789	2.000000	30.572024
20.000000	47.000000	40.000000	1257.000000	931.000000	69.000000	1260.102798	931.750388	1.000000	31.277351
