MultiTargForag_2	Participant_Code = 5
Search_Type = 1	CB_Targets = 1
Trial	Click_Num	Target_Click_Order	Click_X	Click_y	Item_selected	Item_X	Item_Y	Target_Set	RT
1.000000	1.000000	1.000000	856.000000	646.000000	46.000000	847.513569	655.673725	2.000000	4.229481
1.000000	2.000000	2.000000	1138.000000	298.000000	18.000000	1142.919279	312.625832	1.000000	5.803271
1.000000	3.000000	0.000000	1144.000000	147.000000	8.000000	1147.821084	172.039069	1.000000	6.506574
1.000000	4.000000	3.000000	1147.000000	156.000000	8.000000	1147.821084	172.039069	1.000000	6.913847
1.000000	5.000000	4.000000	1281.000000	176.000000	9.000000	1281.628474	186.745351	2.000000	7.572067
1.000000	6.000000	5.000000	1364.000000	291.000000	20.000000	1362.560530	308.601681	2.000000	8.539666
1.000000	7.000000	6.000000	1381.000000	514.000000	40.000000	1383.725860	533.984459	2.000000	9.299260
1.000000	8.000000	7.000000	1135.000000	506.000000	38.000000	1123.895490	510.280429	2.000000	10.203672
1.000000	9.000000	8.000000	1012.000000	504.000000	37.000000	1027.810472	513.517218	1.000000	10.899277
1.000000	10.000000	9.000000	1023.000000	396.000000	27.000000	1028.304401	412.579392	2.000000	11.906044
1.000000	11.000000	10.000000	839.000000	316.000000	16.000000	834.921917	316.140905	1.000000	12.635216
1.000000	12.000000	11.000000	858.000000	129.000000	6.000000	849.716023	148.319975	1.000000	13.315335
1.000000	13.000000	12.000000	777.000000	121.000000	5.000000	765.253058	129.827168	2.000000	13.995989
1.000000	14.000000	13.000000	576.000000	140.000000	4.000000	575.293968	156.891961	2.000000	14.899935
1.000000	15.000000	14.000000	600.000000	251.000000	14.000000	591.962451	273.763777	1.000000	15.699799
1.000000	16.000000	15.000000	223.000000	114.000000	1.000000	233.967942	130.681021	2.000000	16.803414
1.000000	17.000000	16.000000	324.000000	187.000000	2.000000	320.391877	198.679320	1.000000	17.610047
1.000000	18.000000	0.000000	326.000000	295.000000	12.000000	325.234057	323.771718	2.000000	18.354302
1.000000	19.000000	17.000000	327.000000	302.000000	12.000000	325.234057	323.771718	2.000000	18.835332
1.000000	20.000000	18.000000	318.000000	395.000000	22.000000	319.830438	406.452564	2.000000	19.337645
1.000000	21.000000	19.000000	485.000000	519.000000	33.000000	486.291304	524.882324	1.000000	19.890817
1.000000	22.000000	20.000000	603.000000	407.000000	24.000000	607.276952	428.547956	1.000000	20.635495
1.000000	23.000000	0.000000	639.000000	472.000000	34.000000	641.691855	500.298372	2.000000	21.218513
1.000000	24.000000	21.000000	642.000000	483.000000	34.000000	641.691855	500.298372	2.000000	21.730452
1.000000	25.000000	22.000000	269.000000	748.000000	51.000000	251.354326	750.085458	2.000000	22.939863
1.000000	26.000000	23.000000	228.000000	685.000000	41.000000	219.353045	690.137415	1.000000	23.634608
1.000000	27.000000	24.000000	333.000000	691.000000	42.000000	333.230260	702.774281	1.000000	24.298115
1.000000	28.000000	0.000000	329.000000	777.000000	52.000000	325.530829	803.827711	1.000000	24.939132
1.000000	29.000000	25.000000	326.000000	807.000000	52.000000	325.530829	803.827711	1.000000	25.603955
1.000000	30.000000	26.000000	614.000000	688.000000	44.000000	621.114176	695.234029	1.000000	26.355724
1.000000	31.000000	27.000000	873.000000	743.000000	56.000000	874.504607	751.777128	2.000000	26.978268
1.000000	32.000000	0.000000	774.000000	799.000000	55.000000	762.099955	822.034322	1.000000	27.580007
1.000000	33.000000	28.000000	769.000000	814.000000	55.000000	762.099955	822.034322	1.000000	27.946900
1.000000	34.000000	29.000000	995.000000	684.000000	47.000000	1006.242723	683.987679	2.000000	28.795891
1.000000	35.000000	30.000000	1248.000000	778.000000	59.000000	1251.341337	795.346509	2.000000	29.715909
1.000000	36.000000	31.000000	1282.000000	678.000000	49.000000	1284.262621	680.285116	2.000000	30.618062
1.000000	37.000000	32.000000	1353.000000	866.000000	70.000000	1359.303694	869.780656	1.000000	31.715563
1.000000	38.000000	33.000000	1372.000000	813.000000	60.000000	1375.821583	805.289056	1.000000	32.138052
1.000000	39.000000	34.000000	1237.000000	1046.000000	79.000000	1219.738045	1059.345974	1.000000	32.939941
1.000000	40.000000	35.000000	1362.000000	1059.000000	80.000000	1358.939656	1076.642482	2.000000	33.386036
1.000000	41.000000	36.000000	1128.000000	949.000000	68.000000	1115.139538	947.855027	2.000000	34.355232
1.000000	42.000000	37.000000	1014.000000	1005.000000	77.000000	1016.439294	1008.733192	2.000000	35.074679
1.000000	43.000000	38.000000	896.000000	932.000000	66.000000	885.361172	924.400809	1.000000	35.858783
1.000000	44.000000	39.000000	755.000000	1027.000000	75.000000	745.265598	1038.723919	1.000000	36.770489
1.000000	45.000000	40.000000	350.000000	1015.000000	72.000000	364.696842	1011.487192	1.000000	37.691807
1.000000	1.000000	1.000000	575.000000	148.000000	4.000000	568.674164	154.151483	1.000000	1.391654
1.000000	2.000000	2.000000	192.000000	127.000000	1.000000	192.414733	128.228582	2.000000	2.120084
1.000000	3.000000	3.000000	474.000000	277.000000	13.000000	469.688233	280.322871	2.000000	2.880332
1.000000	4.000000	4.000000	375.000000	332.000000	12.000000	376.060753	331.370448	1.000000	3.335385
1.000000	5.000000	5.000000	481.000000	453.000000	23.000000	485.759140	446.297852	1.000000	4.015495
1.000000	6.000000	6.000000	311.000000	467.000000	22.000000	319.090325	456.646912	2.000000	4.633146
1.000000	7.000000	7.000000	193.000000	461.000000	21.000000	201.859155	455.896810	2.000000	5.017334
1.000000	8.000000	8.000000	339.000000	536.000000	32.000000	331.610389	545.052042	2.000000	5.585140
1.000000	9.000000	9.000000	254.000000	688.000000	41.000000	249.386408	682.520715	2.000000	6.455569
1.000000	10.000000	10.000000	201.000000	804.000000	51.000000	200.834001	797.903520	1.000000	7.033143
1.000000	11.000000	11.000000	328.000000	927.000000	62.000000	324.286311	923.403887	1.000000	7.831738
1.000000	12.000000	12.000000	330.000000	1100.000000	72.000000	325.323254	1082.298863	2.000000	8.408878
1.000000	13.000000	13.000000	490.000000	797.000000	53.000000	477.833711	804.102282	1.000000	9.399740
1.000000	14.000000	14.000000	480.000000	1000.000000	73.000000	478.457633	995.416603	2.000000	10.009433
1.000000	15.000000	15.000000	573.000000	894.000000	64.000000	582.297670	898.693066	1.000000	10.632001
1.000000	16.000000	16.000000	615.000000	774.000000	54.000000	609.303931	784.144525	1.000000	11.360378
1.000000	17.000000	17.000000	590.000000	696.000000	44.000000	571.846914	685.939313	2.000000	11.929081
1.000000	18.000000	18.000000	569.000000	584.000000	34.000000	576.590140	572.939692	1.000000	12.695767
1.000000	19.000000	19.000000	512.000000	521.000000	33.000000	498.794081	514.356823	2.000000	13.367415
1.000000	20.000000	20.000000	707.000000	525.000000	35.000000	709.460484	533.781021	2.000000	14.177399
1.000000	21.000000	0.000000	599.000000	438.000000	24.000000	600.646424	408.536689	1.000000	14.687906
1.000000	22.000000	21.000000	598.000000	421.000000	24.000000	600.646424	408.536689	1.000000	15.023497
1.000000	23.000000	22.000000	716.000000	667.000000	45.000000	711.697307	665.171003	1.000000	15.768995
1.000000	24.000000	23.000000	835.000000	324.000000	16.000000	833.107763	305.757846	1.000000	16.607265
1.000000	25.000000	24.000000	843.000000	127.000000	6.000000	833.875215	126.215485	1.000000	17.407603
1.000000	26.000000	25.000000	1049.000000	282.000000	17.000000	1027.472025	276.468943	2.000000	18.192011
1.000000	27.000000	26.000000	1228.000000	268.000000	19.000000	1238.678257	256.368850	2.000000	18.825318
1.000000	28.000000	27.000000	1351.000000	275.000000	20.000000	1361.119396	274.392006	2.000000	19.335650
1.000000	29.000000	28.000000	1402.000000	177.000000	10.000000	1412.922414	175.244245	1.000000	19.793004
1.000000	30.000000	29.000000	1287.000000	402.000000	29.000000	1277.649836	406.948596	2.000000	20.377311
1.000000	31.000000	30.000000	1002.000000	538.000000	37.000000	988.270039	539.332605	2.000000	21.272160
1.000000	32.000000	31.000000	972.000000	802.000000	57.000000	970.297432	807.474874	1.000000	22.065436
1.000000	33.000000	32.000000	753.000000	824.000000	55.000000	753.765232	821.569404	2.000000	22.729385
1.000000	34.000000	33.000000	763.000000	902.000000	65.000000	764.555318	890.831577	1.000000	23.065035
1.000000	35.000000	34.000000	878.000000	1050.000000	76.000000	868.370314	1044.310402	2.000000	23.720905
1.000000	36.000000	35.000000	952.000000	1054.000000	77.000000	962.180966	1055.526300	1.000000	24.049056
1.000000	37.000000	36.000000	1116.000000	1016.000000	78.000000	1127.304231	1022.807495	1.000000	24.559526
1.000000	38.000000	37.000000	1119.000000	840.000000	58.000000	1115.958225	816.752190	1.000000	25.344766
1.000000	39.000000	38.000000	1240.000000	778.000000	59.000000	1227.826328	772.502724	2.000000	26.464456
1.000000	40.000000	39.000000	1299.000000	917.000000	69.000000	1280.678221	910.959244	1.000000	27.280449
1.000000	41.000000	40.000000	1354.000000	790.000000	60.000000	1353.066553	792.455109	2.000000	27.816082
2.000000	1.000000	1.000000	230.000000	163.000000	1.000000	220.873904	158.350168	1.000000	1.253640
2.000000	2.000000	2.000000	333.000000	272.000000	12.000000	323.405915	267.608141	2.000000	1.855177
2.000000	3.000000	3.000000	457.000000	267.000000	13.000000	470.751083	271.214171	2.000000	2.407170
2.000000	4.000000	4.000000	577.000000	114.000000	4.000000	576.437779	125.498714	2.000000	3.149432
2.000000	5.000000	5.000000	846.000000	259.000000	16.000000	859.696421	261.086246	1.000000	3.879191
2.000000	6.000000	6.000000	1025.000000	210.000000	7.000000	1032.342126	200.338797	1.000000	4.447113
2.000000	7.000000	7.000000	1092.000000	238.000000	18.000000	1094.875947	245.136526	1.000000	4.918264
2.000000	8.000000	8.000000	1160.000000	402.000000	28.000000	1160.914193	391.628311	1.000000	5.661749
2.000000	9.000000	9.000000	1418.000000	271.000000	20.000000	1406.240595	272.199558	1.000000	6.710811
2.000000	10.000000	10.000000	1280.000000	576.000000	39.000000	1273.027857	576.297388	1.000000	7.669848
2.000000	11.000000	11.000000	1147.000000	577.000000	38.000000	1139.243812	564.525567	1.000000	8.181274
2.000000	12.000000	12.000000	1384.000000	781.000000	60.000000	1375.323279	778.337810	2.000000	9.118317
2.000000	13.000000	13.000000	1402.000000	1064.000000	80.000000	1394.375136	1059.329297	2.000000	9.711260
2.000000	14.000000	14.000000	1250.000000	1064.000000	79.000000	1245.642338	1056.300928	1.000000	10.309785
2.000000	15.000000	15.000000	1100.000000	1051.000000	78.000000	1106.624320	1043.154914	2.000000	11.023250
2.000000	16.000000	16.000000	1135.000000	932.000000	68.000000	1136.743033	919.520323	1.000000	11.478379
2.000000	17.000000	17.000000	960.000000	833.000000	57.000000	970.531291	822.214482	1.000000	12.486916
2.000000	18.000000	18.000000	1153.000000	765.000000	58.000000	1134.910190	756.105775	2.000000	13.309358
2.000000	19.000000	19.000000	1013.000000	691.000000	47.000000	993.220071	679.911160	2.000000	13.887186
2.000000	20.000000	20.000000	980.000000	503.000000	37.000000	990.427042	503.398866	2.000000	15.007271
2.000000	21.000000	21.000000	984.000000	443.000000	27.000000	980.268512	446.266809	2.000000	15.421333
2.000000	22.000000	22.000000	495.000000	451.000000	23.000000	486.023119	443.708951	2.000000	16.230450
2.000000	23.000000	23.000000	475.000000	495.000000	33.000000	461.572396	503.686497	2.000000	16.565860
2.000000	24.000000	24.000000	304.000000	391.000000	22.000000	324.591969	387.153920	2.000000	17.383246
2.000000	25.000000	25.000000	432.000000	695.000000	43.000000	440.977496	688.987485	1.000000	18.479263
2.000000	26.000000	26.000000	481.000000	756.000000	53.000000	496.256588	764.681622	1.000000	19.077358
2.000000	27.000000	27.000000	584.000000	686.000000	44.000000	572.990250	693.187418	1.000000	19.702877
2.000000	28.000000	28.000000	733.000000	704.000000	45.000000	739.044255	699.823601	1.000000	20.375085
2.000000	29.000000	29.000000	587.000000	809.000000	54.000000	574.604638	807.860534	2.000000	21.069921
2.000000	30.000000	30.000000	569.000000	905.000000	64.000000	578.341139	899.094601	2.000000	21.503407
2.000000	31.000000	31.000000	487.000000	926.000000	63.000000	483.922838	928.466586	2.000000	22.118178
2.000000	32.000000	32.000000	337.000000	926.000000	62.000000	342.157858	928.642459	2.000000	22.637780
2.000000	33.000000	33.000000	241.000000	1017.000000	71.000000	225.397768	1006.500361	2.000000	23.278549
2.000000	34.000000	34.000000	239.000000	840.000000	51.000000	233.173436	829.654128	1.000000	24.142519
2.000000	35.000000	35.000000	195.000000	652.000000	41.000000	198.162002	633.496736	1.000000	24.902850
2.000000	36.000000	36.000000	846.000000	932.000000	66.000000	833.712859	921.147407	2.000000	26.190046
2.000000	37.000000	0.000000	892.000000	841.000000	56.000000	880.093720	816.476152	2.000000	26.911154
2.000000	38.000000	37.000000	886.000000	828.000000	56.000000	880.093720	816.476152	2.000000	27.334936
2.000000	39.000000	38.000000	751.000000	1053.000000	75.000000	756.675828	1061.276290	1.000000	27.951158
2.000000	40.000000	39.000000	582.000000	1087.000000	74.000000	584.246754	1074.855933	1.000000	28.495152
2.000000	41.000000	40.000000	370.000000	1078.000000	72.000000	358.898332	1070.472743	1.000000	29.359322
3.000000	1.000000	1.000000	201.000000	189.000000	1.000000	192.465432	176.938260	1.000000	1.574898
3.000000	2.000000	2.000000	584.000000	133.000000	4.000000	587.174656	130.432250	1.000000	2.550952
3.000000	3.000000	3.000000	848.000000	188.000000	6.000000	837.770052	193.790337	2.000000	3.454463
3.000000	4.000000	4.000000	978.000000	286.000000	17.000000	974.368944	274.135444	2.000000	4.176015
3.000000	5.000000	5.000000	1091.000000	294.000000	18.000000	1096.627087	288.483098	2.000000	4.743278
3.000000	6.000000	6.000000	1098.000000	182.000000	8.000000	1099.305281	174.062761	2.000000	5.182994
3.000000	7.000000	7.000000	1392.000000	171.000000	10.000000	1395.989952	171.223758	1.000000	5.903321
3.000000	8.000000	8.000000	1260.000000	292.000000	19.000000	1256.589213	283.636380	2.000000	6.503614
3.000000	9.000000	9.000000	1246.000000	403.000000	29.000000	1251.088201	395.559042	1.000000	7.062265
3.000000	10.000000	10.000000	1136.000000	409.000000	28.000000	1129.657537	410.599339	1.000000	7.582463
3.000000	11.000000	11.000000	1434.000000	509.000000	40.000000	1415.365383	517.675890	1.000000	8.526193
3.000000	12.000000	12.000000	1296.000000	550.000000	39.000000	1290.628416	555.193987	2.000000	9.135144
3.000000	13.000000	13.000000	1124.000000	562.000000	38.000000	1128.464470	564.841289	1.000000	9.623603
3.000000	14.000000	14.000000	1115.000000	613.000000	48.000000	1125.205692	619.740141	1.000000	10.080053
3.000000	15.000000	15.000000	1016.000000	552.000000	37.000000	1018.741528	547.846707	2.000000	10.894892
3.000000	16.000000	16.000000	750.000000	392.000000	25.000000	744.773677	387.334524	2.000000	11.646861
3.000000	17.000000	17.000000	884.000000	412.000000	26.000000	899.484669	409.492036	1.000000	12.342241
3.000000	18.000000	18.000000	582.000000	389.000000	24.000000	595.385242	381.185266	1.000000	13.271039
3.000000	19.000000	19.000000	445.000000	336.000000	13.000000	439.641016	324.931829	1.000000	13.895948
3.000000	20.000000	20.000000	436.000000	445.000000	23.000000	440.237391	443.905581	2.000000	14.383799
3.000000	21.000000	21.000000	587.000000	492.000000	34.000000	585.362143	496.955423	2.000000	15.286400
3.000000	22.000000	22.000000	469.000000	645.000000	43.000000	466.741008	643.614004	1.000000	16.103502
3.000000	23.000000	23.000000	464.000000	807.000000	53.000000	449.989499	800.964347	2.000000	17.024055
3.000000	24.000000	24.000000	333.000000	783.000000	52.000000	341.809920	779.564630	2.000000	17.664228
3.000000	25.000000	25.000000	370.000000	698.000000	42.000000	368.331388	685.491922	2.000000	18.118041
3.000000	26.000000	0.000000	268.000000	758.000000	51.000000	244.801396	770.486406	2.000000	18.606685
3.000000	27.000000	26.000000	246.000000	769.000000	51.000000	244.801396	770.486406	2.000000	18.831632
3.000000	28.000000	27.000000	178.000000	665.000000	41.000000	185.898359	663.903183	1.000000	19.503815
3.000000	29.000000	28.000000	222.000000	935.000000	61.000000	211.379167	916.710504	2.000000	20.191512
3.000000	30.000000	29.000000	243.000000	1025.000000	71.000000	250.094838	1021.968987	1.000000	20.952045
3.000000	31.000000	30.000000	457.000000	1073.000000	73.000000	439.660454	1067.584404	1.000000	21.758283
3.000000	32.000000	31.000000	460.000000	953.000000	63.000000	449.068813	947.752698	1.000000	22.335740
3.000000	33.000000	32.000000	613.000000	808.000000	54.000000	597.493879	804.505434	2.000000	23.206124
3.000000	34.000000	33.000000	751.000000	671.000000	45.000000	757.067268	647.379503	2.000000	24.022898
3.000000	35.000000	34.000000	840.000000	665.000000	46.000000	828.904875	651.575774	1.000000	24.534642
3.000000	36.000000	35.000000	749.000000	808.000000	55.000000	736.815176	814.162042	2.000000	25.174939
3.000000	37.000000	36.000000	837.000000	815.000000	56.000000	844.669544	815.822502	2.000000	25.600009
3.000000	38.000000	37.000000	993.000000	822.000000	57.000000	1003.436753	825.791951	1.000000	26.383935
3.000000	39.000000	38.000000	994.000000	931.000000	67.000000	996.250972	930.488393	2.000000	27.005851
3.000000	40.000000	39.000000	907.000000	940.000000	66.000000	898.498171	936.323408	1.000000	27.735784
3.000000	41.000000	40.000000	1015.000000	1060.000000	77.000000	1013.175770	1061.735912	1.000000	28.376085
4.000000	1.000000	1.000000	335.000000	177.000000	2.000000	335.848918	169.809244	2.000000	1.580930
4.000000	2.000000	2.000000	340.000000	284.000000	12.000000	341.725394	287.561953	2.000000	2.116145
4.000000	3.000000	3.000000	202.000000	266.000000	11.000000	189.796550	252.243394	1.000000	2.571925
4.000000	4.000000	4.000000	191.000000	441.000000	21.000000	181.440150	442.251767	2.000000	3.267345
4.000000	5.000000	5.000000	206.000000	551.000000	31.000000	215.582970	551.114970	2.000000	3.741211
4.000000	6.000000	6.000000	188.000000	686.000000	41.000000	183.460873	686.168348	1.000000	4.307484
4.000000	7.000000	7.000000	245.000000	818.000000	51.000000	250.676310	819.979272	1.000000	4.932849
4.000000	8.000000	8.000000	234.000000	905.000000	61.000000	246.668175	899.493721	1.000000	5.436899
4.000000	9.000000	9.000000	352.000000	1005.000000	72.000000	360.861444	998.389199	2.000000	6.012701
4.000000	10.000000	10.000000	319.000000	764.000000	52.000000	310.153877	752.814438	2.000000	6.820441
4.000000	11.000000	0.000000	377.000000	728.000000	42.000000	380.062127	700.451639	2.000000	7.282822
4.000000	12.000000	11.000000	384.000000	713.000000	42.000000	380.062127	700.451639	2.000000	8.019788
4.000000	13.000000	12.000000	613.000000	573.000000	34.000000	602.206519	572.225317	2.000000	9.091913
4.000000	14.000000	13.000000	604.000000	445.000000	24.000000	594.947968	436.798891	1.000000	9.611670
4.000000	15.000000	14.000000	499.000000	388.000000	23.000000	501.454077	376.979571	1.000000	10.221285
4.000000	16.000000	15.000000	476.000000	544.000000	33.000000	474.926266	555.440938	1.000000	10.739593
4.000000	17.000000	16.000000	356.000000	518.000000	32.000000	354.794100	516.428202	1.000000	11.372289
4.000000	18.000000	17.000000	594.000000	277.000000	14.000000	594.497745	277.746856	1.000000	12.052797
4.000000	19.000000	18.000000	705.000000	495.000000	35.000000	711.443931	496.210038	2.000000	12.731196
4.000000	20.000000	19.000000	892.000000	462.000000	26.000000	898.336169	454.209342	2.000000	13.452156
4.000000	21.000000	20.000000	871.000000	284.000000	16.000000	855.925115	277.964242	1.000000	14.172372
4.000000	22.000000	21.000000	1118.000000	173.000000	8.000000	1116.412536	165.944078	2.000000	14.955554
4.000000	23.000000	22.000000	1365.000000	372.000000	30.000000	1352.086690	380.126840	1.000000	15.932250
4.000000	24.000000	23.000000	1272.000000	456.000000	29.000000	1283.057970	446.655329	1.000000	16.500473
4.000000	25.000000	24.000000	1235.000000	530.000000	39.000000	1232.437007	506.155493	2.000000	17.084084
4.000000	26.000000	25.000000	1141.000000	519.000000	38.000000	1152.948465	508.457852	2.000000	17.636005
4.000000	27.000000	0.000000	1014.000000	527.000000	37.000000	1013.329138	498.612447	1.000000	18.154969
4.000000	28.000000	26.000000	1012.000000	517.000000	37.000000	1013.329138	498.612447	1.000000	18.499080
4.000000	29.000000	0.000000	906.000000	596.000000	36.000000	892.360947	571.969085	2.000000	19.004269
4.000000	30.000000	27.000000	902.000000	578.000000	36.000000	892.360947	571.969085	2.000000	19.708304
4.000000	31.000000	28.000000	985.000000	638.000000	47.000000	987.322099	654.235183	1.000000	20.084583
4.000000	32.000000	29.000000	1420.000000	580.000000	40.000000	1415.766527	571.724233	1.000000	21.068234
4.000000	33.000000	30.000000	1370.000000	901.000000	70.000000	1366.981605	905.219844	2.000000	22.067896
4.000000	34.000000	31.000000	1372.000000	1034.000000	80.000000	1363.265785	1046.050711	2.000000	22.500949
4.000000	35.000000	32.000000	1221.000000	1071.000000	79.000000	1220.478268	1075.850617	1.000000	23.355146
4.000000	36.000000	33.000000	1282.000000	907.000000	69.000000	1286.490510	897.783423	2.000000	23.955191
4.000000	37.000000	34.000000	1156.000000	788.000000	58.000000	1161.100320	783.059281	2.000000	24.515189
4.000000	38.000000	35.000000	1129.000000	1057.000000	78.000000	1127.156563	1056.220601	2.000000	25.188669
4.000000	39.000000	36.000000	982.000000	937.000000	67.000000	975.544120	933.388973	1.000000	25.813220
4.000000	40.000000	37.000000	831.000000	946.000000	66.000000	828.005158	950.391835	1.000000	26.363637
4.000000	41.000000	38.000000	856.000000	753.000000	56.000000	861.805203	763.230979	1.000000	27.179958
4.000000	42.000000	39.000000	602.000000	838.000000	54.000000	590.780827	831.900062	1.000000	28.219690
4.000000	43.000000	40.000000	722.000000	1079.000000	75.000000	722.582941	1080.890063	2.000000	29.067204
5.000000	1.000000	1.000000	863.000000	188.000000	6.000000	865.367709	194.416541	2.000000	1.185561
5.000000	2.000000	2.000000	762.000000	195.000000	5.000000	764.440895	193.665813	1.000000	1.530530
5.000000	3.000000	3.000000	859.000000	283.000000	16.000000	865.999559	287.038904	1.000000	1.986401
5.000000	4.000000	4.000000	775.000000	329.000000	15.000000	769.341133	322.115226	2.000000	2.419217
5.000000	5.000000	5.000000	831.000000	398.000000	26.000000	829.249649	384.082288	1.000000	3.218304
5.000000	6.000000	6.000000	1022.000000	397.000000	27.000000	1021.886381	391.652780	2.000000	3.714251
5.000000	7.000000	7.000000	1113.000000	260.000000	18.000000	1122.767277	252.877637	2.000000	4.162641
5.000000	8.000000	8.000000	1145.000000	145.000000	8.000000	1144.584110	143.821950	2.000000	4.722760
5.000000	9.000000	9.000000	1016.000000	177.000000	7.000000	1002.420019	173.689567	2.000000	5.227737
5.000000	10.000000	0.000000	517.000000	155.000000	3.000000	472.462394	145.933738	1.000000	5.922542
5.000000	11.000000	10.000000	478.000000	155.000000	3.000000	472.462394	145.933738	1.000000	6.195151
5.000000	12.000000	11.000000	478.000000	309.000000	13.000000	469.651681	314.744623	2.000000	6.771478
5.000000	13.000000	12.000000	582.000000	271.000000	14.000000	605.508882	264.532912	1.000000	7.138729
5.000000	14.000000	13.000000	199.000000	197.000000	1.000000	204.777795	195.308709	1.000000	8.051561
5.000000	15.000000	0.000000	256.000000	514.000000	31.000000	233.692210	526.363815	2.000000	8.787277
5.000000	16.000000	14.000000	238.000000	535.000000	31.000000	233.692210	526.363815	2.000000	9.113764
5.000000	17.000000	0.000000	237.000000	631.000000	41.000000	230.733516	656.009594	1.000000	9.634279
5.000000	18.000000	15.000000	225.000000	659.000000	41.000000	230.733516	656.009594	1.000000	10.075706
5.000000	19.000000	16.000000	342.000000	761.000000	52.000000	344.248476	758.265861	1.000000	10.602037
5.000000	20.000000	17.000000	341.000000	679.000000	42.000000	337.723263	679.735252	2.000000	10.954028
5.000000	21.000000	18.000000	378.000000	602.000000	32.000000	378.484705	579.860625	2.000000	11.322387
5.000000	22.000000	19.000000	244.000000	918.000000	61.000000	232.497928	911.735301	1.000000	12.107130
5.000000	23.000000	20.000000	242.000000	1041.000000	71.000000	232.837869	1037.416295	1.000000	12.627079
5.000000	24.000000	21.000000	341.000000	1027.000000	72.000000	323.041759	1022.265194	2.000000	12.995164
5.000000	25.000000	0.000000	360.000000	923.000000	62.000000	380.274523	901.098847	1.000000	13.713971
5.000000	26.000000	22.000000	366.000000	920.000000	62.000000	380.274523	901.098847	1.000000	14.041623
5.000000	27.000000	23.000000	492.000000	890.000000	63.000000	489.339474	888.776811	1.000000	14.595505
5.000000	28.000000	24.000000	498.000000	1050.000000	73.000000	484.883953	1052.187729	2.000000	15.058974
5.000000	29.000000	0.000000	563.000000	863.000000	54.000000	567.701392	828.591267	2.000000	15.771333
5.000000	30.000000	25.000000	568.000000	833.000000	54.000000	567.701392	828.591267	2.000000	16.147399
5.000000	31.000000	26.000000	614.000000	679.000000	44.000000	611.463755	663.575510	1.000000	16.962435
5.000000	32.000000	27.000000	707.000000	827.000000	55.000000	713.474224	831.266720	2.000000	17.497703
5.000000	33.000000	28.000000	751.000000	882.000000	65.000000	746.997920	882.906304	2.000000	17.931179
5.000000	34.000000	29.000000	873.000000	663.000000	46.000000	871.085516	651.798466	1.000000	18.547006
5.000000	35.000000	30.000000	1131.000000	690.000000	48.000000	1117.185867	705.236696	1.000000	19.202598
5.000000	36.000000	31.000000	1346.000000	345.000000	20.000000	1351.268661	323.866858	1.000000	20.051782
5.000000	37.000000	32.000000	1366.000000	411.000000	30.000000	1359.545602	424.105936	1.000000	20.611716
5.000000	38.000000	33.000000	1283.000000	437.000000	29.000000	1282.754892	429.468248	1.000000	21.185534
5.000000	39.000000	34.000000	1241.000000	531.000000	39.000000	1240.314277	519.239647	2.000000	21.595848
5.000000	40.000000	35.000000	1303.000000	632.000000	49.000000	1288.665502	622.146416	2.000000	22.058556
5.000000	41.000000	36.000000	1393.000000	733.000000	60.000000	1396.499492	750.642071	2.000000	22.818300
5.000000	42.000000	37.000000	1347.000000	985.000000	80.000000	1348.081339	1008.012904	2.000000	23.674787
5.000000	43.000000	38.000000	1235.000000	1033.000000	79.000000	1250.778380	1032.903009	1.000000	24.290868
5.000000	44.000000	39.000000	1223.000000	949.000000	69.000000	1222.623724	936.285937	2.000000	24.787747
5.000000	45.000000	40.000000	958.000000	1038.000000	77.000000	976.558066	1040.727907	1.000000	25.986576
6.000000	1.000000	1.000000	212.000000	180.000000	1.000000	219.403100	183.856785	2.000000	1.211884
6.000000	2.000000	2.000000	345.000000	188.000000	2.000000	327.347484	198.451782	1.000000	1.948307
6.000000	3.000000	3.000000	460.000000	136.000000	3.000000	467.546116	146.267947	2.000000	2.572035
6.000000	4.000000	0.000000	329.000000	288.000000	12.000000	311.609411	308.960819	1.000000	3.531076
6.000000	5.000000	4.000000	314.000000	306.000000	12.000000	311.609411	308.960819	1.000000	4.052098
6.000000	6.000000	5.000000	322.000000	394.000000	22.000000	318.167916	410.249980	2.000000	4.514990
6.000000	7.000000	6.000000	163.000000	399.000000	21.000000	177.850965	408.701457	1.000000	5.147204
6.000000	8.000000	7.000000	204.000000	548.000000	31.000000	205.035833	546.027960	2.000000	5.947005
6.000000	9.000000	8.000000	466.000000	476.000000	33.000000	474.022068	495.569526	2.000000	6.698914
6.000000	10.000000	9.000000	470.000000	450.000000	23.000000	472.692737	444.465878	1.000000	7.228966
6.000000	11.000000	10.000000	477.000000	325.000000	13.000000	474.806450	331.053596	2.000000	7.835485
6.000000	12.000000	11.000000	626.000000	272.000000	14.000000	635.115615	282.783742	1.000000	8.330985
6.000000	13.000000	12.000000	772.000000	146.000000	5.000000	756.081959	159.571183	1.000000	9.084950
6.000000	14.000000	13.000000	761.000000	316.000000	15.000000	753.803632	314.291504	2.000000	9.851378
6.000000	15.000000	14.000000	846.000000	297.000000	16.000000	861.978730	296.149192	2.000000	10.315692
6.000000	16.000000	15.000000	988.000000	313.000000	17.000000	987.272402	324.984013	1.000000	10.828857
6.000000	17.000000	16.000000	1095.000000	290.000000	18.000000	1088.782626	291.035672	1.000000	11.266873
6.000000	18.000000	17.000000	1121.000000	126.000000	8.000000	1116.393934	130.442554	2.000000	11.851171
6.000000	19.000000	18.000000	1261.000000	188.000000	9.000000	1266.047104	198.394162	2.000000	12.323699
6.000000	20.000000	19.000000	1346.000000	125.000000	10.000000	1352.719050	133.168786	2.000000	12.699202
6.000000	21.000000	20.000000	1296.000000	288.000000	19.000000	1282.217711	308.455420	2.000000	13.148111
6.000000	22.000000	21.000000	1286.000000	406.000000	29.000000	1268.439264	408.936232	2.000000	13.819344
6.000000	23.000000	22.000000	1170.000000	409.000000	28.000000	1156.714229	405.228591	2.000000	14.363327
6.000000	24.000000	23.000000	1154.000000	541.000000	38.000000	1147.478960	531.405567	1.000000	14.948825
6.000000	25.000000	0.000000	1009.000000	430.000000	27.000000	985.174672	417.253776	2.000000	15.499418
6.000000	26.000000	24.000000	988.000000	421.000000	27.000000	985.174672	417.253776	2.000000	15.972918
6.000000	27.000000	25.000000	748.000000	436.000000	25.000000	734.214005	436.261404	1.000000	16.779018
6.000000	28.000000	26.000000	1001.000000	683.000000	47.000000	1002.558824	692.596997	1.000000	17.939254
6.000000	29.000000	27.000000	998.000000	726.000000	57.000000	999.393598	746.544175	2.000000	18.483765
6.000000	30.000000	28.000000	1150.000000	686.000000	48.000000	1146.079868	701.032280	1.000000	19.211483
6.000000	31.000000	29.000000	1141.000000	746.000000	58.000000	1138.469718	756.936370	1.000000	19.667759
6.000000	32.000000	30.000000	1379.000000	513.000000	40.000000	1383.478629	499.226281	1.000000	20.436803
6.000000	33.000000	31.000000	1357.000000	797.000000	60.000000	1348.504860	802.252492	1.000000	21.108561
6.000000	34.000000	32.000000	1420.000000	1029.000000	80.000000	1414.650778	1022.127666	2.000000	21.780917
6.000000	35.000000	33.000000	1134.000000	1024.000000	78.000000	1124.177892	1017.960503	1.000000	22.779251
6.000000	36.000000	0.000000	647.000000	1052.000000	74.000000	627.246663	1070.772900	1.000000	23.668818
6.000000	37.000000	34.000000	633.000000	1051.000000	74.000000	627.246663	1070.772900	1.000000	24.099372
6.000000	38.000000	35.000000	720.000000	1007.000000	75.000000	733.994091	993.615399	2.000000	24.589046
6.000000	39.000000	36.000000	772.000000	942.000000	65.000000	765.584547	936.069271	2.000000	25.354652
6.000000	40.000000	37.000000	379.000000	992.000000	72.000000	379.951776	995.926425	1.000000	26.788031
6.000000	41.000000	38.000000	354.000000	929.000000	62.000000	349.816344	923.423039	1.000000	27.282808
6.000000	42.000000	39.000000	235.000000	896.000000	61.000000	213.433669	901.425073	1.000000	27.876533
6.000000	43.000000	40.000000	485.000000	746.000000	53.000000	493.322778	748.421194	2.000000	28.635575
7.000000	1.000000	1.000000	253.000000	142.000000	1.000000	244.709518	134.627509	2.000000	1.198741
7.000000	2.000000	2.000000	376.000000	333.000000	12.000000	363.960344	332.248119	1.000000	2.260982
7.000000	3.000000	3.000000	335.000000	371.000000	22.000000	332.445162	373.939365	2.000000	2.893932
7.000000	4.000000	4.000000	240.000000	404.000000	21.000000	249.874095	420.686637	1.000000	3.437722
7.000000	5.000000	5.000000	204.000000	303.000000	11.000000	193.322277	305.717488	1.000000	4.071140
7.000000	6.000000	6.000000	197.000000	481.000000	31.000000	195.884455	500.650762	2.000000	4.606177
7.000000	7.000000	7.000000	477.000000	254.000000	13.000000	482.591260	271.238758	1.000000	5.308883
7.000000	8.000000	8.000000	717.000000	205.000000	5.000000	712.753084	196.874812	2.000000	6.108876
7.000000	9.000000	9.000000	643.000000	359.000000	24.000000	637.791029	374.597221	2.000000	6.678997
7.000000	10.000000	10.000000	844.000000	373.000000	26.000000	841.642323	388.065853	1.000000	7.286950
7.000000	11.000000	11.000000	910.000000	262.000000	16.000000	899.643556	271.772706	1.000000	7.670726
7.000000	12.000000	12.000000	992.000000	144.000000	7.000000	998.703392	131.096838	1.000000	8.286315
7.000000	13.000000	13.000000	1000.000000	294.000000	17.000000	1010.296993	288.020528	1.000000	8.894653
7.000000	14.000000	0.000000	1079.000000	263.000000	18.000000	1090.570908	286.892586	2.000000	9.829622
7.000000	15.000000	14.000000	1105.000000	282.000000	18.000000	1090.570908	286.892586	2.000000	10.998814
7.000000	16.000000	15.000000	1237.000000	285.000000	19.000000	1221.067740	289.256302	2.000000	11.430775
7.000000	17.000000	16.000000	1237.000000	197.000000	9.000000	1233.916458	183.325191	1.000000	12.126629
7.000000	18.000000	17.000000	1157.000000	383.000000	28.000000	1159.325160	375.908191	1.000000	12.750127
7.000000	19.000000	18.000000	1400.000000	396.000000	30.000000	1415.840194	392.076379	2.000000	13.541910
7.000000	20.000000	19.000000	1373.000000	576.000000	40.000000	1370.587582	581.730737	2.000000	14.278725
7.000000	21.000000	20.000000	1415.000000	759.000000	60.000000	1399.809322	763.037864	2.000000	15.165757
7.000000	22.000000	21.000000	1392.000000	880.000000	70.000000	1392.444509	890.980862	2.000000	15.814301
7.000000	23.000000	22.000000	1370.000000	1035.000000	80.000000	1365.591016	1042.036957	2.000000	16.421821
7.000000	24.000000	23.000000	1257.000000	912.000000	69.000000	1258.331737	901.525899	2.000000	17.135211
7.000000	25.000000	24.000000	1151.000000	913.000000	68.000000	1151.705875	912.438432	1.000000	17.590418
7.000000	26.000000	25.000000	1092.000000	789.000000	58.000000	1094.593940	808.256756	2.000000	18.349147
7.000000	27.000000	26.000000	975.000000	753.000000	57.000000	986.803509	749.765534	1.000000	18.886086
7.000000	28.000000	27.000000	902.000000	762.000000	56.000000	885.114074	772.257826	1.000000	19.285519
7.000000	29.000000	28.000000	775.000000	741.000000	55.000000	761.147665	751.311947	1.000000	19.846340
7.000000	30.000000	29.000000	846.000000	667.000000	46.000000	840.945330	649.953348	2.000000	20.710655
7.000000	31.000000	30.000000	715.000000	639.000000	45.000000	725.175583	659.272747	1.000000	21.412865
7.000000	32.000000	31.000000	710.000000	565.000000	35.000000	703.973422	568.106679	1.000000	21.765158
7.000000	33.000000	32.000000	612.000000	694.000000	44.000000	597.114038	695.765345	1.000000	22.541814
7.000000	34.000000	33.000000	332.000000	692.000000	42.000000	332.618872	695.257955	2.000000	23.229322
7.000000	35.000000	34.000000	169.000000	825.000000	51.000000	180.670994	818.376255	2.000000	23.917317
7.000000	36.000000	35.000000	198.000000	874.000000	61.000000	198.236999	869.150930	1.000000	24.398381
7.000000	37.000000	36.000000	187.000000	1067.000000	71.000000	183.293484	1081.482074	1.000000	25.156813
7.000000	38.000000	37.000000	316.000000	873.000000	62.000000	318.252418	884.089723	2.000000	26.022432
7.000000	39.000000	38.000000	707.000000	898.000000	65.000000	713.930370	915.182628	1.000000	26.927094
7.000000	40.000000	39.000000	866.000000	882.000000	66.000000	867.861543	889.699270	2.000000	27.525098
7.000000	41.000000	40.000000	959.000000	1062.000000	77.000000	966.919465	1079.513499	2.000000	28.149920
8.000000	1.000000	1.000000	344.000000	318.000000	12.000000	340.805189	320.436029	2.000000	1.506063
8.000000	2.000000	2.000000	344.000000	391.000000	22.000000	333.487044	388.939742	1.000000	2.139295
8.000000	3.000000	3.000000	593.000000	250.000000	14.000000	603.166977	263.183373	1.000000	2.731281
8.000000	4.000000	4.000000	466.000000	465.000000	23.000000	461.928378	452.160536	2.000000	3.979413
8.000000	5.000000	5.000000	469.000000	514.000000	33.000000	472.082242	512.895185	1.000000	4.466763
8.000000	6.000000	6.000000	587.000000	515.000000	34.000000	593.293761	514.227072	2.000000	4.905586
8.000000	7.000000	7.000000	716.000000	568.000000	35.000000	717.779110	560.625469	2.000000	5.386870
8.000000	8.000000	8.000000	849.000000	443.000000	26.000000	840.684141	454.681479	2.000000	6.009239
8.000000	9.000000	9.000000	976.000000	298.000000	17.000000	973.224383	296.467348	1.000000	7.154668
8.000000	10.000000	10.000000	882.000000	187.000000	6.000000	861.572313	187.948956	1.000000	7.730609
8.000000	11.000000	11.000000	1013.000000	145.000000	7.000000	993.628142	140.329983	1.000000	8.411234
8.000000	12.000000	12.000000	1152.000000	272.000000	18.000000	1159.694408	279.297853	2.000000	8.930267
8.000000	13.000000	13.000000	1232.000000	246.000000	19.000000	1231.576308	243.093466	2.000000	9.315106
8.000000	14.000000	14.000000	1418.000000	316.000000	20.000000	1418.913114	309.773257	1.000000	9.793325
8.000000	15.000000	15.000000	1399.000000	539.000000	40.000000	1389.420875	547.876586	1.000000	10.482155
8.000000	16.000000	16.000000	1358.000000	670.000000	50.000000	1358.652101	658.307344	1.000000	10.970789
8.000000	17.000000	17.000000	1243.000000	669.000000	49.000000	1242.422066	668.776720	2.000000	11.402539
8.000000	18.000000	18.000000	1116.000000	657.000000	48.000000	1115.295932	644.655076	2.000000	12.001653
8.000000	19.000000	0.000000	1022.000000	541.000000	37.000000	1028.081233	515.200723	1.000000	12.451161
8.000000	20.000000	19.000000	1022.000000	529.000000	37.000000	1028.081233	515.200723	1.000000	12.811343
8.000000	21.000000	20.000000	1025.000000	758.000000	57.000000	1022.375362	764.356383	2.000000	13.401635
8.000000	22.000000	21.000000	871.000000	696.000000	46.000000	859.220220	681.968972	2.000000	14.026182
8.000000	23.000000	22.000000	480.000000	703.000000	43.000000	463.791995	696.704788	2.000000	14.833871
8.000000	24.000000	23.000000	367.000000	706.000000	42.000000	364.207742	703.113195	2.000000	15.354161
8.000000	25.000000	24.000000	325.000000	790.000000	52.000000	322.295953	792.889496	2.000000	15.945626
8.000000	26.000000	25.000000	455.000000	782.000000	53.000000	453.183399	768.191137	1.000000	16.498506
8.000000	27.000000	26.000000	198.000000	566.000000	31.000000	201.650931	554.566917	1.000000	17.129631
8.000000	28.000000	27.000000	1104.000000	427.000000	28.000000	1113.087293	430.220060	2.000000	18.194896
8.000000	29.000000	28.000000	240.000000	1064.000000	71.000000	231.097399	1070.724809	2.000000	19.538362
8.000000	30.000000	29.000000	751.000000	1032.000000	75.000000	757.139100	1035.738240	1.000000	20.627325
8.000000	31.000000	30.000000	645.000000	1019.000000	74.000000	633.071000	1001.903484	1.000000	21.122977
8.000000	32.000000	31.000000	862.000000	1005.000000	76.000000	855.578107	1003.220142	2.000000	21.818144
8.000000	33.000000	32.000000	841.000000	942.000000	66.000000	828.409953	942.103614	1.000000	22.202569
8.000000	34.000000	0.000000	778.000000	748.000000	55.000000	751.088626	766.106576	1.000000	22.665777
8.000000	35.000000	33.000000	749.000000	766.000000	55.000000	751.088626	766.106576	1.000000	23.178079
8.000000	36.000000	34.000000	1015.000000	1079.000000	77.000000	1013.839304	1076.289946	1.000000	23.899270
8.000000	37.000000	35.000000	1106.000000	953.000000	68.000000	1100.663913	940.141115	2.000000	24.539236
8.000000	38.000000	36.000000	1333.000000	1057.000000	80.000000	1352.070361	1058.564143	1.000000	25.257687
8.000000	39.000000	37.000000	1250.000000	1030.000000	79.000000	1257.014832	1022.483324	2.000000	25.843354
8.000000	40.000000	38.000000	1403.000000	939.000000	70.000000	1407.616515	929.624944	2.000000	26.393555
8.000000	41.000000	39.000000	1289.000000	935.000000	69.000000	1283.438118	916.137270	1.000000	26.731112
8.000000	42.000000	40.000000	1263.000000	789.000000	59.000000	1264.564730	799.496487	1.000000	27.579577
9.000000	1.000000	1.000000	479.000000	130.000000	3.000000	455.929133	136.518964	1.000000	0.902971
9.000000	2.000000	2.000000	584.000000	189.000000	4.000000	582.567362	173.761754	1.000000	1.526508
9.000000	3.000000	3.000000	516.000000	325.000000	13.000000	511.224250	317.282754	2.000000	2.070930
9.000000	4.000000	4.000000	758.000000	178.000000	5.000000	756.930259	180.011304	1.000000	2.726512
9.000000	5.000000	5.000000	1152.000000	291.000000	18.000000	1150.816345	295.435777	1.000000	3.454544
9.000000	6.000000	6.000000	1397.000000	295.000000	20.000000	1402.047251	299.831577	1.000000	4.110925
9.000000	7.000000	0.000000	1393.000000	167.000000	10.000000	1403.272910	139.058160	2.000000	4.976495
9.000000	8.000000	7.000000	1416.000000	144.000000	10.000000	1403.272910	139.058160	2.000000	5.423671
9.000000	9.000000	8.000000	1432.000000	521.000000	40.000000	1420.198486	519.135946	2.000000	6.103902
9.000000	10.000000	9.000000	1256.000000	547.000000	39.000000	1257.214583	541.298308	1.000000	6.686272
9.000000	11.000000	10.000000	1169.000000	462.000000	28.000000	1160.101020	440.873806	2.000000	7.118624
9.000000	12.000000	11.000000	1112.000000	633.000000	48.000000	1102.263127	635.858536	2.000000	8.102344
9.000000	13.000000	12.000000	1014.000000	653.000000	47.000000	1016.046086	647.665030	1.000000	9.039137
9.000000	14.000000	13.000000	721.000000	502.000000	35.000000	737.156305	508.943810	1.000000	9.783152
9.000000	15.000000	14.000000	628.000000	547.000000	34.000000	635.986234	553.533637	2.000000	10.302858
9.000000	16.000000	15.000000	626.000000	619.000000	44.000000	620.899671	619.625790	2.000000	10.702456
9.000000	17.000000	16.000000	477.000000	574.000000	33.000000	485.568619	566.546575	2.000000	11.374571
9.000000	18.000000	17.000000	253.000000	397.000000	21.000000	242.820496	395.820401	1.000000	12.046273
9.000000	19.000000	18.000000	321.000000	454.000000	22.000000	330.806223	456.318483	1.000000	12.607242
9.000000	20.000000	19.000000	204.000000	531.000000	31.000000	199.234945	536.135620	2.000000	13.352340
9.000000	21.000000	20.000000	216.000000	647.000000	41.000000	216.450583	650.574727	2.000000	13.943868
9.000000	22.000000	21.000000	349.000000	642.000000	42.000000	348.255113	638.489775	2.000000	14.655150
9.000000	23.000000	22.000000	365.000000	600.000000	32.000000	372.318627	576.750444	1.000000	15.104343
9.000000	24.000000	23.000000	368.000000	802.000000	52.000000	353.230887	787.866650	1.000000	15.815511
9.000000	25.000000	24.000000	348.000000	893.000000	62.000000	362.202825	884.175839	1.000000	16.703421
9.000000	26.000000	25.000000	212.000000	967.000000	61.000000	205.263419	949.550107	1.000000	17.575276
9.000000	27.000000	26.000000	194.000000	1011.000000	71.000000	195.895728	1017.809840	2.000000	17.942561
9.000000	28.000000	27.000000	304.000000	1058.000000	72.000000	314.637493	1062.883148	1.000000	18.463412
9.000000	29.000000	28.000000	467.000000	886.000000	63.000000	453.558533	875.311376	2.000000	19.207914
9.000000	30.000000	0.000000	476.000000	1011.000000	73.000000	456.825069	1040.930665	2.000000	19.606070
9.000000	31.000000	29.000000	471.000000	1032.000000	73.000000	456.825069	1040.930665	2.000000	19.918985
9.000000	32.000000	30.000000	632.000000	1060.000000	74.000000	640.215971	1071.491847	2.000000	20.456266
9.000000	33.000000	31.000000	746.000000	893.000000	65.000000	744.351729	902.883439	1.000000	20.968197
9.000000	34.000000	32.000000	724.000000	997.000000	75.000000	734.392032	999.062287	2.000000	21.376229
9.000000	35.000000	33.000000	859.000000	686.000000	46.000000	852.153738	666.977260	2.000000	22.319128
9.000000	36.000000	34.000000	1148.000000	761.000000	58.000000	1146.201551	769.706260	1.000000	23.247918
9.000000	37.000000	35.000000	987.000000	765.000000	57.000000	964.169568	770.672582	1.000000	23.768079
9.000000	38.000000	36.000000	1125.000000	914.000000	68.000000	1115.434874	899.256943	2.000000	24.679742
9.000000	39.000000	37.000000	1223.000000	937.000000	69.000000	1228.821167	918.915528	1.000000	25.247988
9.000000	40.000000	38.000000	1225.000000	1079.000000	79.000000	1225.550457	1057.210206	2.000000	26.367261
9.000000	41.000000	39.000000	1408.000000	919.000000	70.000000	1403.872080	922.874458	1.000000	27.350395
9.000000	42.000000	40.000000	1363.000000	791.000000	60.000000	1356.028278	790.525550	2.000000	27.943069
10.000000	1.000000	0.000000	368.000000	196.000000	2.000000	365.618988	169.787405	1.000000	0.944210
10.000000	2.000000	1.000000	387.000000	174.000000	2.000000	365.618988	169.787405	1.000000	1.503085
10.000000	3.000000	2.000000	442.000000	167.000000	3.000000	448.858536	158.476246	2.000000	2.159194
10.000000	4.000000	3.000000	505.000000	271.000000	13.000000	499.274370	270.746388	1.000000	3.583969
10.000000	5.000000	4.000000	577.000000	207.000000	4.000000	584.729093	206.546010	2.000000	4.263404
10.000000	6.000000	5.000000	913.000000	185.000000	6.000000	898.514641	190.952534	1.000000	5.118785
10.000000	7.000000	6.000000	1094.000000	155.000000	8.000000	1101.666730	151.001452	1.000000	5.888554
10.000000	8.000000	7.000000	1124.000000	267.000000	18.000000	1108.549789	269.577153	2.000000	6.384395
10.000000	9.000000	8.000000	1222.000000	312.000000	19.000000	1218.586885	309.627264	2.000000	6.791884
10.000000	10.000000	9.000000	1395.000000	288.000000	20.000000	1395.536714	290.288931	2.000000	7.512316
10.000000	11.000000	10.000000	1390.000000	208.000000	10.000000	1385.231456	195.188787	1.000000	8.062807
10.000000	12.000000	11.000000	844.000000	276.000000	16.000000	843.227080	265.630431	2.000000	8.999866
10.000000	13.000000	12.000000	1005.000000	315.000000	17.000000	1013.387100	315.349254	2.000000	9.431009
10.000000	14.000000	13.000000	1162.000000	420.000000	28.000000	1161.812172	411.642414	1.000000	9.879942
10.000000	15.000000	14.000000	1242.000000	419.000000	29.000000	1228.419630	421.109658	1.000000	10.184660
10.000000	16.000000	15.000000	885.000000	415.000000	26.000000	876.151053	411.796996	1.000000	10.918556
10.000000	17.000000	16.000000	705.000000	450.000000	25.000000	703.328781	442.653246	2.000000	11.616461
10.000000	18.000000	17.000000	441.000000	455.000000	23.000000	442.515084	451.331757	1.000000	12.328488
10.000000	19.000000	18.000000	202.000000	331.000000	11.000000	206.758276	324.147890	2.000000	12.975966
10.000000	20.000000	19.000000	246.000000	876.000000	61.000000	242.305705	884.062434	1.000000	14.431393
10.000000	21.000000	20.000000	300.000000	686.000000	42.000000	308.351448	680.476551	2.000000	15.176385
10.000000	22.000000	21.000000	352.000000	898.000000	62.000000	353.210442	883.069794	1.000000	15.790910
10.000000	23.000000	22.000000	465.000000	898.000000	63.000000	447.566101	889.663160	1.000000	16.128259
10.000000	24.000000	0.000000	743.000000	700.000000	45.000000	760.595427	669.168693	2.000000	17.032704
10.000000	25.000000	23.000000	759.000000	683.000000	45.000000	760.595427	669.168693	2.000000	17.352574
10.000000	26.000000	24.000000	704.000000	771.000000	55.000000	702.496309	776.375151	1.000000	17.808638
10.000000	27.000000	25.000000	611.000000	769.000000	54.000000	606.304015	760.386815	1.000000	18.367865
10.000000	28.000000	26.000000	488.000000	744.000000	53.000000	477.645102	743.315005	1.000000	18.983718
10.000000	29.000000	27.000000	856.000000	582.000000	36.000000	857.175788	576.226593	2.000000	19.648658
10.000000	30.000000	28.000000	1022.000000	533.000000	37.000000	1003.489952	526.012990	2.000000	20.350615
10.000000	31.000000	29.000000	1371.000000	526.000000	40.000000	1382.561169	525.757424	1.000000	21.711989
10.000000	32.000000	30.000000	1397.000000	649.000000	50.000000	1403.429717	655.803847	2.000000	22.175457
10.000000	33.000000	31.000000	1239.000000	568.000000	39.000000	1224.462560	566.639887	2.000000	22.671732
10.000000	34.000000	32.000000	1094.000000	644.000000	48.000000	1099.548120	649.957942	1.000000	23.230503
10.000000	35.000000	33.000000	1096.000000	833.000000	58.000000	1090.624220	828.566584	2.000000	23.912564
10.000000	36.000000	34.000000	1102.000000	879.000000	68.000000	1106.675417	877.113198	1.000000	24.279378
10.000000	37.000000	35.000000	1271.000000	892.000000	69.000000	1280.897323	890.977821	2.000000	24.888576
10.000000	38.000000	36.000000	1287.000000	999.000000	79.000000	1270.619867	1001.195971	1.000000	25.415146
10.000000	39.000000	37.000000	1030.000000	1034.000000	77.000000	1010.603019	1036.644894	2.000000	26.280001
10.000000	40.000000	38.000000	840.000000	1077.000000	76.000000	831.395954	1063.659732	1.000000	27.488621
10.000000	41.000000	39.000000	757.000000	938.000000	65.000000	767.211026	939.943039	2.000000	28.048256
10.000000	42.000000	40.000000	574.000000	1027.000000	74.000000	587.691352	1024.223642	2.000000	29.166482
11.000000	1.000000	1.000000	241.000000	108.000000	1.000000	245.318830	119.215175	2.000000	1.425280
11.000000	2.000000	2.000000	345.000000	155.000000	2.000000	349.371131	163.062628	1.000000	2.023907
11.000000	3.000000	3.000000	477.000000	170.000000	3.000000	469.530816	179.438572	2.000000	2.880839
11.000000	4.000000	4.000000	725.000000	126.000000	5.000000	708.644396	126.126488	1.000000	3.776960
11.000000	5.000000	5.000000	1145.000000	179.000000	8.000000	1154.111650	199.191595	2.000000	4.895946
11.000000	6.000000	6.000000	1219.000000	242.000000	19.000000	1224.125197	247.310769	2.000000	5.399961
11.000000	7.000000	7.000000	1385.000000	154.000000	10.000000	1385.180550	157.058561	1.000000	6.015892
11.000000	8.000000	8.000000	1423.000000	367.000000	30.000000	1417.453895	373.212459	1.000000	6.608073
11.000000	9.000000	9.000000	1378.000000	556.000000	40.000000	1379.410071	562.575580	2.000000	7.200914
11.000000	10.000000	10.000000	1284.000000	406.000000	29.000000	1279.689424	418.179132	2.000000	7.921384
11.000000	11.000000	11.000000	1148.000000	422.000000	28.000000	1150.163264	440.023674	2.000000	8.720233
11.000000	12.000000	12.000000	1114.000000	478.000000	38.000000	1122.137063	493.264204	2.000000	9.216351
11.000000	13.000000	13.000000	1020.000000	496.000000	37.000000	1029.837630	502.917689	2.000000	9.967898
11.000000	14.000000	14.000000	969.000000	413.000000	27.000000	963.310476	414.071794	2.000000	10.448776
11.000000	15.000000	15.000000	617.000000	503.000000	34.000000	614.864743	496.881342	1.000000	11.231764
11.000000	16.000000	16.000000	437.000000	545.000000	33.000000	441.224705	546.923189	1.000000	11.800271
11.000000	17.000000	17.000000	315.000000	329.000000	12.000000	315.497914	328.269774	2.000000	12.489249
11.000000	18.000000	18.000000	223.000000	435.000000	21.000000	224.885158	428.673731	2.000000	13.095672
11.000000	19.000000	19.000000	209.000000	630.000000	41.000000	201.899505	643.852055	1.000000	14.063665
11.000000	20.000000	20.000000	310.000000	700.000000	42.000000	315.901771	701.051364	2.000000	14.648412
11.000000	21.000000	0.000000	490.000000	758.000000	53.000000	508.624581	774.699922	1.000000	15.376988
11.000000	22.000000	21.000000	521.000000	762.000000	53.000000	508.624581	774.699922	1.000000	16.151416
11.000000	23.000000	22.000000	569.000000	688.000000	44.000000	579.848881	696.930727	1.000000	16.849199
11.000000	24.000000	23.000000	574.000000	785.000000	54.000000	584.730802	796.595321	1.000000	17.264121
11.000000	25.000000	24.000000	716.000000	767.000000	55.000000	721.487005	771.315138	2.000000	17.889420
11.000000	26.000000	25.000000	846.000000	652.000000	46.000000	851.533704	663.313305	1.000000	18.369419
11.000000	27.000000	26.000000	858.000000	795.000000	56.000000	864.591173	814.047409	1.000000	19.024960
11.000000	28.000000	27.000000	1258.000000	744.000000	59.000000	1248.772502	746.519944	1.000000	20.352081
11.000000	29.000000	28.000000	1126.000000	804.000000	58.000000	1119.474076	806.293276	2.000000	20.904736
11.000000	30.000000	29.000000	1378.000000	823.000000	60.000000	1370.083327	832.497071	1.000000	21.439872
11.000000	31.000000	30.000000	1423.000000	890.000000	70.000000	1413.839882	910.090004	2.000000	21.904800
11.000000	32.000000	31.000000	1382.000000	991.000000	80.000000	1377.380305	996.970323	1.000000	22.720252
11.000000	33.000000	32.000000	1260.000000	1024.000000	79.000000	1249.956719	1022.888835	1.000000	23.303940
11.000000	34.000000	33.000000	1160.000000	954.000000	68.000000	1149.952468	940.537354	1.000000	23.799329
11.000000	35.000000	34.000000	1135.000000	1016.000000	78.000000	1128.493153	1018.251321	1.000000	24.184070
11.000000	36.000000	35.000000	1000.000000	1044.000000	77.000000	996.434524	1054.208430	1.000000	24.617172
11.000000	37.000000	36.000000	858.000000	1070.000000	76.000000	865.919988	1066.340524	1.000000	25.248487
11.000000	38.000000	37.000000	568.000000	993.000000	74.000000	586.533076	999.699812	2.000000	26.320210
11.000000	39.000000	38.000000	356.000000	1051.000000	72.000000	356.927237	1062.320092	2.000000	27.463948
11.000000	40.000000	39.000000	359.000000	915.000000	62.000000	356.020194	936.222351	2.000000	28.153429
11.000000	41.000000	40.000000	222.000000	888.000000	61.000000	207.890248	886.649898	2.000000	28.872599
12.000000	1.000000	1.000000	228.000000	137.000000	1.000000	227.875065	142.089418	1.000000	1.240070
12.000000	2.000000	2.000000	332.000000	113.000000	2.000000	348.834158	118.347231	1.000000	1.718703
12.000000	3.000000	3.000000	479.000000	119.000000	3.000000	478.286760	125.912807	1.000000	2.190770
12.000000	4.000000	4.000000	579.000000	115.000000	4.000000	578.995491	122.700250	1.000000	2.592156
12.000000	5.000000	0.000000	715.000000	150.000000	5.000000	744.574344	166.262445	1.000000	3.080299
12.000000	6.000000	5.000000	1232.000000	180.000000	9.000000	1238.216028	199.010883	2.000000	4.167324
12.000000	7.000000	6.000000	1413.000000	306.000000	20.000000	1409.416281	322.512980	2.000000	4.798584
12.000000	8.000000	7.000000	1263.000000	373.000000	29.000000	1256.106596	388.095076	1.000000	5.326272
12.000000	9.000000	8.000000	1048.000000	442.000000	27.000000	1029.551459	438.357060	1.000000	5.999313
12.000000	10.000000	9.000000	841.000000	410.000000	26.000000	838.507182	404.864458	2.000000	6.679963
12.000000	11.000000	10.000000	689.000000	428.000000	25.000000	708.398685	430.837293	2.000000	7.072417
12.000000	12.000000	11.000000	745.000000	298.000000	15.000000	758.779540	302.446150	1.000000	7.696031
12.000000	13.000000	12.000000	469.000000	416.000000	23.000000	470.482703	422.904324	2.000000	8.334626
12.000000	14.000000	13.000000	738.000000	181.000000	5.000000	744.574344	166.262445	1.000000	9.262780
12.000000	15.000000	14.000000	252.000000	661.000000	41.000000	249.534999	664.796044	2.000000	10.326125
12.000000	16.000000	15.000000	695.000000	674.000000	45.000000	703.665686	681.025840	2.000000	11.238676
12.000000	17.000000	16.000000	633.000000	521.000000	34.000000	624.669808	522.557329	1.000000	11.656000
12.000000	18.000000	17.000000	882.000000	562.000000	36.000000	876.921805	563.386348	1.000000	12.150136
12.000000	19.000000	18.000000	1293.000000	612.000000	49.000000	1278.855035	627.982661	1.000000	13.206126
12.000000	20.000000	19.000000	1422.000000	559.000000	40.000000	1414.604050	558.984694	1.000000	13.966927
12.000000	21.000000	20.000000	974.000000	762.000000	57.000000	971.865283	757.992481	2.000000	15.134420
12.000000	22.000000	21.000000	1133.000000	817.000000	58.000000	1117.507776	821.187239	2.000000	15.687881
12.000000	23.000000	22.000000	1298.000000	760.000000	59.000000	1291.117632	753.165193	2.000000	16.415116
12.000000	24.000000	23.000000	1379.000000	844.000000	60.000000	1365.261191	830.756808	2.000000	17.270840
12.000000	25.000000	24.000000	1428.000000	911.000000	70.000000	1412.591053	901.472911	2.000000	17.839119
12.000000	26.000000	25.000000	1294.000000	889.000000	69.000000	1282.664762	872.314120	2.000000	18.327130
12.000000	27.000000	26.000000	1247.000000	995.000000	79.000000	1238.278658	1002.007437	1.000000	18.903358
12.000000	28.000000	27.000000	1111.000000	931.000000	68.000000	1099.248542	926.004412	1.000000	19.398863
12.000000	29.000000	28.000000	1090.000000	1044.000000	78.000000	1098.402659	1052.009081	2.000000	19.831010
12.000000	30.000000	29.000000	958.000000	1029.000000	77.000000	977.699261	1019.673387	2.000000	20.424452
12.000000	31.000000	0.000000	892.000000	1020.000000	76.000000	866.951705	1031.623856	2.000000	20.982210
12.000000	32.000000	30.000000	856.000000	1031.000000	76.000000	866.951705	1031.623856	2.000000	21.838909
12.000000	33.000000	31.000000	705.000000	1028.000000	75.000000	708.585136	1032.770581	1.000000	22.695827
12.000000	34.000000	32.000000	609.000000	1000.000000	74.000000	595.626977	1003.349277	2.000000	23.240124
12.000000	35.000000	33.000000	600.000000	963.000000	64.000000	602.688818	953.183887	1.000000	23.648183
12.000000	36.000000	34.000000	608.000000	778.000000	54.000000	620.961683	775.750115	1.000000	24.278994
12.000000	37.000000	35.000000	754.000000	763.000000	55.000000	748.620526	758.196181	1.000000	24.751214
12.000000	38.000000	36.000000	858.000000	774.000000	56.000000	868.274815	788.134340	1.000000	25.334185
12.000000	39.000000	37.000000	491.000000	780.000000	53.000000	473.123365	786.020018	2.000000	26.215834
12.000000	40.000000	38.000000	250.000000	954.000000	61.000000	248.641261	947.006263	2.000000	27.664072
12.000000	41.000000	39.000000	217.000000	1067.000000	71.000000	210.924191	1082.348253	2.000000	28.392127
12.000000	42.000000	40.000000	450.000000	869.000000	63.000000	445.252060	867.599703	1.000000	29.200224
13.000000	1.000000	1.000000	218.000000	191.000000	1.000000	227.267488	191.706331	1.000000	1.587806
13.000000	2.000000	2.000000	325.000000	271.000000	12.000000	333.238807	279.917828	2.000000	2.077447
13.000000	3.000000	3.000000	497.000000	214.000000	3.000000	496.097372	204.125085	1.000000	2.604303
13.000000	4.000000	4.000000	737.000000	132.000000	5.000000	751.024835	125.119727	2.000000	3.101099
13.000000	5.000000	5.000000	880.000000	166.000000	6.000000	874.897213	176.259431	2.000000	3.732234
13.000000	6.000000	6.000000	956.000000	136.000000	7.000000	966.678545	132.365746	2.000000	4.124221
13.000000	7.000000	7.000000	1013.000000	293.000000	17.000000	1001.735770	291.843395	2.000000	4.733020
13.000000	8.000000	8.000000	1126.000000	321.000000	18.000000	1127.195681	327.317824	1.000000	5.373154
13.000000	9.000000	9.000000	1429.000000	419.000000	30.000000	1421.020720	421.348288	1.000000	6.045367
13.000000	10.000000	10.000000	1117.000000	415.000000	28.000000	1126.580609	415.131242	2.000000	7.020521
13.000000	11.000000	11.000000	977.000000	449.000000	27.000000	988.852975	447.217429	1.000000	7.581030
13.000000	12.000000	12.000000	886.000000	416.000000	26.000000	876.440780	401.675812	1.000000	8.051598
13.000000	13.000000	13.000000	754.000000	320.000000	15.000000	769.629474	312.347054	1.000000	8.651392
13.000000	14.000000	14.000000	848.000000	514.000000	36.000000	845.368598	521.403334	2.000000	9.195471
13.000000	15.000000	15.000000	629.000000	513.000000	34.000000	606.501947	502.209649	2.000000	9.652281
13.000000	16.000000	16.000000	736.000000	516.000000	35.000000	723.358209	511.405449	1.000000	10.011515
13.000000	17.000000	17.000000	1160.000000	520.000000	38.000000	1144.043714	524.410059	1.000000	10.725529
13.000000	18.000000	18.000000	1383.000000	562.000000	40.000000	1382.859930	561.203855	2.000000	11.563769
13.000000	19.000000	19.000000	1032.000000	695.000000	47.000000	1028.017128	695.070512	2.000000	12.516388
13.000000	20.000000	20.000000	1013.000000	794.000000	57.000000	1008.052677	788.062694	2.000000	13.349592
13.000000	21.000000	0.000000	895.000000	719.000000	46.000000	878.574394	696.484025	2.000000	13.884844
13.000000	22.000000	21.000000	869.000000	711.000000	46.000000	878.574394	696.484025	2.000000	14.283969
13.000000	23.000000	22.000000	753.000000	707.000000	45.000000	733.793520	703.268174	2.000000	15.003389
13.000000	24.000000	23.000000	595.000000	666.000000	44.000000	595.662529	661.423439	1.000000	15.453518
13.000000	25.000000	24.000000	505.000000	756.000000	53.000000	511.520871	761.128219	2.000000	16.276413
13.000000	26.000000	25.000000	238.000000	476.000000	21.000000	243.571950	454.491774	1.000000	17.500247
13.000000	27.000000	26.000000	229.000000	646.000000	41.000000	224.005005	648.374332	2.000000	18.227644
13.000000	28.000000	27.000000	343.000000	627.000000	42.000000	334.599812	640.541503	1.000000	18.652956
13.000000	29.000000	28.000000	318.000000	777.000000	52.000000	325.072158	769.928944	2.000000	19.197511
13.000000	30.000000	29.000000	200.000000	765.000000	51.000000	189.527553	753.254723	1.000000	19.772330
13.000000	31.000000	0.000000	447.000000	871.000000	63.000000	482.166817	872.953937	1.000000	20.395292
13.000000	32.000000	30.000000	492.000000	876.000000	63.000000	482.166817	872.953937	1.000000	20.939818
13.000000	33.000000	31.000000	621.000000	920.000000	64.000000	608.352630	916.232861	1.000000	21.292686
13.000000	34.000000	32.000000	772.000000	916.000000	65.000000	763.147085	908.306685	1.000000	21.787545
13.000000	35.000000	33.000000	862.000000	911.000000	66.000000	852.777870	894.983502	1.000000	22.101071
13.000000	36.000000	34.000000	1272.000000	810.000000	59.000000	1273.336606	804.413497	1.000000	23.388685
13.000000	37.000000	35.000000	1382.000000	1032.000000	80.000000	1375.644364	1026.129256	2.000000	24.173230
13.000000	38.000000	36.000000	1174.000000	1059.000000	78.000000	1157.502956	1062.666144	2.000000	24.891492
13.000000	39.000000	37.000000	472.000000	1016.000000	73.000000	484.589050	1007.255255	2.000000	25.900750
13.000000	40.000000	38.000000	347.000000	940.000000	62.000000	356.591113	951.735063	2.000000	26.396971
13.000000	41.000000	39.000000	334.000000	1052.000000	72.000000	349.561422	1057.378479	1.000000	26.787886
13.000000	42.000000	40.000000	1413.000000	698.000000	50.000000	1404.379022	691.568532	1.000000	28.716478
14.000000	1.000000	1.000000	470.000000	169.000000	3.000000	466.744993	167.212299	1.000000	1.812472
14.000000	2.000000	2.000000	627.000000	284.000000	14.000000	633.185488	289.539472	2.000000	2.461576
14.000000	3.000000	3.000000	468.000000	379.000000	23.000000	470.176827	369.156625	2.000000	3.316074
14.000000	4.000000	4.000000	310.000000	350.000000	12.000000	309.058297	325.417529	2.000000	3.795356
14.000000	5.000000	5.000000	209.000000	339.000000	11.000000	203.486409	331.295695	2.000000	4.308684
14.000000	6.000000	6.000000	223.000000	393.000000	21.000000	236.345029	407.897893	2.000000	4.667553
14.000000	7.000000	7.000000	254.000000	554.000000	31.000000	234.117563	548.297201	2.000000	5.317354
14.000000	8.000000	8.000000	319.000000	562.000000	32.000000	324.684214	563.422441	1.000000	5.621373
14.000000	9.000000	9.000000	443.000000	530.000000	33.000000	456.770693	527.788804	1.000000	5.971737
14.000000	10.000000	10.000000	589.000000	465.000000	24.000000	579.096932	455.124136	1.000000	6.651324
14.000000	11.000000	11.000000	777.000000	501.000000	35.000000	771.971039	510.936567	1.000000	7.117017
14.000000	12.000000	12.000000	859.000000	434.000000	26.000000	854.783478	421.141486	1.000000	7.635816
14.000000	13.000000	13.000000	1036.000000	268.000000	17.000000	1012.970462	275.398915	1.000000	8.285332
14.000000	14.000000	14.000000	1016.000000	196.000000	7.000000	1016.712462	198.438147	1.000000	8.683258
14.000000	15.000000	15.000000	1141.000000	160.000000	8.000000	1146.559882	145.874021	1.000000	9.085191
14.000000	16.000000	16.000000	1265.000000	159.000000	9.000000	1268.850788	151.526903	1.000000	9.683285
14.000000	17.000000	17.000000	1149.000000	463.000000	28.000000	1143.651196	453.950615	1.000000	10.668672
14.000000	18.000000	18.000000	1282.000000	626.000000	49.000000	1285.512301	624.882184	2.000000	11.300783
14.000000	19.000000	19.000000	1101.000000	541.000000	38.000000	1103.353951	530.143614	2.000000	12.068444
14.000000	20.000000	20.000000	1013.000000	643.000000	47.000000	1023.047273	645.344084	2.000000	12.643686
14.000000	21.000000	21.000000	901.000000	558.000000	36.000000	890.422050	546.543848	1.000000	13.459967
14.000000	22.000000	22.000000	1383.000000	610.000000	50.000000	1382.636879	618.085837	1.000000	14.284397
14.000000	23.000000	23.000000	1175.000000	757.000000	58.000000	1160.911896	760.513886	2.000000	14.876268
14.000000	24.000000	24.000000	732.000000	666.000000	45.000000	746.794921	664.288705	1.000000	15.628025
14.000000	25.000000	25.000000	468.000000	626.000000	43.000000	492.147734	627.054669	2.000000	16.653382
14.000000	26.000000	26.000000	318.000000	684.000000	42.000000	314.406464	694.971129	1.000000	17.460293
14.000000	27.000000	27.000000	188.000000	661.000000	41.000000	180.781574	656.655603	2.000000	17.981252
14.000000	28.000000	28.000000	193.000000	806.000000	51.000000	206.563882	796.126547	1.000000	18.908978
14.000000	29.000000	29.000000	348.000000	787.000000	52.000000	327.926401	788.402038	2.000000	19.580405
14.000000	30.000000	30.000000	340.000000	924.000000	62.000000	327.853152	921.489502	2.000000	20.069019
14.000000	31.000000	31.000000	451.000000	882.000000	63.000000	447.282121	883.188162	1.000000	20.475250
14.000000	32.000000	32.000000	446.000000	1033.000000	73.000000	448.403279	1033.737370	2.000000	21.171570
14.000000	33.000000	33.000000	637.000000	1048.000000	74.000000	613.949936	1049.022150	2.000000	21.619437
14.000000	34.000000	34.000000	843.000000	888.000000	66.000000	851.867823	872.235197	1.000000	22.412061
14.000000	35.000000	35.000000	1116.000000	1043.000000	78.000000	1112.515601	1051.384255	1.000000	22.965142
14.000000	36.000000	36.000000	967.000000	1069.000000	77.000000	960.201275	1068.390637	2.000000	23.788847
14.000000	37.000000	37.000000	1106.000000	907.000000	68.000000	1099.259910	899.531637	2.000000	24.484409
14.000000	38.000000	38.000000	1288.000000	1004.000000	79.000000	1286.786020	996.388166	2.000000	24.988730
14.000000	39.000000	39.000000	1429.000000	1029.000000	80.000000	1416.824620	1018.189915	2.000000	25.603427
14.000000	40.000000	40.000000	1392.000000	914.000000	70.000000	1386.380144	906.040643	1.000000	26.092895
15.000000	1.000000	1.000000	857.000000	149.000000	6.000000	866.397678	139.623468	2.000000	1.804475
15.000000	2.000000	2.000000	460.000000	268.000000	13.000000	455.383621	260.906865	2.000000	2.499056
15.000000	3.000000	3.000000	600.000000	278.000000	14.000000	604.220562	283.582014	1.000000	3.123850
15.000000	4.000000	4.000000	757.000000	181.000000	5.000000	756.572303	182.753114	1.000000	3.867250
15.000000	5.000000	5.000000	699.000000	322.000000	15.000000	699.940676	327.689438	2.000000	4.427365
15.000000	6.000000	6.000000	700.000000	417.000000	25.000000	704.930879	420.793459	2.000000	5.076258
15.000000	7.000000	7.000000	363.000000	115.000000	2.000000	357.767139	122.915482	1.000000	5.746413
15.000000	8.000000	8.000000	335.000000	283.000000	12.000000	331.309668	282.428097	1.000000	6.458316
15.000000	9.000000	9.000000	451.000000	377.000000	23.000000	439.354468	367.609135	2.000000	6.948001
15.000000	10.000000	10.000000	323.000000	389.000000	22.000000	327.841795	381.122835	1.000000	7.556558
15.000000	11.000000	11.000000	182.000000	289.000000	11.000000	183.599639	282.335367	2.000000	8.083496
15.000000	12.000000	0.000000	339.000000	529.000000	32.000000	321.181914	504.682897	2.000000	8.827274
15.000000	13.000000	12.000000	327.000000	519.000000	32.000000	321.181914	504.682897	2.000000	9.195260
15.000000	14.000000	13.000000	197.000000	572.000000	31.000000	205.412771	552.932970	1.000000	9.668392
15.000000	15.000000	14.000000	234.000000	668.000000	41.000000	239.760885	665.594620	1.000000	10.011061
15.000000	16.000000	15.000000	334.000000	674.000000	42.000000	326.581535	675.178358	2.000000	10.434524
15.000000	17.000000	16.000000	513.000000	564.000000	33.000000	495.959335	573.521042	2.000000	11.082854
15.000000	18.000000	0.000000	546.000000	556.000000	34.000000	570.060116	544.685944	1.000000	11.371249
15.000000	19.000000	17.000000	580.000000	547.000000	34.000000	570.060116	544.685944	1.000000	12.795073
15.000000	20.000000	18.000000	758.000000	537.000000	35.000000	746.280063	538.808815	2.000000	13.402856
15.000000	21.000000	19.000000	989.000000	552.000000	37.000000	979.548330	551.327751	1.000000	13.963992
15.000000	22.000000	20.000000	1018.000000	377.000000	27.000000	1029.181438	373.380712	1.000000	14.548225
15.000000	23.000000	21.000000	1115.000000	295.000000	18.000000	1109.034947	289.645458	1.000000	15.187674
15.000000	24.000000	22.000000	1223.000000	221.000000	9.000000	1220.790600	206.575930	2.000000	15.931177
15.000000	25.000000	23.000000	1375.000000	306.000000	20.000000	1365.275198	291.941910	1.000000	16.428412
15.000000	26.000000	24.000000	1384.000000	503.000000	40.000000	1371.958439	500.307945	2.000000	17.035976
15.000000	27.000000	25.000000	1396.000000	761.000000	60.000000	1388.896876	750.383184	1.000000	17.738566
15.000000	28.000000	26.000000	1421.000000	885.000000	70.000000	1420.327024	879.966630	1.000000	18.411047
15.000000	29.000000	27.000000	1410.000000	1011.000000	80.000000	1407.786077	997.145598	2.000000	19.090397
15.000000	30.000000	28.000000	1131.000000	871.000000	68.000000	1134.622671	870.108075	1.000000	19.922959
15.000000	31.000000	29.000000	1117.000000	672.000000	48.000000	1118.929253	667.420442	2.000000	20.635931
15.000000	32.000000	30.000000	991.000000	703.000000	47.000000	1000.688483	693.932775	1.000000	21.042503
15.000000	33.000000	31.000000	1000.000000	802.000000	57.000000	1006.143280	821.110673	2.000000	21.539246
15.000000	34.000000	32.000000	837.000000	686.000000	46.000000	836.921352	685.410206	2.000000	22.994558
15.000000	35.000000	33.000000	782.000000	887.000000	65.000000	768.167155	905.957091	2.000000	23.611859
15.000000	36.000000	34.000000	722.000000	802.000000	55.000000	713.538505	794.353227	1.000000	24.507357
15.000000	37.000000	35.000000	614.000000	868.000000	64.000000	617.494767	867.773870	2.000000	25.075490
15.000000	38.000000	36.000000	381.000000	877.000000	62.000000	366.875401	882.232787	2.000000	25.740074
15.000000	39.000000	37.000000	202.000000	907.000000	61.000000	201.673138	903.276986	1.000000	27.459412
15.000000	40.000000	38.000000	180.000000	1058.000000	71.000000	187.210362	1045.328583	2.000000	28.115946
15.000000	41.000000	39.000000	466.000000	1036.000000	73.000000	469.138405	1027.088185	1.000000	28.804158
15.000000	42.000000	40.000000	611.000000	1069.000000	74.000000	622.914471	1064.559432	1.000000	29.554516
16.000000	1.000000	1.000000	363.000000	179.000000	2.000000	351.867516	183.265710	2.000000	1.944800
16.000000	2.000000	2.000000	500.000000	179.000000	3.000000	507.529534	173.708986	1.000000	2.351191
16.000000	3.000000	0.000000	547.000000	173.000000	4.000000	575.771686	165.840986	1.000000	2.719348
16.000000	4.000000	3.000000	568.000000	168.000000	4.000000	575.771686	165.840986	1.000000	3.073230
16.000000	5.000000	4.000000	754.000000	184.000000	5.000000	751.032805	197.930099	1.000000	3.696544
16.000000	6.000000	0.000000	751.000000	345.000000	15.000000	766.265352	313.269124	1.000000	4.192044
16.000000	7.000000	5.000000	778.000000	334.000000	15.000000	766.265352	313.269124	1.000000	4.608580
16.000000	8.000000	6.000000	879.000000	318.000000	16.000000	864.948886	305.797428	1.000000	4.967618
16.000000	9.000000	7.000000	1018.000000	318.000000	17.000000	1000.421078	312.411027	1.000000	5.407972
16.000000	10.000000	8.000000	963.000000	383.000000	27.000000	968.188066	371.791839	1.000000	5.743220
16.000000	11.000000	9.000000	1166.000000	327.000000	18.000000	1160.957290	326.866328	2.000000	6.439851
16.000000	12.000000	10.000000	1163.000000	128.000000	8.000000	1156.087711	128.700910	1.000000	6.945020
16.000000	13.000000	11.000000	1414.000000	292.000000	20.000000	1396.925274	297.334516	2.000000	7.561241
16.000000	14.000000	12.000000	1372.000000	575.000000	40.000000	1374.236570	555.005111	2.000000	8.569153
16.000000	15.000000	13.000000	1414.000000	798.000000	60.000000	1414.946960	789.826545	2.000000	9.232436
16.000000	16.000000	14.000000	1410.000000	896.000000	70.000000	1399.182203	897.692884	2.000000	9.601158
16.000000	17.000000	15.000000	1262.000000	966.000000	69.000000	1261.898565	950.143273	2.000000	10.239551
16.000000	18.000000	16.000000	1108.000000	1069.000000	78.000000	1117.563937	1076.182391	1.000000	10.751574
16.000000	19.000000	17.000000	1010.000000	1051.000000	77.000000	1002.978502	1036.545831	2.000000	11.223878
16.000000	20.000000	18.000000	853.000000	1025.000000	76.000000	847.004423	1020.280411	2.000000	11.912652
16.000000	21.000000	19.000000	851.000000	900.000000	66.000000	848.792171	904.629019	2.000000	12.359206
16.000000	22.000000	20.000000	853.000000	781.000000	56.000000	841.934372	783.651815	1.000000	12.984568
16.000000	23.000000	21.000000	887.000000	693.000000	46.000000	874.922414	703.873155	2.000000	13.407946
16.000000	24.000000	22.000000	978.000000	673.000000	47.000000	972.106760	674.581390	1.000000	13.855176
16.000000	25.000000	23.000000	896.000000	548.000000	36.000000	899.506589	543.506258	1.000000	14.320390
16.000000	26.000000	24.000000	825.000000	420.000000	26.000000	841.483396	420.443496	1.000000	15.024652
16.000000	27.000000	25.000000	718.000000	420.000000	25.000000	700.620433	413.432624	2.000000	15.569009
16.000000	28.000000	26.000000	630.000000	523.000000	34.000000	618.136055	502.005437	2.000000	15.968908
16.000000	29.000000	27.000000	592.000000	330.000000	14.000000	573.101729	317.864314	2.000000	16.753016
16.000000	30.000000	28.000000	321.000000	320.000000	12.000000	333.776871	316.333790	2.000000	17.465011
16.000000	31.000000	0.000000	245.000000	403.000000	21.000000	251.373182	376.422001	2.000000	17.800618
16.000000	32.000000	29.000000	251.000000	394.000000	21.000000	251.373182	376.422001	2.000000	18.127695
16.000000	33.000000	30.000000	322.000000	427.000000	22.000000	317.558861	426.231524	1.000000	18.647308
16.000000	34.000000	31.000000	462.000000	674.000000	43.000000	470.346438	686.629439	2.000000	19.456929
16.000000	35.000000	32.000000	470.000000	774.000000	53.000000	471.035825	771.577147	2.000000	20.071341
16.000000	36.000000	33.000000	367.000000	787.000000	52.000000	359.262165	790.957730	1.000000	20.455889
16.000000	37.000000	34.000000	240.000000	818.000000	51.000000	251.104159	808.899553	1.000000	20.847825
16.000000	38.000000	35.000000	436.000000	922.000000	63.000000	443.887123	939.386382	1.000000	21.383943
16.000000	39.000000	36.000000	607.000000	916.000000	64.000000	617.455228	914.507724	1.000000	21.888316
16.000000	40.000000	37.000000	647.000000	1043.000000	74.000000	639.503040	1050.741578	2.000000	22.383412
16.000000	41.000000	38.000000	709.000000	1027.000000	75.000000	704.641998	1020.169700	1.000000	22.744374
16.000000	42.000000	39.000000	477.000000	1049.000000	73.000000	489.397973	1057.088730	2.000000	23.263196
16.000000	43.000000	40.000000	701.000000	698.000000	45.000000	700.025991	692.716373	1.000000	24.265137
17.000000	1.000000	1.000000	216.000000	163.000000	1.000000	224.397681	163.093667	1.000000	1.111128
17.000000	2.000000	2.000000	335.000000	169.000000	2.000000	339.636491	181.577083	2.000000	1.790623
17.000000	3.000000	3.000000	311.000000	301.000000	12.000000	317.954598	296.976765	1.000000	2.246044
17.000000	4.000000	4.000000	215.000000	297.000000	11.000000	237.314701	307.448915	2.000000	2.638398
17.000000	5.000000	5.000000	230.000000	440.000000	21.000000	232.327897	447.309527	2.000000	3.430359
17.000000	6.000000	6.000000	378.000000	440.000000	22.000000	376.697018	454.926533	2.000000	3.846389
17.000000	7.000000	7.000000	332.000000	582.000000	32.000000	325.774956	581.189485	2.000000	4.541768
17.000000	8.000000	8.000000	317.000000	791.000000	52.000000	319.349410	777.875598	1.000000	5.254313
17.000000	9.000000	9.000000	193.000000	756.000000	51.000000	180.501153	745.656579	1.000000	5.758188
17.000000	10.000000	10.000000	485.000000	769.000000	53.000000	462.549166	773.867917	2.000000	6.391673
17.000000	11.000000	11.000000	390.000000	901.000000	62.000000	378.527901	918.747597	1.000000	7.119371
17.000000	12.000000	12.000000	339.000000	1050.000000	72.000000	333.013648	1072.758803	1.000000	7.661723
17.000000	13.000000	13.000000	579.000000	1045.000000	74.000000	595.783920	1053.030291	2.000000	8.333606
17.000000	14.000000	14.000000	570.000000	934.000000	64.000000	586.060954	949.768786	1.000000	8.895544
17.000000	15.000000	15.000000	593.000000	426.000000	24.000000	592.684639	409.188705	2.000000	9.839142
17.000000	16.000000	16.000000	776.000000	313.000000	15.000000	758.593755	315.097377	1.000000	10.685765
17.000000	17.000000	17.000000	841.000000	181.000000	6.000000	840.111041	194.912933	2.000000	11.518499
17.000000	18.000000	18.000000	1025.000000	110.000000	7.000000	1023.605529	132.501178	2.000000	12.191452
17.000000	19.000000	19.000000	1146.000000	146.000000	8.000000	1123.241696	145.511979	2.000000	12.575589
17.000000	20.000000	20.000000	1304.000000	148.000000	9.000000	1291.734652	151.812256	1.000000	13.510617
17.000000	21.000000	21.000000	1008.000000	263.000000	17.000000	1009.008945	254.565313	1.000000	14.479542
17.000000	22.000000	22.000000	831.000000	404.000000	26.000000	838.929160	406.839553	1.000000	15.295145
17.000000	23.000000	23.000000	762.000000	534.000000	35.000000	751.497732	527.888392	2.000000	15.767429
17.000000	24.000000	24.000000	857.000000	573.000000	36.000000	844.910072	567.751043	2.000000	16.166884
17.000000	25.000000	25.000000	889.000000	665.000000	46.000000	888.016864	663.743885	2.000000	16.614578
17.000000	26.000000	26.000000	734.000000	696.000000	45.000000	741.835769	695.137496	2.000000	17.262348
17.000000	27.000000	27.000000	1018.000000	556.000000	37.000000	1006.535516	565.528909	1.000000	18.165988
17.000000	28.000000	28.000000	1174.000000	521.000000	38.000000	1157.220583	530.297231	2.000000	18.927564
17.000000	29.000000	29.000000	1235.000000	507.000000	39.000000	1241.913262	507.577682	2.000000	19.309535
17.000000	30.000000	30.000000	1416.000000	534.000000	40.000000	1421.023002	554.004506	1.000000	19.751297
17.000000	31.000000	0.000000	1406.000000	600.000000	50.000000	1409.516129	631.324237	2.000000	20.207329
17.000000	32.000000	31.000000	1408.000000	634.000000	50.000000	1409.516129	631.324237	2.000000	20.838292
17.000000	33.000000	32.000000	1137.000000	672.000000	48.000000	1133.233680	679.963012	1.000000	21.494320
17.000000	34.000000	33.000000	1110.000000	799.000000	58.000000	1119.620023	801.557127	2.000000	21.950710
17.000000	35.000000	34.000000	1244.000000	877.000000	69.000000	1227.493607	884.538779	1.000000	22.493851
17.000000	36.000000	35.000000	1429.000000	1016.000000	80.000000	1421.829914	1026.814810	2.000000	23.127474
17.000000	37.000000	0.000000	1121.000000	933.000000	68.000000	1092.248809	929.679927	1.000000	23.910349
17.000000	38.000000	36.000000	1090.000000	918.000000	68.000000	1092.248809	929.679927	1.000000	24.311215
17.000000	39.000000	37.000000	999.000000	826.000000	57.000000	1009.691139	827.222680	1.000000	24.854878
17.000000	40.000000	38.000000	980.000000	876.000000	67.000000	985.280593	882.086746	1.000000	25.311271
17.000000	41.000000	39.000000	904.000000	893.000000	66.000000	902.045380	899.588655	1.000000	25.703175
17.000000	42.000000	40.000000	869.000000	1069.000000	76.000000	860.542474	1070.411092	1.000000	26.493624
18.000000	1.000000	1.000000	752.000000	243.000000	15.000000	761.644818	246.619165	2.000000	1.485921
18.000000	2.000000	2.000000	859.000000	156.000000	6.000000	856.598875	150.173664	2.000000	1.942751
18.000000	3.000000	3.000000	1004.000000	238.000000	17.000000	1015.408366	247.027087	2.000000	2.509586
18.000000	4.000000	4.000000	1104.000000	178.000000	8.000000	1099.911756	171.371020	2.000000	2.911047
18.000000	5.000000	5.000000	1385.000000	178.000000	10.000000	1366.125398	185.017479	1.000000	3.349068
18.000000	6.000000	6.000000	1379.000000	239.000000	20.000000	1375.387845	258.013598	2.000000	3.765797
18.000000	7.000000	7.000000	1244.000000	258.000000	19.000000	1258.990074	253.435971	2.000000	4.286574
18.000000	8.000000	8.000000	1144.000000	300.000000	18.000000	1128.918447	315.651370	2.000000	4.701307
18.000000	9.000000	0.000000	916.000000	430.000000	26.000000	861.525484	437.453961	1.000000	5.334980
18.000000	10.000000	9.000000	879.000000	324.000000	16.000000	871.697327	308.435788	2.000000	5.934547
18.000000	11.000000	10.000000	867.000000	443.000000	26.000000	861.525484	437.453961	1.000000	6.341033
18.000000	12.000000	11.000000	857.000000	541.000000	36.000000	865.746796	546.949474	1.000000	6.764944
18.000000	13.000000	12.000000	633.000000	257.000000	14.000000	623.589896	258.241051	1.000000	7.790967
18.000000	14.000000	13.000000	600.000000	379.000000	24.000000	588.673087	385.636978	2.000000	8.206375
18.000000	15.000000	14.000000	472.000000	335.000000	13.000000	465.243986	325.632728	2.000000	8.703304
18.000000	16.000000	15.000000	210.000000	518.000000	31.000000	207.906704	518.100450	2.000000	9.652731
18.000000	17.000000	16.000000	577.000000	574.000000	34.000000	601.703328	572.184834	1.000000	10.412779
18.000000	18.000000	17.000000	625.000000	630.000000	44.000000	631.392579	653.113253	1.000000	10.822940
18.000000	19.000000	18.000000	754.000000	778.000000	55.000000	748.101479	758.684289	1.000000	11.837887
18.000000	20.000000	19.000000	868.000000	810.000000	56.000000	866.526090	799.927014	1.000000	12.397343
18.000000	21.000000	20.000000	711.000000	857.000000	65.000000	704.941707	868.806733	2.000000	12.876641
18.000000	22.000000	21.000000	563.000000	876.000000	64.000000	580.999136	882.395918	1.000000	13.357376
18.000000	23.000000	22.000000	606.000000	795.000000	54.000000	616.210054	781.788701	1.000000	13.949049
18.000000	24.000000	23.000000	454.000000	764.000000	53.000000	439.324224	761.393327	2.000000	14.526659
18.000000	25.000000	24.000000	379.000000	675.000000	42.000000	361.852903	672.625851	2.000000	15.253110
18.000000	26.000000	25.000000	354.000000	793.000000	52.000000	347.641178	779.875211	1.000000	15.996973
18.000000	27.000000	26.000000	207.000000	804.000000	51.000000	213.408017	780.922917	1.000000	16.557957
18.000000	28.000000	27.000000	222.000000	922.000000	61.000000	242.397870	933.551074	1.000000	16.973171
18.000000	29.000000	28.000000	329.000000	1069.000000	72.000000	315.204232	1067.235803	2.000000	17.694255
18.000000	30.000000	29.000000	450.000000	1072.000000	73.000000	438.799380	1062.751910	1.000000	18.293299
18.000000	31.000000	30.000000	622.000000	1077.000000	74.000000	637.837193	1067.150833	2.000000	18.748829
18.000000	32.000000	31.000000	747.000000	1024.000000	75.000000	763.489652	1008.762909	1.000000	19.229286
18.000000	33.000000	32.000000	870.000000	1061.000000	76.000000	876.158486	1059.563414	1.000000	19.773492
18.000000	34.000000	33.000000	995.000000	1064.000000	77.000000	990.486052	1046.280948	2.000000	20.309090
18.000000	35.000000	34.000000	1259.000000	802.000000	59.000000	1247.931593	794.932699	2.000000	21.206800
18.000000	36.000000	35.000000	1224.000000	894.000000	69.000000	1218.708953	896.127761	1.000000	21.645660
18.000000	37.000000	36.000000	1420.000000	1017.000000	80.000000	1417.210448	1010.103362	1.000000	22.269707
18.000000	38.000000	37.000000	1343.000000	752.000000	60.000000	1351.018680	745.963434	1.000000	22.822934
18.000000	39.000000	38.000000	1363.000000	638.000000	50.000000	1371.028311	625.892363	2.000000	23.549602
18.000000	40.000000	39.000000	995.000000	686.000000	47.000000	993.504773	684.246459	2.000000	24.229376
18.000000	41.000000	40.000000	1253.000000	677.000000	49.000000	1256.378593	671.194765	1.000000	24.934984
19.000000	1.000000	1.000000	330.000000	168.000000	2.000000	326.296298	163.942972	2.000000	1.326049
19.000000	2.000000	2.000000	347.000000	279.000000	12.000000	341.075242	286.587003	1.000000	1.845562
19.000000	3.000000	0.000000	524.000000	290.000000	13.000000	497.504832	306.763954	1.000000	2.270257
19.000000	4.000000	3.000000	498.000000	304.000000	13.000000	497.504832	306.763954	1.000000	3.087007
19.000000	5.000000	4.000000	627.000000	138.000000	4.000000	625.187290	149.979282	1.000000	3.838282
19.000000	6.000000	5.000000	882.000000	137.000000	6.000000	879.179178	140.846264	2.000000	4.861595
19.000000	7.000000	6.000000	881.000000	311.000000	16.000000	876.100463	310.285860	2.000000	5.455103
19.000000	8.000000	0.000000	1185.000000	170.000000	8.000000	1158.178674	169.935679	1.000000	7.686956
19.000000	9.000000	7.000000	1173.000000	167.000000	8.000000	1158.178674	169.935679	1.000000	8.046322
19.000000	10.000000	8.000000	1017.000000	178.000000	7.000000	1015.405716	177.901299	1.000000	8.774846
19.000000	11.000000	9.000000	1384.000000	327.000000	20.000000	1379.750879	327.522442	2.000000	9.493044
19.000000	12.000000	10.000000	1257.000000	408.000000	29.000000	1258.819018	409.973323	2.000000	10.054682
19.000000	13.000000	11.000000	1348.000000	534.000000	40.000000	1361.307358	531.731887	2.000000	10.717198
19.000000	14.000000	12.000000	1159.000000	444.000000	28.000000	1141.219443	439.589490	2.000000	11.477665
19.000000	15.000000	13.000000	1267.000000	595.000000	39.000000	1259.571493	574.558642	1.000000	12.166247
19.000000	16.000000	14.000000	1284.000000	617.000000	49.000000	1287.103109	629.256800	2.000000	12.557019
19.000000	17.000000	15.000000	1374.000000	686.000000	50.000000	1363.027341	690.676414	2.000000	13.125419
19.000000	18.000000	16.000000	1424.000000	949.000000	70.000000	1419.694084	954.193471	1.000000	14.149404
19.000000	19.000000	17.000000	1259.000000	834.000000	59.000000	1257.429609	830.580077	2.000000	14.894059
19.000000	20.000000	18.000000	1080.000000	680.000000	48.000000	1097.879888	696.357179	2.000000	15.421653
19.000000	21.000000	19.000000	991.000000	645.000000	47.000000	993.548091	639.623839	1.000000	15.823143
19.000000	22.000000	20.000000	981.000000	767.000000	57.000000	975.997713	781.179004	1.000000	16.221642
19.000000	23.000000	21.000000	885.000000	812.000000	56.000000	894.913856	827.292091	2.000000	16.789048
19.000000	24.000000	22.000000	865.000000	508.000000	36.000000	866.677586	512.206305	1.000000	17.724967
19.000000	25.000000	23.000000	559.000000	395.000000	24.000000	572.626520	392.956056	2.000000	18.445436
19.000000	26.000000	24.000000	236.000000	371.000000	21.000000	225.456210	375.333094	1.000000	19.029991
19.000000	27.000000	25.000000	323.000000	448.000000	22.000000	321.475805	452.644676	2.000000	19.438352
19.000000	28.000000	26.000000	326.000000	487.000000	32.000000	324.819631	495.252777	2.000000	19.718507
19.000000	29.000000	27.000000	574.000000	577.000000	34.000000	578.188809	580.531823	1.000000	20.406942
19.000000	30.000000	28.000000	202.000000	622.000000	41.000000	187.960304	642.676556	1.000000	20.918524
19.000000	31.000000	29.000000	182.000000	828.000000	51.000000	182.755470	808.855042	2.000000	21.925922
19.000000	32.000000	30.000000	185.000000	867.000000	61.000000	188.956886	872.376066	1.000000	22.230113
19.000000	33.000000	31.000000	365.000000	921.000000	62.000000	380.865864	917.340390	1.000000	22.726638
19.000000	34.000000	32.000000	436.000000	889.000000	63.000000	438.404410	877.598255	1.000000	23.292989
19.000000	35.000000	33.000000	343.000000	1072.000000	72.000000	332.924457	1071.376430	2.000000	23.926212
19.000000	36.000000	0.000000	469.000000	1088.000000	73.000000	506.253892	1081.922860	2.000000	24.390072
19.000000	37.000000	34.000000	490.000000	1086.000000	73.000000	506.253892	1081.922860	2.000000	24.733888
19.000000	38.000000	35.000000	479.000000	805.000000	53.000000	469.551962	807.644784	2.000000	25.493483
19.000000	39.000000	36.000000	640.000000	804.000000	54.000000	627.256636	797.838786	2.000000	25.837057
19.000000	40.000000	0.000000	703.000000	774.000000	55.000000	732.036452	754.193823	1.000000	26.244811
19.000000	41.000000	37.000000	746.000000	755.000000	55.000000	732.036452	754.193823	1.000000	26.526507
19.000000	42.000000	38.000000	748.000000	1071.000000	75.000000	735.533980	1070.208772	1.000000	27.142889
19.000000	43.000000	39.000000	1037.000000	984.000000	77.000000	1031.003013	997.925113	1.000000	27.708913
19.000000	44.000000	40.000000	1116.000000	921.000000	68.000000	1101.027524	932.673818	1.000000	27.975165
20.000000	1.000000	1.000000	208.000000	260.000000	11.000000	210.145631	253.234701	1.000000	1.259962
20.000000	2.000000	2.000000	320.000000	256.000000	12.000000	324.797372	252.468676	1.000000	1.578665
20.000000	3.000000	3.000000	498.000000	157.000000	3.000000	508.696196	164.695178	2.000000	2.051938
20.000000	4.000000	4.000000	638.000000	149.000000	4.000000	638.072945	152.222139	1.000000	2.436006
20.000000	5.000000	5.000000	852.000000	160.000000	6.000000	844.882161	163.988185	1.000000	2.985836
20.000000	6.000000	6.000000	1024.000000	142.000000	7.000000	1027.347919	155.477531	1.000000	3.657935
20.000000	7.000000	7.000000	1235.000000	255.000000	19.000000	1249.935183	254.476740	1.000000	4.369390
20.000000	8.000000	8.000000	1155.000000	302.000000	18.000000	1161.679357	300.031777	1.000000	4.939331
20.000000	9.000000	9.000000	1124.000000	389.000000	28.000000	1112.135744	379.736312	2.000000	5.267747
20.000000	10.000000	0.000000	1258.000000	415.000000	29.000000	1229.016483	410.343246	1.000000	5.674782
20.000000	11.000000	10.000000	1239.000000	418.000000	29.000000	1229.016483	410.343246	1.000000	6.019825
20.000000	12.000000	11.000000	1375.000000	391.000000	30.000000	1380.468260	376.274114	2.000000	6.483626
20.000000	13.000000	0.000000	1394.000000	294.000000	20.000000	1386.877232	319.824165	2.000000	6.810328
20.000000	14.000000	12.000000	1379.000000	336.000000	20.000000	1386.877232	319.824165	2.000000	7.779540
20.000000	15.000000	13.000000	1005.000000	503.000000	37.000000	1007.538257	494.371552	2.000000	8.818948
20.000000	16.000000	14.000000	884.000000	392.000000	26.000000	891.133714	391.477988	2.000000	9.473875
20.000000	17.000000	15.000000	1100.000000	638.000000	48.000000	1097.393880	627.508904	2.000000	10.347126
20.000000	18.000000	16.000000	1123.000000	575.000000	38.000000	1118.990232	575.276228	1.000000	10.707960
20.000000	19.000000	17.000000	1225.000000	631.000000	49.000000	1229.478620	625.961253	2.000000	11.106259
20.000000	20.000000	18.000000	1314.000000	568.000000	39.000000	1291.616401	559.723811	2.000000	11.490347
20.000000	21.000000	19.000000	1349.000000	550.000000	40.000000	1353.574027	535.622303	2.000000	11.962693
20.000000	22.000000	20.000000	1366.000000	759.000000	60.000000	1369.744780	777.185353	2.000000	12.643170
20.000000	23.000000	21.000000	1241.000000	758.000000	59.000000	1240.670108	757.012140	1.000000	13.275004
20.000000	24.000000	22.000000	1015.000000	1077.000000	77.000000	1004.976948	1061.049598	1.000000	14.209968
20.000000	25.000000	0.000000	990.000000	979.000000	67.000000	978.911481	943.553003	1.000000	14.578751
20.000000	26.000000	23.000000	973.000000	947.000000	67.000000	978.911481	943.553003	1.000000	15.154019
20.000000	27.000000	24.000000	724.000000	1012.000000	75.000000	729.575661	1014.747343	1.000000	15.810302
20.000000	28.000000	25.000000	860.000000	884.000000	66.000000	863.903845	880.145626	1.000000	16.570454
20.000000	29.000000	26.000000	451.000000	1030.000000	73.000000	448.595004	1037.021149	2.000000	17.674187
20.000000	30.000000	27.000000	480.000000	872.000000	63.000000	478.601055	874.052962	2.000000	18.395704
20.000000	31.000000	28.000000	328.000000	910.000000	62.000000	326.521614	905.553287	1.000000	18.923136
20.000000	32.000000	29.000000	197.000000	776.000000	51.000000	198.382204	765.934617	1.000000	19.651643
20.000000	33.000000	30.000000	190.000000	381.000000	21.000000	188.234219	369.394642	2.000000	20.346246
20.000000	34.000000	31.000000	170.000000	511.000000	31.000000	177.681507	513.437191	2.000000	20.651299
20.000000	35.000000	32.000000	478.000000	392.000000	23.000000	481.656742	403.591265	2.000000	21.195006
20.000000	36.000000	33.000000	487.000000	576.000000	33.000000	480.303109	582.088538	2.000000	21.705755
20.000000	37.000000	34.000000	340.000000	638.000000	42.000000	335.258996	649.278369	2.000000	22.179509
20.000000	38.000000	35.000000	381.000000	518.000000	32.000000	377.742852	541.160909	1.000000	22.538016
20.000000	39.000000	36.000000	473.000000	686.000000	43.000000	467.914825	680.856177	1.000000	23.322890
20.000000	40.000000	37.000000	595.000000	678.000000	44.000000	588.450264	664.133899	2.000000	23.754042
20.000000	41.000000	38.000000	717.000000	707.000000	45.000000	724.320031	704.000942	2.000000	24.378335
20.000000	42.000000	39.000000	566.000000	456.000000	24.000000	585.097346	443.097770	1.000000	25.035166
20.000000	43.000000	40.000000	745.000000	444.000000	25.000000	733.276321	438.851340	1.000000	26.562024
