MultiTargForag_2	Participant_Code = 5
Search_Type = 2	CB_Targets = 1
Trial	Click_Num	Target_Click_Order	Click_X	Click_y	Item_selected	Item_X	Item_Y	Target_Set	RT
1.000000	1.000000	1.000000	568.000000	269.000000	14.000000	568.606696	270.190091	1.000000	2.985336
1.000000	2.000000	2.000000	1006.000000	112.000000	7.000000	1003.060842	121.181023	2.000000	3.990125
1.000000	3.000000	3.000000	1104.000000	210.000000	8.000000	1105.628160	200.159982	2.000000	4.583840
1.000000	4.000000	4.000000	880.000000	171.000000	6.000000	872.480647	173.729558	1.000000	5.126854
1.000000	5.000000	5.000000	1363.000000	160.000000	10.000000	1349.547648	155.390201	1.000000	6.342525
1.000000	6.000000	6.000000	1275.000000	323.000000	19.000000	1268.454660	321.950911	2.000000	7.494805
1.000000	7.000000	7.000000	1240.000000	438.000000	29.000000	1235.673298	441.255340	1.000000	8.551192
1.000000	8.000000	8.000000	1146.000000	374.000000	28.000000	1149.758822	374.239651	1.000000	9.206792
1.000000	9.000000	9.000000	870.000000	401.000000	26.000000	864.776888	402.381027	1.000000	9.751081
1.000000	10.000000	10.000000	728.000000	438.000000	25.000000	742.445072	445.467092	1.000000	10.254747
1.000000	11.000000	11.000000	612.000000	436.000000	24.000000	613.768334	447.877713	1.000000	10.847117
1.000000	12.000000	12.000000	489.000000	411.000000	23.000000	491.084210	407.314900	1.000000	11.615348
1.000000	13.000000	13.000000	326.000000	306.000000	12.000000	320.329863	306.759236	1.000000	12.206638
1.000000	14.000000	14.000000	492.000000	610.000000	43.000000	503.542001	621.837359	1.000000	12.879071
1.000000	15.000000	15.000000	378.000000	667.000000	42.000000	362.845136	676.737762	1.000000	13.432239
1.000000	16.000000	0.000000	698.000000	780.000000	55.000000	724.077893	780.883021	1.000000	14.871924
1.000000	17.000000	16.000000	711.000000	783.000000	55.000000	724.077893	780.883021	1.000000	15.366897
1.000000	18.000000	17.000000	241.000000	827.000000	51.000000	247.240236	828.649843	1.000000	16.070299
1.000000	19.000000	18.000000	368.000000	961.000000	62.000000	375.350243	956.515019	1.000000	16.727083
1.000000	20.000000	19.000000	485.000000	941.000000	63.000000	479.123394	927.928101	1.000000	17.208101
1.000000	21.000000	20.000000	581.000000	1080.000000	74.000000	581.349634	1079.321034	1.000000	17.815126
1.000000	22.000000	21.000000	1403.000000	1081.000000	80.000000	1388.898701	1072.858986	1.000000	18.839927
1.000000	23.000000	22.000000	1235.000000	898.000000	69.000000	1231.269639	893.251635	1.000000	19.704007
1.000000	24.000000	23.000000	1360.000000	645.000000	50.000000	1353.687046	639.203855	1.000000	20.959334
1.000000	25.000000	24.000000	1289.000000	827.000000	59.000000	1282.377520	825.815276	2.000000	21.687559
1.000000	26.000000	25.000000	1172.000000	807.000000	58.000000	1154.943988	798.499859	2.000000	22.102281
1.000000	27.000000	26.000000	1102.000000	705.000000	48.000000	1098.277337	704.764305	2.000000	22.886438
1.000000	28.000000	27.000000	997.000000	677.000000	47.000000	1000.042853	668.645812	2.000000	23.334295
1.000000	29.000000	28.000000	875.000000	575.000000	36.000000	880.921292	565.637809	2.000000	24.063868
1.000000	30.000000	29.000000	759.000000	568.000000	35.000000	763.249837	570.438895	2.000000	24.447886
1.000000	31.000000	30.000000	633.000000	555.000000	34.000000	636.843605	558.225460	2.000000	24.927195
1.000000	32.000000	31.000000	569.000000	750.000000	54.000000	571.356013	752.290716	2.000000	25.424086
1.000000	33.000000	32.000000	378.000000	810.000000	52.000000	382.300904	804.865014	2.000000	26.015191
1.000000	34.000000	33.000000	325.000000	1046.000000	72.000000	313.140628	1044.255219	2.000000	26.648089
1.000000	35.000000	34.000000	495.000000	1046.000000	73.000000	484.257925	1044.493915	2.000000	27.054083
1.000000	36.000000	35.000000	615.000000	947.000000	64.000000	613.429420	946.217437	2.000000	27.646688
1.000000	37.000000	0.000000	733.000000	1062.000000	75.000000	705.641861	1071.066411	2.000000	28.191763
1.000000	38.000000	36.000000	769.000000	920.000000	65.000000	760.725270	921.371640	2.000000	28.752172
1.000000	39.000000	37.000000	718.000000	1073.000000	75.000000	705.641861	1071.066411	2.000000	29.239622
1.000000	40.000000	38.000000	995.000000	992.000000	77.000000	976.031480	996.391567	2.000000	29.935815
1.000000	41.000000	39.000000	1095.000000	1047.000000	78.000000	1103.198766	1049.475169	2.000000	30.710971
1.000000	42.000000	40.000000	186.000000	542.000000	31.000000	182.340501	530.763210	2.000000	33.846772
1.000000	1.000000	1.000000	640.000000	313.000000	14.000000	638.326888	306.526958	1.000000	1.993905
1.000000	2.000000	2.000000	748.000000	376.000000	25.000000	740.874839	377.528046	1.000000	2.618744
1.000000	3.000000	3.000000	856.000000	140.000000	6.000000	864.274515	139.931417	1.000000	3.145917
1.000000	4.000000	4.000000	833.000000	417.000000	26.000000	828.205941	411.499456	1.000000	3.730988
1.000000	5.000000	5.000000	970.000000	429.000000	27.000000	963.446535	429.644881	1.000000	4.050525
1.000000	6.000000	6.000000	1167.000000	436.000000	28.000000	1142.610147	440.252690	1.000000	4.521834
1.000000	7.000000	7.000000	1398.000000	307.000000	20.000000	1401.311427	315.438246	1.000000	5.185713
1.000000	8.000000	8.000000	1413.000000	630.000000	50.000000	1402.204924	628.543710	1.000000	5.858195
1.000000	9.000000	9.000000	1228.000000	1008.000000	79.000000	1231.750790	993.611185	1.000000	7.322186
1.000000	10.000000	10.000000	1088.000000	894.000000	68.000000	1093.040424	885.924235	1.000000	8.009072
1.000000	11.000000	11.000000	1126.000000	787.000000	58.000000	1147.058729	789.152572	1.000000	8.658048
1.000000	12.000000	12.000000	1012.000000	647.000000	47.000000	1021.039679	659.309549	1.000000	9.273475
1.000000	13.000000	13.000000	860.000000	747.000000	56.000000	866.793118	754.330033	1.000000	9.993419
1.000000	14.000000	14.000000	847.000000	618.000000	46.000000	858.999067	623.091941	1.000000	10.643030
1.000000	15.000000	15.000000	854.000000	571.000000	36.000000	854.845927	561.145327	1.000000	11.025079
1.000000	16.000000	16.000000	739.000000	671.000000	45.000000	737.184150	661.248849	1.000000	11.714075
1.000000	17.000000	17.000000	382.000000	513.000000	32.000000	382.303443	514.202586	1.000000	12.649782
1.000000	18.000000	18.000000	473.000000	949.000000	63.000000	471.053867	936.313929	1.000000	13.402742
1.000000	19.000000	19.000000	367.000000	893.000000	62.000000	369.577005	878.592825	1.000000	13.979100
1.000000	20.000000	20.000000	1000.000000	1065.000000	77.000000	1004.283676	1054.540323	1.000000	15.041066
1.000000	21.000000	21.000000	1148.000000	1048.000000	78.000000	1147.808443	1046.704370	2.000000	16.785990
1.000000	22.000000	22.000000	886.000000	935.000000	66.000000	883.717721	936.393585	2.000000	17.480613
1.000000	23.000000	23.000000	1020.000000	777.000000	57.000000	1014.345259	767.950633	2.000000	18.058174
1.000000	24.000000	24.000000	1173.000000	561.000000	38.000000	1149.670923	563.381204	2.000000	18.818097
1.000000	25.000000	25.000000	1275.000000	366.000000	29.000000	1276.515506	370.835813	2.000000	19.434025
1.000000	26.000000	26.000000	1226.000000	299.000000	19.000000	1225.689847	307.981028	2.000000	20.177638
1.000000	27.000000	27.000000	1360.000000	145.000000	10.000000	1366.957365	136.323007	2.000000	20.730502
1.000000	28.000000	28.000000	981.000000	185.000000	7.000000	973.376284	171.778566	2.000000	21.354435
1.000000	29.000000	29.000000	1001.000000	250.000000	17.000000	996.169634	249.463748	2.000000	21.825268
1.000000	30.000000	30.000000	868.000000	303.000000	16.000000	873.566159	302.245330	2.000000	22.408927
1.000000	31.000000	31.000000	600.000000	214.000000	4.000000	593.683621	203.743638	2.000000	23.050802
1.000000	32.000000	32.000000	328.000000	218.000000	2.000000	333.669559	205.643161	2.000000	23.736817
1.000000	33.000000	33.000000	363.000000	338.000000	12.000000	367.375063	331.888343	2.000000	24.280839
1.000000	34.000000	34.000000	198.000000	440.000000	21.000000	189.143412	448.129570	2.000000	24.826928
1.000000	35.000000	35.000000	514.000000	787.000000	53.000000	496.779939	793.678543	2.000000	25.872828
1.000000	36.000000	36.000000	752.000000	825.000000	55.000000	753.013712	822.462344	2.000000	26.880636
1.000000	37.000000	37.000000	610.000000	925.000000	64.000000	605.168253	942.395265	2.000000	27.354206
1.000000	38.000000	38.000000	600.000000	1059.000000	74.000000	604.456014	1054.272729	2.000000	27.833095
1.000000	39.000000	39.000000	476.000000	1053.000000	73.000000	492.953919	1049.761923	2.000000	28.289215
1.000000	40.000000	40.000000	214.000000	1060.000000	71.000000	203.642659	1060.850989	2.000000	29.074820
2.000000	1.000000	1.000000	239.000000	126.000000	1.000000	234.291037	126.759490	1.000000	2.660541
2.000000	2.000000	2.000000	508.000000	302.000000	13.000000	497.302764	305.307974	1.000000	3.749098
2.000000	3.000000	3.000000	974.000000	156.000000	7.000000	974.398946	147.924147	1.000000	4.549323
2.000000	4.000000	4.000000	951.000000	286.000000	17.000000	960.060628	275.873048	1.000000	4.941235
2.000000	5.000000	5.000000	1432.000000	364.000000	30.000000	1418.617606	371.248548	1.000000	5.588399
2.000000	6.000000	6.000000	1229.000000	410.000000	29.000000	1231.902296	418.250229	1.000000	6.197645
2.000000	7.000000	7.000000	1401.000000	788.000000	60.000000	1386.661239	794.012331	1.000000	7.013760
2.000000	8.000000	8.000000	1290.000000	696.000000	49.000000	1289.108036	693.192620	1.000000	7.540884
2.000000	9.000000	9.000000	1014.000000	1079.000000	77.000000	1017.531479	1072.943953	1.000000	8.428285
2.000000	10.000000	10.000000	1105.000000	835.000000	58.000000	1103.109733	819.097678	1.000000	9.107959
2.000000	11.000000	11.000000	985.000000	827.000000	57.000000	966.921688	821.053663	1.000000	9.763967
2.000000	12.000000	12.000000	886.000000	635.000000	46.000000	894.433095	647.161089	1.000000	10.747657
2.000000	13.000000	13.000000	825.000000	522.000000	36.000000	827.927700	528.297831	1.000000	11.524253
2.000000	14.000000	14.000000	654.000000	547.000000	34.000000	642.181833	554.212298	1.000000	12.133282
2.000000	15.000000	15.000000	335.000000	456.000000	22.000000	342.630102	449.039273	1.000000	13.077116
2.000000	16.000000	16.000000	339.000000	626.000000	42.000000	326.931529	637.356337	1.000000	13.731878
2.000000	17.000000	17.000000	568.000000	809.000000	54.000000	578.777318	818.131428	1.000000	14.460479
2.000000	18.000000	18.000000	578.000000	893.000000	64.000000	570.601151	873.003761	1.000000	14.828527
2.000000	19.000000	19.000000	629.000000	990.000000	74.000000	623.302834	1000.980153	1.000000	15.651954
2.000000	20.000000	20.000000	715.000000	939.000000	65.000000	717.440006	931.750993	1.000000	16.212408
2.000000	21.000000	21.000000	1427.000000	1005.000000	80.000000	1414.618929	1008.051878	2.000000	18.660613
2.000000	22.000000	22.000000	1381.000000	952.000000	70.000000	1388.372691	948.059513	2.000000	19.060605
2.000000	23.000000	23.000000	1280.000000	948.000000	69.000000	1275.111157	944.881680	2.000000	19.459730
2.000000	24.000000	24.000000	1009.000000	898.000000	67.000000	1000.545582	905.640153	2.000000	19.980476
2.000000	25.000000	25.000000	909.000000	909.000000	66.000000	889.839274	918.095428	2.000000	20.389433
2.000000	26.000000	26.000000	859.000000	1024.000000	76.000000	851.560915	1013.823718	2.000000	20.996248
2.000000	27.000000	27.000000	331.000000	820.000000	52.000000	322.169190	808.926372	2.000000	22.837251
2.000000	28.000000	28.000000	489.000000	523.000000	33.000000	495.241325	526.311768	2.000000	23.517828
2.000000	29.000000	29.000000	486.000000	439.000000	23.000000	481.249623	437.125639	2.000000	24.395753
2.000000	30.000000	30.000000	361.000000	310.000000	12.000000	347.705567	293.757689	2.000000	24.973529
2.000000	31.000000	31.000000	636.000000	129.000000	4.000000	633.628672	134.828615	2.000000	25.693829
2.000000	32.000000	32.000000	621.000000	292.000000	14.000000	621.935276	301.790960	2.000000	26.204444
2.000000	33.000000	33.000000	579.000000	382.000000	24.000000	580.328230	374.889900	2.000000	26.957172
2.000000	34.000000	34.000000	717.000000	326.000000	15.000000	708.860519	313.041290	2.000000	27.532202
2.000000	35.000000	35.000000	712.000000	624.000000	45.000000	706.353574	632.310926	2.000000	28.269749
2.000000	36.000000	36.000000	854.000000	192.000000	6.000000	854.858136	198.065532	2.000000	29.307727
2.000000	37.000000	37.000000	1148.000000	167.000000	8.000000	1144.288937	166.158211	2.000000	29.876383
2.000000	38.000000	38.000000	1115.000000	427.000000	28.000000	1109.511531	426.771819	2.000000	30.453050
2.000000	39.000000	39.000000	1364.000000	623.000000	50.000000	1365.012700	636.724019	2.000000	30.990021
2.000000	40.000000	40.000000	1422.000000	528.000000	40.000000	1411.183104	529.139114	2.000000	31.531887
3.000000	1.000000	1.000000	712.000000	140.000000	5.000000	727.126722	132.568407	1.000000	1.681546
3.000000	2.000000	2.000000	226.000000	208.000000	1.000000	218.266518	197.388925	1.000000	2.440100
3.000000	3.000000	3.000000	211.000000	295.000000	11.000000	216.619790	284.874764	1.000000	2.775907
3.000000	4.000000	4.000000	246.000000	432.000000	21.000000	243.244653	430.034001	1.000000	3.256930
3.000000	5.000000	5.000000	463.000000	424.000000	23.000000	464.256952	413.424023	1.000000	3.776210
3.000000	6.000000	6.000000	971.000000	277.000000	17.000000	973.789847	277.830496	1.000000	4.384631
3.000000	7.000000	7.000000	1241.000000	368.000000	29.000000	1237.685658	382.162544	1.000000	5.304015
3.000000	8.000000	0.000000	866.000000	452.000000	26.000000	839.607741	456.533234	1.000000	6.136780
3.000000	9.000000	8.000000	831.000000	452.000000	26.000000	839.607741	456.533234	1.000000	6.577753
3.000000	10.000000	9.000000	376.000000	534.000000	32.000000	353.739303	541.030912	1.000000	7.306028
3.000000	11.000000	10.000000	349.000000	674.000000	42.000000	350.255707	669.111793	1.000000	7.769772
3.000000	12.000000	11.000000	177.000000	961.000000	61.000000	179.357557	947.497390	1.000000	8.440643
3.000000	13.000000	12.000000	234.000000	1006.000000	71.000000	242.631959	1005.583431	1.000000	8.937562
3.000000	14.000000	13.000000	711.000000	785.000000	55.000000	698.647620	786.878833	1.000000	9.666169
3.000000	15.000000	14.000000	636.000000	695.000000	44.000000	634.949562	696.978648	1.000000	10.273476
3.000000	16.000000	15.000000	1005.000000	867.000000	67.000000	988.605205	867.714775	1.000000	11.048624
3.000000	17.000000	16.000000	1166.000000	888.000000	68.000000	1153.248158	872.139558	1.000000	11.632732
3.000000	18.000000	17.000000	1233.000000	766.000000	59.000000	1235.888543	757.988645	1.000000	12.247909
3.000000	19.000000	18.000000	1113.000000	755.000000	58.000000	1098.918924	747.351519	1.000000	12.752773
3.000000	20.000000	19.000000	1281.000000	1072.000000	79.000000	1287.761195	1070.072139	1.000000	13.440130
3.000000	21.000000	20.000000	901.000000	1058.000000	76.000000	896.733812	1043.817323	1.000000	14.055956
3.000000	22.000000	21.000000	1136.000000	386.000000	28.000000	1124.995014	376.727234	2.000000	15.936872
3.000000	23.000000	22.000000	1106.000000	297.000000	18.000000	1103.198795	282.986140	2.000000	16.376288
3.000000	24.000000	23.000000	1272.000000	327.000000	19.000000	1267.657041	329.043388	2.000000	16.840429
3.000000	25.000000	24.000000	1408.000000	279.000000	20.000000	1392.574624	271.466478	2.000000	17.216049
3.000000	26.000000	25.000000	1010.000000	135.000000	7.000000	988.062429	137.043436	2.000000	17.936527
3.000000	27.000000	26.000000	758.000000	313.000000	15.000000	755.088445	316.670967	2.000000	18.791988
3.000000	28.000000	27.000000	575.000000	125.000000	4.000000	568.958975	135.254525	2.000000	19.257936
3.000000	29.000000	28.000000	484.000000	159.000000	3.000000	491.865520	154.150499	2.000000	19.601530
3.000000	30.000000	29.000000	349.000000	326.000000	12.000000	342.116067	331.872943	2.000000	20.159987
3.000000	31.000000	30.000000	623.000000	421.000000	24.000000	611.413076	416.356854	2.000000	20.872794
3.000000	32.000000	31.000000	751.000000	516.000000	35.000000	750.734433	509.214095	2.000000	21.473199
3.000000	33.000000	32.000000	1109.000000	568.000000	38.000000	1104.958800	558.279227	2.000000	21.953537
3.000000	34.000000	33.000000	1128.000000	668.000000	48.000000	1126.164587	661.642123	2.000000	22.280996
3.000000	35.000000	34.000000	1379.000000	506.000000	40.000000	1381.370198	493.682398	2.000000	22.752962
3.000000	36.000000	35.000000	876.000000	756.000000	56.000000	869.297481	743.893810	2.000000	23.599799
3.000000	37.000000	36.000000	850.000000	919.000000	66.000000	854.624236	925.699983	2.000000	24.168482
3.000000	38.000000	37.000000	1351.000000	1075.000000	80.000000	1359.573708	1071.485561	2.000000	25.096241
3.000000	39.000000	38.000000	496.000000	936.000000	63.000000	502.836032	940.776215	2.000000	25.824803
3.000000	40.000000	39.000000	608.000000	812.000000	54.000000	605.108851	808.458223	2.000000	26.313951
3.000000	41.000000	40.000000	190.000000	815.000000	51.000000	191.052178	814.037678	2.000000	26.976645
4.000000	1.000000	1.000000	317.000000	262.000000	12.000000	315.018883	251.802929	2.000000	1.494084
4.000000	2.000000	2.000000	226.000000	161.000000	1.000000	208.052562	149.296309	2.000000	2.061790
4.000000	3.000000	0.000000	464.000000	137.000000	3.000000	486.261220	124.538421	2.000000	2.694421
4.000000	4.000000	3.000000	489.000000	134.000000	3.000000	486.261220	124.538421	2.000000	3.429526
4.000000	5.000000	4.000000	740.000000	131.000000	5.000000	734.373977	132.253018	2.000000	3.870872
4.000000	6.000000	5.000000	862.000000	195.000000	6.000000	861.401277	185.548591	2.000000	4.317622
4.000000	7.000000	6.000000	1289.000000	170.000000	9.000000	1286.391459	170.600102	2.000000	4.926093
4.000000	8.000000	0.000000	1298.000000	820.000000	59.000000	1290.006624	792.751004	2.000000	6.213768
4.000000	9.000000	7.000000	1298.000000	803.000000	59.000000	1290.006624	792.751004	2.000000	7.301722
4.000000	10.000000	0.000000	1272.000000	1054.000000	79.000000	1266.594635	1026.033483	2.000000	7.765521
4.000000	11.000000	8.000000	1273.000000	1040.000000	79.000000	1266.594635	1026.033483	2.000000	8.116716
4.000000	12.000000	9.000000	1422.000000	1073.000000	80.000000	1408.238413	1070.026434	2.000000	8.957078
4.000000	13.000000	10.000000	1004.000000	903.000000	67.000000	1005.368097	900.301780	2.000000	9.894837
4.000000	14.000000	11.000000	853.000000	777.000000	56.000000	854.461974	779.715966	2.000000	10.654545
4.000000	15.000000	12.000000	864.000000	644.000000	46.000000	874.054946	651.442142	2.000000	11.094926
4.000000	16.000000	13.000000	848.000000	563.000000	36.000000	840.683915	557.022381	2.000000	11.485906
4.000000	17.000000	14.000000	765.000000	456.000000	25.000000	768.598258	456.438527	2.000000	11.997382
4.000000	18.000000	15.000000	647.000000	548.000000	34.000000	636.265596	534.468970	2.000000	12.454447
4.000000	19.000000	16.000000	582.000000	658.000000	44.000000	586.527766	648.833386	2.000000	12.854454
4.000000	20.000000	17.000000	698.000000	825.000000	55.000000	703.664336	822.805895	2.000000	13.326197
4.000000	21.000000	18.000000	571.000000	1034.000000	74.000000	574.935675	1039.011856	2.000000	13.959021
4.000000	22.000000	19.000000	365.000000	672.000000	42.000000	364.646861	681.596783	2.000000	14.718741
4.000000	23.000000	20.000000	320.000000	507.000000	32.000000	315.876247	511.647994	2.000000	15.518949
4.000000	24.000000	21.000000	470.000000	296.000000	13.000000	474.252669	310.620190	1.000000	17.124724
4.000000	25.000000	22.000000	611.000000	449.000000	24.000000	608.310162	446.850299	1.000000	17.622361
4.000000	26.000000	0.000000	742.000000	355.000000	15.000000	745.876851	327.542560	1.000000	18.205727
4.000000	27.000000	23.000000	1017.000000	182.000000	7.000000	1024.976436	172.867591	1.000000	18.925575
4.000000	28.000000	24.000000	763.000000	326.000000	15.000000	745.876851	327.542560	1.000000	19.766065
4.000000	29.000000	25.000000	1294.000000	511.000000	39.000000	1282.360082	512.891618	1.000000	20.469670
4.000000	30.000000	26.000000	1377.000000	547.000000	40.000000	1354.820737	542.642947	1.000000	21.189947
4.000000	31.000000	27.000000	1369.000000	706.000000	50.000000	1370.654670	687.507189	1.000000	22.037383
4.000000	32.000000	28.000000	1399.000000	768.000000	60.000000	1380.800385	757.944558	1.000000	22.796937
4.000000	33.000000	29.000000	1372.000000	908.000000	70.000000	1366.173274	901.085523	1.000000	23.430903
4.000000	34.000000	30.000000	1029.000000	780.000000	57.000000	1028.146428	779.772666	1.000000	24.140925
4.000000	35.000000	31.000000	1035.000000	659.000000	47.000000	1022.756671	669.366638	1.000000	24.622725
4.000000	36.000000	32.000000	1108.000000	636.000000	48.000000	1115.640614	626.977037	1.000000	25.100724
4.000000	37.000000	33.000000	1001.000000	532.000000	37.000000	1000.832630	538.225922	1.000000	25.630691
4.000000	38.000000	34.000000	1011.000000	417.000000	27.000000	1015.463865	416.404081	1.000000	26.030840
4.000000	39.000000	35.000000	773.000000	564.000000	35.000000	758.586698	548.269588	1.000000	26.590535
4.000000	40.000000	36.000000	460.000000	555.000000	33.000000	450.029926	541.238874	1.000000	27.125582
4.000000	41.000000	37.000000	457.000000	685.000000	43.000000	455.891236	688.887615	1.000000	27.908740
4.000000	42.000000	38.000000	446.000000	892.000000	63.000000	450.605723	885.560424	1.000000	28.574861
4.000000	43.000000	39.000000	324.000000	967.000000	62.000000	330.753190	951.278290	1.000000	29.092972
4.000000	44.000000	40.000000	1104.000000	931.000000	68.000000	1108.359677	914.514383	1.000000	29.852718
5.000000	1.000000	1.000000	208.000000	144.000000	1.000000	199.800044	146.482000	1.000000	2.327591
5.000000	2.000000	2.000000	361.000000	268.000000	12.000000	355.138897	281.461401	1.000000	2.824692
5.000000	3.000000	3.000000	490.000000	263.000000	13.000000	496.661184	270.448380	1.000000	3.416763
5.000000	4.000000	4.000000	617.000000	155.000000	4.000000	610.985948	168.056795	1.000000	4.264571
5.000000	5.000000	5.000000	1253.000000	298.000000	19.000000	1253.482173	308.750572	1.000000	5.816493
5.000000	6.000000	6.000000	742.000000	384.000000	25.000000	749.066789	388.784514	1.000000	7.023977
5.000000	7.000000	7.000000	889.000000	579.000000	36.000000	883.550373	580.307802	1.000000	7.833428
5.000000	8.000000	8.000000	1009.000000	546.000000	37.000000	1006.906623	558.999505	1.000000	8.313396
5.000000	9.000000	9.000000	1365.000000	525.000000	40.000000	1360.447799	525.402420	1.000000	9.384192
5.000000	10.000000	10.000000	1399.000000	809.000000	60.000000	1407.628760	815.258963	1.000000	10.193359
5.000000	11.000000	11.000000	1404.000000	1011.000000	80.000000	1389.731575	1006.586151	1.000000	10.905145
5.000000	12.000000	12.000000	855.000000	1005.000000	76.000000	854.891377	1004.919370	1.000000	11.848294
5.000000	13.000000	13.000000	743.000000	995.000000	75.000000	741.769576	994.432967	1.000000	12.241125
5.000000	14.000000	14.000000	344.000000	987.000000	72.000000	358.288781	993.264826	1.000000	13.216177
5.000000	15.000000	15.000000	335.000000	805.000000	52.000000	323.351762	819.793386	1.000000	14.177551
5.000000	16.000000	16.000000	214.000000	619.000000	41.000000	218.942582	638.616884	1.000000	14.976897
5.000000	17.000000	17.000000	456.000000	570.000000	33.000000	457.515908	566.540691	1.000000	15.615725
5.000000	18.000000	18.000000	506.000000	778.000000	53.000000	508.378076	790.784241	1.000000	16.321266
5.000000	19.000000	19.000000	754.000000	646.000000	45.000000	766.933259	651.390757	1.000000	16.984356
5.000000	20.000000	20.000000	846.000000	690.000000	46.000000	845.763038	703.643258	1.000000	17.687852
5.000000	21.000000	21.000000	219.000000	275.000000	11.000000	204.736017	274.776791	2.000000	19.015429
5.000000	22.000000	22.000000	249.000000	361.000000	21.000000	250.475313	368.435454	2.000000	19.543417
5.000000	23.000000	23.000000	355.000000	631.000000	42.000000	351.169260	641.047225	2.000000	20.600354
5.000000	24.000000	24.000000	606.000000	657.000000	44.000000	599.499640	679.205668	2.000000	21.911583
5.000000	25.000000	25.000000	641.000000	543.000000	34.000000	641.756331	539.493354	2.000000	22.625176
5.000000	26.000000	26.000000	1281.000000	151.000000	9.000000	1265.847811	162.791363	2.000000	23.520596
5.000000	27.000000	27.000000	1416.000000	143.000000	10.000000	1420.128252	143.107067	2.000000	24.009281
5.000000	28.000000	28.000000	1426.000000	398.000000	30.000000	1416.177473	398.045170	2.000000	24.729584
5.000000	29.000000	29.000000	1237.000000	523.000000	39.000000	1226.966910	526.840059	2.000000	25.281171
5.000000	30.000000	30.000000	1123.000000	792.000000	58.000000	1133.945552	788.508478	2.000000	27.280694
5.000000	31.000000	31.000000	1221.000000	791.000000	59.000000	1229.340516	784.171012	2.000000	27.681427
5.000000	32.000000	32.000000	1265.000000	876.000000	69.000000	1279.179551	879.583744	2.000000	28.135881
5.000000	33.000000	33.000000	1403.000000	900.000000	70.000000	1387.350732	909.359923	2.000000	28.848618
5.000000	34.000000	34.000000	1277.000000	1060.000000	79.000000	1267.647987	1058.758647	2.000000	29.769092
5.000000	35.000000	35.000000	1142.000000	923.000000	68.000000	1137.224931	923.734175	2.000000	30.287358
5.000000	36.000000	36.000000	987.000000	1061.000000	77.000000	978.834002	1070.044870	2.000000	30.856268
5.000000	37.000000	37.000000	976.000000	895.000000	67.000000	989.121993	886.065868	2.000000	31.473446
5.000000	38.000000	38.000000	883.000000	882.000000	66.000000	873.180179	878.790093	2.000000	32.215447
5.000000	39.000000	39.000000	617.000000	1052.000000	74.000000	606.815382	1060.929405	2.000000	33.056400
5.000000	40.000000	40.000000	321.000000	881.000000	62.000000	325.908819	881.718973	2.000000	33.745247
6.000000	1.000000	1.000000	183.000000	166.000000	1.000000	202.582263	177.251677	1.000000	1.249551
6.000000	2.000000	2.000000	757.000000	297.000000	15.000000	755.442359	314.833402	1.000000	2.265942
6.000000	3.000000	3.000000	888.000000	148.000000	6.000000	887.003867	133.309992	1.000000	2.976482
6.000000	4.000000	4.000000	1029.000000	305.000000	17.000000	1009.848119	297.598682	1.000000	3.759997
6.000000	5.000000	5.000000	1142.000000	301.000000	18.000000	1136.332342	290.746728	1.000000	4.144618
6.000000	6.000000	6.000000	1391.000000	167.000000	10.000000	1380.368986	160.327133	1.000000	4.928769
6.000000	7.000000	7.000000	1020.000000	388.000000	27.000000	1023.291896	374.290855	1.000000	5.695942
6.000000	8.000000	8.000000	985.000000	490.000000	37.000000	981.849224	497.394051	1.000000	6.264645
6.000000	9.000000	9.000000	1348.000000	417.000000	30.000000	1352.179279	406.815619	1.000000	6.873966
6.000000	10.000000	10.000000	1424.000000	667.000000	50.000000	1415.704173	662.321480	1.000000	7.464245
6.000000	11.000000	11.000000	1127.000000	799.000000	58.000000	1124.676861	782.777520	1.000000	8.049364
6.000000	12.000000	12.000000	1261.000000	939.000000	69.000000	1264.550789	938.041779	1.000000	8.912689
6.000000	13.000000	13.000000	1267.000000	1045.000000	79.000000	1274.743371	1056.562613	1.000000	9.417297
6.000000	14.000000	14.000000	967.000000	888.000000	67.000000	963.324859	881.152572	1.000000	9.969137
6.000000	15.000000	15.000000	866.000000	887.000000	66.000000	863.914296	892.044860	1.000000	10.328076
6.000000	16.000000	16.000000	722.000000	776.000000	55.000000	711.963188	774.233203	1.000000	10.759807
6.000000	17.000000	17.000000	626.000000	801.000000	54.000000	638.784814	798.145216	1.000000	11.073413
6.000000	18.000000	18.000000	625.000000	674.000000	44.000000	631.746612	676.160634	1.000000	11.736876
6.000000	19.000000	19.000000	505.000000	1005.000000	73.000000	491.763010	1005.851478	1.000000	12.432546
6.000000	20.000000	20.000000	257.000000	274.000000	11.000000	250.158218	277.406907	2.000000	14.312003
6.000000	21.000000	21.000000	328.000000	276.000000	12.000000	346.133906	278.379507	2.000000	14.744443
6.000000	22.000000	0.000000	473.000000	201.000000	3.000000	490.085793	179.508542	2.000000	15.248758
6.000000	23.000000	22.000000	510.000000	181.000000	3.000000	490.085793	179.508542	2.000000	15.849887
6.000000	24.000000	23.000000	601.000000	342.000000	14.000000	604.035521	328.538114	2.000000	16.320427
6.000000	25.000000	24.000000	621.000000	393.000000	24.000000	615.660539	377.907056	2.000000	16.641860
6.000000	26.000000	25.000000	512.000000	397.000000	23.000000	500.055221	401.855163	2.000000	17.017181
6.000000	27.000000	26.000000	1274.000000	131.000000	9.000000	1287.372635	122.175783	2.000000	18.336768
6.000000	28.000000	27.000000	1280.000000	277.000000	19.000000	1275.385231	283.358917	2.000000	18.824779
6.000000	29.000000	28.000000	1351.000000	765.000000	60.000000	1350.568390	757.035911	2.000000	19.559840
6.000000	30.000000	29.000000	979.000000	839.000000	57.000000	968.403607	827.484673	2.000000	20.776976
6.000000	31.000000	30.000000	862.000000	698.000000	46.000000	850.687476	691.523424	2.000000	21.337005
6.000000	32.000000	31.000000	742.000000	669.000000	45.000000	731.601380	665.669436	2.000000	21.880815
6.000000	33.000000	32.000000	698.000000	1038.000000	75.000000	705.806035	1046.798376	2.000000	22.497858
6.000000	34.000000	33.000000	574.000000	877.000000	64.000000	575.042229	875.641079	2.000000	22.961088
6.000000	35.000000	34.000000	497.000000	790.000000	53.000000	494.138277	790.200718	2.000000	23.496956
6.000000	36.000000	35.000000	354.000000	689.000000	42.000000	347.137804	686.803452	2.000000	24.377419
6.000000	37.000000	36.000000	257.000000	581.000000	31.000000	246.192325	572.913053	2.000000	24.793957
6.000000	38.000000	37.000000	196.000000	657.000000	41.000000	200.656481	640.434586	2.000000	25.161889
6.000000	39.000000	0.000000	299.000000	1036.000000	72.000000	316.488488	1012.286227	2.000000	25.792211
6.000000	40.000000	38.000000	308.000000	1027.000000	72.000000	316.488488	1012.286227	2.000000	26.192413
6.000000	41.000000	39.000000	174.000000	1072.000000	71.000000	179.772989	1078.260806	2.000000	26.850025
6.000000	42.000000	40.000000	1098.000000	539.000000	38.000000	1095.237354	526.312451	1.000000	34.249172
7.000000	1.000000	1.000000	452.000000	153.000000	3.000000	449.562665	143.745946	1.000000	2.952642
7.000000	2.000000	2.000000	360.000000	271.000000	12.000000	363.865932	279.624168	1.000000	3.728068
7.000000	3.000000	3.000000	747.000000	156.000000	5.000000	757.647698	151.561233	1.000000	4.408538
7.000000	4.000000	4.000000	886.000000	260.000000	16.000000	889.315533	276.537684	1.000000	4.991342
7.000000	5.000000	5.000000	1012.000000	267.000000	17.000000	1016.027161	277.472008	1.000000	5.455685
7.000000	6.000000	6.000000	1262.000000	296.000000	19.000000	1261.576587	308.775733	1.000000	5.934526
7.000000	7.000000	7.000000	1102.000000	438.000000	28.000000	1098.309083	419.780869	1.000000	6.535360
7.000000	8.000000	8.000000	1033.000000	411.000000	27.000000	1024.576062	400.105909	1.000000	6.894608
7.000000	9.000000	0.000000	1134.000000	561.000000	38.000000	1116.911626	535.325096	1.000000	7.351054
7.000000	10.000000	9.000000	1129.000000	542.000000	38.000000	1116.911626	535.325096	1.000000	7.695459
7.000000	11.000000	10.000000	1415.000000	801.000000	60.000000	1400.753250	802.477171	1.000000	9.160497
7.000000	12.000000	11.000000	1137.000000	824.000000	58.000000	1137.251433	826.214469	1.000000	9.902898
7.000000	13.000000	12.000000	1346.000000	1025.000000	80.000000	1350.327636	1022.963052	1.000000	10.439859
7.000000	14.000000	13.000000	1101.000000	1014.000000	78.000000	1109.087081	1015.919021	1.000000	11.055221
7.000000	15.000000	14.000000	996.000000	670.000000	47.000000	997.670572	682.155331	1.000000	11.904389
7.000000	16.000000	15.000000	739.000000	801.000000	55.000000	725.166129	814.584846	1.000000	12.623754
7.000000	17.000000	0.000000	722.000000	847.000000	65.000000	715.779643	875.032477	1.000000	13.094879
7.000000	18.000000	16.000000	716.000000	880.000000	65.000000	715.779643	875.032477	1.000000	13.422690
7.000000	19.000000	17.000000	768.000000	633.000000	45.000000	771.788563	649.774099	1.000000	14.231578
7.000000	20.000000	18.000000	609.000000	527.000000	34.000000	604.186690	526.364577	1.000000	15.214668
7.000000	21.000000	19.000000	321.000000	612.000000	42.000000	318.261007	631.097154	1.000000	15.792124
7.000000	22.000000	20.000000	587.000000	758.000000	54.000000	584.346879	768.191167	1.000000	16.592124
7.000000	23.000000	21.000000	234.000000	183.000000	1.000000	232.169036	196.882378	2.000000	18.503251
7.000000	24.000000	22.000000	322.000000	182.000000	2.000000	330.207725	177.219677	2.000000	18.928595
7.000000	25.000000	0.000000	565.000000	170.000000	4.000000	591.890221	179.840073	2.000000	19.415527
7.000000	26.000000	23.000000	602.000000	171.000000	4.000000	591.890221	179.840073	2.000000	19.751407
7.000000	27.000000	24.000000	1413.000000	159.000000	10.000000	1407.074646	144.577401	2.000000	20.526579
7.000000	28.000000	25.000000	1390.000000	282.000000	20.000000	1381.417178	298.042365	2.000000	20.959358
7.000000	29.000000	26.000000	1369.000000	388.000000	30.000000	1354.076983	381.531403	2.000000	21.600391
7.000000	30.000000	27.000000	1258.000000	413.000000	29.000000	1260.361784	417.036933	2.000000	21.990887
7.000000	31.000000	28.000000	1260.000000	577.000000	39.000000	1247.428718	577.574625	2.000000	22.615170
7.000000	32.000000	29.000000	1357.000000	705.000000	50.000000	1351.626804	704.952838	2.000000	23.031931
7.000000	33.000000	30.000000	1234.000000	799.000000	59.000000	1245.108526	808.113055	2.000000	23.647943
7.000000	34.000000	31.000000	1131.000000	940.000000	68.000000	1130.038796	930.468345	2.000000	24.334376
7.000000	35.000000	32.000000	733.000000	1016.000000	75.000000	750.569466	1020.302839	2.000000	25.352398
7.000000	36.000000	0.000000	533.000000	1071.000000	73.000000	495.941737	1082.144384	2.000000	25.998626
7.000000	37.000000	33.000000	484.000000	1067.000000	73.000000	495.941737	1082.144384	2.000000	26.232473
7.000000	38.000000	34.000000	361.000000	934.000000	62.000000	368.574907	935.256991	2.000000	26.911066
7.000000	39.000000	0.000000	329.000000	798.000000	52.000000	341.361031	822.315765	2.000000	27.310836
7.000000	40.000000	35.000000	336.000000	814.000000	52.000000	341.361031	822.315765	2.000000	27.736245
7.000000	41.000000	36.000000	226.000000	753.000000	51.000000	224.247607	757.244890	2.000000	28.223964
7.000000	42.000000	37.000000	455.000000	693.000000	43.000000	465.300306	692.026854	2.000000	28.880527
7.000000	43.000000	38.000000	993.000000	750.000000	57.000000	972.890440	762.412056	2.000000	29.631661
7.000000	44.000000	39.000000	901.000000	756.000000	56.000000	879.656282	757.375086	2.000000	30.071009
7.000000	45.000000	40.000000	491.000000	485.000000	33.000000	485.007525	493.622804	2.000000	31.191942
8.000000	1.000000	1.000000	191.000000	386.000000	21.000000	195.278593	376.809409	1.000000	2.089934
8.000000	2.000000	2.000000	366.000000	432.000000	22.000000	354.148204	440.795324	1.000000	2.719887
8.000000	3.000000	0.000000	606.000000	431.000000	24.000000	624.897108	451.708234	1.000000	3.241590
8.000000	4.000000	3.000000	628.000000	443.000000	24.000000	624.897108	451.708234	1.000000	3.681851
8.000000	5.000000	4.000000	730.000000	448.000000	25.000000	721.931793	449.274096	1.000000	4.201537
8.000000	6.000000	5.000000	618.000000	541.000000	34.000000	622.622143	548.856007	1.000000	4.680710
8.000000	7.000000	6.000000	868.000000	525.000000	36.000000	883.190976	518.814888	1.000000	5.225282
8.000000	8.000000	7.000000	1426.000000	189.000000	10.000000	1418.419530	187.262329	1.000000	6.744472
8.000000	9.000000	8.000000	1426.000000	298.000000	20.000000	1420.206621	303.129286	1.000000	7.208570
8.000000	10.000000	0.000000	1250.000000	643.000000	49.000000	1228.675007	626.695842	1.000000	7.976598
8.000000	11.000000	9.000000	1232.000000	628.000000	49.000000	1228.675007	626.695842	1.000000	8.328641
8.000000	12.000000	10.000000	1125.000000	568.000000	38.000000	1130.770685	571.379518	1.000000	8.767929
8.000000	13.000000	11.000000	1399.000000	770.000000	60.000000	1382.109827	768.766369	1.000000	9.471791
8.000000	14.000000	12.000000	1404.000000	1029.000000	80.000000	1406.135261	1039.441112	1.000000	10.425158
8.000000	15.000000	13.000000	1123.000000	871.000000	68.000000	1132.111826	892.164095	1.000000	11.271697
8.000000	16.000000	14.000000	1105.000000	823.000000	58.000000	1090.465238	815.746794	1.000000	11.809415
8.000000	17.000000	15.000000	616.000000	880.000000	64.000000	608.527282	895.503409	1.000000	12.744011
8.000000	18.000000	16.000000	461.000000	884.000000	63.000000	458.456518	903.208897	1.000000	13.200720
8.000000	19.000000	17.000000	488.000000	696.000000	43.000000	485.460168	697.347638	1.000000	13.953587
8.000000	20.000000	18.000000	824.000000	768.000000	56.000000	830.696249	776.206765	1.000000	14.591882
8.000000	21.000000	0.000000	867.000000	664.000000	46.000000	852.422555	639.751909	1.000000	15.152534
8.000000	22.000000	19.000000	860.000000	638.000000	46.000000	852.422555	639.751909	1.000000	16.135611
8.000000	23.000000	20.000000	203.000000	770.000000	51.000000	192.325611	758.460900	1.000000	17.263756
8.000000	24.000000	21.000000	361.000000	137.000000	2.000000	364.390282	144.118728	2.000000	19.073633
8.000000	25.000000	22.000000	609.000000	143.000000	4.000000	613.541269	155.257866	2.000000	19.729812
8.000000	26.000000	23.000000	874.000000	232.000000	16.000000	867.477235	246.764250	2.000000	20.608939
8.000000	27.000000	24.000000	466.000000	248.000000	13.000000	460.000009	261.156705	2.000000	21.240441
8.000000	28.000000	0.000000	452.000000	343.000000	23.000000	458.478288	372.339899	2.000000	21.688367
8.000000	29.000000	25.000000	454.000000	353.000000	23.000000	458.478288	372.339899	2.000000	22.079855
8.000000	30.000000	26.000000	856.000000	380.000000	26.000000	843.443221	386.344718	2.000000	22.760254
8.000000	31.000000	27.000000	1111.000000	415.000000	28.000000	1124.546626	430.252689	2.000000	23.368274
8.000000	32.000000	28.000000	1290.000000	524.000000	39.000000	1279.007029	522.362801	2.000000	24.032818
8.000000	33.000000	29.000000	1102.000000	614.000000	48.000000	1107.542419	629.384368	2.000000	24.648576
8.000000	34.000000	30.000000	993.000000	530.000000	37.000000	980.753493	530.574593	2.000000	25.185048
8.000000	35.000000	31.000000	760.000000	567.000000	35.000000	753.949857	573.386798	2.000000	25.839857
8.000000	36.000000	32.000000	193.000000	637.000000	41.000000	187.371591	643.437167	2.000000	26.808815
8.000000	37.000000	33.000000	750.000000	761.000000	55.000000	761.502925	756.034403	2.000000	27.825288
8.000000	38.000000	34.000000	700.000000	892.000000	65.000000	712.499583	888.215970	2.000000	28.560526
8.000000	39.000000	35.000000	359.000000	1019.000000	72.000000	340.295777	1027.229819	2.000000	29.417345
8.000000	40.000000	36.000000	462.000000	1043.000000	73.000000	469.408832	1042.070338	2.000000	29.872405
8.000000	41.000000	37.000000	863.000000	1029.000000	76.000000	853.403925	1016.820041	2.000000	30.544658
8.000000	42.000000	38.000000	1004.000000	1032.000000	77.000000	1015.253331	1036.702460	2.000000	31.553878
8.000000	43.000000	39.000000	1264.000000	1054.000000	79.000000	1252.884725	1063.521892	2.000000	32.241143
8.000000	44.000000	40.000000	1256.000000	905.000000	69.000000	1250.846737	901.167204	2.000000	32.809937
9.000000	1.000000	1.000000	253.000000	172.000000	1.000000	246.889400	172.198856	1.000000	1.419054
9.000000	2.000000	2.000000	367.000000	304.000000	12.000000	365.588170	298.600946	1.000000	2.195202
9.000000	3.000000	3.000000	321.000000	400.000000	22.000000	318.064632	387.745087	1.000000	2.690083
9.000000	4.000000	4.000000	239.000000	316.000000	11.000000	242.697748	329.848357	1.000000	3.051378
9.000000	5.000000	5.000000	203.000000	559.000000	31.000000	199.761975	571.169316	1.000000	3.818042
9.000000	6.000000	6.000000	488.000000	684.000000	43.000000	473.487365	694.616287	1.000000	4.507615
9.000000	7.000000	7.000000	458.000000	882.000000	63.000000	474.788985	870.131902	1.000000	5.115366
9.000000	8.000000	8.000000	618.000000	830.000000	54.000000	621.876621	814.449463	1.000000	5.770412
9.000000	9.000000	0.000000	233.000000	1052.000000	71.000000	246.946329	1030.211797	1.000000	6.595506
9.000000	10.000000	9.000000	246.000000	1038.000000	71.000000	246.946329	1030.211797	1.000000	6.939210
9.000000	11.000000	10.000000	1270.000000	1038.000000	79.000000	1257.183812	1034.896273	1.000000	8.011374
9.000000	12.000000	11.000000	1359.000000	868.000000	70.000000	1360.084604	873.501333	1.000000	8.467229
9.000000	13.000000	12.000000	1011.000000	910.000000	67.000000	994.196288	904.056648	1.000000	9.202230
9.000000	14.000000	13.000000	863.000000	677.000000	46.000000	872.550934	683.186275	1.000000	9.827279
9.000000	15.000000	14.000000	867.000000	568.000000	36.000000	871.241715	555.202906	1.000000	10.210668
9.000000	16.000000	15.000000	724.000000	652.000000	45.000000	705.228289	648.537256	1.000000	10.683811
9.000000	17.000000	16.000000	737.000000	415.000000	25.000000	740.343264	423.041182	1.000000	11.498659
9.000000	18.000000	17.000000	602.000000	405.000000	24.000000	616.333566	387.291505	1.000000	11.899357
9.000000	19.000000	18.000000	595.000000	301.000000	14.000000	588.995881	309.535808	1.000000	12.377995
9.000000	20.000000	19.000000	1024.000000	266.000000	17.000000	1018.442157	258.270005	1.000000	13.025772
9.000000	21.000000	20.000000	1130.000000	892.000000	68.000000	1110.926886	894.851591	2.000000	15.529428
9.000000	22.000000	21.000000	1157.000000	770.000000	58.000000	1157.742299	757.134581	2.000000	15.987466
9.000000	23.000000	22.000000	997.000000	816.000000	57.000000	1013.307448	806.639434	2.000000	16.770131
9.000000	24.000000	23.000000	844.000000	894.000000	66.000000	850.653486	902.377963	2.000000	17.299583
9.000000	25.000000	24.000000	865.000000	1088.000000	76.000000	851.047851	1081.950293	2.000000	17.835525
9.000000	26.000000	25.000000	761.000000	1050.000000	75.000000	768.469035	1043.173331	2.000000	18.282864
9.000000	27.000000	0.000000	629.000000	966.000000	64.000000	609.653563	941.300270	2.000000	18.761953
9.000000	28.000000	26.000000	609.000000	945.000000	64.000000	609.653563	941.300270	2.000000	19.339093
9.000000	29.000000	27.000000	315.000000	1078.000000	72.000000	325.561090	1081.881058	2.000000	19.939626
9.000000	30.000000	28.000000	487.000000	727.000000	53.000000	476.141287	743.919944	2.000000	20.707090
9.000000	31.000000	29.000000	591.000000	637.000000	44.000000	598.543626	629.932080	2.000000	21.387006
9.000000	32.000000	30.000000	190.000000	633.000000	41.000000	180.350713	628.701077	2.000000	22.314628
9.000000	33.000000	31.000000	366.000000	179.000000	2.000000	351.880086	179.376607	2.000000	23.081473
9.000000	34.000000	32.000000	649.000000	156.000000	4.000000	631.636988	153.932751	2.000000	23.763654
9.000000	35.000000	33.000000	845.000000	260.000000	16.000000	848.777074	250.376286	2.000000	24.377873
9.000000	36.000000	34.000000	1019.000000	137.000000	7.000000	1011.919059	135.773134	2.000000	24.882558
9.000000	37.000000	35.000000	1120.000000	152.000000	8.000000	1108.599670	153.901517	2.000000	25.290944
9.000000	38.000000	36.000000	1421.000000	164.000000	10.000000	1413.363402	158.210545	2.000000	26.083404
9.000000	39.000000	37.000000	1129.000000	470.000000	28.000000	1139.386914	457.260943	2.000000	26.841537
9.000000	40.000000	38.000000	1101.000000	562.000000	38.000000	1091.801121	566.883614	2.000000	27.674027
9.000000	41.000000	39.000000	969.000000	561.000000	37.000000	974.896967	565.722118	2.000000	28.209795
9.000000	42.000000	40.000000	1281.000000	415.000000	29.000000	1271.837148	425.297722	1.000000	37.306033
10.000000	1.000000	1.000000	368.000000	130.000000	2.000000	367.300931	126.861591	1.000000	1.671186
10.000000	2.000000	2.000000	191.000000	214.000000	1.000000	187.389431	199.969234	1.000000	2.269636
10.000000	3.000000	3.000000	241.000000	267.000000	11.000000	227.369954	261.921473	2.000000	2.982072
10.000000	4.000000	4.000000	487.000000	267.000000	13.000000	471.938971	264.453508	2.000000	3.749408
10.000000	5.000000	5.000000	327.000000	304.000000	12.000000	336.455975	314.441318	1.000000	4.279457
10.000000	6.000000	6.000000	378.000000	400.000000	22.000000	369.148020	391.611419	2.000000	4.711069
10.000000	7.000000	7.000000	225.000000	440.000000	21.000000	217.889564	455.074097	2.000000	5.197465
10.000000	8.000000	8.000000	317.000000	671.000000	42.000000	319.648985	672.247826	1.000000	6.127017
10.000000	9.000000	9.000000	365.000000	541.000000	32.000000	374.052593	547.749000	2.000000	6.998895
10.000000	10.000000	10.000000	502.000000	425.000000	23.000000	492.152704	437.815979	1.000000	7.678035
10.000000	11.000000	11.000000	620.000000	390.000000	24.000000	627.069999	379.218782	1.000000	8.054679
10.000000	12.000000	12.000000	607.000000	322.000000	14.000000	609.550045	315.887897	1.000000	8.406561
10.000000	13.000000	13.000000	737.000000	258.000000	15.000000	717.736842	256.436167	1.000000	9.031260
10.000000	14.000000	14.000000	770.000000	167.000000	5.000000	764.352636	168.523450	1.000000	9.471171
10.000000	15.000000	15.000000	647.000000	130.000000	4.000000	627.822364	122.638121	1.000000	10.278372
10.000000	16.000000	16.000000	1137.000000	300.000000	18.000000	1124.119188	291.980473	2.000000	12.310856
10.000000	17.000000	17.000000	1397.000000	169.000000	10.000000	1398.127375	158.030975	2.000000	13.127676
10.000000	18.000000	18.000000	1382.000000	303.000000	20.000000	1370.510418	305.929937	1.000000	13.846531
10.000000	19.000000	19.000000	1167.000000	411.000000	28.000000	1151.550316	412.902511	1.000000	14.606810
10.000000	20.000000	20.000000	1240.000000	554.000000	39.000000	1240.496635	536.688112	1.000000	15.070143
10.000000	21.000000	21.000000	1421.000000	749.000000	60.000000	1417.596184	754.256340	1.000000	16.262022
10.000000	22.000000	22.000000	1427.000000	643.000000	50.000000	1417.363105	635.921779	2.000000	16.759424
10.000000	23.000000	23.000000	1404.000000	441.000000	30.000000	1399.989539	438.920965	2.000000	17.415446
10.000000	24.000000	24.000000	1245.000000	437.000000	29.000000	1250.144498	433.957784	2.000000	18.319153
10.000000	25.000000	25.000000	1161.000000	577.000000	38.000000	1162.097918	577.151791	2.000000	19.166643
10.000000	26.000000	26.000000	833.000000	543.000000	36.000000	842.239469	537.101786	1.000000	20.926791
10.000000	27.000000	27.000000	719.000000	564.000000	35.000000	721.201276	564.165573	1.000000	21.534037
10.000000	28.000000	28.000000	475.000000	616.000000	43.000000	476.668930	620.014360	1.000000	22.175439
10.000000	29.000000	29.000000	634.000000	1012.000000	74.000000	637.352100	1004.462284	1.000000	23.861530
10.000000	30.000000	30.000000	1237.000000	1048.000000	79.000000	1237.534204	1057.746644	1.000000	24.559340
10.000000	31.000000	31.000000	1242.000000	818.000000	59.000000	1239.255587	810.116744	1.000000	25.871410
10.000000	32.000000	32.000000	1294.000000	926.000000	69.000000	1282.111153	919.372867	2.000000	27.013898
10.000000	33.000000	33.000000	1018.000000	1034.000000	77.000000	1009.614109	1024.271937	2.000000	27.919517
10.000000	34.000000	34.000000	836.000000	909.000000	66.000000	830.176930	902.266421	2.000000	28.574726
10.000000	35.000000	35.000000	615.000000	918.000000	64.000000	596.698804	915.148864	2.000000	29.510416
10.000000	36.000000	36.000000	520.000000	1066.000000	73.000000	511.118463	1062.011457	2.000000	30.031260
10.000000	37.000000	37.000000	351.000000	1051.000000	72.000000	328.642245	1042.679160	2.000000	30.461157
10.000000	38.000000	38.000000	217.000000	1044.000000	71.000000	208.445262	1053.381433	2.000000	31.031063
10.000000	39.000000	39.000000	184.000000	918.000000	61.000000	182.529733	907.861272	2.000000	31.509986
10.000000	40.000000	40.000000	317.000000	900.000000	62.000000	317.705953	883.914958	2.000000	32.029828
11.000000	1.000000	1.000000	340.000000	180.000000	2.000000	348.960624	176.158332	2.000000	1.880685
11.000000	2.000000	2.000000	602.000000	131.000000	4.000000	613.831561	120.236065	2.000000	2.431643
11.000000	3.000000	3.000000	897.000000	120.000000	6.000000	896.211990	118.883499	2.000000	3.272229
11.000000	4.000000	4.000000	1024.000000	173.000000	7.000000	1013.680729	179.819694	2.000000	3.713792
11.000000	5.000000	5.000000	1250.000000	304.000000	19.000000	1238.267632	316.161571	2.000000	4.513266
11.000000	6.000000	6.000000	1384.000000	286.000000	20.000000	1386.209732	283.444299	2.000000	4.984873
11.000000	7.000000	7.000000	1412.000000	387.000000	30.000000	1409.276704	380.267590	2.000000	5.543977
11.000000	8.000000	0.000000	1137.000000	580.000000	38.000000	1101.602972	579.518940	2.000000	6.183744
11.000000	9.000000	8.000000	1123.000000	584.000000	38.000000	1101.602972	579.518940	2.000000	6.633220
11.000000	10.000000	9.000000	1095.000000	624.000000	48.000000	1094.276742	621.998451	2.000000	7.153261
11.000000	11.000000	10.000000	1226.000000	964.000000	69.000000	1224.530648	941.461514	2.000000	8.009743
11.000000	12.000000	11.000000	1018.000000	890.000000	67.000000	1008.451478	877.661257	2.000000	8.593283
11.000000	13.000000	12.000000	766.000000	1084.000000	75.000000	753.111157	1069.239445	2.000000	9.440549
11.000000	14.000000	13.000000	639.000000	949.000000	64.000000	631.845113	954.472713	2.000000	10.392940
11.000000	15.000000	14.000000	507.000000	885.000000	63.000000	512.162752	869.834073	2.000000	10.880671
11.000000	16.000000	15.000000	478.000000	1001.000000	73.000000	476.839982	995.831212	2.000000	11.409902
11.000000	17.000000	16.000000	236.000000	766.000000	51.000000	228.067730	752.064117	2.000000	12.345542
11.000000	18.000000	17.000000	254.000000	566.000000	31.000000	243.631892	570.540508	2.000000	13.113765
11.000000	19.000000	18.000000	317.000000	383.000000	22.000000	329.809659	390.597649	2.000000	13.721074
11.000000	20.000000	19.000000	974.000000	526.000000	37.000000	963.811271	526.615387	2.000000	15.425345
11.000000	21.000000	20.000000	636.000000	264.000000	14.000000	633.494606	255.507307	2.000000	16.425537
11.000000	22.000000	21.000000	218.000000	241.000000	11.000000	219.142541	250.626859	1.000000	18.856587
11.000000	23.000000	22.000000	208.000000	381.000000	21.000000	200.315617	372.166598	1.000000	19.529342
11.000000	24.000000	23.000000	690.000000	293.000000	15.000000	698.630629	283.475950	1.000000	20.728962
11.000000	25.000000	24.000000	890.000000	384.000000	26.000000	884.309511	378.277822	1.000000	21.497855
11.000000	26.000000	25.000000	965.000000	418.000000	27.000000	964.981556	406.996357	1.000000	22.592618
11.000000	27.000000	26.000000	1030.000000	280.000000	17.000000	1025.675220	268.756412	1.000000	23.296350
11.000000	28.000000	27.000000	1109.000000	297.000000	18.000000	1096.038568	290.409828	1.000000	23.905702
11.000000	29.000000	28.000000	1356.000000	694.000000	50.000000	1356.861660	678.372078	1.000000	24.919811
11.000000	30.000000	29.000000	1365.000000	756.000000	60.000000	1349.145164	752.116687	1.000000	25.576830
11.000000	31.000000	30.000000	1377.000000	917.000000	70.000000	1369.542947	903.164482	1.000000	26.185217
11.000000	32.000000	31.000000	1385.000000	1044.000000	80.000000	1386.712876	1034.654414	1.000000	26.729378
11.000000	33.000000	32.000000	873.000000	1042.000000	76.000000	864.513091	1041.018075	1.000000	27.728603
11.000000	34.000000	33.000000	689.000000	921.000000	65.000000	699.285629	921.008707	1.000000	28.281816
11.000000	35.000000	34.000000	587.000000	1005.000000	74.000000	587.339482	1005.697994	1.000000	28.728017
11.000000	36.000000	35.000000	577.000000	831.000000	54.000000	589.016850	826.064831	1.000000	29.265304
11.000000	37.000000	36.000000	328.000000	815.000000	52.000000	338.617486	811.544138	1.000000	29.928947
11.000000	38.000000	37.000000	238.000000	1071.000000	71.000000	229.656590	1052.719371	1.000000	30.784493
11.000000	39.000000	38.000000	599.000000	686.000000	44.000000	605.262057	667.623679	1.000000	31.713738
11.000000	40.000000	39.000000	843.000000	550.000000	36.000000	844.189479	556.406006	1.000000	32.456838
11.000000	41.000000	40.000000	1284.000000	712.000000	49.000000	1279.435100	706.237619	1.000000	34.673436
12.000000	1.000000	1.000000	351.000000	140.000000	2.000000	349.705087	138.509199	1.000000	2.256646
12.000000	2.000000	2.000000	594.000000	130.000000	4.000000	590.236868	133.573704	1.000000	2.968422
12.000000	3.000000	3.000000	1356.000000	131.000000	10.000000	1355.610355	137.483822	1.000000	3.792011
12.000000	4.000000	4.000000	1361.000000	258.000000	20.000000	1362.390282	275.380581	1.000000	4.191669
12.000000	5.000000	5.000000	1161.000000	268.000000	18.000000	1159.897297	260.317092	1.000000	4.824486
12.000000	6.000000	6.000000	1395.000000	424.000000	30.000000	1385.877331	410.741512	1.000000	5.599947
12.000000	7.000000	7.000000	1239.000000	794.000000	59.000000	1223.920387	793.737225	1.000000	6.600314
12.000000	8.000000	8.000000	1283.000000	945.000000	69.000000	1277.270104	939.894931	1.000000	7.015873
12.000000	9.000000	9.000000	874.000000	885.000000	66.000000	870.960368	873.642506	1.000000	7.904048
12.000000	10.000000	10.000000	899.000000	778.000000	56.000000	898.571377	780.840676	1.000000	8.407140
12.000000	11.000000	11.000000	987.000000	548.000000	37.000000	974.883223	553.056895	1.000000	9.168682
12.000000	12.000000	12.000000	759.000000	611.000000	45.000000	754.223110	626.234479	1.000000	9.776650
12.000000	13.000000	13.000000	745.000000	522.000000	35.000000	746.530075	541.034118	1.000000	10.119885
12.000000	14.000000	14.000000	613.000000	506.000000	34.000000	621.731175	494.699198	1.000000	10.591019
12.000000	15.000000	15.000000	443.000000	631.000000	43.000000	454.963552	629.849334	1.000000	11.496043
12.000000	16.000000	16.000000	338.000000	376.000000	22.000000	329.018539	373.018026	1.000000	12.198867
12.000000	17.000000	0.000000	297.000000	283.000000	12.000000	319.698443	304.979802	1.000000	12.551470
12.000000	18.000000	17.000000	332.000000	310.000000	12.000000	319.698443	304.979802	1.000000	12.848748
12.000000	19.000000	18.000000	183.000000	442.000000	21.000000	186.892087	454.274107	1.000000	13.584013
12.000000	20.000000	19.000000	186.000000	755.000000	51.000000	178.620609	749.450198	1.000000	14.679234
12.000000	21.000000	20.000000	382.000000	960.000000	62.000000	379.465300	954.702077	1.000000	15.335837
12.000000	22.000000	21.000000	1119.000000	946.000000	68.000000	1109.666358	942.402495	2.000000	18.192307
12.000000	23.000000	0.000000	989.000000	770.000000	57.000000	1008.601738	785.866740	2.000000	19.158749
12.000000	24.000000	22.000000	1011.000000	799.000000	57.000000	1008.601738	785.866740	2.000000	19.888772
12.000000	25.000000	23.000000	847.000000	1019.000000	76.000000	842.336473	1021.810275	2.000000	20.495097
12.000000	26.000000	24.000000	770.000000	913.000000	65.000000	771.579234	903.698922	2.000000	20.864587
12.000000	27.000000	25.000000	582.000000	906.000000	64.000000	596.506221	898.604594	2.000000	21.735878
12.000000	28.000000	26.000000	467.000000	931.000000	63.000000	455.675178	940.711398	2.000000	22.488315
12.000000	29.000000	27.000000	436.000000	809.000000	53.000000	447.050317	800.643389	2.000000	22.976917
12.000000	30.000000	28.000000	348.000000	802.000000	52.000000	344.536471	785.635891	2.000000	23.319214
12.000000	31.000000	29.000000	237.000000	1046.000000	71.000000	235.438955	1035.301659	2.000000	23.967190
12.000000	32.000000	30.000000	182.000000	267.000000	11.000000	188.306265	268.571598	2.000000	24.959517
12.000000	33.000000	31.000000	742.000000	179.000000	5.000000	751.183679	164.179839	2.000000	25.598731
12.000000	34.000000	32.000000	836.000000	174.000000	6.000000	831.627840	176.124256	2.000000	25.960706
12.000000	35.000000	33.000000	739.000000	271.000000	15.000000	738.980354	254.049771	2.000000	26.334719
12.000000	36.000000	34.000000	1100.000000	159.000000	8.000000	1107.813400	149.221076	2.000000	27.160506
12.000000	37.000000	35.000000	1219.000000	316.000000	19.000000	1226.030625	326.344560	2.000000	27.752691
12.000000	38.000000	36.000000	1386.000000	513.000000	40.000000	1379.338060	519.622329	2.000000	28.623023
12.000000	39.000000	37.000000	885.000000	562.000000	36.000000	882.098974	560.522023	2.000000	29.783090
12.000000	40.000000	38.000000	872.000000	452.000000	26.000000	864.382445	444.305891	2.000000	30.224717
12.000000	41.000000	39.000000	769.000000	453.000000	25.000000	771.034363	447.149203	2.000000	30.647602
12.000000	42.000000	40.000000	496.000000	445.000000	23.000000	489.175322	430.220601	2.000000	31.199349
13.000000	1.000000	1.000000	220.000000	233.000000	11.000000	225.086483	246.448110	1.000000	1.213216
13.000000	2.000000	2.000000	473.000000	309.000000	13.000000	471.733955	328.839669	1.000000	2.005745
13.000000	3.000000	3.000000	1237.000000	134.000000	9.000000	1230.138868	136.371716	1.000000	3.581845
13.000000	4.000000	4.000000	1270.000000	388.000000	29.000000	1270.046127	396.958653	1.000000	4.157637
13.000000	5.000000	5.000000	1235.000000	511.000000	39.000000	1248.784464	508.516840	1.000000	4.636703
13.000000	6.000000	6.000000	1285.000000	624.000000	49.000000	1287.086689	621.515575	1.000000	5.436257
13.000000	7.000000	7.000000	1144.000000	874.000000	68.000000	1141.076245	874.627764	1.000000	6.141077
13.000000	8.000000	8.000000	1009.000000	737.000000	57.000000	1009.637806	761.291934	1.000000	6.659962
13.000000	9.000000	9.000000	733.000000	754.000000	55.000000	721.746668	764.346932	1.000000	7.268741
13.000000	10.000000	10.000000	618.000000	969.000000	64.000000	627.936216	952.173857	1.000000	7.781580
13.000000	11.000000	0.000000	495.000000	1024.000000	73.000000	477.350686	1045.950536	1.000000	8.348145
13.000000	12.000000	11.000000	476.000000	1046.000000	73.000000	477.350686	1045.950536	1.000000	9.061990
13.000000	13.000000	12.000000	342.000000	993.000000	72.000000	333.492371	997.639242	1.000000	9.557826
13.000000	14.000000	13.000000	294.000000	891.000000	62.000000	311.298739	905.931352	1.000000	10.332092
13.000000	15.000000	14.000000	329.000000	767.000000	52.000000	323.659956	784.111255	1.000000	10.941076
13.000000	16.000000	15.000000	352.000000	674.000000	42.000000	345.077815	673.172872	1.000000	11.380889
13.000000	17.000000	16.000000	182.000000	547.000000	31.000000	185.726653	556.485676	1.000000	12.124296
13.000000	18.000000	17.000000	380.000000	509.000000	32.000000	372.008031	501.523413	1.000000	12.638231
13.000000	19.000000	18.000000	469.000000	510.000000	33.000000	466.033828	508.947784	1.000000	13.204299
13.000000	20.000000	19.000000	719.000000	376.000000	25.000000	721.123175	377.553592	1.000000	13.966148
13.000000	21.000000	20.000000	203.000000	195.000000	1.000000	189.511270	188.725853	2.000000	15.893044
13.000000	22.000000	21.000000	194.000000	424.000000	21.000000	197.218527	434.625890	2.000000	16.356132
13.000000	23.000000	22.000000	205.000000	813.000000	51.000000	189.546631	823.858341	2.000000	17.221726
13.000000	24.000000	23.000000	192.000000	899.000000	61.000000	187.575170	891.533880	2.000000	17.709071
13.000000	25.000000	24.000000	177.000000	1010.000000	71.000000	184.308426	1023.502055	2.000000	18.171964
13.000000	26.000000	25.000000	631.000000	1060.000000	74.000000	617.944787	1068.359602	2.000000	19.278280
13.000000	27.000000	26.000000	635.000000	743.000000	54.000000	637.975857	750.013450	2.000000	20.133267
13.000000	28.000000	27.000000	597.000000	687.000000	44.000000	588.075116	677.852105	2.000000	20.493842
13.000000	29.000000	28.000000	709.000000	678.000000	45.000000	723.465769	668.984154	2.000000	21.013414
13.000000	30.000000	0.000000	387.000000	405.000000	22.000000	381.114918	433.592860	2.000000	21.742076
13.000000	31.000000	29.000000	385.000000	431.000000	22.000000	381.114918	433.592860	2.000000	22.884188
13.000000	32.000000	30.000000	630.000000	272.000000	14.000000	622.679690	258.085979	2.000000	23.477200
13.000000	33.000000	31.000000	731.000000	282.000000	15.000000	709.585589	270.094571	2.000000	23.917527
13.000000	34.000000	32.000000	1405.000000	422.000000	30.000000	1405.195904	440.871961	2.000000	25.573380
13.000000	35.000000	33.000000	1430.000000	777.000000	60.000000	1418.960445	776.329666	2.000000	26.316286
13.000000	36.000000	34.000000	1406.000000	870.000000	70.000000	1399.809355	871.830573	2.000000	27.196723
13.000000	37.000000	35.000000	1266.000000	772.000000	59.000000	1259.360697	769.054338	2.000000	27.757029
13.000000	38.000000	36.000000	1133.000000	752.000000	58.000000	1136.436842	747.649992	2.000000	28.316169
13.000000	39.000000	0.000000	1149.000000	594.000000	38.000000	1143.479180	567.682938	2.000000	29.157621
13.000000	40.000000	37.000000	1143.000000	573.000000	38.000000	1143.479180	567.682938	2.000000	30.061373
13.000000	41.000000	38.000000	1104.000000	1052.000000	78.000000	1107.978507	1049.423170	2.000000	31.132197
13.000000	42.000000	39.000000	974.000000	920.000000	67.000000	960.054039	936.755533	2.000000	31.789815
13.000000	43.000000	40.000000	478.000000	755.000000	53.000000	463.871697	763.347883	1.000000	36.204195
14.000000	1.000000	1.000000	578.000000	193.000000	4.000000	576.985193	188.510401	1.000000	3.972040
14.000000	2.000000	2.000000	1003.000000	176.000000	7.000000	1005.884515	182.624304	1.000000	4.755580
14.000000	3.000000	0.000000	1131.000000	303.000000	18.000000	1107.671441	290.777721	1.000000	5.186375
14.000000	4.000000	3.000000	1120.000000	290.000000	18.000000	1107.671441	290.777721	1.000000	5.523413
14.000000	5.000000	4.000000	1386.000000	166.000000	10.000000	1371.480813	163.328383	1.000000	6.339188
14.000000	6.000000	5.000000	1283.000000	393.000000	29.000000	1284.577980	399.551837	1.000000	7.020011
14.000000	7.000000	6.000000	1009.000000	493.000000	37.000000	1002.220853	501.729876	1.000000	7.812007
14.000000	8.000000	7.000000	901.000000	459.000000	26.000000	888.334136	451.911146	1.000000	8.235466
14.000000	9.000000	8.000000	842.000000	559.000000	36.000000	839.644391	568.577921	1.000000	8.756021
14.000000	10.000000	9.000000	353.000000	415.000000	22.000000	360.353654	416.846168	1.000000	9.739449
14.000000	11.000000	10.000000	229.000000	419.000000	21.000000	210.650123	421.601237	1.000000	10.171504
14.000000	12.000000	11.000000	307.000000	489.000000	32.000000	314.504379	498.471565	1.000000	10.690266
14.000000	13.000000	12.000000	169.000000	741.000000	51.000000	178.035150	749.051345	1.000000	11.291480
14.000000	14.000000	13.000000	350.000000	683.000000	42.000000	357.816568	672.620017	1.000000	11.786228
14.000000	15.000000	14.000000	590.000000	795.000000	54.000000	576.664821	786.961282	1.000000	12.842867
14.000000	16.000000	15.000000	490.000000	911.000000	63.000000	491.778071	916.309020	1.000000	13.274663
14.000000	17.000000	16.000000	620.000000	929.000000	64.000000	634.780150	936.290482	1.000000	13.683951
14.000000	18.000000	17.000000	879.000000	752.000000	56.000000	872.738603	772.454542	1.000000	14.378527
14.000000	19.000000	18.000000	1003.000000	648.000000	47.000000	997.815364	670.733903	1.000000	14.915893
14.000000	20.000000	19.000000	1030.000000	1004.000000	77.000000	1011.247579	1009.680450	1.000000	16.290813
14.000000	21.000000	20.000000	1151.000000	896.000000	68.000000	1153.998074	894.615733	1.000000	17.011919
14.000000	22.000000	21.000000	1120.000000	1021.000000	78.000000	1124.368025	1026.887763	2.000000	19.563206
14.000000	23.000000	0.000000	1244.000000	888.000000	69.000000	1238.687059	912.638177	2.000000	20.338598
14.000000	24.000000	22.000000	1245.000000	912.000000	69.000000	1238.687059	912.638177	2.000000	21.026109
14.000000	25.000000	23.000000	1218.000000	825.000000	59.000000	1220.339226	816.806047	2.000000	21.428015
14.000000	26.000000	24.000000	1122.000000	780.000000	58.000000	1131.151958	789.238969	2.000000	21.914165
14.000000	27.000000	25.000000	1110.000000	696.000000	48.000000	1108.108868	679.582970	2.000000	22.363536
14.000000	28.000000	0.000000	1278.000000	633.000000	49.000000	1240.005644	627.521030	2.000000	22.907319
14.000000	29.000000	26.000000	1250.000000	631.000000	49.000000	1240.005644	627.521030	2.000000	23.161989
14.000000	30.000000	0.000000	1304.000000	502.000000	39.000000	1290.495208	527.948231	2.000000	23.587368
14.000000	31.000000	0.000000	1277.000000	555.000000	39.000000	1290.495208	527.948231	2.000000	23.987012
14.000000	32.000000	27.000000	1291.000000	535.000000	39.000000	1290.495208	527.948231	2.000000	24.250651
14.000000	33.000000	28.000000	1438.000000	436.000000	30.000000	1417.339445	436.060348	2.000000	24.730383
14.000000	34.000000	0.000000	1419.000000	433.000000	40.000000	1356.998675	536.227664	3.000000	25.059235
14.000000	35.000000	29.000000	1114.000000	450.000000	28.000000	1097.839048	443.842805	2.000000	25.739418
14.000000	36.000000	30.000000	1156.000000	161.000000	8.000000	1159.178118	179.245066	2.000000	26.451559
14.000000	37.000000	0.000000	882.000000	332.000000	16.000000	855.799023	330.798888	2.000000	27.211957
14.000000	38.000000	0.000000	687.000000	119.000000	5.000000	718.335264	129.750124	2.000000	27.980033
14.000000	39.000000	31.000000	708.000000	128.000000	5.000000	718.335264	129.750124	2.000000	28.339901
14.000000	40.000000	32.000000	839.000000	314.000000	16.000000	855.799023	330.798888	2.000000	28.931774
14.000000	41.000000	33.000000	745.000000	422.000000	25.000000	742.452943	414.673242	2.000000	29.851857
14.000000	42.000000	34.000000	452.000000	643.000000	43.000000	455.327690	649.458572	2.000000	30.570228
14.000000	43.000000	35.000000	477.000000	788.000000	53.000000	473.468598	797.323349	2.000000	31.307408
14.000000	44.000000	36.000000	213.000000	993.000000	71.000000	199.751752	993.756015	2.000000	32.035011
14.000000	45.000000	37.000000	738.000000	773.000000	55.000000	746.464637	769.436732	2.000000	33.003438
14.000000	46.000000	38.000000	857.000000	1078.000000	76.000000	837.998553	1071.632539	2.000000	33.801956
14.000000	47.000000	39.000000	735.000000	1072.000000	75.000000	722.255718	1069.199680	2.000000	34.778155
14.000000	48.000000	40.000000	652.000000	1021.000000	74.000000	634.424759	1031.784783	2.000000	35.233962
15.000000	1.000000	1.000000	223.000000	146.000000	1.000000	227.533255	157.487503	1.000000	1.212622
15.000000	2.000000	2.000000	443.000000	138.000000	3.000000	464.641251	144.223535	1.000000	1.828803
15.000000	3.000000	3.000000	743.000000	127.000000	5.000000	735.298545	133.048024	1.000000	2.726277
15.000000	4.000000	4.000000	1002.000000	183.000000	7.000000	988.671814	192.589689	1.000000	3.206139
15.000000	5.000000	5.000000	1137.000000	326.000000	18.000000	1120.567794	330.985993	1.000000	4.798068
15.000000	6.000000	6.000000	1416.000000	153.000000	10.000000	1412.537957	156.658206	1.000000	7.590215
15.000000	7.000000	7.000000	222.000000	282.000000	11.000000	236.744647	268.621953	1.000000	11.021032
15.000000	8.000000	8.000000	756.000000	393.000000	25.000000	759.271554	407.144846	1.000000	13.669521
15.000000	9.000000	9.000000	949.000000	494.000000	37.000000	963.615346	500.907922	1.000000	14.180827
15.000000	10.000000	10.000000	624.000000	513.000000	34.000000	601.967940	518.494616	1.000000	14.790081
15.000000	11.000000	11.000000	724.000000	675.000000	45.000000	734.521829	685.787605	1.000000	15.340801
15.000000	12.000000	12.000000	616.000000	755.000000	54.000000	621.573940	756.278019	1.000000	16.253106
15.000000	13.000000	13.000000	448.000000	1016.000000	73.000000	463.313843	1017.078932	1.000000	16.980703
15.000000	14.000000	14.000000	745.000000	1022.000000	75.000000	756.428948	1026.541801	1.000000	17.853314
15.000000	15.000000	15.000000	1131.000000	884.000000	68.000000	1143.890764	889.636543	1.000000	18.565215
15.000000	16.000000	16.000000	1412.000000	999.000000	80.000000	1394.646095	1001.891734	1.000000	19.405993
15.000000	17.000000	17.000000	1270.000000	874.000000	69.000000	1277.338245	892.852367	1.000000	19.870226
15.000000	18.000000	18.000000	1274.000000	814.000000	59.000000	1278.254827	813.282661	1.000000	20.221185
15.000000	19.000000	19.000000	1035.000000	756.000000	57.000000	1012.028006	762.232438	1.000000	21.037873
15.000000	20.000000	20.000000	1243.000000	545.000000	39.000000	1240.738056	547.158826	1.000000	22.205391
15.000000	21.000000	21.000000	185.000000	504.000000	31.000000	185.123619	493.296521	2.000000	23.726196
15.000000	22.000000	22.000000	334.000000	414.000000	22.000000	328.254384	415.401024	2.000000	24.117320
15.000000	23.000000	23.000000	452.000000	420.000000	23.000000	472.188296	426.134413	2.000000	24.540081
15.000000	24.000000	24.000000	1213.000000	281.000000	19.000000	1229.947592	290.215638	2.000000	25.717933
15.000000	25.000000	0.000000	1260.000000	347.000000	29.000000	1262.807306	375.576100	2.000000	26.028890
15.000000	26.000000	25.000000	1370.000000	274.000000	20.000000	1367.891710	279.560146	2.000000	26.598043
15.000000	27.000000	26.000000	1269.000000	377.000000	29.000000	1262.807306	375.576100	2.000000	27.069147
15.000000	28.000000	27.000000	1141.000000	438.000000	28.000000	1154.193062	440.555892	2.000000	27.517002
15.000000	29.000000	28.000000	1421.000000	677.000000	50.000000	1413.739486	680.858341	2.000000	28.485103
15.000000	30.000000	29.000000	1269.000000	647.000000	49.000000	1250.839815	641.343245	2.000000	29.126195
15.000000	31.000000	30.000000	1370.000000	881.000000	70.000000	1373.863704	886.928700	2.000000	29.837475
15.000000	32.000000	31.000000	1229.000000	1010.000000	79.000000	1217.708810	1015.596905	2.000000	30.500332
15.000000	33.000000	0.000000	1101.000000	973.000000	78.000000	1117.601050	994.043253	2.000000	30.901994
15.000000	34.000000	32.000000	1113.000000	983.000000	78.000000	1117.601050	994.043253	2.000000	31.237757
15.000000	35.000000	33.000000	1041.000000	1040.000000	77.000000	1032.360182	1053.347453	2.000000	31.749267
15.000000	36.000000	34.000000	778.000000	894.000000	65.000000	764.071369	898.711653	2.000000	32.796978
15.000000	37.000000	35.000000	372.000000	1064.000000	72.000000	365.540968	1075.253959	2.000000	33.892389
15.000000	38.000000	36.000000	354.000000	807.000000	52.000000	340.842954	801.273695	2.000000	34.581543
15.000000	39.000000	37.000000	494.000000	791.000000	53.000000	494.553944	783.326116	2.000000	35.269173
15.000000	40.000000	38.000000	628.000000	625.000000	44.000000	611.905984	620.319225	2.000000	35.973184
15.000000	41.000000	39.000000	370.000000	543.000000	32.000000	355.958322	546.296955	2.000000	36.965757
15.000000	42.000000	40.000000	985.000000	692.000000	47.000000	982.209253	690.932662	2.000000	43.532610
16.000000	1.000000	1.000000	199.000000	315.000000	11.000000	210.812566	320.587053	1.000000	1.769954
16.000000	2.000000	2.000000	314.000000	379.000000	22.000000	327.263830	386.826377	1.000000	2.392835
16.000000	3.000000	3.000000	188.000000	687.000000	41.000000	184.743603	677.918611	2.000000	3.658836
16.000000	4.000000	4.000000	362.000000	557.000000	32.000000	360.316023	548.954110	2.000000	4.274616
16.000000	5.000000	5.000000	360.000000	311.000000	12.000000	371.548784	316.788319	2.000000	4.891034
16.000000	6.000000	6.000000	518.000000	242.000000	13.000000	506.342675	243.203636	2.000000	5.346627
16.000000	7.000000	7.000000	614.000000	191.000000	4.000000	603.665730	193.306001	2.000000	6.002535
16.000000	8.000000	8.000000	698.000000	131.000000	5.000000	716.602728	129.665554	2.000000	6.377223
16.000000	9.000000	9.000000	850.000000	178.000000	6.000000	868.341827	187.723606	2.000000	6.793721
16.000000	10.000000	10.000000	1026.000000	292.000000	17.000000	1021.465247	285.214317	2.000000	8.209773
16.000000	11.000000	11.000000	752.000000	388.000000	25.000000	748.042277	394.923765	1.000000	8.873792
16.000000	12.000000	12.000000	1108.000000	406.000000	28.000000	1112.590452	403.360256	2.000000	9.585087
16.000000	13.000000	13.000000	1294.000000	251.000000	19.000000	1291.281087	247.849047	2.000000	10.201806
16.000000	14.000000	14.000000	1417.000000	130.000000	10.000000	1409.468075	143.298532	2.000000	10.665589
16.000000	15.000000	15.000000	1359.000000	366.000000	30.000000	1368.194569	371.838440	1.000000	11.697130
16.000000	16.000000	16.000000	1410.000000	310.000000	20.000000	1396.746659	303.962454	1.000000	12.290276
16.000000	17.000000	17.000000	1357.000000	544.000000	40.000000	1350.800020	544.873650	2.000000	13.033969
16.000000	18.000000	18.000000	1379.000000	692.000000	50.000000	1370.522131	683.854734	2.000000	13.753887
16.000000	19.000000	19.000000	1421.000000	809.000000	60.000000	1420.596757	806.345055	2.000000	14.424929
16.000000	20.000000	20.000000	1027.000000	990.000000	77.000000	1010.754283	995.379879	2.000000	15.522064
16.000000	21.000000	21.000000	721.000000	834.000000	55.000000	707.222186	832.377478	2.000000	16.225188
16.000000	22.000000	22.000000	901.000000	777.000000	56.000000	895.466454	766.739290	2.000000	17.066501
16.000000	23.000000	23.000000	467.000000	922.000000	63.000000	480.020449	938.780815	2.000000	17.914160
16.000000	24.000000	24.000000	358.000000	774.000000	52.000000	376.133462	789.164710	2.000000	18.361659
16.000000	25.000000	25.000000	633.000000	436.000000	24.000000	636.279764	425.496131	2.000000	19.600846
16.000000	26.000000	26.000000	508.000000	752.000000	53.000000	508.317563	744.195624	1.000000	21.946229
16.000000	27.000000	27.000000	350.000000	909.000000	62.000000	345.897359	894.247835	1.000000	22.561883
16.000000	28.000000	28.000000	345.000000	1029.000000	72.000000	327.017659	1029.508611	1.000000	23.010410
16.000000	29.000000	0.000000	176.000000	1060.000000	71.000000	203.488727	1066.367386	1.000000	23.696970
16.000000	30.000000	29.000000	848.000000	932.000000	66.000000	870.191012	926.697866	1.000000	24.730950
16.000000	31.000000	30.000000	220.000000	1071.000000	71.000000	203.488727	1066.367386	1.000000	25.498026
16.000000	32.000000	31.000000	1227.000000	969.000000	69.000000	1231.176268	954.976050	1.000000	26.306810
16.000000	33.000000	32.000000	1383.000000	873.000000	70.000000	1367.285188	880.716862	1.000000	27.059063
16.000000	34.000000	33.000000	1239.000000	779.000000	59.000000	1239.148780	797.987345	1.000000	27.993669
16.000000	35.000000	34.000000	1108.000000	635.000000	48.000000	1100.771534	619.048767	1.000000	28.705804
16.000000	36.000000	0.000000	1008.000000	631.000000	47.000000	983.155106	622.652861	1.000000	29.386590
16.000000	37.000000	35.000000	987.000000	632.000000	47.000000	983.155106	622.652861	1.000000	30.282676
16.000000	38.000000	36.000000	843.000000	692.000000	46.000000	830.700394	697.543811	1.000000	31.090033
16.000000	39.000000	37.000000	744.000000	703.000000	45.000000	756.615592	704.067745	1.000000	31.651196
16.000000	40.000000	38.000000	599.000000	1028.000000	74.000000	603.132414	1022.636422	1.000000	32.521106
16.000000	41.000000	39.000000	755.000000	537.000000	35.000000	735.718802	525.662481	1.000000	33.234141
16.000000	42.000000	40.000000	838.000000	537.000000	36.000000	834.313460	533.730933	1.000000	33.593899
17.000000	1.000000	1.000000	267.000000	120.000000	1.000000	246.044044	118.450644	1.000000	1.496434
17.000000	2.000000	0.000000	596.000000	115.000000	4.000000	626.870161	133.950142	1.000000	2.287049
17.000000	3.000000	2.000000	634.000000	123.000000	4.000000	626.870161	133.950142	1.000000	2.720440
17.000000	4.000000	3.000000	694.000000	235.000000	15.000000	701.828633	250.065962	1.000000	3.263530
17.000000	5.000000	4.000000	1021.000000	252.000000	17.000000	1004.409083	252.517590	1.000000	3.968377
17.000000	6.000000	5.000000	1137.000000	446.000000	28.000000	1128.846771	439.695983	1.000000	5.279129
17.000000	7.000000	6.000000	1381.000000	557.000000	40.000000	1385.984425	563.167680	1.000000	5.814274
17.000000	8.000000	0.000000	1375.000000	646.000000	50.000000	1372.091645	673.086498	1.000000	6.190277
17.000000	9.000000	7.000000	1391.000000	670.000000	50.000000	1372.091645	673.086498	1.000000	7.047688
17.000000	10.000000	8.000000	1275.000000	629.000000	49.000000	1268.991608	636.973382	1.000000	7.598343
17.000000	11.000000	9.000000	1254.000000	554.000000	39.000000	1249.983375	552.334946	1.000000	7.967253
17.000000	12.000000	10.000000	1114.000000	638.000000	48.000000	1124.438337	626.193883	1.000000	8.430809
17.000000	13.000000	11.000000	893.000000	542.000000	36.000000	874.965106	534.770626	1.000000	9.302986
17.000000	14.000000	12.000000	739.000000	538.000000	35.000000	718.075150	548.141567	1.000000	10.214720
17.000000	15.000000	13.000000	356.000000	507.000000	32.000000	346.517499	501.155201	1.000000	10.888072
17.000000	16.000000	0.000000	242.000000	518.000000	31.000000	227.787598	539.848502	1.000000	11.455172
17.000000	17.000000	14.000000	226.000000	530.000000	31.000000	227.787598	539.848502	1.000000	11.830417
17.000000	18.000000	15.000000	368.000000	641.000000	42.000000	379.658245	642.076666	1.000000	12.391393
17.000000	19.000000	16.000000	366.000000	888.000000	62.000000	367.850482	895.396062	1.000000	13.271753
17.000000	20.000000	17.000000	628.000000	763.000000	54.000000	627.083715	771.446550	1.000000	13.966551
17.000000	21.000000	18.000000	745.000000	794.000000	55.000000	743.785720	800.030928	1.000000	14.551869
17.000000	22.000000	19.000000	969.000000	1056.000000	77.000000	969.431726	1062.183227	1.000000	15.998793
17.000000	23.000000	20.000000	1412.000000	1038.000000	80.000000	1399.655927	1033.578786	1.000000	16.814687
17.000000	24.000000	21.000000	363.000000	158.000000	2.000000	362.309691	145.989828	2.000000	18.294684
17.000000	25.000000	22.000000	571.000000	288.000000	14.000000	568.807524	299.266978	2.000000	19.118427
17.000000	26.000000	23.000000	1154.000000	164.000000	8.000000	1156.278108	156.051008	2.000000	19.886783
17.000000	27.000000	24.000000	1127.000000	263.000000	18.000000	1121.091126	279.919730	2.000000	20.280413
17.000000	28.000000	25.000000	1385.000000	254.000000	20.000000	1385.178115	252.650368	2.000000	20.910286
17.000000	29.000000	26.000000	1407.000000	382.000000	30.000000	1399.824430	384.104922	2.000000	21.342555
17.000000	30.000000	27.000000	1040.000000	410.000000	27.000000	1020.054729	422.945904	2.000000	22.072129
17.000000	31.000000	28.000000	477.000000	431.000000	23.000000	486.014448	425.134775	2.000000	22.920111
17.000000	32.000000	29.000000	470.000000	551.000000	33.000000	457.628081	540.795705	2.000000	23.398289
17.000000	33.000000	30.000000	438.000000	694.000000	43.000000	440.824398	687.568246	2.000000	23.999490
17.000000	34.000000	31.000000	238.000000	689.000000	41.000000	241.909045	688.398820	2.000000	24.719066
17.000000	35.000000	32.000000	178.000000	866.000000	61.000000	178.810178	878.373219	2.000000	25.487547
17.000000	36.000000	0.000000	367.000000	833.000000	52.000000	380.290425	811.139853	2.000000	25.959241
17.000000	37.000000	33.000000	374.000000	820.000000	52.000000	380.290425	811.139853	2.000000	26.343802
17.000000	38.000000	34.000000	353.000000	1018.000000	72.000000	359.704191	1030.619879	2.000000	26.935988
17.000000	39.000000	35.000000	708.000000	893.000000	65.000000	723.643782	897.669717	2.000000	27.903314
17.000000	40.000000	36.000000	747.000000	632.000000	45.000000	750.257895	630.885798	2.000000	28.799338
17.000000	41.000000	37.000000	884.000000	620.000000	46.000000	884.420756	630.000973	2.000000	29.535830
17.000000	42.000000	38.000000	898.000000	821.000000	56.000000	890.519962	831.522645	2.000000	30.198752
17.000000	43.000000	39.000000	1156.000000	803.000000	58.000000	1134.855778	795.590861	2.000000	30.654206
17.000000	44.000000	40.000000	1288.000000	762.000000	59.000000	1284.495266	761.281405	2.000000	31.375777
18.000000	1.000000	1.000000	221.000000	166.000000	1.000000	215.060225	164.924630	1.000000	1.501087
18.000000	2.000000	0.000000	513.000000	282.000000	13.000000	477.867318	291.462928	1.000000	2.115454
18.000000	3.000000	2.000000	489.000000	290.000000	13.000000	477.867318	291.462928	1.000000	2.397483
18.000000	4.000000	3.000000	635.000000	267.000000	14.000000	640.453802	258.444848	1.000000	2.772249
18.000000	5.000000	4.000000	767.000000	142.000000	5.000000	762.443659	147.214962	1.000000	3.413359
18.000000	6.000000	5.000000	1107.000000	123.000000	8.000000	1096.158612	130.870005	1.000000	4.140963
18.000000	7.000000	6.000000	1361.000000	254.000000	20.000000	1376.222648	254.984880	1.000000	4.771458
18.000000	8.000000	7.000000	982.000000	321.000000	17.000000	963.469198	312.991461	1.000000	5.516931
18.000000	9.000000	8.000000	1244.000000	407.000000	29.000000	1232.960454	404.848896	1.000000	6.044780
18.000000	10.000000	9.000000	710.000000	411.000000	25.000000	697.606860	398.018212	1.000000	6.763471
18.000000	11.000000	10.000000	991.000000	571.000000	37.000000	981.055802	559.605252	1.000000	7.444219
18.000000	12.000000	11.000000	196.000000	382.000000	21.000000	194.123181	372.386756	1.000000	8.236695
18.000000	13.000000	0.000000	375.000000	518.000000	32.000000	347.311566	525.933514	1.000000	8.701543
18.000000	14.000000	12.000000	372.000000	529.000000	32.000000	347.311566	525.933514	1.000000	9.060082
18.000000	15.000000	13.000000	184.000000	692.000000	41.000000	177.768176	681.128700	1.000000	9.707541
18.000000	16.000000	14.000000	582.000000	773.000000	54.000000	580.437006	758.799069	1.000000	10.971939
18.000000	17.000000	15.000000	716.000000	831.000000	55.000000	722.005603	830.404573	1.000000	11.501085
18.000000	18.000000	16.000000	646.000000	948.000000	64.000000	630.367709	947.158616	1.000000	12.115331
18.000000	19.000000	17.000000	1026.000000	1075.000000	77.000000	1017.217974	1059.274930	1.000000	13.044757
18.000000	20.000000	18.000000	1014.000000	910.000000	67.000000	1008.278618	900.797299	1.000000	13.580916
18.000000	21.000000	19.000000	1385.000000	1003.000000	80.000000	1366.966215	1008.807028	1.000000	14.163372
18.000000	22.000000	20.000000	1153.000000	666.000000	48.000000	1132.432685	662.043461	1.000000	15.308351
18.000000	23.000000	21.000000	1215.000000	277.000000	19.000000	1230.580883	276.969725	2.000000	17.220801
18.000000	24.000000	22.000000	1136.000000	276.000000	18.000000	1146.556709	277.468374	2.000000	17.579702
18.000000	25.000000	23.000000	1391.000000	459.000000	30.000000	1382.135029	446.556883	2.000000	18.172894
18.000000	26.000000	24.000000	1382.000000	555.000000	40.000000	1373.686150	559.382876	2.000000	18.475565
18.000000	27.000000	25.000000	1416.000000	694.000000	50.000000	1410.328827	690.789065	2.000000	18.859333
18.000000	28.000000	26.000000	1426.000000	774.000000	60.000000	1422.222069	793.342996	2.000000	19.435987
18.000000	29.000000	0.000000	1261.000000	628.000000	49.000000	1218.534134	627.077751	2.000000	20.172812
18.000000	30.000000	27.000000	1232.000000	639.000000	49.000000	1218.534134	627.077751	2.000000	20.484442
18.000000	31.000000	28.000000	1040.000000	394.000000	27.000000	1028.367876	377.664473	2.000000	21.299518
18.000000	32.000000	29.000000	867.000000	524.000000	36.000000	845.509967	536.593317	2.000000	21.892897
18.000000	33.000000	30.000000	706.000000	275.000000	15.000000	718.189770	255.364727	2.000000	22.676052
18.000000	34.000000	31.000000	360.000000	181.000000	2.000000	368.423855	175.519430	2.000000	23.125150
18.000000	35.000000	32.000000	334.000000	244.000000	12.000000	313.065203	243.140943	2.000000	23.419519
18.000000	36.000000	0.000000	338.000000	353.000000	22.000000	329.305820	379.048490	2.000000	23.916919
18.000000	37.000000	33.000000	326.000000	384.000000	22.000000	329.305820	379.048490	2.000000	24.916809
18.000000	38.000000	34.000000	693.000000	540.000000	35.000000	706.441106	542.259657	2.000000	25.587498
18.000000	39.000000	35.000000	456.000000	555.000000	33.000000	456.538364	559.081891	2.000000	26.003669
18.000000	40.000000	36.000000	379.000000	667.000000	42.000000	372.335329	656.060987	2.000000	26.547746
18.000000	41.000000	37.000000	958.000000	700.000000	47.000000	979.215509	691.890997	2.000000	27.524654
18.000000	42.000000	38.000000	985.000000	820.000000	57.000000	982.549894	812.846210	2.000000	27.979798
18.000000	43.000000	39.000000	564.000000	1068.000000	74.000000	573.924244	1068.267995	2.000000	28.883585
18.000000	44.000000	40.000000	371.000000	1048.000000	72.000000	377.261692	1042.163019	2.000000	29.396428
19.000000	1.000000	1.000000	320.000000	153.000000	2.000000	321.511216	149.476068	1.000000	1.986866
19.000000	2.000000	2.000000	459.000000	266.000000	13.000000	451.468790	274.527524	1.000000	2.650413
19.000000	3.000000	3.000000	1023.000000	267.000000	17.000000	1026.717749	275.621282	1.000000	3.739032
19.000000	4.000000	4.000000	1154.000000	196.000000	8.000000	1158.808080	198.695228	1.000000	4.281357
19.000000	5.000000	5.000000	1207.000000	297.000000	19.000000	1224.583411	297.005563	1.000000	4.713108
19.000000	6.000000	6.000000	1368.000000	282.000000	20.000000	1375.598747	280.011307	1.000000	5.249619
19.000000	7.000000	7.000000	1135.000000	395.000000	28.000000	1152.231209	385.110431	1.000000	5.865412
19.000000	8.000000	8.000000	962.000000	523.000000	37.000000	967.267180	531.745533	1.000000	6.609181
19.000000	9.000000	9.000000	487.000000	405.000000	23.000000	487.027860	404.913491	1.000000	7.866070
19.000000	10.000000	10.000000	588.000000	510.000000	34.000000	591.908033	516.682960	1.000000	8.426124
19.000000	11.000000	0.000000	389.000000	522.000000	32.000000	362.871972	514.954800	1.000000	8.897540
19.000000	12.000000	11.000000	367.000000	522.000000	32.000000	362.871972	514.954800	1.000000	9.313423
19.000000	13.000000	12.000000	331.000000	693.000000	42.000000	330.097396	681.639308	1.000000	9.962576
19.000000	14.000000	13.000000	357.000000	804.000000	52.000000	353.504674	822.463735	1.000000	10.401720
19.000000	15.000000	14.000000	847.000000	1079.000000	76.000000	844.528076	1078.230038	1.000000	11.322140
19.000000	16.000000	15.000000	759.000000	942.000000	65.000000	752.731571	937.601368	1.000000	11.801959
19.000000	17.000000	16.000000	746.000000	775.000000	55.000000	723.450733	785.093262	1.000000	12.425124
19.000000	18.000000	17.000000	901.000000	638.000000	46.000000	893.753092	631.579722	1.000000	13.177621
19.000000	19.000000	18.000000	1022.000000	910.000000	67.000000	1015.384325	903.640574	1.000000	13.891023
19.000000	20.000000	19.000000	1226.000000	952.000000	69.000000	1225.121898	955.032107	1.000000	14.481474
19.000000	21.000000	20.000000	1265.000000	1022.000000	79.000000	1269.911495	1016.652703	1.000000	14.872877
19.000000	22.000000	21.000000	216.000000	186.000000	1.000000	207.942647	182.272042	2.000000	16.017646
19.000000	23.000000	22.000000	241.000000	268.000000	11.000000	238.655096	252.000564	2.000000	16.667177
19.000000	24.000000	23.000000	624.000000	179.000000	4.000000	608.799972	173.923026	2.000000	17.434107
19.000000	25.000000	0.000000	976.000000	156.000000	7.000000	1005.810480	143.540900	2.000000	17.953176
19.000000	26.000000	24.000000	1000.000000	145.000000	7.000000	1005.810480	143.540900	2.000000	18.706230
19.000000	27.000000	25.000000	1139.000000	272.000000	18.000000	1138.698941	267.691062	2.000000	19.529551
19.000000	28.000000	26.000000	838.000000	425.000000	26.000000	842.470119	411.317115	2.000000	20.241203
19.000000	29.000000	27.000000	1099.000000	502.000000	38.000000	1102.906773	508.783418	2.000000	20.801734
19.000000	30.000000	28.000000	1244.000000	570.000000	39.000000	1234.494112	564.195582	2.000000	21.393436
19.000000	31.000000	29.000000	1397.000000	547.000000	40.000000	1403.579654	544.195366	2.000000	21.930835
19.000000	32.000000	30.000000	1023.000000	693.000000	47.000000	1011.761950	681.809715	2.000000	22.803042
19.000000	33.000000	31.000000	1384.000000	949.000000	70.000000	1391.942261	947.940916	2.000000	23.553497
19.000000	34.000000	32.000000	1341.000000	1010.000000	80.000000	1361.321720	996.771307	2.000000	23.905035
19.000000	35.000000	0.000000	1139.000000	1010.000000	78.000000	1108.510923	1010.354076	2.000000	24.545550
19.000000	36.000000	33.000000	1105.000000	1012.000000	78.000000	1108.510923	1010.354076	2.000000	25.002294
19.000000	37.000000	34.000000	965.000000	998.000000	77.000000	980.769283	997.696542	2.000000	25.585999
19.000000	38.000000	35.000000	887.000000	889.000000	66.000000	886.521125	876.021796	2.000000	26.073985
19.000000	39.000000	36.000000	705.000000	584.000000	35.000000	701.853415	569.413445	2.000000	27.161082
19.000000	40.000000	37.000000	599.000000	685.000000	44.000000	594.637937	697.427689	2.000000	27.794540
19.000000	41.000000	38.000000	394.000000	450.000000	22.000000	380.395852	442.504204	2.000000	28.600942
19.000000	42.000000	39.000000	230.000000	638.000000	41.000000	216.397548	638.290162	2.000000	29.384836
19.000000	43.000000	40.000000	475.000000	1043.000000	73.000000	470.175014	1033.179680	2.000000	30.546183
20.000000	1.000000	1.000000	364.000000	139.000000	2.000000	357.585592	149.816441	1.000000	1.679387
20.000000	2.000000	2.000000	180.000000	323.000000	11.000000	183.163452	319.514905	1.000000	2.319430
20.000000	3.000000	3.000000	185.000000	404.000000	21.000000	195.106345	406.045721	1.000000	2.799278
20.000000	4.000000	4.000000	219.000000	695.000000	41.000000	223.493067	688.242151	1.000000	3.821252
20.000000	5.000000	5.000000	460.000000	659.000000	43.000000	474.246892	659.112174	1.000000	4.621597
20.000000	6.000000	6.000000	612.000000	693.000000	44.000000	604.352070	696.017025	1.000000	5.142018
20.000000	7.000000	7.000000	624.000000	1011.000000	74.000000	620.620072	1027.757199	1.000000	5.885525
20.000000	8.000000	0.000000	387.000000	1030.000000	72.000000	366.434410	1044.868503	1.000000	6.598167
20.000000	9.000000	8.000000	362.000000	1039.000000	72.000000	366.434410	1044.868503	1.000000	8.070813
20.000000	10.000000	9.000000	725.000000	566.000000	35.000000	721.449030	579.323311	1.000000	9.119218
20.000000	11.000000	10.000000	871.000000	526.000000	36.000000	864.901415	530.987043	1.000000	10.047542
20.000000	12.000000	11.000000	1038.000000	432.000000	27.000000	1027.650148	430.203091	1.000000	10.838072
20.000000	13.000000	12.000000	972.000000	180.000000	7.000000	966.096987	177.574429	1.000000	11.622206
20.000000	14.000000	13.000000	1259.000000	171.000000	9.000000	1252.106478	176.250330	1.000000	12.598050
20.000000	15.000000	14.000000	1404.000000	307.000000	20.000000	1409.735704	316.366858	1.000000	13.183555
20.000000	16.000000	15.000000	1408.000000	574.000000	40.000000	1411.757685	577.098411	1.000000	13.911122
20.000000	17.000000	16.000000	1295.000000	525.000000	39.000000	1292.474312	517.772930	1.000000	14.311518
20.000000	18.000000	17.000000	1406.000000	740.000000	60.000000	1397.582121	745.607497	1.000000	14.926076
20.000000	19.000000	18.000000	1156.000000	617.000000	48.000000	1152.166907	630.091683	1.000000	15.550720
20.000000	20.000000	0.000000	1032.000000	768.000000	57.000000	1020.395215	791.815415	1.000000	16.213986
20.000000	21.000000	19.000000	1026.000000	789.000000	57.000000	1020.395215	791.815415	1.000000	16.567221
20.000000	22.000000	20.000000	1365.000000	994.000000	80.000000	1367.709511	1006.983588	1.000000	17.173595
20.000000	23.000000	21.000000	1363.000000	916.000000	70.000000	1359.290858	919.314950	2.000000	18.893864
20.000000	24.000000	22.000000	1291.000000	1033.000000	79.000000	1276.417302	1043.236378	2.000000	19.606739
20.000000	25.000000	0.000000	1221.000000	910.000000	69.000000	1229.993389	943.165623	2.000000	20.047078
20.000000	26.000000	23.000000	1226.000000	947.000000	69.000000	1229.993389	943.165623	2.000000	20.390476
20.000000	27.000000	24.000000	1129.000000	906.000000	68.000000	1131.137506	905.652517	2.000000	20.838617
20.000000	28.000000	0.000000	1254.000000	629.000000	49.000000	1278.653073	637.173518	2.000000	21.583526
20.000000	29.000000	25.000000	1279.000000	636.000000	49.000000	1278.653073	637.173518	2.000000	21.982200
20.000000	30.000000	26.000000	1167.000000	488.000000	38.000000	1155.152101	495.947894	2.000000	22.709699
20.000000	31.000000	27.000000	1130.000000	287.000000	18.000000	1131.351535	280.207688	2.000000	23.254144
20.000000	32.000000	28.000000	1023.000000	535.000000	37.000000	1011.481512	549.421198	2.000000	23.894245
20.000000	33.000000	29.000000	844.000000	369.000000	26.000000	838.818003	383.393274	2.000000	24.702156
20.000000	34.000000	30.000000	849.000000	285.000000	16.000000	847.933573	307.514232	2.000000	24.998902
20.000000	35.000000	31.000000	857.000000	225.000000	6.000000	859.439768	203.922356	2.000000	25.695470
20.000000	36.000000	32.000000	751.000000	134.000000	5.000000	760.294748	152.816813	2.000000	26.367448
20.000000	37.000000	0.000000	594.000000	229.000000	14.000000	623.719475	251.284845	2.000000	26.879435
20.000000	38.000000	33.000000	635.000000	242.000000	14.000000	623.719475	251.284845	2.000000	27.263355
20.000000	39.000000	0.000000	395.000000	401.000000	22.000000	371.840510	388.010718	2.000000	28.045602
20.000000	40.000000	34.000000	374.000000	401.000000	22.000000	371.840510	388.010718	2.000000	28.445548
20.000000	41.000000	35.000000	187.000000	565.000000	31.000000	205.135233	574.134306	2.000000	29.181793
20.000000	42.000000	36.000000	186.000000	802.000000	51.000000	182.493661	796.499844	2.000000	30.053839
20.000000	43.000000	37.000000	381.000000	878.000000	62.000000	380.757844	884.594044	2.000000	30.926016
20.000000	44.000000	38.000000	503.000000	790.000000	53.000000	511.843026	783.114373	2.000000	31.598126
20.000000	45.000000	0.000000	844.000000	1053.000000	76.000000	831.969026	1030.852271	2.000000	32.477755
20.000000	46.000000	39.000000	830.000000	1029.000000	76.000000	831.969026	1030.852271	2.000000	33.534236
20.000000	47.000000	40.000000	735.000000	653.000000	45.000000	735.784576	658.781183	2.000000	34.605626
