MultiTargForag_2	Participant_Code = 42
Search_Type = 2	CB_Targets = 3
Trial	Click_Num	Target_Click_Order	Click_X	Click_y	Item_selected	Item_X	Item_Y	Target_Set	RT
1.000000	1.000000	1.000000	632.000000	249.000000	15.000000	627.410885	240.303001	1.000000	6.643045
1.000000	2.000000	2.000000	660.000000	146.000000	5.000000	654.681160	151.580349	1.000000	11.208507
1.000000	3.000000	3.000000	572.000000	134.000000	4.000000	561.401584	129.803846	2.000000	12.783324
1.000000	4.000000	4.000000	533.000000	273.000000	14.000000	534.087988	269.456333	1.000000	14.207491
1.000000	5.000000	5.000000	414.000000	255.000000	13.000000	404.072329	246.280398	2.000000	15.127108
1.000000	6.000000	6.000000	303.000000	392.000000	22.000000	304.897562	391.164437	1.000000	16.727052
1.000000	7.000000	7.000000	298.000000	493.000000	32.000000	299.533606	499.521110	1.000000	18.575076
1.000000	8.000000	8.000000	209.000000	545.000000	41.000000	201.236066	543.799092	1.000000	19.495548
1.000000	9.000000	9.000000	198.000000	765.000000	61.000000	193.890369	777.644437	1.000000	20.688659
1.000000	10.000000	10.000000	438.000000	725.000000	53.000000	446.149331	719.221982	1.000000	22.415608
1.000000	11.000000	11.000000	230.000000	895.000000	71.000000	226.124370	905.567478	2.000000	23.624355
1.000000	12.000000	12.000000	430.000000	869.000000	73.000000	437.662841	875.909562	1.000000	26.903951
1.000000	13.000000	13.000000	455.000000	801.000000	63.000000	449.653461	791.934798	1.000000	27.486843
1.000000	14.000000	14.000000	534.000000	869.000000	74.000000	538.670108	875.034321	1.000000	28.446921
1.000000	15.000000	15.000000	558.000000	788.000000	64.000000	556.873409	783.350178	2.000000	29.144643
1.000000	16.000000	16.000000	619.000000	813.000000	65.000000	626.086464	814.106326	2.000000	29.880354
1.000000	17.000000	17.000000	743.000000	727.000000	56.000000	747.937935	707.055593	1.000000	31.672605
1.000000	18.000000	18.000000	944.000000	711.000000	58.000000	950.606831	707.348229	1.000000	32.696824
1.000000	19.000000	19.000000	886.000000	785.000000	67.000000	877.710304	789.209905	2.000000	33.487492
1.000000	20.000000	20.000000	1197.000000	817.000000	70.000000	1202.574306	822.494135	1.000000	36.552712
1.000000	21.000000	21.000000	1183.000000	669.000000	60.000000	1181.663626	657.177743	1.000000	37.662750
1.000000	22.000000	22.000000	1097.000000	777.000000	69.000000	1095.484060	778.191906	2.000000	38.384579
1.000000	23.000000	23.000000	1068.000000	617.000000	49.000000	1060.523953	606.052511	2.000000	39.383698
1.000000	24.000000	24.000000	1211.000000	591.000000	50.000000	1204.824936	577.798952	2.000000	40.312599
1.000000	25.000000	25.000000	1170.000000	492.000000	40.000000	1169.132172	478.511590	2.000000	41.215953
1.000000	26.000000	26.000000	1111.000000	352.000000	29.000000	1099.869636	344.614625	2.000000	42.271849
1.000000	27.000000	27.000000	1179.000000	343.000000	30.000000	1188.297705	333.488724	2.000000	43.272888
1.000000	28.000000	28.000000	866.000000	149.000000	7.000000	853.108636	154.054238	2.000000	44.487780
1.000000	29.000000	29.000000	871.000000	387.000000	27.000000	875.272626	390.773951	2.000000	46.088021
1.000000	30.000000	30.000000	541.000000	484.000000	34.000000	525.767667	486.423673	2.000000	47.454927
1.000000	31.000000	31.000000	542.000000	565.000000	44.000000	552.401748	585.527134	2.000000	48.200640
1.000000	32.000000	32.000000	454.000000	601.000000	43.000000	443.560023	597.815845	2.000000	48.880803
1.000000	33.000000	33.000000	655.000000	352.000000	25.000000	647.903586	339.841895	1.000000	50.071105
1.000000	34.000000	34.000000	979.000000	388.000000	28.000000	990.065035	385.321361	1.000000	51.335402
1.000000	35.000000	35.000000	843.000000	472.000000	37.000000	843.353726	464.177514	1.000000	51.894638
1.000000	36.000000	36.000000	1085.000000	259.000000	19.000000	1087.437344	255.996644	1.000000	52.728338
1.000000	37.000000	37.000000	1210.000000	133.000000	10.000000	1214.148481	117.680744	1.000000	53.903364
1.000000	38.000000	38.000000	293.000000	282.000000	12.000000	298.162583	280.000168	2.000000	56.280499
1.000000	39.000000	39.000000	242.000000	243.000000	11.000000	232.428582	229.981476	2.000000	57.079876
1.000000	40.000000	40.000000	222.000000	194.000000	1.000000	222.236726	177.809699	2.000000	57.799685
1.000000	1.000000	1.000000	712.000000	552.000000	46.000000	727.747041	560.203550	1.000000	1.869114
1.000000	2.000000	2.000000	750.000000	393.000000	26.000000	745.965448	379.843496	1.000000	2.830309
1.000000	3.000000	3.000000	653.000000	291.000000	15.000000	650.226697	278.315839	2.000000	3.917304
1.000000	4.000000	4.000000	548.000000	372.000000	24.000000	541.694237	373.159694	1.000000	4.677364
1.000000	5.000000	5.000000	765.000000	196.000000	6.000000	769.186110	187.263180	1.000000	5.381785
1.000000	6.000000	6.000000	545.000000	185.000000	4.000000	538.745683	173.026297	2.000000	5.934917
1.000000	7.000000	7.000000	463.000000	343.000000	23.000000	450.826399	358.259849	2.000000	6.517895
1.000000	8.000000	8.000000	339.000000	134.000000	2.000000	340.152361	120.331802	1.000000	7.397082
1.000000	9.000000	9.000000	192.000000	335.000000	21.000000	203.656428	340.783499	2.000000	8.213036
1.000000	10.000000	10.000000	276.000000	338.000000	22.000000	288.597861	336.493842	2.000000	9.214760
1.000000	11.000000	11.000000	410.000000	433.000000	33.000000	404.056171	437.590560	2.000000	10.645757
1.000000	12.000000	12.000000	417.000000	601.000000	43.000000	410.109069	609.813721	1.000000	12.222307
1.000000	13.000000	13.000000	332.000000	676.000000	52.000000	342.413897	674.932731	1.000000	13.334015
1.000000	14.000000	14.000000	407.000000	695.000000	53.000000	414.531784	701.653523	1.000000	13.782506
1.000000	15.000000	15.000000	453.000000	796.000000	63.000000	445.752620	780.744804	1.000000	14.583030
1.000000	16.000000	16.000000	626.000000	712.000000	55.000000	645.198684	707.004104	1.000000	15.389895
1.000000	17.000000	17.000000	639.000000	772.000000	65.000000	653.601120	768.104899	1.000000	15.789331
1.000000	18.000000	18.000000	520.000000	775.000000	64.000000	519.930665	774.778989	2.000000	16.374396
1.000000	19.000000	19.000000	538.000000	893.000000	74.000000	540.627886	876.393908	2.000000	17.070087
1.000000	20.000000	20.000000	409.000000	908.000000	73.000000	405.999311	899.275689	2.000000	17.837364
1.000000	21.000000	21.000000	331.000000	912.000000	72.000000	321.104060	906.282890	2.000000	18.261238
1.000000	22.000000	22.000000	194.000000	888.000000	71.000000	186.792972	878.732231	1.000000	19.438803
1.000000	23.000000	23.000000	185.000000	802.000000	61.000000	183.951770	788.936515	2.000000	20.332974
1.000000	24.000000	24.000000	727.000000	893.000000	76.000000	743.187475	895.056128	2.000000	21.614331
1.000000	25.000000	25.000000	865.000000	909.000000	77.000000	876.786852	912.319583	1.000000	22.455349
1.000000	26.000000	26.000000	850.000000	804.000000	67.000000	845.269055	794.564465	1.000000	23.013263
1.000000	27.000000	27.000000	781.000000	792.000000	66.000000	767.103366	783.623149	1.000000	23.982964
1.000000	28.000000	28.000000	853.000000	733.000000	57.000000	858.352286	718.088311	1.000000	24.893073
1.000000	29.000000	29.000000	957.000000	778.000000	68.000000	967.743283	777.321784	2.000000	25.447013
1.000000	30.000000	30.000000	1094.000000	814.000000	69.000000	1106.713691	822.678578	2.000000	26.094617
1.000000	31.000000	31.000000	1111.000000	707.000000	59.000000	1108.468424	694.396645	2.000000	26.846404
1.000000	32.000000	32.000000	1061.000000	918.000000	79.000000	1063.596906	924.543786	1.000000	27.462408
1.000000	33.000000	33.000000	1183.000000	724.000000	60.000000	1187.952180	708.314023	1.000000	28.175074
1.000000	34.000000	34.000000	1080.000000	587.000000	49.000000	1073.544185	578.683969	1.000000	30.622833
1.000000	35.000000	35.000000	1053.000000	383.000000	29.000000	1060.167633	368.903230	2.000000	32.350434
1.000000	36.000000	36.000000	891.000000	401.000000	27.000000	878.143489	393.711753	2.000000	33.439043
1.000000	37.000000	37.000000	1213.000000	297.000000	20.000000	1214.146655	286.927231	1.000000	34.422973
1.000000	38.000000	38.000000	1203.000000	206.000000	10.000000	1205.510150	184.538949	2.000000	35.493131
1.000000	39.000000	39.000000	875.000000	147.000000	7.000000	874.868910	132.605672	2.000000	37.373149
1.000000	40.000000	40.000000	537.000000	621.000000	44.000000	550.249975	607.543067	2.000000	41.871067
2.000000	1.000000	1.000000	850.000000	572.000000	47.000000	842.459579	567.875568	2.000000	2.549298
2.000000	2.000000	2.000000	971.000000	491.000000	38.000000	960.641903	491.357103	1.000000	3.349627
2.000000	3.000000	3.000000	904.000000	441.000000	37.000000	889.230722	436.493114	2.000000	4.373455
2.000000	4.000000	4.000000	967.000000	400.000000	28.000000	963.862922	391.754242	2.000000	4.877464
2.000000	5.000000	5.000000	954.000000	288.000000	18.000000	948.194393	288.689896	2.000000	5.597870
2.000000	6.000000	6.000000	1084.000000	485.000000	39.000000	1093.428522	486.257909	2.000000	6.244852
2.000000	7.000000	7.000000	1180.000000	454.000000	40.000000	1186.757269	446.819534	2.000000	6.861362
2.000000	8.000000	8.000000	1208.000000	402.000000	30.000000	1211.226451	388.419208	1.000000	7.460785
2.000000	9.000000	9.000000	965.000000	168.000000	8.000000	963.528178	148.981884	1.000000	8.491960
2.000000	10.000000	10.000000	875.000000	176.000000	7.000000	854.122565	171.874649	2.000000	10.316766
2.000000	11.000000	11.000000	764.000000	148.000000	6.000000	767.625560	146.505290	1.000000	11.180866
2.000000	12.000000	12.000000	730.000000	253.000000	16.000000	728.696572	260.344515	1.000000	11.892865
2.000000	13.000000	0.000000	446.000000	164.000000	3.000000	430.214826	136.608201	1.000000	14.509049
2.000000	14.000000	13.000000	437.000000	152.000000	3.000000	430.214826	136.608201	1.000000	14.780035
2.000000	15.000000	14.000000	319.000000	240.000000	12.000000	321.430664	234.187018	2.000000	15.573687
2.000000	16.000000	15.000000	212.000000	381.000000	21.000000	211.172747	390.240954	1.000000	16.619877
2.000000	17.000000	16.000000	339.000000	380.000000	22.000000	327.333374	378.939344	1.000000	17.276615
2.000000	18.000000	17.000000	311.000000	447.000000	32.000000	306.333650	458.020271	1.000000	17.917953
2.000000	19.000000	18.000000	225.000000	546.000000	41.000000	221.758525	543.833699	2.000000	18.573443
2.000000	20.000000	19.000000	334.000000	559.000000	42.000000	329.429908	558.574602	2.000000	19.108800
2.000000	21.000000	20.000000	408.000000	486.000000	33.000000	415.881694	476.081846	2.000000	19.964215
2.000000	22.000000	21.000000	322.000000	651.000000	52.000000	322.654735	655.364663	1.000000	21.756615
2.000000	23.000000	22.000000	184.000000	811.000000	61.000000	184.199129	805.566026	2.000000	22.539994
2.000000	24.000000	23.000000	291.000000	800.000000	62.000000	303.534449	797.072554	2.000000	23.117182
2.000000	25.000000	24.000000	404.000000	762.000000	63.000000	405.539358	761.973180	2.000000	23.741247
2.000000	26.000000	25.000000	505.000000	766.000000	64.000000	513.334362	771.348378	2.000000	24.294216
2.000000	27.000000	26.000000	441.000000	932.000000	73.000000	437.014893	917.905704	2.000000	24.884525
2.000000	28.000000	27.000000	506.000000	887.000000	74.000000	513.311797	873.576521	1.000000	25.397122
2.000000	29.000000	28.000000	534.000000	663.000000	54.000000	530.365430	659.901103	2.000000	26.077941
2.000000	30.000000	29.000000	533.000000	615.000000	44.000000	537.253986	598.913599	1.000000	26.629603
2.000000	31.000000	30.000000	617.000000	764.000000	65.000000	628.977511	778.633182	2.000000	27.214004
2.000000	32.000000	31.000000	749.000000	676.000000	56.000000	750.544958	655.905910	1.000000	28.933338
2.000000	33.000000	32.000000	763.000000	861.000000	76.000000	753.101335	868.692557	1.000000	30.285103
2.000000	34.000000	33.000000	968.000000	788.000000	68.000000	956.764849	769.958726	2.000000	30.949518
2.000000	35.000000	34.000000	1168.000000	770.000000	70.000000	1169.922404	769.348115	2.000000	32.365336
2.000000	36.000000	35.000000	1074.000000	600.000000	49.000000	1073.919157	578.725165	4.000000	33.020324
3.000000	1.000000	1.000000	1208.000000	143.000000	10.000000	1217.600712	129.739119	1.000000	4.271358
3.000000	2.000000	2.000000	1209.000000	374.000000	30.000000	1208.710852	374.432004	1.000000	5.174316
3.000000	3.000000	3.000000	1217.000000	464.000000	40.000000	1213.904458	464.359669	2.000000	5.911050
3.000000	4.000000	4.000000	987.000000	578.000000	48.000000	982.097922	566.390081	2.000000	7.231384
3.000000	5.000000	5.000000	983.000000	687.000000	58.000000	976.480513	692.428189	2.000000	7.855842
3.000000	6.000000	6.000000	1091.000000	694.000000	59.000000	1076.642280	697.822846	2.000000	8.495366
3.000000	7.000000	7.000000	950.000000	803.000000	68.000000	949.346650	798.910490	2.000000	9.398210
3.000000	8.000000	8.000000	897.000000	920.000000	77.000000	886.626098	910.116311	2.000000	9.990464
3.000000	9.000000	9.000000	1095.000000	897.000000	79.000000	1097.945632	894.429745	2.000000	10.814565
3.000000	10.000000	10.000000	1208.000000	914.000000	80.000000	1217.067497	918.253054	2.000000	11.462182
3.000000	11.000000	11.000000	1179.000000	687.000000	60.000000	1175.329399	693.292975	1.000000	12.374402
3.000000	12.000000	12.000000	1170.000000	606.000000	50.000000	1168.925344	597.197783	1.000000	13.176026
3.000000	13.000000	13.000000	993.000000	436.000000	38.000000	998.625384	446.197982	1.000000	14.102040
3.000000	14.000000	14.000000	987.000000	359.000000	28.000000	980.004561	344.728208	1.000000	14.648045
3.000000	15.000000	15.000000	887.000000	247.000000	17.000000	878.725099	236.515465	1.000000	17.462209
3.000000	16.000000	16.000000	858.000000	383.000000	27.000000	862.422898	378.942270	1.000000	18.046700
3.000000	17.000000	17.000000	614.000000	194.000000	5.000000	626.379044	184.803683	1.000000	19.134144
3.000000	18.000000	18.000000	416.000000	269.000000	13.000000	418.697939	267.017153	1.000000	20.031303
3.000000	19.000000	19.000000	499.000000	393.000000	24.000000	517.388401	390.301780	1.000000	20.773906
3.000000	20.000000	20.000000	437.000000	539.000000	43.000000	426.633625	544.370742	1.000000	21.582965
3.000000	21.000000	21.000000	530.000000	592.000000	44.000000	534.120667	595.209828	1.000000	22.094938
3.000000	22.000000	22.000000	527.000000	660.000000	54.000000	523.842982	660.733815	1.000000	22.582980
3.000000	23.000000	23.000000	758.000000	697.000000	56.000000	757.465707	708.852827	1.000000	23.575701
3.000000	24.000000	24.000000	676.000000	703.000000	55.000000	665.486879	704.620112	1.000000	24.286089
3.000000	25.000000	25.000000	672.000000	783.000000	65.000000	671.048068	797.686697	1.000000	24.911444
3.000000	26.000000	26.000000	775.000000	909.000000	76.000000	775.485386	919.003752	1.000000	25.671213
3.000000	27.000000	27.000000	315.000000	802.000000	62.000000	305.137873	787.507954	1.000000	27.216019
3.000000	28.000000	28.000000	218.000000	213.000000	11.000000	218.303909	227.460901	1.000000	28.792016
3.000000	29.000000	29.000000	329.000000	244.000000	12.000000	333.882436	242.034253	2.000000	30.399586
3.000000	30.000000	30.000000	613.000000	276.000000	15.000000	618.688882	270.491936	2.000000	32.574431
3.000000	31.000000	31.000000	665.000000	351.000000	25.000000	667.855734	349.342578	2.000000	32.934183
3.000000	32.000000	32.000000	770.000000	391.000000	26.000000	772.569122	397.699946	2.000000	33.391257
3.000000	33.000000	33.000000	724.000000	237.000000	16.000000	733.167162	234.181330	2.000000	33.999284
3.000000	34.000000	34.000000	763.000000	172.000000	6.000000	761.796936	159.210548	2.000000	34.559201
3.000000	35.000000	35.000000	664.000000	590.000000	45.000000	661.485986	572.757787	2.000000	35.799903
3.000000	36.000000	36.000000	446.000000	713.000000	53.000000	432.980362	704.106061	2.000000	36.494565
3.000000	37.000000	37.000000	435.000000	743.000000	63.000000	422.202471	755.522424	2.000000	36.750488
3.000000	38.000000	38.000000	416.000000	884.000000	73.000000	406.462441	888.056057	2.000000	37.551965
3.000000	39.000000	39.000000	320.000000	901.000000	72.000000	311.052905	897.779082	2.000000	38.126727
3.000000	40.000000	40.000000	500.000000	914.000000	74.000000	517.006288	917.602403	2.000000	38.758727
4.000000	1.000000	1.000000	306.000000	916.000000	72.000000	303.413582	907.808895	1.000000	3.995350
4.000000	2.000000	2.000000	427.000000	877.000000	73.000000	423.733068	874.292026	1.000000	4.835296
4.000000	3.000000	3.000000	545.000000	910.000000	74.000000	548.462518	906.884282	1.000000	6.052442
4.000000	4.000000	4.000000	652.000000	687.000000	55.000000	652.570557	677.411424	1.000000	7.380936
4.000000	5.000000	5.000000	632.000000	807.000000	65.000000	629.556322	807.699810	2.000000	8.228240
4.000000	6.000000	6.000000	546.000000	725.000000	54.000000	542.694093	714.615032	2.000000	9.131375
4.000000	7.000000	7.000000	442.000000	799.000000	63.000000	442.359600	790.920731	2.000000	10.028815
4.000000	8.000000	8.000000	328.000000	788.000000	62.000000	322.487770	779.150306	2.000000	11.245028
4.000000	9.000000	9.000000	215.000000	766.000000	61.000000	210.110035	760.378327	2.000000	12.372006
4.000000	10.000000	10.000000	221.000000	721.000000	51.000000	219.547332	712.359642	1.000000	13.659295
4.000000	11.000000	11.000000	311.000000	653.000000	52.000000	315.796968	651.206344	1.000000	14.948135
4.000000	12.000000	12.000000	436.000000	664.000000	53.000000	439.776591	661.923679	1.000000	16.005005
4.000000	13.000000	13.000000	553.000000	617.000000	44.000000	553.190454	608.637792	2.000000	17.491654
4.000000	14.000000	14.000000	523.000000	501.000000	34.000000	516.008052	492.922210	1.000000	18.404804
4.000000	15.000000	15.000000	230.000000	567.000000	41.000000	225.244174	559.542373	2.000000	19.476657
4.000000	16.000000	16.000000	206.000000	471.000000	31.000000	197.340528	464.178804	2.000000	20.163754
4.000000	17.000000	17.000000	317.000000	476.000000	32.000000	321.043515	472.246407	2.000000	20.979398
4.000000	18.000000	18.000000	425.000000	398.000000	23.000000	425.708033	395.434610	2.000000	21.667934
4.000000	19.000000	19.000000	529.000000	386.000000	24.000000	533.260962	378.002429	1.000000	23.027824
4.000000	20.000000	20.000000	342.000000	131.000000	2.000000	338.535203	126.470559	1.000000	25.045123
4.000000	21.000000	21.000000	739.000000	230.000000	16.000000	745.919002	223.807506	2.000000	27.723275
4.000000	22.000000	22.000000	744.000000	370.000000	26.000000	745.101291	365.368622	2.000000	29.180896
4.000000	23.000000	23.000000	762.000000	145.000000	6.000000	764.389768	134.300958	1.000000	30.227458
4.000000	24.000000	24.000000	1004.000000	275.000000	18.000000	1000.986910	272.556811	2.000000	31.475594
4.000000	25.000000	25.000000	1103.000000	471.000000	39.000000	1098.814158	468.245371	2.000000	32.635806
4.000000	26.000000	26.000000	1065.000000	556.000000	49.000000	1059.510422	549.116043	2.000000	33.820124
4.000000	27.000000	27.000000	955.000000	556.000000	48.000000	956.637263	554.793102	2.000000	34.651201
4.000000	28.000000	28.000000	986.000000	461.000000	38.000000	981.544169	459.830859	1.000000	35.397069
4.000000	29.000000	29.000000	1205.000000	453.000000	40.000000	1202.121103	448.592404	1.000000	36.180753
4.000000	30.000000	30.000000	1193.000000	359.000000	30.000000	1193.516702	346.934259	1.000000	36.843896
4.000000	31.000000	31.000000	1097.000000	238.000000	19.000000	1098.434564	238.883619	1.000000	38.411124
4.000000	32.000000	32.000000	1070.000000	165.000000	9.000000	1065.084980	161.809425	1.000000	39.019079
4.000000	33.000000	33.000000	997.000000	184.000000	8.000000	1002.211766	181.396059	1.000000	39.643705
4.000000	34.000000	34.000000	1197.000000	153.000000	10.000000	1194.728917	151.312391	1.000000	40.499669
4.000000	35.000000	35.000000	946.000000	820.000000	68.000000	949.179773	807.939549	1.000000	42.203162
4.000000	36.000000	36.000000	1097.000000	768.000000	69.000000	1098.383259	762.648516	2.000000	43.268993
4.000000	37.000000	37.000000	1090.000000	880.000000	79.000000	1092.639077	878.323281	2.000000	43.971353
4.000000	38.000000	38.000000	968.000000	933.000000	78.000000	961.464550	930.257250	2.000000	45.204479
4.000000	39.000000	39.000000	766.000000	812.000000	66.000000	758.987217	802.484152	2.000000	46.434980
4.000000	40.000000	40.000000	877.000000	660.000000	57.000000	875.868696	655.935811	1.000000	48.388519
5.000000	1.000000	1.000000	209.000000	711.000000	51.000000	201.176278	707.779859	2.000000	5.903818
5.000000	2.000000	2.000000	210.000000	788.000000	61.000000	210.304306	792.811018	2.000000	6.608169
5.000000	3.000000	3.000000	299.000000	887.000000	72.000000	294.669564	881.409510	2.000000	7.967148
5.000000	4.000000	4.000000	319.000000	763.000000	62.000000	319.633661	758.886770	1.000000	8.775268
5.000000	5.000000	5.000000	422.000000	881.000000	73.000000	423.928550	884.125997	1.000000	9.776394
5.000000	6.000000	6.000000	533.000000	903.000000	74.000000	535.865013	903.895239	1.000000	10.735252
5.000000	7.000000	7.000000	626.000000	916.000000	75.000000	629.448087	913.198564	1.000000	11.497021
5.000000	8.000000	8.000000	631.000000	816.000000	65.000000	632.467395	805.260643	1.000000	12.376218
5.000000	9.000000	9.000000	747.000000	781.000000	66.000000	754.426106	778.312926	1.000000	13.288051
5.000000	10.000000	10.000000	774.000000	730.000000	56.000000	775.624154	719.581824	2.000000	13.927996
5.000000	11.000000	11.000000	523.000000	806.000000	64.000000	514.528439	803.083967	2.000000	15.039124
5.000000	12.000000	12.000000	540.000000	611.000000	44.000000	541.383810	601.376196	2.000000	16.247660
5.000000	13.000000	13.000000	637.000000	609.000000	45.000000	645.800104	602.940593	1.000000	16.951716
5.000000	14.000000	14.000000	328.000000	574.000000	42.000000	316.648096	579.277579	1.000000	17.911983
5.000000	15.000000	15.000000	203.000000	473.000000	31.000000	188.981956	469.534524	2.000000	19.072019
5.000000	16.000000	16.000000	213.000000	384.000000	21.000000	219.104195	373.547710	2.000000	19.935703
5.000000	17.000000	17.000000	286.000000	234.000000	12.000000	294.234842	228.703357	2.000000	20.791864
5.000000	18.000000	18.000000	230.000000	120.000000	1.000000	225.905184	118.452308	2.000000	21.743090
5.000000	19.000000	19.000000	447.000000	163.000000	3.000000	447.437836	162.547454	2.000000	22.664743
5.000000	20.000000	20.000000	304.000000	138.000000	2.000000	301.123920	133.278019	1.000000	23.495467
5.000000	21.000000	21.000000	616.000000	135.000000	5.000000	618.795109	129.051260	2.000000	25.697161
5.000000	22.000000	22.000000	729.000000	158.000000	6.000000	735.754381	158.490625	2.000000	26.615316
5.000000	23.000000	23.000000	675.000000	238.000000	15.000000	669.816911	243.046056	1.000000	27.337250
5.000000	24.000000	24.000000	632.000000	352.000000	25.000000	627.231900	358.795751	1.000000	27.952306
5.000000	25.000000	25.000000	564.000000	395.000000	24.000000	562.200590	397.309231	1.000000	28.776959
5.000000	26.000000	26.000000	680.000000	451.000000	35.000000	670.719928	445.584960	1.000000	29.336751
5.000000	27.000000	27.000000	995.000000	173.000000	8.000000	994.751797	166.206279	1.000000	33.182948
5.000000	28.000000	28.000000	1165.000000	250.000000	20.000000	1173.162429	251.527608	1.000000	33.920471
5.000000	29.000000	29.000000	1094.000000	338.000000	29.000000	1087.245737	347.238951	2.000000	34.609151
5.000000	30.000000	30.000000	1198.000000	367.000000	30.000000	1196.082148	364.653885	2.000000	35.505123
5.000000	31.000000	31.000000	864.000000	385.000000	27.000000	858.609309	381.019222	2.000000	36.775779
5.000000	32.000000	32.000000	953.000000	374.000000	28.000000	958.675287	367.385474	1.000000	37.807885
5.000000	33.000000	33.000000	857.000000	494.000000	37.000000	846.073631	491.173598	1.000000	38.968559
5.000000	34.000000	34.000000	1076.000000	493.000000	39.000000	1075.007680	490.135569	1.000000	39.753080
5.000000	35.000000	35.000000	1220.000000	470.000000	40.000000	1222.477475	467.527936	1.000000	40.737286
5.000000	36.000000	36.000000	1062.000000	695.000000	59.000000	1060.852303	697.707323	2.000000	42.079580
5.000000	37.000000	37.000000	949.000000	669.000000	58.000000	948.116715	661.519518	2.000000	43.048301
5.000000	38.000000	38.000000	899.000000	658.000000	57.000000	889.080132	652.058976	2.000000	43.759094
5.000000	39.000000	39.000000	885.000000	819.000000	67.000000	881.468467	820.603179	1.000000	44.975266
5.000000	40.000000	40.000000	1111.000000	865.000000	79.000000	1112.009306	868.138320	2.000000	45.816628
6.000000	1.000000	1.000000	776.000000	584.000000	46.000000	768.400192	576.147572	2.000000	1.528942
6.000000	2.000000	2.000000	755.000000	685.000000	56.000000	758.102377	693.287676	2.000000	2.048728
6.000000	3.000000	3.000000	864.000000	548.000000	47.000000	858.691767	552.612361	2.000000	2.600075
6.000000	4.000000	4.000000	552.000000	565.000000	44.000000	543.291017	556.814883	2.000000	3.512754
6.000000	5.000000	5.000000	534.000000	680.000000	54.000000	530.180683	680.917705	2.000000	4.177439
6.000000	6.000000	6.000000	644.000000	686.000000	55.000000	651.992306	686.500844	1.000000	5.017840
6.000000	7.000000	7.000000	657.000000	788.000000	65.000000	659.127391	791.518581	1.000000	5.976386
6.000000	8.000000	8.000000	736.000000	815.000000	66.000000	737.694321	815.038110	1.000000	6.520839
6.000000	9.000000	9.000000	652.000000	582.000000	45.000000	655.043255	569.009441	1.000000	7.264918
6.000000	10.000000	10.000000	418.000000	688.000000	53.000000	410.083955	683.329464	1.000000	8.144478
6.000000	11.000000	11.000000	403.000000	598.000000	43.000000	407.966735	592.084561	1.000000	8.840678
6.000000	12.000000	12.000000	530.000000	446.000000	34.000000	527.996326	442.580595	1.000000	10.312792
6.000000	13.000000	13.000000	440.000000	403.000000	23.000000	436.753937	393.724882	2.000000	11.081625
6.000000	14.000000	14.000000	341.000000	300.000000	12.000000	336.527658	290.824636	2.000000	11.913600
6.000000	15.000000	15.000000	434.000000	266.000000	13.000000	436.677581	255.878678	2.000000	12.401563
6.000000	16.000000	16.000000	524.000000	270.000000	14.000000	534.654207	268.677484	2.000000	13.056581
6.000000	17.000000	17.000000	427.000000	177.000000	3.000000	424.413649	164.887913	2.000000	13.986133
6.000000	18.000000	18.000000	219.000000	345.000000	21.000000	212.602195	345.766952	1.000000	14.945084
6.000000	19.000000	19.000000	661.000000	282.000000	15.000000	665.852315	273.723121	1.000000	15.850012
6.000000	20.000000	20.000000	771.000000	188.000000	6.000000	775.098084	188.393440	1.000000	16.520468
6.000000	21.000000	21.000000	750.000000	356.000000	26.000000	743.718469	352.989156	1.000000	17.041634
6.000000	22.000000	22.000000	866.000000	388.000000	27.000000	867.958707	392.761920	1.000000	17.521994
6.000000	23.000000	23.000000	975.000000	263.000000	18.000000	976.506088	256.799820	2.000000	18.312256
6.000000	24.000000	24.000000	1187.000000	226.000000	20.000000	1190.654853	224.242047	1.000000	19.472457
6.000000	25.000000	25.000000	1197.000000	351.000000	30.000000	1203.488333	350.420067	1.000000	19.992816
6.000000	26.000000	26.000000	1070.000000	385.000000	29.000000	1066.424580	381.091391	1.000000	20.641884
6.000000	27.000000	27.000000	1099.000000	666.000000	59.000000	1094.073378	672.083156	1.000000	22.120846
6.000000	28.000000	28.000000	1076.000000	601.000000	49.000000	1075.520019	597.086061	1.000000	22.769684
6.000000	29.000000	29.000000	1061.000000	806.000000	69.000000	1059.726144	803.040207	1.000000	23.754140
6.000000	30.000000	30.000000	1074.000000	925.000000	79.000000	1065.363018	918.569677	1.000000	24.744472
6.000000	31.000000	31.000000	987.000000	926.000000	78.000000	990.179773	919.714784	2.000000	25.352138
6.000000	32.000000	32.000000	957.000000	817.000000	68.000000	951.876502	803.062447	2.000000	25.954333
6.000000	33.000000	33.000000	866.000000	790.000000	67.000000	852.946414	785.391973	2.000000	26.657028
6.000000	34.000000	34.000000	647.000000	884.000000	75.000000	640.182807	881.505520	2.000000	27.624323
6.000000	35.000000	35.000000	521.000000	900.000000	74.000000	520.327468	898.829648	2.000000	28.153929
6.000000	36.000000	36.000000	449.000000	805.000000	63.000000	439.050569	795.240052	3.000000	28.857958
7.000000	1.000000	1.000000	732.000000	571.000000	46.000000	731.018586	562.460172	1.000000	1.537799
7.000000	2.000000	2.000000	752.000000	663.000000	56.000000	752.358337	666.812950	1.000000	2.201684
7.000000	3.000000	3.000000	737.000000	495.000000	36.000000	739.124281	491.496408	1.000000	2.889699
7.000000	4.000000	4.000000	544.000000	603.000000	44.000000	539.703387	599.580415	1.000000	3.711713
7.000000	5.000000	5.000000	547.000000	702.000000	54.000000	543.922389	706.607785	1.000000	4.385113
7.000000	6.000000	6.000000	446.000000	665.000000	53.000000	444.821492	659.181074	1.000000	4.953314
7.000000	7.000000	7.000000	300.000000	663.000000	52.000000	306.006780	654.154060	1.000000	6.032279
7.000000	8.000000	8.000000	177.000000	727.000000	51.000000	183.489539	719.611670	1.000000	6.753774
7.000000	9.000000	9.000000	317.000000	826.000000	62.000000	321.911100	823.329663	2.000000	8.112509
7.000000	10.000000	10.000000	328.000000	900.000000	72.000000	330.304070	902.649293	1.000000	8.944320
7.000000	11.000000	11.000000	430.000000	898.000000	73.000000	424.711718	890.439749	2.000000	9.632638
7.000000	12.000000	12.000000	417.000000	822.000000	63.000000	418.266810	812.896538	2.000000	10.335826
7.000000	13.000000	13.000000	636.000000	817.000000	65.000000	634.986882	810.007455	2.000000	11.329489
7.000000	14.000000	14.000000	653.000000	866.000000	75.000000	654.565290	869.959412	2.000000	12.017054
7.000000	15.000000	15.000000	746.000000	829.000000	66.000000	738.160446	825.987012	1.000000	13.031989
7.000000	16.000000	16.000000	949.000000	795.000000	68.000000	947.629319	791.137281	2.000000	14.408202
7.000000	17.000000	17.000000	980.000000	883.000000	78.000000	978.174387	881.656020	2.000000	15.000012
7.000000	18.000000	18.000000	1104.000000	883.000000	79.000000	1107.965254	875.129589	2.000000	15.680878
7.000000	19.000000	19.000000	1180.000000	779.000000	70.000000	1183.413283	773.347038	1.000000	16.551536
7.000000	20.000000	20.000000	987.000000	686.000000	58.000000	979.861496	674.878139	2.000000	17.577572
7.000000	21.000000	21.000000	1093.000000	554.000000	49.000000	1082.947772	557.626836	1.000000	19.247860
7.000000	22.000000	22.000000	1079.000000	510.000000	39.000000	1080.305742	504.747413	1.000000	19.735749
7.000000	23.000000	23.000000	993.000000	361.000000	28.000000	986.268998	357.403846	1.000000	20.687885
7.000000	24.000000	24.000000	1085.000000	248.000000	19.000000	1083.390185	240.748063	1.000000	21.472314
7.000000	25.000000	25.000000	1180.000000	360.000000	30.000000	1180.090123	358.370002	2.000000	22.537136
7.000000	26.000000	26.000000	996.000000	267.000000	18.000000	992.232059	258.072911	1.000000	23.552273
7.000000	27.000000	27.000000	861.000000	246.000000	17.000000	854.875945	242.278768	1.000000	24.488701
7.000000	28.000000	28.000000	775.000000	281.000000	16.000000	773.782505	280.321743	1.000000	25.880420
7.000000	29.000000	29.000000	846.000000	399.000000	27.000000	845.908060	399.537975	2.000000	26.993127
7.000000	30.000000	30.000000	752.000000	357.000000	26.000000	747.841116	352.299371	2.000000	28.329737
7.000000	31.000000	31.000000	652.000000	269.000000	15.000000	659.709619	259.674927	2.000000	29.017764
7.000000	32.000000	32.000000	642.000000	152.000000	5.000000	638.655670	141.419308	1.000000	29.944868
7.000000	33.000000	33.000000	510.000000	251.000000	14.000000	509.579394	243.393300	2.000000	30.609667
7.000000	34.000000	34.000000	430.000000	143.000000	3.000000	424.470906	134.270412	2.000000	31.679712
7.000000	35.000000	35.000000	335.000000	269.000000	12.000000	330.964120	270.268623	2.000000	33.297648
7.000000	36.000000	36.000000	232.000000	382.000000	21.000000	230.506120	382.362814	1.000000	34.257242
7.000000	37.000000	37.000000	530.000000	377.000000	24.000000	535.839156	373.987773	2.000000	35.712564
7.000000	38.000000	38.000000	294.000000	447.000000	32.000000	290.621418	445.899858	2.000000	37.128702
7.000000	39.000000	39.000000	185.000000	565.000000	41.000000	185.313177	561.296928	2.000000	37.704132
7.000000	40.000000	40.000000	430.000000	574.000000	43.000000	433.458569	575.699395	2.000000	38.648135
8.000000	1.000000	1.000000	405.000000	265.000000	13.000000	398.275968	254.925989	1.000000	2.711993
8.000000	2.000000	2.000000	333.000000	293.000000	12.000000	325.583266	285.800400	2.000000	3.639158
8.000000	3.000000	3.000000	420.000000	349.000000	23.000000	421.314790	349.073969	1.000000	5.303361
8.000000	4.000000	4.000000	563.000000	481.000000	34.000000	559.298960	468.989337	1.000000	6.327625
8.000000	5.000000	5.000000	441.000000	490.000000	33.000000	434.690448	481.504161	2.000000	7.478787
8.000000	6.000000	6.000000	293.000000	479.000000	32.000000	294.263151	469.692197	2.000000	8.182928
8.000000	7.000000	7.000000	222.000000	476.000000	31.000000	215.812165	466.558803	2.000000	9.135202
8.000000	8.000000	8.000000	200.000000	556.000000	41.000000	196.374864	551.629997	2.000000	10.231734
8.000000	9.000000	9.000000	551.000000	258.000000	14.000000	543.126778	256.573022	2.000000	11.159221
8.000000	10.000000	10.000000	746.000000	243.000000	16.000000	744.197915	248.241427	1.000000	12.800439
8.000000	11.000000	11.000000	849.000000	239.000000	17.000000	840.702187	233.925652	1.000000	13.895282
8.000000	12.000000	12.000000	879.000000	170.000000	7.000000	881.195073	175.345238	1.000000	14.512196
8.000000	13.000000	13.000000	775.000000	358.000000	26.000000	773.730630	355.277182	2.000000	15.384327
8.000000	14.000000	14.000000	664.000000	467.000000	35.000000	658.611698	462.601842	2.000000	16.135302
8.000000	15.000000	15.000000	848.000000	505.000000	37.000000	853.891459	501.056209	2.000000	16.879312
8.000000	16.000000	16.000000	1075.000000	373.000000	29.000000	1072.625696	366.345214	1.000000	18.392244
8.000000	17.000000	17.000000	1063.000000	283.000000	19.000000	1060.275803	282.033283	1.000000	19.048711
8.000000	18.000000	18.000000	1064.000000	178.000000	9.000000	1061.130691	166.995918	1.000000	19.822833
8.000000	19.000000	19.000000	1206.000000	171.000000	10.000000	1207.792229	165.761763	2.000000	20.670824
8.000000	20.000000	20.000000	1098.000000	453.000000	39.000000	1096.569976	443.978593	2.000000	21.424236
8.000000	21.000000	21.000000	1062.000000	565.000000	49.000000	1057.875769	567.946674	2.000000	22.152573
8.000000	22.000000	22.000000	1214.000000	664.000000	60.000000	1215.451827	668.591058	1.000000	23.047092
8.000000	23.000000	23.000000	1111.000000	682.000000	59.000000	1108.274234	679.302641	1.000000	23.711958
8.000000	24.000000	24.000000	1089.000000	775.000000	69.000000	1084.492501	774.080721	2.000000	24.478782
8.000000	25.000000	25.000000	975.000000	688.000000	58.000000	970.986567	682.983219	2.000000	25.534335
8.000000	26.000000	26.000000	969.000000	585.000000	48.000000	964.243550	578.007901	1.000000	26.984374
8.000000	27.000000	27.000000	869.000000	801.000000	67.000000	869.668813	803.313530	2.000000	29.350784
8.000000	28.000000	28.000000	981.000000	932.000000	78.000000	987.890943	929.262114	2.000000	30.271224
8.000000	29.000000	29.000000	1205.000000	891.000000	80.000000	1208.230984	879.429235	2.000000	31.072751
8.000000	30.000000	30.000000	668.000000	790.000000	65.000000	661.442965	780.935321	2.000000	32.375997
8.000000	31.000000	31.000000	658.000000	928.000000	75.000000	661.077658	926.880297	1.000000	33.639729
8.000000	32.000000	32.000000	537.000000	889.000000	74.000000	534.631961	884.042792	1.000000	34.542820
8.000000	33.000000	33.000000	533.000000	775.000000	64.000000	534.177555	779.458603	1.000000	35.166457
8.000000	34.000000	34.000000	653.000000	703.000000	55.000000	650.144174	692.348610	1.000000	35.968117
8.000000	35.000000	35.000000	658.000000	614.000000	45.000000	651.747284	609.176002	1.000000	36.670735
8.000000	36.000000	36.000000	510.000000	616.000000	44.000000	508.099495	609.418485	1.000000	37.208574
8.000000	37.000000	37.000000	411.000000	576.000000	43.000000	412.145452	569.667718	1.000000	37.870787
8.000000	38.000000	38.000000	334.000000	565.000000	42.000000	324.410129	560.658965	1.000000	38.750402
8.000000	39.000000	39.000000	441.000000	694.000000	53.000000	444.627903	695.300097	2.000000	41.062728
8.000000	40.000000	40.000000	208.000000	905.000000	71.000000	213.429581	899.486260	2.000000	42.391006
9.000000	1.000000	1.000000	319.000000	303.000000	12.000000	324.266432	293.886130	1.000000	2.193061
9.000000	2.000000	2.000000	309.000000	169.000000	2.000000	313.387765	161.091215	1.000000	2.953716
9.000000	3.000000	3.000000	421.000000	139.000000	3.000000	415.130598	130.194689	1.000000	3.480878
9.000000	4.000000	4.000000	432.000000	483.000000	33.000000	425.560794	473.545896	1.000000	4.752339
9.000000	5.000000	5.000000	635.000000	452.000000	35.000000	634.966571	447.721662	1.000000	5.416978
9.000000	6.000000	6.000000	609.000000	364.000000	25.000000	618.723376	362.035036	1.000000	5.919531
9.000000	7.000000	7.000000	847.000000	494.000000	37.000000	849.343275	494.181353	1.000000	6.680802
9.000000	8.000000	8.000000	858.000000	572.000000	47.000000	858.652467	568.133138	1.000000	7.457800
9.000000	9.000000	9.000000	980.000000	455.000000	38.000000	980.972759	442.672820	1.000000	7.976489
9.000000	10.000000	10.000000	1210.000000	566.000000	50.000000	1213.601217	564.520999	1.000000	8.897598
9.000000	11.000000	11.000000	1171.000000	273.000000	20.000000	1176.203705	264.825013	1.000000	9.945688
9.000000	12.000000	12.000000	1204.000000	141.000000	10.000000	1198.908284	130.608654	1.000000	10.769333
9.000000	13.000000	13.000000	876.000000	162.000000	7.000000	884.052778	150.054889	1.000000	11.760709
9.000000	14.000000	14.000000	396.000000	703.000000	53.000000	403.013171	693.302332	1.000000	13.375685
9.000000	15.000000	15.000000	301.000000	922.000000	72.000000	303.980840	915.350141	1.000000	14.400564
9.000000	16.000000	16.000000	550.000000	901.000000	74.000000	544.845198	890.436921	1.000000	15.177629
9.000000	17.000000	17.000000	513.000000	801.000000	64.000000	515.868486	796.449206	1.000000	15.712205
9.000000	18.000000	18.000000	742.000000	813.000000	66.000000	744.071800	809.076542	1.000000	16.425147
9.000000	19.000000	19.000000	1106.000000	805.000000	69.000000	1104.285167	799.321255	1.000000	17.592943
9.000000	20.000000	20.000000	1171.000000	905.000000	80.000000	1171.671940	910.580683	1.000000	18.481524
9.000000	21.000000	21.000000	980.000000	892.000000	78.000000	983.231194	886.026153	2.000000	20.519808
9.000000	22.000000	22.000000	875.000000	802.000000	67.000000	884.020779	794.929032	2.000000	21.225063
9.000000	23.000000	23.000000	884.000000	700.000000	57.000000	879.341607	685.696247	2.000000	21.896402
9.000000	24.000000	24.000000	1064.000000	684.000000	59.000000	1075.147177	669.173044	2.000000	22.615514
9.000000	25.000000	25.000000	553.000000	691.000000	54.000000	551.553676	682.547127	2.000000	23.720266
9.000000	26.000000	26.000000	609.000000	587.000000	45.000000	621.745486	581.730876	2.000000	24.568407
9.000000	27.000000	27.000000	294.000000	604.000000	42.000000	304.184330	592.268062	2.000000	25.328220
9.000000	28.000000	28.000000	194.000000	653.000000	51.000000	190.158310	652.303414	2.000000	26.135807
9.000000	29.000000	29.000000	193.000000	587.000000	41.000000	191.418824	576.641625	2.000000	27.200876
9.000000	30.000000	30.000000	310.000000	453.000000	32.000000	308.924467	441.700203	2.000000	28.288195
9.000000	31.000000	31.000000	406.000000	337.000000	23.000000	402.574709	335.510834	2.000000	29.199892
9.000000	32.000000	32.000000	558.000000	306.000000	14.000000	549.637576	294.735920	2.000000	29.809321
9.000000	33.000000	33.000000	641.000000	135.000000	5.000000	641.542288	126.047555	2.000000	30.960940
9.000000	34.000000	34.000000	839.000000	266.000000	17.000000	846.712601	269.811002	2.000000	31.616975
9.000000	35.000000	35.000000	990.000000	141.000000	8.000000	983.398528	134.774081	2.000000	32.561203
9.000000	36.000000	36.000000	968.000000	241.000000	18.000000	963.020033	239.822225	2.000000	33.121455
9.000000	37.000000	37.000000	1090.000000	233.000000	19.000000	1084.350624	231.008104	2.000000	33.760988
9.000000	38.000000	38.000000	992.000000	376.000000	28.000000	982.596151	376.020508	2.000000	34.352385
9.000000	39.000000	39.000000	1076.000000	375.000000	29.000000	1079.027974	375.767489	2.000000	34.929667
9.000000	40.000000	40.000000	1072.000000	475.000000	39.000000	1071.873033	468.230017	2.000000	35.865185
10.000000	1.000000	1.000000	743.000000	593.000000	46.000000	748.611547	590.043887	1.000000	1.253350
10.000000	2.000000	2.000000	874.000000	571.000000	47.000000	866.843254	558.077852	2.000000	2.189023
10.000000	3.000000	3.000000	190.000000	125.000000	1.000000	183.428226	123.582844	1.000000	5.692685
10.000000	4.000000	4.000000	447.000000	173.000000	3.000000	452.099621	181.134319	2.000000	6.371475
10.000000	5.000000	5.000000	568.000000	159.000000	4.000000	556.870842	158.342499	2.000000	7.315378
10.000000	6.000000	6.000000	619.000000	192.000000	5.000000	620.422049	187.214174	1.000000	8.117341
10.000000	7.000000	7.000000	430.000000	377.000000	23.000000	442.348146	371.322986	2.000000	9.036230
10.000000	8.000000	8.000000	430.000000	448.000000	33.000000	428.566595	440.570114	2.000000	9.516690
10.000000	9.000000	9.000000	729.000000	192.000000	6.000000	734.913519	182.229020	2.000000	10.459135
10.000000	10.000000	10.000000	770.000000	352.000000	26.000000	771.448428	353.378721	2.000000	11.469405
10.000000	11.000000	11.000000	979.000000	186.000000	8.000000	982.206331	184.118312	1.000000	12.453262
10.000000	12.000000	12.000000	966.000000	346.000000	28.000000	956.632321	347.488835	2.000000	13.004057
10.000000	13.000000	13.000000	1000.000000	239.000000	18.000000	1000.101887	232.582880	2.000000	13.451897
10.000000	14.000000	14.000000	1091.000000	244.000000	19.000000	1094.848689	241.489760	2.000000	13.876891
10.000000	15.000000	15.000000	1196.000000	290.000000	20.000000	1199.517326	294.013618	2.000000	14.397296
10.000000	16.000000	16.000000	1188.000000	191.000000	10.000000	1188.608015	182.856194	1.000000	14.891387
10.000000	17.000000	17.000000	1090.000000	450.000000	39.000000	1089.292948	446.905762	1.000000	16.372840
10.000000	18.000000	18.000000	1172.000000	559.000000	50.000000	1174.133768	560.750632	2.000000	17.284168
10.000000	19.000000	19.000000	1068.000000	652.000000	59.000000	1069.017176	650.646962	2.000000	18.172325
10.000000	20.000000	20.000000	1202.000000	890.000000	80.000000	1200.065967	897.553191	2.000000	19.428655
10.000000	21.000000	21.000000	1194.000000	829.000000	70.000000	1185.777372	818.620316	1.000000	20.235898
10.000000	22.000000	22.000000	1087.000000	792.000000	69.000000	1088.932143	784.466695	1.000000	20.811447
10.000000	23.000000	23.000000	1082.000000	901.000000	79.000000	1078.747748	901.595510	1.000000	21.483662
10.000000	24.000000	24.000000	991.000000	818.000000	68.000000	982.516663	810.193373	2.000000	23.187734
10.000000	25.000000	25.000000	851.000000	778.000000	67.000000	855.337441	765.942276	2.000000	23.861498
10.000000	26.000000	26.000000	679.000000	698.000000	55.000000	672.390258	685.117912	1.000000	24.876626
10.000000	27.000000	27.000000	631.000000	797.000000	65.000000	626.244736	796.357929	1.000000	25.308822
10.000000	28.000000	28.000000	649.000000	936.000000	75.000000	643.242891	929.892738	1.000000	26.099995
10.000000	29.000000	29.000000	544.000000	785.000000	64.000000	544.667852	774.452370	1.000000	26.939421
10.000000	30.000000	30.000000	514.000000	694.000000	54.000000	508.511169	686.277520	1.000000	27.796061
10.000000	31.000000	31.000000	550.000000	876.000000	74.000000	555.544585	875.834834	2.000000	28.707502
10.000000	32.000000	32.000000	423.000000	928.000000	73.000000	414.286736	931.448196	1.000000	29.452660
10.000000	33.000000	33.000000	346.000000	818.000000	62.000000	334.359323	810.739820	1.000000	30.348797
10.000000	34.000000	34.000000	209.000000	781.000000	61.000000	215.680294	779.309888	1.000000	31.268812
10.000000	35.000000	35.000000	214.000000	721.000000	51.000000	214.117243	715.688296	1.000000	31.828146
10.000000	36.000000	36.000000	286.000000	661.000000	52.000000	292.826372	654.218756	2.000000	32.756867
10.000000	37.000000	37.000000	421.000000	676.000000	53.000000	417.436859	675.932531	2.000000	33.412001
10.000000	38.000000	38.000000	531.000000	582.000000	44.000000	522.764213	581.329316	2.000000	34.180054
10.000000	39.000000	39.000000	314.000000	552.000000	42.000000	314.378605	545.330352	1.000000	35.629482
10.000000	40.000000	40.000000	538.000000	504.000000	34.000000	521.310029	500.489235	1.000000	36.475282
11.000000	1.000000	1.000000	741.000000	581.000000	46.000000	741.534783	575.080283	1.000000	1.003398
11.000000	2.000000	2.000000	778.000000	670.000000	56.000000	778.439358	661.220839	1.000000	2.004025
11.000000	3.000000	3.000000	658.000000	695.000000	55.000000	651.426018	687.122068	1.000000	2.484903
11.000000	4.000000	4.000000	532.000000	677.000000	54.000000	528.577554	674.264205	1.000000	2.963088
11.000000	5.000000	5.000000	427.000000	682.000000	53.000000	416.962250	678.839877	1.000000	3.403710
11.000000	6.000000	6.000000	521.000000	779.000000	64.000000	530.573860	778.662551	1.000000	4.139353
11.000000	7.000000	7.000000	520.000000	916.000000	74.000000	517.475376	912.679637	1.000000	4.860488
11.000000	8.000000	8.000000	424.000000	790.000000	63.000000	421.953109	778.830142	2.000000	5.404515
11.000000	9.000000	9.000000	333.000000	753.000000	62.000000	326.341274	755.356339	2.000000	5.860746
11.000000	10.000000	10.000000	346.000000	705.000000	52.000000	341.693348	693.739532	2.000000	6.556429
11.000000	11.000000	11.000000	731.000000	896.000000	76.000000	735.348595	899.842420	1.000000	7.571643
11.000000	12.000000	12.000000	841.000000	795.000000	67.000000	850.221061	786.221563	1.000000	8.197016
11.000000	13.000000	13.000000	960.000000	781.000000	68.000000	965.566988	771.637081	1.000000	8.874946
11.000000	14.000000	14.000000	740.000000	812.000000	66.000000	743.740517	803.267941	2.000000	9.708258
11.000000	15.000000	15.000000	858.000000	674.000000	57.000000	855.312246	663.449433	2.000000	10.283095
11.000000	16.000000	16.000000	965.000000	613.000000	48.000000	962.483920	601.629557	2.000000	10.852739
11.000000	17.000000	17.000000	1104.000000	506.000000	39.000000	1106.406338	499.934277	2.000000	11.708966
11.000000	18.000000	18.000000	1002.000000	479.000000	38.000000	999.001114	465.175192	1.000000	12.163001
11.000000	19.000000	19.000000	1110.000000	359.000000	29.000000	1109.187519	354.397077	1.000000	12.955743
11.000000	20.000000	20.000000	1201.000000	649.000000	60.000000	1199.248682	653.592495	2.000000	14.308616
11.000000	21.000000	21.000000	1205.000000	339.000000	30.000000	1200.168273	339.095390	2.000000	15.995067
11.000000	22.000000	22.000000	1186.000000	172.000000	10.000000	1179.137980	158.057863	2.000000	16.836440
11.000000	23.000000	23.000000	1104.000000	133.000000	9.000000	1103.674458	129.465618	2.000000	17.396843
11.000000	24.000000	24.000000	984.000000	144.000000	8.000000	982.026314	150.095989	2.000000	17.915799
11.000000	25.000000	25.000000	963.000000	284.000000	18.000000	959.225901	294.549069	2.000000	18.515025
11.000000	26.000000	26.000000	759.000000	197.000000	6.000000	750.470782	186.129756	1.000000	20.595123
11.000000	27.000000	27.000000	637.000000	382.000000	25.000000	639.066191	379.484295	1.000000	21.786935
11.000000	28.000000	28.000000	738.000000	279.000000	16.000000	734.994528	278.847327	2.000000	22.371413
11.000000	29.000000	29.000000	847.000000	456.000000	37.000000	838.786326	456.471917	2.000000	23.140140
11.000000	30.000000	30.000000	547.000000	279.000000	14.000000	560.386260	275.309314	2.000000	24.027906
11.000000	31.000000	31.000000	529.000000	379.000000	24.000000	528.437937	371.882562	1.000000	24.659733
11.000000	32.000000	32.000000	417.000000	400.000000	23.000000	411.646097	392.899388	1.000000	25.195334
11.000000	33.000000	33.000000	411.000000	452.000000	33.000000	411.750861	452.426845	1.000000	25.650904
11.000000	34.000000	34.000000	399.000000	283.000000	13.000000	405.473951	279.776996	1.000000	26.245096
11.000000	35.000000	35.000000	220.000000	368.000000	21.000000	220.980138	359.266183	2.000000	27.964740
11.000000	36.000000	36.000000	297.000000	559.000000	42.000000	289.463506	557.734348	2.000000	28.755544
11.000000	37.000000	37.000000	207.000000	584.000000	41.000000	204.785646	572.890274	2.000000	29.507625
11.000000	38.000000	38.000000	531.000000	598.000000	44.000000	531.490617	600.672245	2.000000	30.588364
11.000000	39.000000	39.000000	228.000000	274.000000	11.000000	216.925487	266.558566	1.000000	31.669073
11.000000	40.000000	40.000000	405.000000	124.000000	3.000000	412.369877	120.896832	1.000000	32.300309
12.000000	1.000000	1.000000	758.000000	591.000000	46.000000	748.270941	588.039397	1.000000	1.292925
12.000000	2.000000	2.000000	653.000000	688.000000	55.000000	651.070722	681.767197	1.000000	2.084206
12.000000	3.000000	3.000000	527.000000	900.000000	74.000000	528.566713	900.723562	1.000000	3.116841
12.000000	4.000000	4.000000	736.000000	921.000000	76.000000	729.796881	924.268343	1.000000	3.691764
12.000000	5.000000	5.000000	615.000000	920.000000	75.000000	621.049087	917.155420	2.000000	4.276908
12.000000	6.000000	6.000000	429.000000	918.000000	73.000000	428.445007	920.878517	2.000000	4.909521
12.000000	7.000000	7.000000	305.000000	875.000000	72.000000	300.108602	861.314914	2.000000	5.516069
12.000000	8.000000	8.000000	210.000000	919.000000	71.000000	202.058875	929.500248	2.000000	6.188940
12.000000	9.000000	9.000000	418.000000	814.000000	63.000000	399.618005	821.247659	1.000000	6.925163
12.000000	10.000000	10.000000	302.000000	727.000000	52.000000	304.707112	716.131708	1.000000	7.555740
12.000000	11.000000	11.000000	324.000000	593.000000	42.000000	323.593025	584.170812	2.000000	8.292460
12.000000	12.000000	12.000000	469.000000	611.000000	43.000000	452.417243	603.492955	2.000000	8.789139
12.000000	13.000000	13.000000	535.000000	558.000000	44.000000	528.401983	550.394492	2.000000	9.293823
12.000000	14.000000	14.000000	536.000000	646.000000	54.000000	534.004963	654.551459	2.000000	9.699941
12.000000	15.000000	15.000000	215.000000	594.000000	41.000000	208.337586	579.660364	1.000000	10.388302
12.000000	16.000000	16.000000	299.000000	395.000000	22.000000	291.499145	387.020532	1.000000	11.284255
12.000000	17.000000	17.000000	234.000000	135.000000	1.000000	224.485662	125.188860	1.000000	12.365225
12.000000	18.000000	18.000000	320.000000	140.000000	2.000000	322.730820	134.980274	1.000000	12.852885
12.000000	19.000000	19.000000	418.000000	181.000000	3.000000	431.628933	186.845438	1.000000	13.356268
12.000000	20.000000	20.000000	505.000000	230.000000	14.000000	513.650888	234.197242	1.000000	13.965090
12.000000	21.000000	21.000000	634.000000	251.000000	15.000000	627.235254	247.067551	1.000000	14.900634
12.000000	22.000000	22.000000	651.000000	374.000000	25.000000	642.469586	369.007613	1.000000	15.572566
12.000000	23.000000	23.000000	552.000000	368.000000	24.000000	545.764578	362.506343	1.000000	16.124305
12.000000	24.000000	24.000000	750.000000	457.000000	36.000000	743.442510	448.905662	1.000000	16.941350
12.000000	25.000000	25.000000	760.000000	172.000000	6.000000	758.458172	162.252368	1.000000	17.636815
12.000000	26.000000	26.000000	997.000000	175.000000	8.000000	984.008341	170.810520	2.000000	18.748805
12.000000	27.000000	27.000000	1167.000000	153.000000	10.000000	1167.683627	151.598242	2.000000	19.397056
12.000000	28.000000	28.000000	899.000000	249.000000	17.000000	891.155944	242.281074	2.000000	20.205249
12.000000	29.000000	29.000000	998.000000	375.000000	28.000000	991.401933	362.735412	2.000000	20.772260
12.000000	30.000000	30.000000	1069.000000	400.000000	29.000000	1071.824566	390.039366	2.000000	21.165377
12.000000	31.000000	31.000000	1097.000000	470.000000	39.000000	1094.809328	460.255417	2.000000	21.899583
12.000000	32.000000	32.000000	1179.000000	611.000000	50.000000	1178.159521	604.152769	2.000000	22.595884
12.000000	33.000000	33.000000	1101.000000	695.000000	59.000000	1099.991700	684.424291	2.000000	23.124621
12.000000	34.000000	34.000000	1093.000000	783.000000	69.000000	1096.761465	783.302951	1.000000	24.005513
12.000000	35.000000	35.000000	1208.000000	465.000000	40.000000	1203.224123	462.063370	1.000000	24.773907
12.000000	36.000000	36.000000	1213.000000	397.000000	30.000000	1213.431811	398.204162	1.000000	25.245279
12.000000	37.000000	37.000000	864.000000	871.000000	77.000000	866.889084	866.841313	2.000000	31.451927
12.000000	38.000000	38.000000	853.000000	777.000000	67.000000	847.585131	765.763699	2.000000	32.116961
12.000000	39.000000	39.000000	879.000000	600.000000	47.000000	881.395110	589.150935	2.000000	32.692033
12.000000	40.000000	40.000000	1187.000000	938.000000	80.000000	1183.538583	931.738531	2.000000	33.661991
13.000000	1.000000	1.000000	292.000000	815.000000	62.000000	298.160414	810.163881	1.000000	1.800755
13.000000	2.000000	2.000000	215.000000	836.000000	61.000000	220.199324	822.755797	2.000000	2.321501
13.000000	3.000000	3.000000	531.000000	889.000000	74.000000	536.771408	899.281897	2.000000	4.777062
13.000000	4.000000	4.000000	623.000000	834.000000	65.000000	632.132057	825.683995	2.000000	5.793150
13.000000	5.000000	5.000000	720.000000	919.000000	76.000000	729.286845	926.342728	1.000000	6.553098
13.000000	6.000000	6.000000	749.000000	737.000000	56.000000	744.376491	717.763801	2.000000	7.336175
13.000000	7.000000	7.000000	535.000000	686.000000	54.000000	542.301262	673.842447	2.000000	8.017770
13.000000	8.000000	8.000000	446.000000	560.000000	43.000000	452.155411	543.104649	1.000000	8.960475
13.000000	9.000000	9.000000	437.000000	510.000000	33.000000	430.874187	505.775462	1.000000	9.281596
13.000000	10.000000	10.000000	322.000000	490.000000	32.000000	311.095319	477.942353	1.000000	10.096181
13.000000	11.000000	11.000000	320.000000	390.000000	22.000000	329.803676	382.682522	2.000000	10.969121
13.000000	12.000000	12.000000	221.000000	365.000000	21.000000	219.595446	362.303762	2.000000	11.584500
13.000000	13.000000	13.000000	514.000000	288.000000	14.000000	510.583729	279.276694	2.000000	12.401807
13.000000	14.000000	14.000000	650.000000	287.000000	15.000000	644.722839	275.960214	2.000000	12.817804
13.000000	15.000000	15.000000	659.000000	343.000000	25.000000	664.625624	339.947691	2.000000	13.185217
13.000000	16.000000	16.000000	757.000000	291.000000	16.000000	748.872437	293.497849	2.000000	13.536499
13.000000	17.000000	17.000000	725.000000	393.000000	26.000000	728.219926	384.364100	2.000000	13.847981
13.000000	18.000000	18.000000	541.000000	454.000000	34.000000	540.399287	450.321085	2.000000	14.624496
13.000000	19.000000	19.000000	760.000000	511.000000	36.000000	749.227193	507.292336	2.000000	15.417793
13.000000	20.000000	20.000000	835.000000	472.000000	37.000000	838.854753	472.592432	2.000000	15.903770
13.000000	21.000000	21.000000	984.000000	679.000000	58.000000	993.557048	672.807306	2.000000	16.791746
13.000000	22.000000	22.000000	1066.000000	805.000000	69.000000	1065.015795	797.003330	2.000000	17.376383
13.000000	23.000000	23.000000	1201.000000	796.000000	70.000000	1211.359013	789.637462	2.000000	17.904877
13.000000	24.000000	24.000000	1205.000000	866.000000	80.000000	1211.159690	886.102798	1.000000	18.465909
13.000000	25.000000	25.000000	1076.000000	926.000000	79.000000	1071.538610	927.857508	1.000000	19.304100
13.000000	26.000000	26.000000	1007.000000	897.000000	78.000000	1000.111705	896.381262	1.000000	20.112910
13.000000	27.000000	27.000000	838.000000	823.000000	67.000000	841.610319	813.135668	1.000000	20.696572
13.000000	28.000000	28.000000	862.000000	726.000000	57.000000	860.921902	716.076474	1.000000	21.520508
13.000000	29.000000	29.000000	869.000000	621.000000	47.000000	864.018938	613.549783	1.000000	22.016730
13.000000	30.000000	30.000000	1068.000000	599.000000	49.000000	1065.253195	589.595791	1.000000	22.608402
13.000000	31.000000	31.000000	1112.000000	657.000000	59.000000	1095.060145	651.702224	1.000000	22.937087
13.000000	32.000000	32.000000	1204.000000	651.000000	60.000000	1213.790411	649.568852	1.000000	23.615864
13.000000	33.000000	33.000000	1101.000000	358.000000	29.000000	1097.902855	353.597533	1.000000	25.391600
13.000000	34.000000	34.000000	1112.000000	260.000000	19.000000	1102.263911	246.078672	1.000000	25.807590
13.000000	35.000000	35.000000	1198.000000	144.000000	10.000000	1194.012467	144.037420	1.000000	26.744662
13.000000	36.000000	36.000000	960.000000	194.000000	8.000000	961.545163	188.176687	2.000000	27.719645
13.000000	37.000000	0.000000	911.000000	168.000000	7.000000	885.148851	161.776300	2.000000	28.208909
13.000000	38.000000	37.000000	885.000000	169.000000	7.000000	885.148851	161.776300	2.000000	28.776956
13.000000	39.000000	38.000000	859.000000	215.000000	17.000000	868.928852	225.626695	1.000000	32.495863
13.000000	40.000000	39.000000	746.000000	132.000000	6.000000	737.451711	132.397689	1.000000	33.105637
13.000000	41.000000	40.000000	452.000000	161.000000	3.000000	451.309894	148.259541	1.000000	34.423862
14.000000	1.000000	1.000000	666.000000	462.000000	35.000000	658.469402	457.528405	1.000000	1.135061
14.000000	2.000000	2.000000	400.000000	444.000000	33.000000	413.980135	439.292378	1.000000	1.680186
14.000000	3.000000	3.000000	515.000000	461.000000	34.000000	508.261178	460.001028	2.000000	2.391438
14.000000	4.000000	4.000000	562.000000	350.000000	24.000000	560.380309	346.025821	2.000000	2.912642
14.000000	5.000000	5.000000	631.000000	365.000000	25.000000	619.841038	356.176278	2.000000	3.207225
14.000000	6.000000	6.000000	743.000000	332.000000	26.000000	751.473121	330.900065	2.000000	3.742515
14.000000	7.000000	7.000000	774.000000	286.000000	16.000000	775.697446	286.239712	2.000000	4.040414
14.000000	8.000000	8.000000	882.000000	255.000000	17.000000	872.093875	249.531683	1.000000	4.815012
14.000000	9.000000	9.000000	986.000000	367.000000	28.000000	983.505993	350.243868	1.000000	5.366760
14.000000	10.000000	10.000000	996.000000	491.000000	38.000000	1001.764535	495.284119	2.000000	5.879995
14.000000	11.000000	11.000000	1059.000000	493.000000	39.000000	1062.105674	490.397713	2.000000	6.198677
14.000000	12.000000	12.000000	1186.000000	293.000000	20.000000	1189.808104	289.704148	2.000000	7.072310
14.000000	13.000000	13.000000	1177.000000	603.000000	50.000000	1189.813520	585.328339	2.000000	7.656802
14.000000	14.000000	14.000000	1189.000000	773.000000	70.000000	1193.309230	776.560436	1.000000	8.350939
14.000000	15.000000	15.000000	1077.000000	764.000000	69.000000	1079.742771	757.199914	1.000000	8.703767
14.000000	16.000000	16.000000	986.000000	765.000000	68.000000	986.754463	763.650264	1.000000	9.040311
14.000000	17.000000	17.000000	1099.000000	901.000000	79.000000	1094.415966	890.837708	1.000000	9.895812
14.000000	18.000000	18.000000	1185.000000	907.000000	80.000000	1180.694084	901.605654	1.000000	10.439885
14.000000	19.000000	19.000000	845.000000	911.000000	77.000000	856.125149	920.188297	2.000000	11.367949
14.000000	20.000000	20.000000	683.000000	830.000000	65.000000	669.391160	821.209607	2.000000	11.783490
14.000000	21.000000	21.000000	647.000000	909.000000	75.000000	647.481167	908.074596	2.000000	12.464824
14.000000	22.000000	22.000000	756.000000	676.000000	56.000000	743.910106	667.682807	2.000000	13.143201
14.000000	23.000000	23.000000	965.000000	684.000000	58.000000	977.019169	673.273599	2.000000	14.288294
14.000000	24.000000	24.000000	422.000000	569.000000	43.000000	424.122607	567.947158	2.000000	15.990925
14.000000	25.000000	25.000000	306.000000	613.000000	42.000000	299.961369	608.412316	2.000000	16.334891
14.000000	26.000000	26.000000	203.000000	575.000000	41.000000	185.115307	581.423338	2.000000	16.726867
14.000000	27.000000	27.000000	436.000000	773.000000	63.000000	446.259955	783.152877	2.000000	17.382770
14.000000	28.000000	28.000000	203.000000	136.000000	1.000000	195.270181	136.755696	1.000000	19.247518
14.000000	29.000000	29.000000	182.000000	258.000000	11.000000	181.058078	238.985076	1.000000	19.584357
14.000000	30.000000	30.000000	186.000000	374.000000	21.000000	181.027792	398.200639	1.000000	19.912367
14.000000	31.000000	31.000000	214.000000	821.000000	61.000000	206.324568	823.288164	2.000000	21.056886
14.000000	32.000000	32.000000	851.000000	588.000000	47.000000	847.340251	593.563825	1.000000	28.191064
14.000000	33.000000	33.000000	662.000000	163.000000	5.000000	662.064149	143.254142	2.000000	29.399403
14.000000	34.000000	34.000000	288.000000	787.000000	62.000000	290.379863	777.927238	1.000000	31.832152
14.000000	35.000000	35.000000	304.000000	883.000000	72.000000	296.902403	881.273144	1.000000	32.159781
14.000000	36.000000	36.000000	443.000000	699.000000	53.000000	451.725676	690.269522	1.000000	32.687341
14.000000	37.000000	37.000000	553.000000	775.000000	64.000000	548.122084	763.441445	1.000000	33.240903
14.000000	38.000000	38.000000	628.000000	714.000000	55.000000	634.486513	704.100334	1.000000	33.928906
14.000000	39.000000	39.000000	572.000000	873.000000	74.000000	557.618203	879.270056	1.000000	34.359056
14.000000	40.000000	40.000000	759.000000	826.000000	66.000000	750.786835	807.767700	1.000000	34.903310
15.000000	1.000000	1.000000	1170.000000	928.000000	80.000000	1176.332392	921.863987	2.000000	2.151199
15.000000	2.000000	2.000000	1215.000000	843.000000	70.000000	1217.259595	822.098354	2.000000	2.520571
15.000000	3.000000	3.000000	971.000000	832.000000	68.000000	973.492001	817.525098	2.000000	3.161288
15.000000	4.000000	0.000000	1176.000000	698.000000	60.000000	1197.386701	679.596541	1.000000	3.785003
15.000000	5.000000	4.000000	1194.000000	691.000000	60.000000	1197.386701	679.596541	1.000000	4.632061
15.000000	6.000000	5.000000	853.000000	656.000000	57.000000	846.645500	649.473317	2.000000	6.127158
15.000000	7.000000	6.000000	862.000000	608.000000	47.000000	869.378234	602.734132	1.000000	6.560994
15.000000	8.000000	7.000000	959.000000	501.000000	38.000000	961.850075	491.219765	1.000000	7.367987
15.000000	9.000000	8.000000	1128.000000	458.000000	39.000000	1111.518504	449.851395	1.000000	7.991632
15.000000	10.000000	9.000000	1078.000000	342.000000	29.000000	1066.752424	355.423886	1.000000	8.537008
15.000000	11.000000	10.000000	1105.000000	253.000000	19.000000	1100.344080	256.875822	2.000000	9.287229
15.000000	12.000000	11.000000	1119.000000	185.000000	9.000000	1106.310369	179.599973	1.000000	10.144072
15.000000	13.000000	12.000000	971.000000	250.000000	18.000000	964.448890	244.857740	1.000000	10.520149
15.000000	14.000000	13.000000	836.000000	255.000000	17.000000	841.353845	243.796408	1.000000	10.984825
15.000000	15.000000	14.000000	849.000000	328.000000	27.000000	854.693727	345.873676	1.000000	11.319384
15.000000	16.000000	15.000000	612.000000	243.000000	15.000000	627.448600	235.663295	1.000000	11.945251
15.000000	17.000000	16.000000	645.000000	167.000000	5.000000	644.082625	183.544600	1.000000	12.303681
15.000000	18.000000	17.000000	740.000000	161.000000	6.000000	750.471192	158.508741	2.000000	12.959240
15.000000	19.000000	18.000000	777.000000	344.000000	26.000000	777.126834	331.670751	2.000000	13.416766
15.000000	20.000000	19.000000	657.000000	882.000000	75.000000	649.985411	870.018248	2.000000	15.232010
15.000000	21.000000	20.000000	626.000000	782.000000	65.000000	624.993973	784.616053	1.000000	15.648892
15.000000	22.000000	21.000000	421.000000	878.000000	73.000000	411.792020	882.688406	2.000000	16.943849
15.000000	23.000000	22.000000	435.000000	803.000000	63.000000	439.504239	796.428623	1.000000	17.240909
15.000000	24.000000	0.000000	358.000000	820.000000	62.000000	338.661318	801.185213	1.000000	17.519997
15.000000	25.000000	23.000000	342.000000	816.000000	62.000000	338.661318	801.185213	1.000000	18.137309
15.000000	26.000000	24.000000	344.000000	908.000000	72.000000	337.815230	900.924921	1.000000	18.472973
15.000000	27.000000	25.000000	204.000000	781.000000	61.000000	188.745540	776.207131	2.000000	19.192232
15.000000	28.000000	26.000000	531.000000	687.000000	54.000000	525.709010	678.890671	2.000000	20.264757
15.000000	29.000000	27.000000	555.000000	449.000000	34.000000	542.405187	441.702565	2.000000	20.937212
15.000000	30.000000	28.000000	443.000000	485.000000	33.000000	439.482994	490.510470	1.000000	21.321352
15.000000	31.000000	0.000000	476.000000	350.000000	24.000000	509.013797	370.117999	1.000000	22.440375
15.000000	32.000000	29.000000	497.000000	365.000000	24.000000	509.013797	370.117999	1.000000	22.760313
15.000000	33.000000	30.000000	424.000000	394.000000	23.000000	415.291874	393.695213	2.000000	23.193251
15.000000	34.000000	31.000000	301.000000	462.000000	32.000000	298.007975	453.009697	1.000000	23.735148
15.000000	35.000000	32.000000	438.000000	289.000000	13.000000	420.279125	283.213375	2.000000	24.257471
15.000000	36.000000	33.000000	502.000000	272.000000	14.000000	509.044605	254.779651	2.000000	24.576797
15.000000	37.000000	34.000000	405.000000	156.000000	3.000000	409.368058	158.943026	2.000000	25.377139
15.000000	38.000000	35.000000	231.000000	266.000000	11.000000	216.473562	263.988093	2.000000	25.856019
15.000000	39.000000	36.000000	175.000000	355.000000	21.000000	179.908332	341.518189	2.000000	26.344361
15.000000	40.000000	37.000000	222.000000	474.000000	31.000000	225.676951	472.333143	2.000000	27.167375
15.000000	41.000000	38.000000	291.000000	548.000000	42.000000	295.143501	555.938190	2.000000	27.695581
15.000000	42.000000	39.000000	171.000000	708.000000	51.000000	184.527299	698.105928	1.000000	31.735949
15.000000	43.000000	40.000000	226.000000	189.000000	1.000000	227.280220	180.705115	1.000000	33.161276
16.000000	1.000000	1.000000	1098.000000	874.000000	79.000000	1088.803971	866.625560	1.000000	2.670088
16.000000	2.000000	2.000000	1087.000000	813.000000	69.000000	1086.323453	811.295272	2.000000	3.141642
16.000000	3.000000	3.000000	1105.000000	669.000000	59.000000	1106.926675	651.296923	2.000000	3.573265
16.000000	4.000000	0.000000	942.000000	672.000000	58.000000	968.860112	675.393906	2.000000	3.941825
16.000000	5.000000	4.000000	976.000000	677.000000	58.000000	968.860112	675.393906	2.000000	4.398793
16.000000	6.000000	5.000000	970.000000	814.000000	68.000000	957.940741	806.914901	1.000000	6.206184
16.000000	7.000000	6.000000	738.000000	881.000000	76.000000	748.620688	862.566497	1.000000	6.742860
16.000000	8.000000	7.000000	775.000000	752.000000	66.000000	765.601993	757.606033	1.000000	7.198437
16.000000	9.000000	8.000000	333.000000	788.000000	62.000000	326.145574	789.457262	1.000000	9.622880
16.000000	10.000000	9.000000	321.000000	870.000000	72.000000	299.034300	874.291098	1.000000	9.935173
16.000000	11.000000	10.000000	187.000000	926.000000	71.000000	187.025013	917.789664	1.000000	10.302937
16.000000	12.000000	0.000000	541.000000	700.000000	54.000000	558.292002	681.131446	1.000000	11.085411
16.000000	13.000000	11.000000	563.000000	685.000000	54.000000	558.292002	681.131446	1.000000	11.510344
16.000000	14.000000	12.000000	632.000000	777.000000	65.000000	624.862158	769.057703	2.000000	12.063125
16.000000	15.000000	13.000000	654.000000	691.000000	55.000000	657.446067	692.287562	2.000000	12.358704
16.000000	16.000000	14.000000	428.000000	914.000000	73.000000	432.677380	907.107868	2.000000	12.949033
16.000000	17.000000	15.000000	317.000000	551.000000	42.000000	312.167740	545.233527	2.000000	14.175201
16.000000	18.000000	16.000000	392.000000	395.000000	23.000000	399.411148	385.976005	1.000000	15.421270
16.000000	19.000000	17.000000	324.000000	265.000000	12.000000	312.034452	254.057251	1.000000	15.997143
16.000000	20.000000	18.000000	193.000000	133.000000	1.000000	193.739713	122.882133	1.000000	16.701329
16.000000	21.000000	19.000000	509.000000	236.000000	14.000000	524.188559	240.178172	1.000000	17.519208
16.000000	22.000000	20.000000	635.000000	162.000000	5.000000	619.091872	159.167375	1.000000	18.230030
16.000000	23.000000	21.000000	633.000000	343.000000	25.000000	632.822320	354.961990	1.000000	18.806535
16.000000	24.000000	22.000000	740.000000	157.000000	6.000000	749.975746	153.746954	1.000000	19.294665
16.000000	25.000000	23.000000	842.000000	139.000000	7.000000	861.728003	130.086013	1.000000	19.806370
16.000000	26.000000	24.000000	876.000000	354.000000	27.000000	875.755856	358.139578	1.000000	20.397034
16.000000	27.000000	25.000000	983.000000	260.000000	18.000000	994.658413	256.250469	2.000000	21.070668
16.000000	28.000000	26.000000	977.000000	388.000000	28.000000	980.471566	377.938200	2.000000	21.741063
16.000000	29.000000	27.000000	886.000000	452.000000	37.000000	868.257070	458.243690	2.000000	22.109683
16.000000	30.000000	28.000000	731.000000	349.000000	26.000000	736.204323	343.979629	2.000000	22.533908
16.000000	31.000000	29.000000	745.000000	494.000000	36.000000	739.022360	490.787700	2.000000	22.934626
16.000000	32.000000	30.000000	606.000000	502.000000	35.000000	618.998030	500.416297	2.000000	23.310545
16.000000	33.000000	31.000000	550.000000	351.000000	24.000000	557.340125	348.317896	2.000000	23.933115
16.000000	34.000000	32.000000	317.000000	400.000000	22.000000	331.226191	391.124189	2.000000	24.446574
16.000000	35.000000	33.000000	232.000000	401.000000	21.000000	224.329841	384.304454	2.000000	24.879233
16.000000	36.000000	34.000000	230.000000	448.000000	31.000000	230.039040	460.147016	2.000000	25.198390
16.000000	37.000000	35.000000	221.000000	256.000000	11.000000	219.112963	238.861845	2.000000	25.717581
16.000000	38.000000	36.000000	1095.000000	272.000000	19.000000	1090.611401	272.600307	1.000000	27.607281
16.000000	39.000000	37.000000	1187.000000	266.000000	20.000000	1185.237518	264.602115	2.000000	27.999240
16.000000	40.000000	38.000000	1105.000000	406.000000	29.000000	1093.613490	394.369368	1.000000	28.765325
16.000000	41.000000	39.000000	1204.000000	578.000000	50.000000	1209.918210	570.057509	1.000000	34.820996
16.000000	42.000000	40.000000	574.000000	161.000000	4.000000	556.837192	150.504260	2.000000	42.430951
17.000000	1.000000	1.000000	855.000000	616.000000	47.000000	848.130328	597.452583	2.000000	1.139184
17.000000	2.000000	2.000000	749.000000	626.000000	46.000000	755.248017	607.115824	1.000000	1.460574
17.000000	3.000000	3.000000	766.000000	694.000000	56.000000	765.898398	687.204794	1.000000	2.204100
17.000000	4.000000	4.000000	748.000000	746.000000	66.000000	745.485285	760.981413	1.000000	2.452304
17.000000	5.000000	5.000000	613.000000	720.000000	55.000000	618.104612	707.279288	1.000000	2.780691
17.000000	6.000000	6.000000	623.000000	615.000000	45.000000	630.801689	592.890035	1.000000	3.060968
17.000000	7.000000	7.000000	732.000000	521.000000	36.000000	743.873366	505.645604	1.000000	3.540262
17.000000	8.000000	8.000000	430.000000	613.000000	43.000000	441.796681	603.947373	1.000000	4.100421
17.000000	9.000000	9.000000	427.000000	658.000000	53.000000	436.954381	659.219691	1.000000	4.315158
17.000000	10.000000	10.000000	418.000000	486.000000	33.000000	407.653727	472.145561	2.000000	4.859150
17.000000	11.000000	11.000000	426.000000	380.000000	23.000000	428.134186	371.958885	2.000000	5.131788
17.000000	12.000000	12.000000	412.000000	275.000000	13.000000	403.193871	260.166813	2.000000	5.467662
17.000000	13.000000	13.000000	309.000000	144.000000	2.000000	311.982790	143.335134	2.000000	6.132820
17.000000	14.000000	0.000000	426.000000	147.000000	3.000000	400.047451	154.306369	2.000000	6.402990
17.000000	15.000000	14.000000	417.000000	161.000000	3.000000	400.047451	154.306369	2.000000	6.653132
17.000000	16.000000	15.000000	520.000000	262.000000	14.000000	522.822418	259.768476	2.000000	7.108772
17.000000	17.000000	16.000000	653.000000	274.000000	15.000000	648.751536	282.412310	2.000000	7.474805
17.000000	18.000000	17.000000	656.000000	190.000000	5.000000	657.032563	188.602347	1.000000	7.771562
17.000000	19.000000	18.000000	743.000000	240.000000	16.000000	746.735549	235.001587	1.000000	8.084412
17.000000	20.000000	19.000000	891.000000	263.000000	17.000000	881.669208	266.364102	1.000000	8.620028
17.000000	21.000000	20.000000	964.000000	152.000000	8.000000	964.682160	160.448946	2.000000	9.300179
17.000000	22.000000	0.000000	886.000000	137.000000	7.000000	858.247935	124.704130	2.000000	9.690929
17.000000	23.000000	21.000000	870.000000	128.000000	7.000000	858.247935	124.704130	2.000000	9.979321
17.000000	24.000000	22.000000	991.000000	262.000000	18.000000	998.879652	260.877854	1.000000	10.420336
17.000000	25.000000	23.000000	1104.000000	258.000000	19.000000	1094.617532	251.363052	1.000000	10.812220
17.000000	26.000000	24.000000	1102.000000	167.000000	9.000000	1083.997486	154.781299	1.000000	11.571941
17.000000	27.000000	25.000000	1189.000000	143.000000	10.000000	1198.097533	133.504544	2.000000	12.213019
17.000000	28.000000	26.000000	1082.000000	774.000000	69.000000	1080.491457	767.527561	1.000000	14.187243
17.000000	29.000000	27.000000	1211.000000	700.000000	60.000000	1202.695264	695.980170	1.000000	14.684712
17.000000	30.000000	28.000000	963.000000	439.000000	38.000000	971.706982	437.401014	2.000000	16.708625
17.000000	31.000000	29.000000	645.000000	932.000000	75.000000	643.058170	911.149832	2.000000	18.755637
17.000000	32.000000	0.000000	552.000000	958.000000	74.000000	535.543020	928.101128	2.000000	19.004381
17.000000	33.000000	30.000000	544.000000	933.000000	74.000000	535.543020	928.101128	2.000000	19.522916
17.000000	34.000000	31.000000	624.000000	820.000000	65.000000	628.825650	805.063021	2.000000	20.091237
17.000000	35.000000	32.000000	532.000000	826.000000	64.000000	526.687717	817.312146	1.000000	20.677148
17.000000	36.000000	33.000000	320.000000	930.000000	72.000000	313.563723	928.839156	1.000000	21.396246
17.000000	37.000000	0.000000	199.000000	785.000000	61.000000	191.741928	756.513608	1.000000	21.938965
17.000000	38.000000	34.000000	192.000000	766.000000	61.000000	191.741928	756.513608	1.000000	22.434823
17.000000	39.000000	35.000000	213.000000	610.000000	41.000000	222.771896	604.259862	2.000000	23.386906
17.000000	40.000000	36.000000	237.000000	858.000000	71.000000	224.367468	864.247649	2.000000	24.028647
17.000000	41.000000	37.000000	219.000000	364.000000	21.000000	210.784067	351.470829	2.000000	24.900256
17.000000	42.000000	38.000000	550.000000	358.000000	24.000000	532.323426	351.061600	2.000000	25.555137
17.000000	43.000000	39.000000	662.000000	453.000000	35.000000	656.716489	442.998632	2.000000	26.164697
17.000000	44.000000	40.000000	178.000000	298.000000	11.000000	191.418060	288.776365	1.000000	27.483885
18.000000	1.000000	1.000000	774.000000	659.000000	56.000000	779.642831	667.409488	1.000000	0.760411
18.000000	2.000000	0.000000	896.000000	543.000000	47.000000	885.584513	569.225036	1.000000	1.145526
18.000000	3.000000	2.000000	892.000000	578.000000	47.000000	885.584513	569.225036	1.000000	1.601890
18.000000	4.000000	3.000000	864.000000	466.000000	37.000000	856.028862	454.387155	1.000000	2.248340
18.000000	5.000000	4.000000	676.000000	499.000000	35.000000	653.254515	491.089136	1.000000	2.728754
18.000000	6.000000	5.000000	659.000000	594.000000	45.000000	648.317348	600.730485	1.000000	3.113396
18.000000	7.000000	6.000000	645.000000	812.000000	65.000000	636.356408	814.526227	1.000000	3.961468
18.000000	8.000000	7.000000	756.000000	899.000000	76.000000	743.172550	894.584294	1.000000	4.522309
18.000000	9.000000	8.000000	537.000000	891.000000	74.000000	542.987157	877.379656	1.000000	5.225704
18.000000	10.000000	9.000000	407.000000	875.000000	73.000000	402.678603	863.438308	1.000000	5.914341
18.000000	11.000000	10.000000	455.000000	693.000000	53.000000	445.188730	700.035371	1.000000	6.514342
18.000000	12.000000	11.000000	302.000000	773.000000	62.000000	306.426871	769.391651	1.000000	8.233263
18.000000	13.000000	12.000000	302.000000	872.000000	72.000000	300.026136	886.748175	2.000000	8.760938
18.000000	14.000000	13.000000	441.000000	810.000000	63.000000	425.425882	799.019471	2.000000	9.234275
18.000000	15.000000	14.000000	304.000000	682.000000	52.000000	306.320339	677.020230	2.000000	10.096703
18.000000	16.000000	15.000000	200.000000	716.000000	51.000000	201.623998	697.255890	1.000000	10.530108
18.000000	17.000000	16.000000	207.000000	452.000000	31.000000	205.219541	457.834046	2.000000	11.417409
18.000000	18.000000	17.000000	198.000000	357.000000	21.000000	206.044523	343.398985	1.000000	11.824552
18.000000	19.000000	18.000000	427.000000	449.000000	33.000000	429.908102	447.713683	1.000000	12.529922
18.000000	20.000000	19.000000	294.000000	223.000000	12.000000	289.077281	234.818594	1.000000	13.313996
18.000000	21.000000	20.000000	225.000000	165.000000	1.000000	229.540002	153.568771	1.000000	13.792786
18.000000	22.000000	21.000000	176.000000	269.000000	11.000000	190.684687	263.040070	2.000000	14.170376
18.000000	23.000000	22.000000	328.000000	170.000000	2.000000	329.226923	177.208042	2.000000	14.713173
18.000000	24.000000	23.000000	445.000000	236.000000	13.000000	436.531020	244.569125	2.000000	15.056446
18.000000	25.000000	24.000000	535.000000	167.000000	4.000000	538.360317	155.062527	2.000000	15.448502
18.000000	26.000000	25.000000	671.000000	143.000000	5.000000	671.838969	139.829948	2.000000	15.777373
18.000000	27.000000	26.000000	535.000000	353.000000	24.000000	519.713065	356.901099	2.000000	16.384978
18.000000	28.000000	27.000000	776.000000	501.000000	36.000000	770.510987	492.232498	2.000000	17.033716
18.000000	29.000000	0.000000	816.000000	372.000000	27.000000	841.677475	360.820396	2.000000	17.425131
18.000000	30.000000	28.000000	839.000000	369.000000	27.000000	841.677475	360.820396	2.000000	17.776985
18.000000	31.000000	29.000000	940.000000	289.000000	18.000000	950.534887	275.574496	2.000000	18.208829
18.000000	32.000000	30.000000	1051.000000	234.000000	19.000000	1062.739354	242.118837	2.000000	18.849615
18.000000	33.000000	31.000000	1225.000000	157.000000	10.000000	1211.341642	158.315173	2.000000	19.305171
18.000000	34.000000	32.000000	1092.000000	386.000000	29.000000	1085.823240	376.960604	2.000000	19.873827
18.000000	35.000000	33.000000	1211.000000	470.000000	40.000000	1196.816295	462.053788	2.000000	20.289482
18.000000	36.000000	34.000000	1076.000000	592.000000	49.000000	1062.267905	591.435294	1.000000	21.168364
18.000000	37.000000	35.000000	1190.000000	759.000000	70.000000	1201.578078	758.873724	1.000000	21.858271
18.000000	38.000000	36.000000	970.000000	171.000000	8.000000	962.975056	157.388613	1.000000	24.073779
18.000000	39.000000	37.000000	1120.000000	158.000000	9.000000	1102.417489	148.616139	1.000000	24.513339
18.000000	40.000000	38.000000	1194.000000	688.000000	60.000000	1184.642509	679.285329	2.000000	25.801127
18.000000	41.000000	39.000000	1187.000000	935.000000	80.000000	1181.625047	929.164253	2.000000	26.624496
18.000000	42.000000	40.000000	1007.000000	867.000000	78.000000	998.259169	863.936055	2.000000	27.409256
19.000000	1.000000	1.000000	762.000000	563.000000	46.000000	757.687932	564.418569	2.000000	0.953372
19.000000	2.000000	2.000000	880.000000	558.000000	47.000000	884.984367	551.563130	2.000000	1.336250
19.000000	3.000000	3.000000	859.000000	696.000000	57.000000	861.842434	692.193969	2.000000	1.823866
19.000000	4.000000	4.000000	781.000000	693.000000	56.000000	777.720910	690.028352	1.000000	2.170017
19.000000	5.000000	5.000000	767.000000	817.000000	66.000000	749.186732	802.381672	1.000000	2.529863
19.000000	6.000000	6.000000	714.000000	486.000000	36.000000	729.020799	478.240306	1.000000	3.185623
19.000000	7.000000	7.000000	626.000000	602.000000	45.000000	644.766337	589.165564	1.000000	3.546144
19.000000	8.000000	8.000000	645.000000	386.000000	25.000000	646.840229	384.144745	1.000000	4.098093
19.000000	9.000000	9.000000	518.000000	574.000000	44.000000	508.110531	582.205185	1.000000	4.672777
19.000000	10.000000	10.000000	437.000000	505.000000	33.000000	436.154052	505.875875	1.000000	5.353768
19.000000	11.000000	11.000000	424.000000	278.000000	13.000000	426.038056	286.777765	1.000000	6.265207
19.000000	12.000000	12.000000	227.000000	367.000000	21.000000	213.823216	380.895808	1.000000	6.745867
19.000000	13.000000	13.000000	213.000000	244.000000	11.000000	211.243364	234.274434	1.000000	7.264767
19.000000	14.000000	14.000000	318.000000	165.000000	2.000000	307.175466	147.959675	1.000000	7.666085
19.000000	15.000000	15.000000	235.000000	501.000000	31.000000	223.186050	498.054867	1.000000	8.457090
19.000000	16.000000	16.000000	223.000000	193.000000	1.000000	215.780438	183.716786	2.000000	9.026152
19.000000	17.000000	17.000000	317.000000	245.000000	12.000000	308.659520	230.827168	2.000000	9.521774
19.000000	18.000000	18.000000	401.000000	198.000000	3.000000	401.999420	186.095536	2.000000	9.904519
19.000000	19.000000	19.000000	781.000000	329.000000	26.000000	782.440146	336.585689	2.000000	11.881548
19.000000	20.000000	20.000000	885.000000	258.000000	17.000000	867.219774	274.613532	2.000000	12.169288
19.000000	21.000000	21.000000	977.000000	248.000000	18.000000	996.129246	236.872505	2.000000	12.465425
19.000000	22.000000	0.000000	1055.000000	134.000000	9.000000	1080.166554	121.035138	2.000000	13.048329
19.000000	23.000000	22.000000	958.000000	130.000000	8.000000	951.937509	128.356701	1.000000	13.473650
19.000000	24.000000	23.000000	1074.000000	128.000000	9.000000	1080.166554	121.035138	2.000000	13.825332
19.000000	25.000000	24.000000	1201.000000	137.000000	10.000000	1199.977165	117.787907	1.000000	14.511906
19.000000	26.000000	25.000000	1196.000000	285.000000	20.000000	1199.748119	291.465181	1.000000	15.129933
19.000000	27.000000	26.000000	998.000000	362.000000	28.000000	983.006011	351.217384	2.000000	15.848096
19.000000	28.000000	27.000000	1074.000000	648.000000	59.000000	1071.047004	653.101345	1.000000	17.104655
19.000000	29.000000	28.000000	1004.000000	726.000000	58.000000	994.320483	716.273447	2.000000	17.896178
19.000000	30.000000	29.000000	1174.000000	466.000000	40.000000	1178.708250	455.192785	2.000000	18.465283
19.000000	31.000000	30.000000	1168.000000	772.000000	70.000000	1172.329352	758.496169	2.000000	19.074122
19.000000	32.000000	31.000000	1100.000000	812.000000	69.000000	1085.790480	818.897176	2.000000	19.506077
19.000000	33.000000	32.000000	758.000000	876.000000	76.000000	749.369078	882.489471	2.000000	21.304329
19.000000	34.000000	33.000000	617.000000	881.000000	75.000000	619.202611	866.872597	2.000000	23.049007
19.000000	35.000000	34.000000	404.000000	926.000000	73.000000	401.591203	930.385630	1.000000	24.553619
19.000000	36.000000	35.000000	310.000000	931.000000	72.000000	325.078840	928.782593	1.000000	25.265157
19.000000	37.000000	36.000000	200.000000	687.000000	51.000000	184.049845	686.674136	1.000000	25.985090
19.000000	38.000000	37.000000	340.000000	609.000000	42.000000	329.808777	603.255255	1.000000	26.537855
19.000000	39.000000	38.000000	400.000000	590.000000	43.000000	410.430821	582.104670	2.000000	26.873123
19.000000	40.000000	39.000000	515.000000	467.000000	34.000000	528.018951	454.373674	2.000000	27.608321
19.000000	41.000000	0.000000	555.000000	368.000000	24.000000	536.419077	386.775465	2.000000	27.872845
19.000000	42.000000	40.000000	550.000000	379.000000	24.000000	536.419077	386.775465	2.000000	28.200206
20.000000	1.000000	1.000000	311.000000	793.000000	62.000000	312.687043	780.289095	1.000000	1.640454
20.000000	2.000000	2.000000	223.000000	936.000000	71.000000	204.927436	920.173113	1.000000	1.984716
20.000000	3.000000	3.000000	296.000000	710.000000	52.000000	293.517334	706.036267	2.000000	2.672330
20.000000	4.000000	4.000000	520.000000	917.000000	74.000000	509.932435	922.422706	2.000000	3.296753
20.000000	5.000000	5.000000	661.000000	899.000000	75.000000	649.343955	907.246173	2.000000	4.129243
20.000000	6.000000	6.000000	747.000000	903.000000	76.000000	743.429052	910.429626	2.000000	4.448512
20.000000	7.000000	0.000000	849.000000	757.000000	67.000000	874.967928	755.162499	1.000000	5.385131
20.000000	8.000000	7.000000	864.000000	760.000000	67.000000	874.967928	755.162499	1.000000	5.761033
20.000000	9.000000	8.000000	878.000000	703.000000	57.000000	869.997431	693.935951	2.000000	6.472426
20.000000	10.000000	0.000000	869.000000	506.000000	37.000000	872.956758	473.420119	2.000000	7.247536
20.000000	11.000000	9.000000	873.000000	490.000000	37.000000	872.956758	473.420119	2.000000	7.537455
20.000000	12.000000	10.000000	957.000000	445.000000	38.000000	953.349792	442.491538	1.000000	7.920281
20.000000	13.000000	11.000000	1108.000000	612.000000	49.000000	1095.519148	610.650935	1.000000	8.625145
20.000000	14.000000	0.000000	1188.000000	683.000000	60.000000	1209.686689	712.569422	2.000000	9.345373
20.000000	15.000000	12.000000	1203.000000	708.000000	60.000000	1209.686689	712.569422	2.000000	9.632402
20.000000	16.000000	13.000000	1111.000000	788.000000	69.000000	1098.607775	787.681725	1.000000	10.095817
20.000000	17.000000	14.000000	1214.000000	929.000000	80.000000	1212.258251	925.504657	1.000000	10.632197
20.000000	18.000000	15.000000	1172.000000	549.000000	50.000000	1179.034011	552.263358	1.000000	11.353259
20.000000	19.000000	16.000000	1191.000000	401.000000	30.000000	1198.727883	384.922908	2.000000	12.040337
20.000000	20.000000	17.000000	1103.000000	367.000000	29.000000	1097.273056	366.819384	2.000000	12.360607
20.000000	21.000000	18.000000	952.000000	383.000000	28.000000	950.426757	397.835195	2.000000	12.680744
20.000000	22.000000	19.000000	1104.000000	269.000000	19.000000	1105.441279	277.581241	2.000000	13.127903
20.000000	23.000000	0.000000	1233.000000	166.000000	10.000000	1205.829776	160.915352	2.000000	13.472679
20.000000	24.000000	20.000000	1215.000000	161.000000	10.000000	1205.829776	160.915352	2.000000	13.785358
20.000000	25.000000	21.000000	973.000000	141.000000	8.000000	957.934459	136.502208	1.000000	15.177008
20.000000	26.000000	22.000000	847.000000	171.000000	7.000000	840.024179	165.760686	1.000000	15.856698
20.000000	27.000000	23.000000	563.000000	132.000000	4.000000	557.888100	128.203854	2.000000	16.497291
20.000000	28.000000	24.000000	537.000000	274.000000	14.000000	546.824120	259.502886	1.000000	16.975880
20.000000	29.000000	25.000000	745.000000	279.000000	16.000000	737.328790	275.459397	1.000000	17.616879
20.000000	30.000000	26.000000	675.000000	342.000000	25.000000	671.769356	331.881771	1.000000	19.839186
20.000000	31.000000	27.000000	509.000000	465.000000	34.000000	522.286855	456.557820	1.000000	21.159662
20.000000	32.000000	0.000000	461.000000	486.000000	33.000000	434.534197	487.540115	1.000000	21.624395
20.000000	33.000000	28.000000	439.000000	490.000000	33.000000	434.534197	487.540115	1.000000	21.928656
20.000000	34.000000	29.000000	508.000000	547.000000	44.000000	516.300590	549.943814	2.000000	22.279640
20.000000	35.000000	30.000000	287.000000	551.000000	42.000000	291.743809	551.314919	2.000000	23.000429
20.000000	36.000000	31.000000	436.000000	331.000000	23.000000	442.923226	333.983014	2.000000	23.607619
20.000000	37.000000	32.000000	336.000000	333.000000	22.000000	342.340178	331.288611	2.000000	23.928511
20.000000	38.000000	33.000000	395.000000	250.000000	13.000000	400.481791	230.909017	2.000000	24.280476
20.000000	39.000000	34.000000	311.000000	161.000000	2.000000	306.401586	136.709703	2.000000	24.841549
20.000000	40.000000	35.000000	239.000000	171.000000	1.000000	229.582790	164.892818	1.000000	25.161146
20.000000	41.000000	36.000000	192.000000	235.000000	11.000000	190.941480	233.897345	2.000000	25.481304
20.000000	42.000000	37.000000	313.000000	247.000000	12.000000	324.580507	251.032261	1.000000	25.937186
20.000000	43.000000	38.000000	239.000000	394.000000	21.000000	226.400617	386.737457	1.000000	26.401489
20.000000	44.000000	39.000000	204.000000	558.000000	41.000000	202.002764	557.805631	1.000000	27.225717
20.000000	45.000000	40.000000	505.000000	670.000000	54.000000	508.493799	673.755941	1.000000	29.136723
21.000000	1.000000	1.000000	176.000000	827.000000	61.000000	180.464303	815.657268	1.000000	2.062469
21.000000	2.000000	2.000000	307.000000	764.000000	62.000000	308.259707	759.318171	1.000000	2.574729
21.000000	3.000000	3.000000	216.000000	720.000000	51.000000	228.829757	709.681571	1.000000	2.973537
21.000000	4.000000	4.000000	619.000000	764.000000	65.000000	641.811062	759.770308	2.000000	4.062056
21.000000	5.000000	5.000000	518.000000	681.000000	54.000000	517.474086	676.984833	1.000000	4.711607
21.000000	6.000000	6.000000	458.000000	616.000000	43.000000	444.743449	604.798279	1.000000	5.110761
21.000000	7.000000	7.000000	618.000000	567.000000	45.000000	624.306889	557.530203	1.000000	5.670935
21.000000	8.000000	8.000000	437.000000	466.000000	33.000000	452.462958	457.335148	1.000000	6.414095
21.000000	9.000000	9.000000	318.000000	460.000000	32.000000	303.086929	440.343104	2.000000	6.814763
21.000000	10.000000	10.000000	297.000000	386.000000	22.000000	301.047396	382.967125	2.000000	7.183399
21.000000	11.000000	11.000000	199.000000	385.000000	21.000000	222.421807	392.269142	2.000000	7.510716
21.000000	12.000000	12.000000	526.000000	465.000000	34.000000	518.586148	464.495384	2.000000	8.598525
21.000000	13.000000	13.000000	513.000000	412.000000	24.000000	521.799937	396.066524	2.000000	8.791544
21.000000	14.000000	14.000000	425.000000	275.000000	13.000000	423.013399	262.725742	2.000000	9.487306
21.000000	15.000000	15.000000	407.000000	352.000000	23.000000	425.791242	360.357332	1.000000	9.927626
21.000000	16.000000	16.000000	301.000000	127.000000	2.000000	290.757155	124.323670	1.000000	10.718652
21.000000	17.000000	17.000000	173.000000	160.000000	1.000000	187.481772	155.996119	2.000000	11.103391
21.000000	18.000000	18.000000	735.000000	244.000000	16.000000	749.211605	229.692400	1.000000	14.527317
21.000000	19.000000	19.000000	767.000000	357.000000	26.000000	769.206722	367.108943	2.000000	14.997846
21.000000	20.000000	0.000000	890.000000	253.000000	17.000000	885.683909	277.865012	2.000000	15.413965
21.000000	21.000000	20.000000	886.000000	274.000000	17.000000	885.683909	277.865012	2.000000	15.669743
21.000000	22.000000	21.000000	743.000000	145.000000	6.000000	728.901246	143.977103	2.000000	16.110954
21.000000	23.000000	22.000000	960.000000	245.000000	18.000000	978.145406	244.121419	2.000000	16.718515
21.000000	24.000000	23.000000	967.000000	139.000000	8.000000	955.235262	121.458442	2.000000	17.415421
21.000000	25.000000	0.000000	1220.000000	242.000000	20.000000	1191.891249	237.265599	2.000000	18.271605
21.000000	26.000000	24.000000	1190.000000	249.000000	20.000000	1191.891249	237.265599	2.000000	18.797693
21.000000	27.000000	25.000000	1058.000000	345.000000	29.000000	1059.318499	332.815052	1.000000	19.575006
21.000000	28.000000	26.000000	1104.000000	560.000000	49.000000	1098.178593	572.688368	1.000000	20.182324
21.000000	29.000000	27.000000	965.000000	595.000000	48.000000	958.408123	589.046235	1.000000	20.645578
21.000000	30.000000	28.000000	1175.000000	439.000000	40.000000	1179.833002	436.410140	2.000000	21.159694
21.000000	31.000000	29.000000	1218.000000	676.000000	60.000000	1217.026005	678.091556	2.000000	21.702750
21.000000	32.000000	30.000000	1203.000000	804.000000	70.000000	1183.739317	815.369678	1.000000	22.399375
21.000000	33.000000	0.000000	1198.000000	954.000000	80.000000	1212.127328	923.019841	1.000000	23.334759
21.000000	34.000000	31.000000	1217.000000	940.000000	80.000000	1212.127328	923.019841	1.000000	23.782087
21.000000	35.000000	32.000000	887.000000	798.000000	67.000000	885.031208	784.677235	1.000000	24.437871
21.000000	36.000000	33.000000	742.000000	796.000000	66.000000	736.627948	793.476116	1.000000	24.885594
21.000000	37.000000	34.000000	734.000000	718.000000	56.000000	731.167410	710.941088	1.000000	25.471310
21.000000	38.000000	35.000000	635.000000	906.000000	75.000000	643.942857	912.930628	1.000000	26.094752
21.000000	39.000000	36.000000	563.000000	920.000000	74.000000	542.877822	925.854413	1.000000	26.613817
21.000000	40.000000	37.000000	728.000000	585.000000	46.000000	734.751244	569.629447	2.000000	29.446208
21.000000	41.000000	38.000000	852.000000	579.000000	47.000000	868.196803	576.717610	2.000000	29.831318
21.000000	42.000000	39.000000	970.000000	707.000000	58.000000	975.506901	718.109894	2.000000	30.254201
21.000000	43.000000	40.000000	1078.000000	703.000000	59.000000	1063.809605	706.691133	2.000000	30.575680
22.000000	1.000000	1.000000	1093.000000	921.000000	79.000000	1096.809268	924.424101	1.000000	2.121571
22.000000	2.000000	2.000000	1073.000000	799.000000	69.000000	1073.251575	791.991608	1.000000	2.592775
22.000000	3.000000	3.000000	964.000000	801.000000	68.000000	956.538637	786.236449	1.000000	3.136177
22.000000	4.000000	4.000000	1100.000000	604.000000	49.000000	1100.435032	603.115676	1.000000	3.720012
22.000000	5.000000	5.000000	1223.000000	764.000000	70.000000	1215.741346	766.472424	2.000000	4.200241
22.000000	6.000000	6.000000	974.000000	687.000000	58.000000	964.310799	686.456751	2.000000	4.696027
22.000000	7.000000	7.000000	992.000000	603.000000	48.000000	999.836147	584.016326	2.000000	5.130107
22.000000	8.000000	8.000000	980.000000	512.000000	38.000000	977.178739	506.199653	2.000000	5.528261
22.000000	9.000000	0.000000	1182.000000	547.000000	50.000000	1207.015184	550.494241	1.000000	6.000607
22.000000	10.000000	9.000000	1197.000000	550.000000	50.000000	1207.015184	550.494241	1.000000	6.560535
22.000000	11.000000	10.000000	1195.000000	277.000000	20.000000	1189.341384	282.686435	2.000000	7.097736
22.000000	12.000000	11.000000	1109.000000	277.000000	19.000000	1105.684475	276.422310	1.000000	7.641193
22.000000	13.000000	12.000000	1080.000000	152.000000	9.000000	1084.026244	153.568853	2.000000	8.248216
22.000000	14.000000	0.000000	954.000000	257.000000	18.000000	963.800256	233.426011	1.000000	8.649752
22.000000	15.000000	13.000000	970.000000	236.000000	18.000000	963.800256	233.426011	1.000000	8.882146
22.000000	16.000000	14.000000	901.000000	378.000000	27.000000	882.135817	377.026934	1.000000	9.297609
22.000000	17.000000	15.000000	847.000000	506.000000	37.000000	845.352708	493.942299	1.000000	9.752987
22.000000	18.000000	16.000000	841.000000	548.000000	47.000000	846.858495	568.163213	1.000000	10.104544
22.000000	19.000000	17.000000	854.000000	158.000000	7.000000	839.091312	156.173650	2.000000	11.513899
22.000000	20.000000	18.000000	742.000000	435.000000	36.000000	739.980450	438.255439	1.000000	12.592979
22.000000	21.000000	19.000000	764.000000	902.000000	76.000000	769.924905	908.499593	2.000000	14.272192
22.000000	22.000000	20.000000	939.000000	924.000000	78.000000	950.324857	929.413424	2.000000	14.706115
22.000000	23.000000	21.000000	573.000000	552.000000	44.000000	557.091798	561.288610	1.000000	16.640255
22.000000	24.000000	0.000000	523.000000	679.000000	54.000000	516.332829	651.393208	1.000000	16.937007
22.000000	25.000000	22.000000	512.000000	655.000000	54.000000	516.332829	651.393208	1.000000	17.256993
22.000000	26.000000	23.000000	425.000000	613.000000	43.000000	414.252113	611.302413	1.000000	17.585197
22.000000	27.000000	24.000000	333.000000	583.000000	42.000000	327.502050	580.841282	1.000000	17.944441
22.000000	28.000000	25.000000	398.000000	339.000000	23.000000	409.464543	335.337052	2.000000	18.961588
22.000000	29.000000	26.000000	546.000000	344.000000	24.000000	553.212936	350.205547	2.000000	19.337744
22.000000	30.000000	27.000000	665.000000	369.000000	25.000000	672.447347	366.234150	2.000000	19.720475
22.000000	31.000000	28.000000	658.000000	278.000000	15.000000	644.926098	268.408212	2.000000	20.058065
22.000000	32.000000	29.000000	430.000000	197.000000	3.000000	423.141791	186.091114	1.000000	20.809222
22.000000	33.000000	30.000000	303.000000	296.000000	12.000000	291.648314	294.793415	2.000000	21.224831
22.000000	34.000000	31.000000	189.000000	161.000000	1.000000	187.439061	153.475626	2.000000	21.729167
22.000000	35.000000	32.000000	202.000000	603.000000	41.000000	209.033603	601.356565	2.000000	22.808231
22.000000	36.000000	33.000000	209.000000	399.000000	21.000000	215.605474	380.848349	1.000000	23.377660
22.000000	37.000000	34.000000	297.000000	837.000000	62.000000	302.314831	823.623674	1.000000	24.465603
22.000000	38.000000	35.000000	417.000000	805.000000	63.000000	424.362125	796.667177	2.000000	24.984168
22.000000	39.000000	36.000000	508.000000	766.000000	64.000000	517.336907	767.561956	2.000000	25.504155
22.000000	40.000000	37.000000	448.000000	724.000000	53.000000	437.511227	719.841754	2.000000	25.985137
22.000000	41.000000	38.000000	422.000000	909.000000	73.000000	412.178953	901.829655	2.000000	26.464224
22.000000	42.000000	39.000000	629.000000	888.000000	75.000000	624.219138	883.150110	1.000000	27.113258
22.000000	43.000000	40.000000	856.000000	930.000000	77.000000	853.643156	914.398596	1.000000	29.617506
