MultiTargForag_2	Participant_Code = 9
Search_Type = 1	CB_Targets = 2
Trial	Click_Num	Target_Click_Order	Click_X	Click_y	Item_selected	Item_X	Item_Y	Target_Set	RT
1.000000	1.000000	1.000000	886.000000	565.000000	36.000000	885.469249	563.029856	1.000000	3.357048
1.000000	2.000000	2.000000	994.000000	518.000000	37.000000	984.867388	521.620052	1.000000	3.968582
1.000000	3.000000	3.000000	884.000000	395.000000	26.000000	884.641046	389.846967	1.000000	4.786274
1.000000	4.000000	4.000000	1014.000000	382.000000	27.000000	1012.738001	389.244604	2.000000	5.449101
1.000000	5.000000	5.000000	1002.000000	682.000000	47.000000	1007.247691	693.629405	2.000000	7.073478
1.000000	6.000000	6.000000	1025.000000	766.000000	57.000000	1022.839213	779.051695	2.000000	7.696815
1.000000	7.000000	7.000000	1126.000000	794.000000	58.000000	1117.962116	804.691060	1.000000	8.257681
1.000000	8.000000	8.000000	1118.000000	910.000000	68.000000	1121.455673	900.936139	2.000000	8.753535
1.000000	9.000000	9.000000	994.000000	887.000000	67.000000	978.207257	895.857917	2.000000	10.034575
1.000000	10.000000	10.000000	1271.000000	916.000000	69.000000	1259.229106	927.242895	1.000000	10.930394
1.000000	11.000000	11.000000	1268.000000	779.000000	59.000000	1276.164954	785.373156	1.000000	11.594112
1.000000	12.000000	12.000000	1407.000000	752.000000	60.000000	1394.188920	758.118321	1.000000	12.410070
1.000000	13.000000	13.000000	1411.000000	660.000000	50.000000	1413.995950	667.769765	1.000000	13.026110
1.000000	14.000000	14.000000	1372.000000	522.000000	40.000000	1381.131487	515.113694	1.000000	14.081147
1.000000	15.000000	15.000000	1363.000000	403.000000	30.000000	1365.935500	389.899500	2.000000	14.898469
1.000000	16.000000	16.000000	1118.000000	130.000000	8.000000	1111.863012	126.775234	1.000000	15.896939
1.000000	17.000000	17.000000	1014.000000	1079.000000	77.000000	1011.488793	1072.145999	2.000000	17.257455
1.000000	18.000000	18.000000	855.000000	1086.000000	76.000000	847.553597	1078.067018	2.000000	18.088585
1.000000	19.000000	19.000000	720.000000	1010.000000	75.000000	726.202238	1021.585698	2.000000	19.256649
1.000000	20.000000	20.000000	600.000000	932.000000	64.000000	597.606289	926.763369	2.000000	20.104626
1.000000	21.000000	21.000000	587.000000	1080.000000	74.000000	579.364028	1079.621197	1.000000	20.729842
1.000000	22.000000	22.000000	488.000000	1044.000000	73.000000	484.295584	1042.535667	1.000000	21.289413
1.000000	23.000000	23.000000	220.000000	1029.000000	71.000000	222.086600	1033.096175	2.000000	22.208934
1.000000	24.000000	24.000000	229.000000	893.000000	61.000000	236.078828	891.366068	2.000000	22.825424
1.000000	25.000000	25.000000	381.000000	887.000000	62.000000	368.581077	892.424784	2.000000	23.378598
1.000000	26.000000	26.000000	362.000000	749.000000	52.000000	357.074577	758.326072	2.000000	24.121267
1.000000	27.000000	27.000000	504.000000	804.000000	53.000000	504.306992	823.164978	2.000000	24.944696
1.000000	28.000000	28.000000	633.000000	765.000000	54.000000	639.562113	763.630919	1.000000	26.210590
1.000000	29.000000	29.000000	756.000000	816.000000	55.000000	745.547659	825.002946	1.000000	26.944747
1.000000	30.000000	30.000000	728.000000	570.000000	35.000000	729.893738	560.228507	1.000000	27.905434
1.000000	31.000000	31.000000	365.000000	506.000000	32.000000	359.081424	505.311963	1.000000	28.953583
1.000000	32.000000	32.000000	185.000000	584.000000	31.000000	177.575580	582.019425	1.000000	29.760880
1.000000	33.000000	33.000000	197.000000	681.000000	41.000000	194.319476	688.735215	1.000000	30.426052
1.000000	34.000000	34.000000	193.000000	397.000000	21.000000	184.633533	399.570326	2.000000	31.537284
1.000000	35.000000	35.000000	337.000000	368.000000	22.000000	335.213532	379.896276	2.000000	32.321881
1.000000	36.000000	36.000000	516.000000	418.000000	23.000000	505.181625	429.772374	2.000000	32.986526
1.000000	37.000000	37.000000	618.000000	382.000000	24.000000	616.612622	384.869731	2.000000	33.602225
1.000000	38.000000	38.000000	341.000000	262.000000	12.000000	335.234467	258.927538	2.000000	35.161604
1.000000	39.000000	39.000000	197.000000	148.000000	1.000000	195.550054	150.317709	1.000000	36.569960
1.000000	40.000000	40.000000	601.000000	179.000000	4.000000	594.248715	197.036122	1.000000	37.641871
1.000000	1.000000	1.000000	978.000000	369.000000	27.000000	970.213776	371.674020	1.000000	1.564675
1.000000	2.000000	2.000000	977.000000	493.000000	37.000000	979.207359	499.777705	1.000000	2.076269
1.000000	3.000000	3.000000	1165.000000	356.000000	28.000000	1160.926317	368.209945	1.000000	2.820977
1.000000	4.000000	4.000000	1288.000000	313.000000	19.000000	1288.381793	319.268222	1.000000	3.540477
1.000000	5.000000	5.000000	1427.000000	192.000000	10.000000	1420.945089	196.470074	2.000000	4.308458
1.000000	6.000000	6.000000	1130.000000	195.000000	8.000000	1145.826803	202.057505	2.000000	4.989146
1.000000	7.000000	7.000000	1105.000000	253.000000	18.000000	1101.032738	267.546969	2.000000	5.694081
1.000000	8.000000	8.000000	972.000000	145.000000	7.000000	959.794198	152.678523	2.000000	6.437838
1.000000	9.000000	9.000000	897.000000	129.000000	6.000000	898.584496	137.966018	2.000000	7.060466
1.000000	10.000000	10.000000	871.000000	533.000000	36.000000	864.822504	545.215913	2.000000	7.885301
1.000000	11.000000	11.000000	1165.000000	555.000000	38.000000	1154.862257	558.222215	2.000000	8.548444
1.000000	12.000000	12.000000	1139.000000	657.000000	48.000000	1143.381829	674.318014	2.000000	9.197210
1.000000	13.000000	13.000000	1379.000000	687.000000	50.000000	1381.031255	693.584344	2.000000	10.286700
1.000000	14.000000	14.000000	1395.000000	795.000000	60.000000	1384.724308	800.749959	2.000000	11.253692
1.000000	15.000000	15.000000	1221.000000	851.000000	69.000000	1221.593272	875.719904	2.000000	11.829901
1.000000	16.000000	16.000000	1361.000000	1004.000000	80.000000	1347.594000	1011.063673	2.000000	12.485849
1.000000	17.000000	17.000000	1143.000000	1007.000000	78.000000	1134.395388	998.372544	1.000000	13.150321
1.000000	18.000000	18.000000	1153.000000	896.000000	68.000000	1145.627744	889.966903	1.000000	13.677450
1.000000	19.000000	19.000000	1012.000000	878.000000	67.000000	1003.975205	884.398212	1.000000	14.070253
1.000000	20.000000	20.000000	879.000000	880.000000	66.000000	859.370491	875.775451	1.000000	14.636350
1.000000	21.000000	21.000000	998.000000	1026.000000	77.000000	979.673865	1031.267049	2.000000	15.421309
1.000000	22.000000	22.000000	654.000000	947.000000	64.000000	640.797668	951.613226	2.000000	16.478473
1.000000	23.000000	23.000000	231.000000	1022.000000	71.000000	234.563491	1034.415850	2.000000	17.334421
1.000000	24.000000	24.000000	585.000000	1071.000000	74.000000	573.472328	1079.948294	1.000000	18.445077
1.000000	25.000000	25.000000	623.000000	816.000000	54.000000	617.659227	820.405911	1.000000	19.062436
1.000000	26.000000	26.000000	493.000000	809.000000	53.000000	496.100349	809.670377	1.000000	19.502150
1.000000	27.000000	27.000000	868.000000	692.000000	46.000000	864.225048	688.506202	1.000000	20.126414
1.000000	28.000000	28.000000	205.000000	871.000000	61.000000	209.672602	874.093111	1.000000	20.996445
1.000000	29.000000	29.000000	172.000000	781.000000	51.000000	179.654149	801.957048	1.000000	21.374449
1.000000	30.000000	30.000000	237.000000	672.000000	41.000000	241.662512	681.864731	1.000000	22.468700
1.000000	31.000000	31.000000	326.000000	687.000000	42.000000	317.697983	699.532530	2.000000	22.974386
1.000000	32.000000	32.000000	235.000000	566.000000	31.000000	230.210884	569.327394	1.000000	23.670063
1.000000	33.000000	33.000000	439.000000	465.000000	23.000000	444.044395	454.852521	2.000000	25.581840
1.000000	34.000000	34.000000	503.000000	553.000000	33.000000	495.203527	548.198092	1.000000	26.348626
1.000000	35.000000	35.000000	634.000000	511.000000	34.000000	634.209375	518.115747	1.000000	26.996556
1.000000	36.000000	36.000000	628.000000	441.000000	24.000000	628.084029	447.356538	2.000000	27.310334
1.000000	37.000000	37.000000	360.000000	380.000000	22.000000	356.709325	384.959638	1.000000	28.054480
1.000000	38.000000	38.000000	520.000000	173.000000	3.000000	508.716246	178.903164	2.000000	28.910501
1.000000	39.000000	39.000000	642.000000	225.000000	14.000000	639.966702	242.632067	2.000000	29.676523
1.000000	40.000000	0.000000	606.000000	141.000000	4.000000	610.690783	166.924469	1.000000	29.998523
1.000000	41.000000	40.000000	616.000000	154.000000	4.000000	610.690783	166.924469	1.000000	30.318612
2.000000	1.000000	1.000000	852.000000	335.000000	16.000000	847.152671	325.096970	2.000000	1.413575
2.000000	2.000000	2.000000	987.000000	282.000000	17.000000	974.934600	284.379463	2.000000	1.949127
2.000000	3.000000	3.000000	783.000000	312.000000	15.000000	760.073011	306.698571	1.000000	2.540863
2.000000	4.000000	4.000000	754.000000	408.000000	25.000000	769.252860	409.679751	1.000000	3.036749
2.000000	5.000000	5.000000	588.000000	286.000000	14.000000	596.445122	278.985699	1.000000	3.718204
2.000000	6.000000	6.000000	832.000000	146.000000	6.000000	844.049673	128.357187	1.000000	4.676429
2.000000	7.000000	7.000000	1071.000000	302.000000	18.000000	1092.278445	309.862291	2.000000	5.332422
2.000000	8.000000	8.000000	1291.000000	266.000000	19.000000	1287.168395	269.993023	2.000000	6.020122
2.000000	9.000000	9.000000	1410.000000	385.000000	30.000000	1408.445896	385.544718	2.000000	6.501096
2.000000	10.000000	10.000000	1138.000000	513.000000	38.000000	1144.120262	514.889948	2.000000	7.165260
2.000000	11.000000	11.000000	990.000000	516.000000	37.000000	987.693132	518.367868	2.000000	7.596389
2.000000	12.000000	12.000000	1214.000000	616.000000	49.000000	1220.776842	618.640508	1.000000	8.212274
2.000000	13.000000	13.000000	1096.000000	685.000000	48.000000	1093.000402	671.719259	1.000000	8.725644
2.000000	14.000000	14.000000	1101.000000	762.000000	58.000000	1106.065077	754.093682	1.000000	9.156443
2.000000	15.000000	0.000000	1006.000000	763.000000	57.000000	979.589560	764.491240	1.000000	10.142049
2.000000	16.000000	15.000000	983.000000	761.000000	57.000000	979.589560	764.491240	1.000000	10.980170
2.000000	17.000000	16.000000	1142.000000	925.000000	68.000000	1150.956857	928.975861	2.000000	11.542248
2.000000	18.000000	17.000000	1379.000000	1013.000000	80.000000	1375.915087	1025.539013	1.000000	12.204795
2.000000	19.000000	18.000000	1419.000000	934.000000	70.000000	1422.066899	937.045467	1.000000	12.549096
2.000000	20.000000	19.000000	1102.000000	1021.000000	78.000000	1092.665768	1027.871906	2.000000	13.260894
2.000000	21.000000	20.000000	1035.000000	1011.000000	77.000000	1024.759339	1004.153660	2.000000	13.581126
2.000000	22.000000	21.000000	860.000000	1014.000000	76.000000	869.937354	1014.822890	2.000000	13.956312
2.000000	23.000000	22.000000	725.000000	1052.000000	75.000000	730.307968	1047.673059	1.000000	14.636571
2.000000	24.000000	23.000000	625.000000	1026.000000	74.000000	618.104532	1025.109466	1.000000	14.957781
2.000000	25.000000	24.000000	761.000000	941.000000	65.000000	751.989348	927.982476	2.000000	15.430290
2.000000	26.000000	25.000000	609.000000	868.000000	64.000000	606.207912	872.863127	2.000000	15.901240
2.000000	27.000000	26.000000	620.000000	780.000000	54.000000	609.939203	795.150562	2.000000	16.181568
2.000000	28.000000	27.000000	481.000000	932.000000	63.000000	469.018244	935.872317	2.000000	16.805533
2.000000	29.000000	28.000000	329.000000	1057.000000	72.000000	322.603091	1058.965427	2.000000	17.341614
2.000000	30.000000	29.000000	335.000000	929.000000	62.000000	342.667382	943.579548	1.000000	17.676529
2.000000	31.000000	30.000000	310.000000	805.000000	52.000000	318.414424	803.899994	1.000000	18.309835
2.000000	32.000000	31.000000	486.000000	797.000000	53.000000	473.926394	784.555389	1.000000	18.870011
2.000000	33.000000	32.000000	473.000000	664.000000	43.000000	478.613705	664.794693	1.000000	19.397901
2.000000	34.000000	33.000000	362.000000	634.000000	42.000000	351.009276	617.818150	1.000000	20.053534
2.000000	35.000000	34.000000	345.000000	570.000000	32.000000	334.089448	571.619523	2.000000	20.852790
2.000000	36.000000	35.000000	451.000000	539.000000	33.000000	442.075388	532.900775	2.000000	21.454009
2.000000	37.000000	36.000000	641.000000	572.000000	34.000000	638.211756	581.027604	1.000000	22.060889
2.000000	38.000000	37.000000	610.000000	395.000000	24.000000	612.425850	392.895883	2.000000	22.621358
2.000000	39.000000	38.000000	317.000000	264.000000	12.000000	311.627023	256.831309	1.000000	23.629139
2.000000	40.000000	39.000000	197.000000	272.000000	11.000000	187.620937	278.241113	1.000000	24.277583
2.000000	41.000000	40.000000	382.000000	138.000000	2.000000	376.421919	139.247067	2.000000	25.156710
3.000000	1.000000	1.000000	573.000000	183.000000	4.000000	586.127412	192.152393	1.000000	1.520549
3.000000	2.000000	2.000000	704.000000	257.000000	15.000000	698.287593	251.270060	1.000000	2.025386
3.000000	3.000000	3.000000	631.000000	377.000000	24.000000	621.503282	380.072696	1.000000	2.625253
3.000000	4.000000	4.000000	624.000000	506.000000	34.000000	620.964133	493.914187	2.000000	2.986111
3.000000	5.000000	5.000000	478.000000	517.000000	33.000000	477.752784	524.403509	2.000000	3.361548
3.000000	6.000000	6.000000	451.000000	432.000000	23.000000	451.790228	426.264215	1.000000	3.897287
3.000000	7.000000	7.000000	362.000000	410.000000	22.000000	364.752463	406.133162	1.000000	4.466697
3.000000	8.000000	8.000000	450.000000	255.000000	13.000000	457.282985	260.225030	2.000000	4.970701
3.000000	9.000000	9.000000	211.000000	327.000000	11.000000	193.878140	324.244013	2.000000	5.489662
3.000000	10.000000	10.000000	210.000000	377.000000	21.000000	197.565027	374.692260	2.000000	5.850239
3.000000	11.000000	11.000000	356.000000	634.000000	42.000000	360.187639	637.414557	2.000000	6.714296
3.000000	12.000000	12.000000	506.000000	667.000000	43.000000	510.610383	669.840619	2.000000	7.314000
3.000000	13.000000	13.000000	193.000000	891.000000	61.000000	194.829197	888.426094	2.000000	8.089320
3.000000	14.000000	14.000000	502.000000	1025.000000	73.000000	496.413571	1025.738085	1.000000	8.882863
3.000000	15.000000	15.000000	726.000000	1033.000000	75.000000	725.948589	1021.128570	2.000000	9.410742
3.000000	16.000000	16.000000	761.000000	972.000000	65.000000	767.987991	952.624593	2.000000	9.866463
3.000000	17.000000	17.000000	641.000000	763.000000	54.000000	634.041106	748.498624	1.000000	10.592968
3.000000	18.000000	18.000000	859.000000	756.000000	56.000000	857.221054	743.333321	1.000000	11.273432
3.000000	19.000000	19.000000	823.000000	624.000000	46.000000	827.563082	618.816814	1.000000	11.994698
3.000000	20.000000	20.000000	751.000000	572.000000	35.000000	754.772828	578.805134	2.000000	12.394371
3.000000	21.000000	21.000000	830.000000	525.000000	36.000000	843.104836	511.559501	1.000000	13.713667
3.000000	22.000000	22.000000	1019.000000	546.000000	37.000000	1005.455300	542.343404	1.000000	14.874299
3.000000	23.000000	23.000000	992.000000	770.000000	57.000000	985.758023	776.238657	1.000000	15.449562
3.000000	24.000000	24.000000	1090.000000	783.000000	58.000000	1091.147863	776.981683	2.000000	15.849460
3.000000	25.000000	25.000000	1088.000000	933.000000	68.000000	1090.887899	924.126019	2.000000	16.273055
3.000000	26.000000	26.000000	1144.000000	1042.000000	78.000000	1127.402508	1040.899917	2.000000	16.632739
3.000000	27.000000	27.000000	1288.000000	995.000000	79.000000	1279.232160	995.240449	1.000000	17.345698
3.000000	28.000000	0.000000	1394.000000	938.000000	70.000000	1356.716306	931.167785	1.000000	17.633959
3.000000	29.000000	0.000000	1329.000000	944.000000	70.000000	1356.716306	931.167785	1.000000	17.921276
3.000000	30.000000	28.000000	1401.000000	1069.000000	80.000000	1414.126536	1074.783865	2.000000	18.520545
3.000000	31.000000	29.000000	1352.000000	925.000000	70.000000	1356.716306	931.167785	1.000000	19.568864
3.000000	32.000000	30.000000	1296.000000	895.000000	69.000000	1292.120652	891.422952	1.000000	20.114017
3.000000	33.000000	31.000000	1218.000000	787.000000	59.000000	1222.182033	785.950580	1.000000	20.706613
3.000000	34.000000	32.000000	1222.000000	661.000000	49.000000	1220.119018	664.700956	1.000000	21.209695
3.000000	35.000000	33.000000	1157.000000	637.000000	48.000000	1152.337843	635.596293	1.000000	23.048781
3.000000	36.000000	34.000000	1102.000000	538.000000	38.000000	1101.422500	536.135056	2.000000	23.762456
3.000000	37.000000	35.000000	1223.000000	442.000000	29.000000	1226.304701	447.353575	1.000000	24.442372
3.000000	38.000000	36.000000	1399.000000	408.000000	30.000000	1405.381984	395.741539	2.000000	25.122695
3.000000	39.000000	37.000000	1251.000000	263.000000	19.000000	1250.279355	258.552034	2.000000	25.697556
3.000000	40.000000	38.000000	1151.000000	262.000000	18.000000	1148.953320	265.935366	2.000000	26.105244
3.000000	41.000000	39.000000	1140.000000	125.000000	8.000000	1135.733255	129.353484	1.000000	26.897193
3.000000	42.000000	40.000000	1422.000000	182.000000	10.000000	1421.021456	187.548214	2.000000	27.577476
4.000000	1.000000	1.000000	214.000000	134.000000	1.000000	218.699251	126.569831	2.000000	1.647771
4.000000	2.000000	2.000000	329.000000	179.000000	2.000000	327.365360	181.437240	1.000000	2.127650
4.000000	3.000000	3.000000	462.000000	309.000000	13.000000	455.395292	300.260157	1.000000	2.806074
4.000000	4.000000	4.000000	216.000000	379.000000	21.000000	207.127217	374.795120	1.000000	3.414748
4.000000	5.000000	5.000000	348.000000	395.000000	22.000000	339.112257	396.454373	2.000000	4.101662
4.000000	6.000000	6.000000	504.000000	460.000000	23.000000	512.068913	456.620266	2.000000	4.782418
4.000000	7.000000	7.000000	448.000000	510.000000	33.000000	441.473804	496.191968	1.000000	5.829801
4.000000	8.000000	8.000000	342.000000	715.000000	42.000000	331.816165	707.291102	1.000000	6.535665
4.000000	9.000000	9.000000	253.000000	822.000000	51.000000	240.009265	816.223130	2.000000	7.102810
4.000000	10.000000	10.000000	309.000000	832.000000	52.000000	310.200593	831.077310	2.000000	7.805905
4.000000	11.000000	11.000000	199.000000	913.000000	61.000000	184.834181	902.070562	2.000000	8.445598
4.000000	12.000000	12.000000	363.000000	933.000000	62.000000	367.329290	927.012173	1.000000	9.301893
4.000000	13.000000	13.000000	369.000000	1056.000000	72.000000	370.322246	1046.686037	1.000000	10.391631
4.000000	14.000000	14.000000	208.000000	1027.000000	71.000000	200.342767	1027.225132	1.000000	11.038396
4.000000	15.000000	15.000000	694.000000	904.000000	65.000000	705.201905	907.814224	2.000000	11.775101
4.000000	16.000000	16.000000	852.000000	938.000000	66.000000	837.274316	935.290803	1.000000	12.486051
4.000000	17.000000	17.000000	851.000000	1074.000000	76.000000	846.619423	1064.606664	2.000000	13.239493
4.000000	18.000000	18.000000	1007.000000	1020.000000	77.000000	1014.105902	1014.980671	2.000000	14.029834
4.000000	19.000000	19.000000	977.000000	968.000000	67.000000	976.594656	955.355669	2.000000	14.493668
4.000000	20.000000	20.000000	848.000000	713.000000	46.000000	832.756309	699.284166	2.000000	15.158037
4.000000	21.000000	21.000000	717.000000	641.000000	45.000000	707.210566	629.608405	1.000000	15.845772
4.000000	22.000000	22.000000	974.000000	569.000000	37.000000	973.845696	569.802549	1.000000	16.750604
4.000000	23.000000	23.000000	1005.000000	693.000000	47.000000	1003.343110	694.224728	2.000000	17.254741
4.000000	24.000000	24.000000	1247.000000	1048.000000	79.000000	1246.160127	1043.731054	2.000000	18.143726
4.000000	25.000000	25.000000	1404.000000	886.000000	70.000000	1401.710498	885.054876	2.000000	18.806699
4.000000	26.000000	26.000000	1427.000000	811.000000	60.000000	1412.949840	809.034855	2.000000	19.166133
4.000000	27.000000	27.000000	1269.000000	802.000000	59.000000	1258.650490	795.780251	2.000000	19.693942
4.000000	28.000000	28.000000	1416.000000	681.000000	50.000000	1421.540517	664.379594	2.000000	20.391270
4.000000	29.000000	29.000000	1120.000000	497.000000	38.000000	1114.045764	495.711264	1.000000	21.031616
4.000000	30.000000	30.000000	1015.000000	427.000000	27.000000	1018.557933	436.452245	1.000000	21.502616
4.000000	31.000000	31.000000	959.000000	321.000000	17.000000	965.447683	304.667665	1.000000	22.181963
4.000000	32.000000	32.000000	750.000000	379.000000	25.000000	750.482160	377.973016	1.000000	22.934405
4.000000	33.000000	33.000000	585.000000	242.000000	14.000000	582.208939	242.787298	2.000000	23.591233
4.000000	34.000000	34.000000	717.000000	161.000000	5.000000	720.132423	161.256744	1.000000	24.206335
4.000000	35.000000	35.000000	1162.000000	191.000000	8.000000	1151.789173	197.269349	2.000000	24.909758
4.000000	36.000000	36.000000	1235.000000	138.000000	9.000000	1238.365245	140.272556	1.000000	25.495009
4.000000	37.000000	37.000000	1298.000000	323.000000	19.000000	1287.647740	327.637644	1.000000	26.326769
4.000000	38.000000	38.000000	1412.000000	379.000000	30.000000	1412.991871	378.501848	1.000000	26.902816
4.000000	39.000000	39.000000	1418.000000	311.000000	20.000000	1419.286773	297.671718	1.000000	27.391148
4.000000	40.000000	40.000000	1401.000000	131.000000	10.000000	1407.312003	121.028033	2.000000	28.438680
5.000000	1.000000	1.000000	1371.000000	134.000000	10.000000	1374.922636	133.240207	1.000000	0.552596
5.000000	2.000000	2.000000	1350.000000	287.000000	20.000000	1355.995685	284.003429	2.000000	1.160158
5.000000	3.000000	3.000000	1279.000000	281.000000	19.000000	1281.736031	285.151091	1.000000	1.520639
5.000000	4.000000	4.000000	1268.000000	381.000000	29.000000	1257.891159	380.518476	1.000000	1.841647
5.000000	5.000000	5.000000	1389.000000	439.000000	30.000000	1395.372947	436.155265	1.000000	2.520549
5.000000	6.000000	6.000000	1262.000000	562.000000	39.000000	1258.544406	558.522066	2.000000	3.073611
5.000000	7.000000	7.000000	1392.000000	912.000000	70.000000	1389.188722	900.780150	2.000000	3.680869
5.000000	8.000000	8.000000	1246.000000	879.000000	69.000000	1252.465136	881.363516	1.000000	4.240380
5.000000	9.000000	9.000000	1124.000000	800.000000	58.000000	1113.775532	785.088305	1.000000	4.711555
5.000000	10.000000	10.000000	1102.000000	926.000000	68.000000	1093.014287	923.860929	2.000000	5.193517
5.000000	11.000000	11.000000	1027.000000	884.000000	67.000000	1031.008099	877.293502	2.000000	5.737565
5.000000	12.000000	12.000000	967.000000	835.000000	57.000000	959.018233	823.312650	1.000000	6.224441
5.000000	13.000000	13.000000	997.000000	628.000000	47.000000	982.142234	619.316796	2.000000	6.936314
5.000000	14.000000	14.000000	992.000000	563.000000	37.000000	991.405638	541.319086	1.000000	7.408314
5.000000	15.000000	15.000000	861.000000	581.000000	36.000000	864.222788	573.838100	1.000000	7.936646
5.000000	16.000000	16.000000	858.000000	625.000000	46.000000	852.292594	619.488567	2.000000	8.345771
5.000000	17.000000	17.000000	755.000000	662.000000	45.000000	744.826146	657.654329	1.000000	8.801667
5.000000	18.000000	18.000000	736.000000	755.000000	55.000000	738.248142	749.287408	2.000000	9.240728
5.000000	19.000000	19.000000	835.000000	402.000000	26.000000	831.772165	386.137334	1.000000	9.800588
5.000000	20.000000	20.000000	773.000000	273.000000	15.000000	762.576649	262.977636	1.000000	10.512997
5.000000	21.000000	21.000000	759.000000	176.000000	5.000000	759.948946	180.173541	1.000000	11.232527
5.000000	22.000000	22.000000	640.000000	329.000000	14.000000	630.322529	326.310716	2.000000	11.703844
5.000000	23.000000	23.000000	614.000000	422.000000	24.000000	604.990730	401.298406	2.000000	12.049060
5.000000	24.000000	24.000000	506.000000	404.000000	23.000000	494.134057	397.411700	1.000000	12.920391
5.000000	25.000000	25.000000	444.000000	270.000000	13.000000	447.689648	266.125438	2.000000	13.568280
5.000000	26.000000	26.000000	333.000000	259.000000	12.000000	332.338141	252.687901	2.000000	14.144304
5.000000	27.000000	27.000000	375.000000	133.000000	2.000000	380.229721	120.630647	2.000000	14.728709
5.000000	28.000000	28.000000	195.000000	283.000000	11.000000	197.504000	288.037679	2.000000	15.424366
5.000000	29.000000	29.000000	253.000000	428.000000	21.000000	248.830252	436.550052	1.000000	16.312026
5.000000	30.000000	30.000000	364.000000	620.000000	42.000000	366.832147	620.923382	2.000000	17.255611
5.000000	31.000000	31.000000	474.000000	539.000000	33.000000	475.425661	541.090817	2.000000	17.815695
5.000000	32.000000	32.000000	455.000000	703.000000	43.000000	447.632247	704.651630	1.000000	18.416483
5.000000	33.000000	33.000000	342.000000	756.000000	52.000000	338.508311	748.635256	2.000000	18.969326
5.000000	34.000000	34.000000	223.000000	764.000000	51.000000	225.158362	760.920102	1.000000	19.528403
5.000000	35.000000	35.000000	354.000000	899.000000	62.000000	345.376316	901.334160	2.000000	20.120084
5.000000	36.000000	36.000000	448.000000	801.000000	53.000000	457.943426	800.246030	2.000000	20.769210
5.000000	37.000000	37.000000	752.000000	1039.000000	75.000000	740.698435	1035.528543	1.000000	21.889624
5.000000	38.000000	38.000000	644.000000	1066.000000	74.000000	639.710648	1072.072499	2.000000	22.375954
5.000000	39.000000	39.000000	870.000000	1048.000000	76.000000	861.034180	1041.056052	1.000000	22.911922
5.000000	40.000000	40.000000	976.000000	1024.000000	77.000000	977.258219	1021.466419	1.000000	23.448072
6.000000	1.000000	1.000000	894.000000	1044.000000	76.000000	898.917771	1046.724182	2.000000	1.886849
6.000000	2.000000	2.000000	1006.000000	1041.000000	77.000000	995.356493	1042.099919	2.000000	2.247166
6.000000	3.000000	3.000000	974.000000	916.000000	67.000000	969.173287	930.162641	2.000000	2.782105
6.000000	4.000000	4.000000	961.000000	834.000000	57.000000	963.226042	826.230020	2.000000	3.407662
6.000000	5.000000	5.000000	1107.000000	937.000000	68.000000	1101.793080	932.918936	1.000000	3.967350
6.000000	6.000000	6.000000	1219.000000	937.000000	69.000000	1220.846534	942.966901	2.000000	4.279697
6.000000	7.000000	7.000000	1351.000000	897.000000	70.000000	1364.115202	904.114437	2.000000	4.871396
6.000000	8.000000	8.000000	1376.000000	1018.000000	80.000000	1370.069834	1003.259428	2.000000	5.183772
6.000000	9.000000	9.000000	1377.000000	747.000000	60.000000	1387.645306	743.330068	1.000000	5.799919
6.000000	10.000000	10.000000	1393.000000	661.000000	50.000000	1399.653338	661.539653	1.000000	6.406441
6.000000	11.000000	11.000000	1125.000000	727.000000	58.000000	1110.902468	746.400976	2.000000	7.205780
6.000000	12.000000	12.000000	1235.000000	492.000000	39.000000	1226.323269	513.543144	1.000000	7.782686
6.000000	13.000000	13.000000	1109.000000	401.000000	28.000000	1112.546688	417.342487	2.000000	8.494894
6.000000	14.000000	14.000000	1095.000000	267.000000	18.000000	1092.541037	270.215952	1.000000	9.039871
6.000000	15.000000	15.000000	1248.000000	258.000000	19.000000	1262.218155	265.151250	2.000000	9.630920
6.000000	16.000000	16.000000	1360.000000	158.000000	10.000000	1356.944531	150.085767	2.000000	11.029979
6.000000	17.000000	17.000000	962.000000	396.000000	27.000000	964.785665	395.497057	1.000000	11.837941
6.000000	18.000000	18.000000	962.000000	539.000000	37.000000	959.378044	545.217318	2.000000	12.582842
6.000000	19.000000	19.000000	837.000000	250.000000	16.000000	835.231720	247.802820	1.000000	13.311751
6.000000	20.000000	0.000000	863.000000	129.000000	6.000000	868.979232	154.455163	2.000000	13.806857
6.000000	21.000000	20.000000	870.000000	146.000000	6.000000	868.979232	154.455163	2.000000	14.566849
6.000000	22.000000	21.000000	765.000000	143.000000	5.000000	760.218576	138.153508	1.000000	14.966937
6.000000	23.000000	22.000000	704.000000	307.000000	15.000000	702.567109	314.462597	1.000000	17.061808
6.000000	24.000000	23.000000	616.000000	331.000000	14.000000	634.027400	326.100999	1.000000	17.446519
6.000000	25.000000	24.000000	686.000000	419.000000	25.000000	698.314960	428.098511	2.000000	18.167865
6.000000	26.000000	25.000000	860.000000	559.000000	36.000000	876.327985	560.078956	1.000000	18.765863
6.000000	27.000000	26.000000	589.000000	568.000000	34.000000	572.190751	560.314104	1.000000	19.438096
6.000000	28.000000	27.000000	733.000000	666.000000	45.000000	732.973500	656.676152	2.000000	20.197973
6.000000	29.000000	28.000000	720.000000	772.000000	55.000000	717.048846	775.024088	2.000000	20.967865
6.000000	30.000000	29.000000	585.000000	774.000000	54.000000	583.505088	766.116545	2.000000	21.534238
6.000000	31.000000	30.000000	722.000000	997.000000	75.000000	710.504627	1002.083793	1.000000	22.389840
6.000000	32.000000	31.000000	570.000000	1013.000000	74.000000	581.110805	1021.306141	1.000000	23.150775
6.000000	33.000000	32.000000	470.000000	946.000000	63.000000	464.704423	941.176331	2.000000	24.309639
6.000000	34.000000	33.000000	233.000000	1062.000000	71.000000	222.897450	1067.967539	1.000000	25.943730
6.000000	35.000000	34.000000	213.000000	761.000000	51.000000	205.399269	767.365698	1.000000	26.871469
6.000000	36.000000	35.000000	225.000000	653.000000	41.000000	213.887516	662.556893	2.000000	27.382229
6.000000	37.000000	36.000000	320.000000	699.000000	42.000000	322.228166	705.437356	1.000000	28.271636
6.000000	38.000000	37.000000	358.000000	429.000000	22.000000	352.266544	416.232192	1.000000	29.086002
6.000000	39.000000	38.000000	502.000000	315.000000	13.000000	505.085819	314.429809	2.000000	29.798600
6.000000	40.000000	39.000000	326.000000	117.000000	2.000000	328.584640	119.264506	1.000000	30.445610
6.000000	41.000000	40.000000	186.000000	390.000000	21.000000	182.852138	383.811829	1.000000	31.478926
7.000000	1.000000	1.000000	459.000000	453.000000	23.000000	460.222340	445.498192	1.000000	0.818124
7.000000	2.000000	2.000000	566.000000	355.000000	24.000000	569.797759	369.639682	2.000000	1.409250
7.000000	3.000000	3.000000	494.000000	230.000000	13.000000	492.847779	243.626228	1.000000	1.978758
7.000000	4.000000	4.000000	356.000000	253.000000	12.000000	364.940619	250.494714	2.000000	2.682382
7.000000	5.000000	5.000000	334.000000	176.000000	2.000000	336.301767	190.975735	2.000000	3.210793
7.000000	6.000000	6.000000	227.000000	155.000000	1.000000	234.570768	162.443612	2.000000	3.746877
7.000000	7.000000	7.000000	637.000000	134.000000	4.000000	631.710917	142.126985	1.000000	4.818764
7.000000	8.000000	8.000000	778.000000	299.000000	15.000000	770.477149	297.680298	1.000000	5.403264
7.000000	9.000000	9.000000	762.000000	174.000000	5.000000	772.074238	177.695573	2.000000	5.978380
7.000000	10.000000	10.000000	972.000000	407.000000	27.000000	965.735678	406.076538	1.000000	6.530241
7.000000	11.000000	11.000000	1021.000000	304.000000	17.000000	1011.837830	316.220304	2.000000	7.009454
7.000000	12.000000	12.000000	1114.000000	265.000000	18.000000	1099.121057	260.840720	2.000000	7.890666
7.000000	13.000000	13.000000	1388.000000	148.000000	10.000000	1375.210489	138.474836	1.000000	8.762177
7.000000	14.000000	14.000000	1269.000000	371.000000	29.000000	1265.554296	368.241988	2.000000	9.523247
7.000000	15.000000	15.000000	1402.000000	390.000000	30.000000	1420.833223	394.480559	1.000000	10.218170
7.000000	16.000000	16.000000	1381.000000	493.000000	40.000000	1379.541344	496.667130	1.000000	10.697392
7.000000	17.000000	0.000000	1106.000000	501.000000	38.000000	1105.593821	529.467032	2.000000	11.323153
7.000000	18.000000	17.000000	1107.000000	548.000000	38.000000	1105.593821	529.467032	2.000000	11.665788
7.000000	19.000000	18.000000	1117.000000	627.000000	48.000000	1131.849279	634.147325	2.000000	12.179186
7.000000	20.000000	19.000000	1110.000000	736.000000	58.000000	1102.628250	742.551426	2.000000	12.809443
7.000000	21.000000	20.000000	1294.000000	767.000000	59.000000	1286.534758	763.591398	1.000000	13.233168
7.000000	22.000000	21.000000	1128.000000	897.000000	68.000000	1131.925884	895.170561	2.000000	14.226936
7.000000	23.000000	22.000000	1243.000000	1005.000000	79.000000	1239.713443	995.554742	1.000000	14.867191
7.000000	24.000000	23.000000	1385.000000	1076.000000	80.000000	1361.778032	1076.309626	2.000000	15.378611
7.000000	25.000000	24.000000	851.000000	1066.000000	76.000000	840.929756	1077.174990	1.000000	16.497389
7.000000	26.000000	25.000000	766.000000	933.000000	65.000000	749.113227	915.308146	2.000000	16.986227
7.000000	27.000000	26.000000	778.000000	800.000000	55.000000	767.177926	802.434271	1.000000	17.506672
7.000000	28.000000	27.000000	899.000000	766.000000	56.000000	885.761421	772.897493	2.000000	18.059164
7.000000	29.000000	28.000000	886.000000	688.000000	46.000000	886.324666	683.813997	1.000000	18.714143
7.000000	30.000000	29.000000	859.000000	535.000000	36.000000	861.414887	549.673541	1.000000	19.386812
7.000000	31.000000	30.000000	704.000000	515.000000	35.000000	706.261760	513.290795	2.000000	20.178738
7.000000	32.000000	31.000000	506.000000	636.000000	43.000000	496.412764	642.472045	2.000000	20.985788
7.000000	33.000000	32.000000	457.000000	750.000000	53.000000	449.558666	745.073167	1.000000	21.697921
7.000000	34.000000	33.000000	437.000000	861.000000	63.000000	437.844666	874.371263	1.000000	22.241670
7.000000	35.000000	34.000000	601.000000	938.000000	64.000000	597.430315	940.286002	1.000000	22.993237
7.000000	36.000000	35.000000	433.000000	1042.000000	73.000000	438.832366	1040.193451	2.000000	23.569490
7.000000	37.000000	36.000000	349.000000	932.000000	62.000000	329.419316	924.163444	1.000000	24.217221
7.000000	38.000000	37.000000	235.000000	1061.000000	71.000000	239.849645	1066.238088	1.000000	24.969116
7.000000	39.000000	38.000000	332.000000	753.000000	52.000000	326.433209	771.561061	2.000000	25.731283
7.000000	40.000000	39.000000	309.000000	635.000000	42.000000	311.130307	643.726187	1.000000	26.338332
7.000000	41.000000	40.000000	184.000000	554.000000	31.000000	190.824048	574.577196	2.000000	27.034998
8.000000	1.000000	1.000000	193.000000	408.000000	21.000000	182.430458	404.458479	1.000000	2.187273
8.000000	2.000000	2.000000	231.000000	122.000000	1.000000	215.126864	123.617842	1.000000	3.052223
8.000000	3.000000	3.000000	379.000000	332.000000	12.000000	371.918517	321.885826	1.000000	4.044463
8.000000	4.000000	4.000000	459.000000	435.000000	23.000000	456.429796	435.153419	2.000000	5.189193
8.000000	5.000000	5.000000	442.000000	576.000000	33.000000	442.336734	572.897626	1.000000	5.716929
8.000000	6.000000	6.000000	343.000000	666.000000	42.000000	338.702544	663.427530	2.000000	6.812216
8.000000	7.000000	7.000000	224.000000	801.000000	51.000000	224.341208	787.036583	2.000000	7.500816
8.000000	8.000000	8.000000	488.000000	816.000000	53.000000	484.702138	814.804561	1.000000	8.133161
8.000000	9.000000	9.000000	509.000000	926.000000	63.000000	498.513655	937.308962	1.000000	8.603656
8.000000	10.000000	10.000000	370.000000	1002.000000	72.000000	358.616536	1007.474267	2.000000	9.260553
8.000000	11.000000	11.000000	242.000000	1038.000000	71.000000	245.078516	1040.257741	2.000000	9.781141
8.000000	12.000000	12.000000	588.000000	1073.000000	74.000000	591.573218	1073.641669	1.000000	10.395372
8.000000	13.000000	13.000000	605.000000	904.000000	64.000000	616.232592	895.111267	1.000000	11.053059
8.000000	14.000000	14.000000	633.000000	757.000000	54.000000	641.754830	770.120885	2.000000	11.604603
8.000000	15.000000	15.000000	607.000000	659.000000	44.000000	598.182508	654.808597	2.000000	12.412407
8.000000	16.000000	16.000000	755.000000	943.000000	65.000000	751.969874	938.690744	1.000000	13.117282
8.000000	17.000000	17.000000	854.000000	818.000000	56.000000	850.454926	807.217747	1.000000	13.683915
8.000000	18.000000	18.000000	1013.000000	914.000000	67.000000	1011.936736	904.679765	2.000000	14.300628
8.000000	19.000000	19.000000	1112.000000	1035.000000	78.000000	1104.378117	1017.506425	1.000000	14.915581
8.000000	20.000000	20.000000	1224.000000	932.000000	69.000000	1231.673702	931.996366	2.000000	15.771326
8.000000	21.000000	21.000000	1368.000000	1010.000000	80.000000	1357.207490	998.921191	1.000000	16.307746
8.000000	22.000000	22.000000	1271.000000	787.000000	59.000000	1267.339476	793.285950	2.000000	17.228545
8.000000	23.000000	23.000000	1388.000000	797.000000	60.000000	1385.418753	795.502612	2.000000	17.796376
8.000000	24.000000	24.000000	1112.000000	745.000000	58.000000	1110.616340	751.876708	2.000000	18.412198
8.000000	25.000000	25.000000	1030.000000	710.000000	47.000000	1011.975911	698.568267	2.000000	18.907504
8.000000	26.000000	26.000000	880.000000	667.000000	46.000000	876.246104	656.643466	2.000000	19.619246
8.000000	27.000000	27.000000	1208.000000	640.000000	49.000000	1224.595960	636.990001	1.000000	20.588538
8.000000	28.000000	28.000000	1107.000000	502.000000	38.000000	1110.322335	496.778812	2.000000	21.443234
8.000000	29.000000	29.000000	1223.000000	505.000000	39.000000	1229.767683	502.148352	1.000000	22.051110
8.000000	30.000000	30.000000	1415.000000	523.000000	40.000000	1417.241120	524.064409	2.000000	22.779333
8.000000	31.000000	31.000000	1266.000000	418.000000	29.000000	1270.872235	406.976795	1.000000	23.307181
8.000000	32.000000	32.000000	1116.000000	392.000000	28.000000	1119.439294	383.691140	1.000000	23.837472
8.000000	33.000000	33.000000	1001.000000	295.000000	17.000000	990.829318	286.863788	2.000000	24.508433
8.000000	34.000000	34.000000	878.000000	331.000000	16.000000	885.200244	332.021341	1.000000	25.195225
8.000000	35.000000	35.000000	758.000000	451.000000	25.000000	756.262358	446.060906	2.000000	25.764960
8.000000	36.000000	36.000000	627.000000	388.000000	24.000000	623.611273	383.133520	2.000000	26.476959
8.000000	37.000000	37.000000	609.000000	184.000000	4.000000	614.988007	181.146520	1.000000	27.228541
8.000000	38.000000	38.000000	762.000000	158.000000	5.000000	761.705653	148.231327	1.000000	27.979914
8.000000	39.000000	39.000000	907.000000	178.000000	6.000000	896.068234	178.977862	2.000000	28.676360
8.000000	40.000000	40.000000	1090.000000	178.000000	8.000000	1092.974501	179.348982	1.000000	29.228431
9.000000	1.000000	1.000000	1161.000000	146.000000	8.000000	1153.940450	157.266883	2.000000	0.918417
9.000000	2.000000	2.000000	1261.000000	132.000000	9.000000	1261.984576	128.894720	1.000000	1.823453
9.000000	3.000000	3.000000	1353.000000	195.000000	10.000000	1353.577826	198.112315	2.000000	2.455113
9.000000	4.000000	4.000000	1364.000000	255.000000	20.000000	1357.408422	258.255855	2.000000	2.909818
9.000000	5.000000	5.000000	1287.000000	326.000000	19.000000	1278.339286	320.155503	1.000000	3.406526
9.000000	6.000000	6.000000	1255.000000	461.000000	29.000000	1242.159510	450.585497	1.000000	3.949490
9.000000	7.000000	7.000000	1353.000000	546.000000	40.000000	1354.706609	530.518532	1.000000	4.518567
9.000000	8.000000	8.000000	1287.000000	583.000000	39.000000	1280.851065	573.289284	1.000000	5.070626
9.000000	9.000000	9.000000	1422.000000	745.000000	60.000000	1420.205085	751.798401	1.000000	5.622289
9.000000	10.000000	10.000000	1254.000000	835.000000	59.000000	1253.778740	826.045778	2.000000	6.199323
9.000000	11.000000	11.000000	1366.000000	929.000000	70.000000	1365.391207	938.127511	2.000000	6.765764
9.000000	12.000000	12.000000	1426.000000	1079.000000	80.000000	1415.346877	1079.547457	1.000000	7.357915
9.000000	13.000000	13.000000	1241.000000	1037.000000	79.000000	1235.854743	1034.348906	2.000000	8.166686
9.000000	14.000000	14.000000	1227.000000	943.000000	69.000000	1226.172837	946.469693	2.000000	8.671485
9.000000	15.000000	15.000000	1150.000000	709.000000	48.000000	1144.024758	698.357938	2.000000	9.389473
9.000000	16.000000	16.000000	1007.000000	645.000000	47.000000	1006.259712	646.191589	1.000000	9.973863
9.000000	17.000000	17.000000	864.000000	682.000000	46.000000	853.250222	683.893091	1.000000	10.511024
9.000000	18.000000	18.000000	888.000000	740.000000	56.000000	881.628785	742.940733	2.000000	11.005644
9.000000	19.000000	19.000000	973.000000	784.000000	57.000000	972.077624	780.213717	2.000000	11.709622
9.000000	20.000000	20.000000	960.000000	1032.000000	77.000000	957.703908	1028.777953	2.000000	12.518283
9.000000	21.000000	21.000000	884.000000	1005.000000	76.000000	886.806682	1003.781726	2.000000	13.581413
9.000000	22.000000	22.000000	1018.000000	370.000000	27.000000	1023.244337	378.267466	1.000000	14.429218
9.000000	23.000000	23.000000	997.000000	332.000000	17.000000	1001.055335	331.441716	2.000000	14.902882
9.000000	24.000000	24.000000	879.000000	386.000000	26.000000	881.212031	379.838730	2.000000	15.493681
9.000000	25.000000	25.000000	723.000000	428.000000	25.000000	727.021099	427.221429	1.000000	16.382167
9.000000	26.000000	26.000000	753.000000	180.000000	5.000000	763.816558	159.470747	1.000000	17.119120
9.000000	27.000000	27.000000	589.000000	395.000000	24.000000	584.789032	396.778900	1.000000	18.125881
9.000000	28.000000	28.000000	608.000000	574.000000	34.000000	601.448560	572.069274	2.000000	18.863126
9.000000	29.000000	29.000000	496.000000	568.000000	33.000000	494.022926	564.723212	2.000000	19.358944
9.000000	30.000000	30.000000	505.000000	654.000000	43.000000	496.878886	645.369337	2.000000	19.789937
9.000000	31.000000	31.000000	502.000000	402.000000	23.000000	504.248709	390.613423	2.000000	20.373760
9.000000	32.000000	32.000000	349.000000	284.000000	12.000000	345.854893	277.649917	2.000000	21.006667
9.000000	33.000000	33.000000	443.000000	144.000000	3.000000	438.312004	150.777399	1.000000	21.821712
9.000000	34.000000	34.000000	385.000000	155.000000	2.000000	371.709347	158.684609	1.000000	22.294936
9.000000	35.000000	35.000000	204.000000	209.000000	1.000000	200.217789	206.939703	1.000000	23.045474
9.000000	36.000000	36.000000	359.000000	394.000000	22.000000	367.837832	391.389395	1.000000	23.653248
9.000000	37.000000	37.000000	334.000000	570.000000	32.000000	343.174307	554.595801	1.000000	24.422944
9.000000	38.000000	38.000000	239.000000	683.000000	41.000000	240.222286	669.501232	2.000000	25.078443
9.000000	39.000000	39.000000	213.000000	828.000000	51.000000	209.313396	808.052175	1.000000	25.678896
9.000000	40.000000	40.000000	198.000000	1028.000000	71.000000	183.975134	1027.195132	1.000000	26.398638
10.000000	1.000000	1.000000	175.000000	451.000000	21.000000	181.756053	451.374597	2.000000	1.378911
10.000000	2.000000	2.000000	208.000000	286.000000	11.000000	211.446808	286.075895	1.000000	1.930829
10.000000	3.000000	3.000000	234.000000	149.000000	1.000000	237.119903	153.270694	1.000000	2.556229
10.000000	4.000000	4.000000	480.000000	164.000000	3.000000	467.554295	165.004940	1.000000	3.147659
10.000000	5.000000	5.000000	587.000000	292.000000	14.000000	600.972856	296.133739	1.000000	3.827004
10.000000	6.000000	6.000000	576.000000	388.000000	24.000000	579.467699	377.757720	2.000000	4.315873
10.000000	7.000000	7.000000	449.000000	375.000000	23.000000	440.520172	372.139569	1.000000	4.867988
10.000000	8.000000	8.000000	383.000000	540.000000	32.000000	374.299463	530.042506	2.000000	5.427299
10.000000	9.000000	9.000000	503.000000	621.000000	43.000000	494.339731	623.543129	2.000000	5.867161
10.000000	10.000000	10.000000	598.000000	619.000000	44.000000	590.357464	622.937648	1.000000	6.308552
10.000000	11.000000	11.000000	360.000000	754.000000	52.000000	355.857151	755.749062	1.000000	6.996485
10.000000	12.000000	12.000000	205.000000	948.000000	61.000000	209.393256	946.269823	2.000000	7.572067
10.000000	13.000000	13.000000	376.000000	911.000000	62.000000	377.875614	917.668964	2.000000	8.163868
10.000000	14.000000	14.000000	375.000000	1023.000000	72.000000	360.361665	1026.350207	1.000000	8.540124
10.000000	15.000000	15.000000	586.000000	951.000000	64.000000	597.812139	943.380122	2.000000	9.020768
10.000000	16.000000	16.000000	855.000000	1055.000000	76.000000	843.688134	1043.277198	1.000000	9.716762
10.000000	17.000000	17.000000	873.000000	940.000000	66.000000	884.232899	933.731712	2.000000	10.164565
10.000000	18.000000	18.000000	736.000000	793.000000	55.000000	727.893398	793.034570	1.000000	10.756630
10.000000	19.000000	19.000000	711.000000	659.000000	45.000000	706.816460	650.311066	2.000000	11.195495
10.000000	20.000000	20.000000	967.000000	763.000000	57.000000	971.520056	765.380820	2.000000	11.931069
10.000000	21.000000	21.000000	954.000000	622.000000	47.000000	958.882064	623.106546	2.000000	12.451185
10.000000	22.000000	22.000000	1032.000000	579.000000	37.000000	1031.988850	559.808842	2.000000	12.868716
10.000000	23.000000	23.000000	973.000000	896.000000	67.000000	968.491872	901.797690	1.000000	13.450560
10.000000	24.000000	24.000000	1292.000000	1039.000000	79.000000	1282.549941	1021.332308	1.000000	13.947320
10.000000	25.000000	25.000000	1367.000000	1066.000000	80.000000	1365.225530	1054.382292	2.000000	14.339767
10.000000	26.000000	26.000000	1388.000000	641.000000	50.000000	1391.163102	630.140645	2.000000	15.219456
10.000000	27.000000	0.000000	1152.000000	571.000000	38.000000	1134.681228	549.667367	1.000000	15.788761
10.000000	28.000000	27.000000	1144.000000	560.000000	38.000000	1134.681228	549.667367	1.000000	16.195176
10.000000	29.000000	28.000000	1274.000000	371.000000	29.000000	1271.400708	373.024418	2.000000	16.786843
10.000000	30.000000	29.000000	1395.000000	434.000000	30.000000	1388.009590	437.503443	2.000000	17.218714
10.000000	31.000000	30.000000	899.000000	536.000000	36.000000	891.217323	525.138197	1.000000	17.812116
10.000000	32.000000	31.000000	753.000000	532.000000	35.000000	763.927138	527.801209	1.000000	18.412014
10.000000	33.000000	32.000000	1016.000000	385.000000	27.000000	1009.020584	381.567908	1.000000	19.028126
10.000000	34.000000	33.000000	1074.000000	274.000000	18.000000	1088.796006	265.701573	1.000000	19.612708
10.000000	35.000000	34.000000	996.000000	285.000000	17.000000	1002.271069	284.988283	2.000000	20.236012
10.000000	36.000000	35.000000	1256.000000	292.000000	19.000000	1258.624845	298.257958	1.000000	20.876040
10.000000	37.000000	36.000000	1379.000000	240.000000	20.000000	1373.696236	249.025500	1.000000	21.507443
10.000000	38.000000	37.000000	1151.000000	129.000000	8.000000	1147.933733	130.227498	2.000000	22.195083
10.000000	39.000000	38.000000	857.000000	169.000000	6.000000	856.622166	179.461626	2.000000	22.875251
10.000000	40.000000	39.000000	748.000000	144.000000	5.000000	747.388852	138.562179	1.000000	23.314658
10.000000	41.000000	40.000000	728.000000	311.000000	15.000000	730.588244	304.018612	2.000000	23.811462
11.000000	1.000000	1.000000	721.000000	147.000000	5.000000	720.780723	147.459571	1.000000	1.187922
11.000000	2.000000	2.000000	856.000000	184.000000	6.000000	859.409943	198.377197	1.000000	1.718155
11.000000	3.000000	3.000000	1012.000000	170.000000	7.000000	1019.485604	171.453227	1.000000	2.413698
11.000000	4.000000	4.000000	1153.000000	160.000000	8.000000	1142.131264	151.733625	1.000000	2.917961
11.000000	5.000000	5.000000	1284.000000	122.000000	9.000000	1282.750916	119.794282	1.000000	3.476903
11.000000	6.000000	6.000000	1265.000000	315.000000	19.000000	1255.853875	318.943328	2.000000	4.390123
11.000000	7.000000	7.000000	1254.000000	414.000000	29.000000	1253.489641	405.874843	1.000000	4.829051
11.000000	8.000000	8.000000	1258.000000	545.000000	39.000000	1257.455240	549.731963	1.000000	5.542316
11.000000	9.000000	9.000000	1365.000000	565.000000	40.000000	1367.813977	559.462388	2.000000	6.516192
11.000000	10.000000	10.000000	1231.000000	708.000000	49.000000	1221.320638	703.149297	2.000000	7.149337
11.000000	11.000000	11.000000	1396.000000	740.000000	60.000000	1389.293585	748.231582	1.000000	7.782223
11.000000	12.000000	12.000000	1424.000000	1033.000000	80.000000	1421.766487	1038.106051	2.000000	8.589987
11.000000	13.000000	13.000000	1244.000000	1008.000000	79.000000	1249.033543	1000.858691	2.000000	9.141867
11.000000	14.000000	14.000000	1107.000000	954.000000	68.000000	1105.102221	955.765660	2.000000	9.741168
11.000000	15.000000	15.000000	1032.000000	900.000000	67.000000	1024.945269	904.260372	2.000000	10.254028
11.000000	16.000000	16.000000	1024.000000	1035.000000	77.000000	1025.570105	1047.632973	2.000000	10.877948
11.000000	17.000000	17.000000	1087.000000	1071.000000	78.000000	1094.720036	1077.748260	1.000000	11.268209
11.000000	18.000000	18.000000	862.000000	902.000000	66.000000	854.389885	914.054449	2.000000	11.828760
11.000000	19.000000	19.000000	722.000000	910.000000	65.000000	726.580429	915.558058	2.000000	12.261816
11.000000	20.000000	20.000000	648.000000	923.000000	64.000000	642.007380	923.212447	1.000000	12.621001
11.000000	21.000000	21.000000	590.000000	822.000000	54.000000	601.988230	821.878735	1.000000	13.029488
11.000000	22.000000	22.000000	642.000000	663.000000	44.000000	641.016231	657.728951	2.000000	13.796829
11.000000	23.000000	23.000000	770.000000	621.000000	45.000000	751.721400	625.644783	1.000000	14.381352
11.000000	24.000000	24.000000	862.000000	803.000000	56.000000	863.690258	800.329167	1.000000	15.453639
11.000000	25.000000	25.000000	895.000000	650.000000	46.000000	896.771203	648.388710	1.000000	16.132599
11.000000	26.000000	26.000000	894.000000	503.000000	36.000000	897.714238	525.253557	2.000000	16.629372
11.000000	27.000000	27.000000	875.000000	379.000000	26.000000	870.255390	395.374770	2.000000	17.381111
11.000000	28.000000	28.000000	879.000000	252.000000	16.000000	886.172659	246.421697	2.000000	17.829250
11.000000	29.000000	29.000000	713.000000	257.000000	15.000000	709.555087	271.414961	2.000000	18.382207
11.000000	30.000000	30.000000	586.000000	251.000000	14.000000	588.203621	249.482554	2.000000	18.948167
11.000000	31.000000	31.000000	466.000000	140.000000	3.000000	470.308823	134.792763	2.000000	19.861958
11.000000	32.000000	32.000000	581.000000	413.000000	24.000000	585.754268	412.863098	2.000000	20.613821
11.000000	33.000000	33.000000	372.000000	384.000000	22.000000	369.000274	382.684085	1.000000	21.150085
11.000000	34.000000	34.000000	237.000000	314.000000	11.000000	226.834940	317.774350	1.000000	21.590089
11.000000	35.000000	35.000000	187.000000	200.000000	1.000000	193.614320	202.109893	1.000000	22.405492
11.000000	36.000000	36.000000	191.000000	406.000000	21.000000	193.961262	414.922997	1.000000	23.134101
11.000000	37.000000	37.000000	196.000000	733.000000	51.000000	194.232399	744.161183	2.000000	23.965140
11.000000	38.000000	38.000000	371.000000	821.000000	52.000000	373.041468	828.657746	2.000000	24.757154
11.000000	39.000000	39.000000	363.000000	938.000000	62.000000	362.438945	937.968754	1.000000	25.396197
11.000000	40.000000	40.000000	457.000000	947.000000	63.000000	444.197721	949.075966	1.000000	26.196611
12.000000	1.000000	1.000000	390.000000	920.000000	62.000000	376.690800	917.015144	2.000000	1.241667
12.000000	2.000000	2.000000	468.000000	1039.000000	73.000000	465.421204	1047.153873	2.000000	1.906673
12.000000	3.000000	3.000000	226.000000	912.000000	61.000000	227.099661	920.915491	1.000000	2.714280
12.000000	4.000000	4.000000	348.000000	812.000000	52.000000	331.553278	825.347446	1.000000	3.202087
12.000000	5.000000	5.000000	337.000000	652.000000	42.000000	324.957054	673.417965	1.000000	3.745594
12.000000	6.000000	6.000000	198.000000	573.000000	31.000000	190.420857	579.555101	1.000000	4.299497
12.000000	7.000000	7.000000	234.000000	403.000000	21.000000	236.452638	405.235275	2.000000	5.066314
12.000000	8.000000	8.000000	321.000000	384.000000	22.000000	313.943433	389.676469	1.000000	5.793749
12.000000	9.000000	9.000000	343.000000	335.000000	12.000000	348.258315	326.795688	1.000000	6.427243
12.000000	10.000000	10.000000	321.000000	176.000000	2.000000	327.669009	182.260493	1.000000	7.451125
12.000000	11.000000	11.000000	507.000000	112.000000	3.000000	505.900810	119.553134	2.000000	8.019687
12.000000	12.000000	12.000000	631.000000	169.000000	4.000000	637.735416	172.664028	1.000000	8.643404
12.000000	13.000000	13.000000	479.000000	297.000000	13.000000	488.150902	297.748073	1.000000	9.146314
12.000000	14.000000	14.000000	488.000000	413.000000	23.000000	473.721175	426.482031	2.000000	9.745963
12.000000	15.000000	15.000000	628.000000	407.000000	24.000000	614.185495	410.583545	1.000000	10.394002
12.000000	16.000000	16.000000	595.000000	536.000000	34.000000	593.259950	546.271980	2.000000	11.067013
12.000000	17.000000	17.000000	771.000000	451.000000	25.000000	762.460164	447.721628	1.000000	11.745526
12.000000	18.000000	18.000000	771.000000	521.000000	35.000000	759.706541	521.413066	2.000000	12.147445
12.000000	19.000000	19.000000	758.000000	266.000000	15.000000	766.116693	263.424755	2.000000	12.954812
12.000000	20.000000	20.000000	737.000000	181.000000	5.000000	742.236878	179.218121	2.000000	13.562502
12.000000	21.000000	21.000000	856.000000	139.000000	6.000000	852.351985	145.172211	2.000000	14.161644
12.000000	22.000000	22.000000	966.000000	174.000000	7.000000	960.335322	178.284337	1.000000	14.730538
12.000000	23.000000	23.000000	961.000000	294.000000	17.000000	959.624961	287.702803	1.000000	15.249537
12.000000	24.000000	24.000000	1147.000000	134.000000	8.000000	1144.183902	129.196903	2.000000	15.850382
12.000000	25.000000	25.000000	1401.000000	193.000000	10.000000	1391.887380	188.297450	2.000000	16.659474
12.000000	26.000000	26.000000	1406.000000	283.000000	20.000000	1391.142213	265.639131	1.000000	17.059388
12.000000	27.000000	27.000000	1226.000000	394.000000	29.000000	1223.320181	402.601843	2.000000	17.698951
12.000000	28.000000	28.000000	1167.000000	425.000000	28.000000	1159.552378	439.137175	1.000000	18.203648
12.000000	29.000000	29.000000	1236.000000	551.000000	39.000000	1235.078950	553.067917	1.000000	18.635334
12.000000	30.000000	30.000000	1047.000000	638.000000	47.000000	1029.753295	650.727654	2.000000	19.289706
12.000000	31.000000	31.000000	968.000000	541.000000	37.000000	976.294109	541.492573	2.000000	19.851268
12.000000	32.000000	32.000000	619.000000	699.000000	44.000000	613.134847	703.129016	1.000000	20.697772
12.000000	33.000000	33.000000	728.000000	644.000000	45.000000	722.573004	651.658409	2.000000	21.234522
12.000000	34.000000	34.000000	595.000000	791.000000	54.000000	601.402876	792.399482	1.000000	22.034606
12.000000	35.000000	35.000000	743.000000	887.000000	65.000000	730.266341	895.826935	2.000000	22.619017
12.000000	36.000000	36.000000	889.000000	792.000000	56.000000	878.280767	784.540197	2.000000	23.147094
12.000000	37.000000	37.000000	901.000000	893.000000	66.000000	896.947912	903.746222	1.000000	23.577921
12.000000	38.000000	38.000000	825.000000	1058.000000	76.000000	837.245360	1054.401476	1.000000	24.713370
12.000000	39.000000	39.000000	1111.000000	925.000000	68.000000	1118.455029	927.982056	2.000000	25.603216
12.000000	40.000000	40.000000	1132.000000	793.000000	58.000000	1136.439926	801.099287	2.000000	26.227163
13.000000	1.000000	1.000000	1127.000000	801.000000	58.000000	1117.340060	808.654343	2.000000	0.607605
13.000000	2.000000	2.000000	999.000000	779.000000	57.000000	1002.212924	766.482945	2.000000	1.152399
13.000000	3.000000	3.000000	1030.000000	895.000000	67.000000	1032.093664	898.130595	1.000000	1.663850
13.000000	4.000000	4.000000	1239.000000	941.000000	69.000000	1231.615235	945.728304	1.000000	2.471398
13.000000	5.000000	5.000000	1379.000000	940.000000	70.000000	1368.207225	950.420454	2.000000	2.999902
13.000000	6.000000	6.000000	1288.000000	771.000000	59.000000	1281.899616	783.572980	2.000000	3.457083
13.000000	7.000000	7.000000	1377.000000	766.000000	60.000000	1364.763831	757.383956	2.000000	3.807956
13.000000	8.000000	8.000000	1166.000000	711.000000	48.000000	1159.883413	706.380735	2.000000	4.536449
13.000000	9.000000	9.000000	1354.000000	491.000000	40.000000	1352.711755	501.366389	2.000000	5.327509
13.000000	10.000000	10.000000	1393.000000	398.000000	30.000000	1392.700284	406.642967	1.000000	5.896910
13.000000	11.000000	11.000000	1381.000000	299.000000	20.000000	1378.059328	293.883042	1.000000	6.352140
13.000000	12.000000	12.000000	1261.000000	412.000000	29.000000	1250.200316	420.067110	1.000000	6.929302
13.000000	13.000000	13.000000	1207.000000	314.000000	19.000000	1219.861705	327.736844	2.000000	7.376900
13.000000	14.000000	14.000000	966.000000	415.000000	27.000000	977.754661	414.506330	1.000000	8.135212
13.000000	15.000000	15.000000	871.000000	416.000000	26.000000	862.596773	417.849765	1.000000	8.743898
13.000000	16.000000	16.000000	968.000000	548.000000	37.000000	964.775242	546.956925	1.000000	9.345343
13.000000	17.000000	17.000000	842.000000	678.000000	46.000000	848.706846	686.631866	1.000000	9.943839
13.000000	18.000000	18.000000	754.000000	866.000000	65.000000	744.771896	876.437324	1.000000	10.679284
13.000000	19.000000	19.000000	834.000000	1023.000000	76.000000	830.128465	1015.459091	1.000000	11.368868
13.000000	20.000000	20.000000	783.000000	1046.000000	75.000000	771.280808	1054.497421	1.000000	11.903531
13.000000	21.000000	21.000000	642.000000	905.000000	64.000000	636.754204	900.107927	2.000000	12.513239
13.000000	22.000000	22.000000	208.000000	1049.000000	71.000000	194.955966	1046.494154	1.000000	13.569331
13.000000	23.000000	23.000000	188.000000	871.000000	61.000000	197.292342	886.251521	2.000000	14.095874
13.000000	24.000000	24.000000	229.000000	745.000000	51.000000	234.386292	758.640097	2.000000	14.631359
13.000000	25.000000	25.000000	225.000000	709.000000	41.000000	230.277467	704.959007	2.000000	14.920214
13.000000	26.000000	0.000000	340.000000	717.000000	52.000000	334.952276	750.532650	1.000000	15.297233
13.000000	27.000000	26.000000	334.000000	734.000000	52.000000	334.952276	750.532650	1.000000	15.696955
13.000000	28.000000	27.000000	339.000000	634.000000	42.000000	339.102226	644.113746	2.000000	16.160042
13.000000	29.000000	28.000000	615.000000	651.000000	44.000000	619.515299	667.800352	2.000000	16.919803
13.000000	30.000000	29.000000	714.000000	632.000000	45.000000	707.957475	638.556635	2.000000	17.568473
13.000000	31.000000	30.000000	719.000000	561.000000	35.000000	728.096733	570.380605	2.000000	18.800959
13.000000	32.000000	31.000000	735.000000	371.000000	25.000000	738.456729	384.891282	2.000000	19.672662
13.000000	33.000000	32.000000	694.000000	270.000000	15.000000	697.933751	278.300469	1.000000	20.095878
13.000000	34.000000	33.000000	744.000000	125.000000	5.000000	749.558919	118.018854	1.000000	20.761392
13.000000	35.000000	34.000000	437.000000	133.000000	3.000000	443.391836	146.617466	1.000000	21.328457
13.000000	36.000000	35.000000	326.000000	134.000000	2.000000	335.467882	135.489176	1.000000	21.800816
13.000000	37.000000	36.000000	239.000000	283.000000	11.000000	231.629797	274.659565	1.000000	22.649028
13.000000	38.000000	37.000000	252.000000	413.000000	21.000000	250.162459	431.461168	2.000000	23.223444
13.000000	39.000000	38.000000	202.000000	518.000000	31.000000	196.176183	515.211977	1.000000	24.232301
13.000000	40.000000	39.000000	442.000000	317.000000	13.000000	441.147493	319.532810	2.000000	24.912993
13.000000	41.000000	40.000000	490.000000	356.000000	23.000000	488.575169	369.854277	2.000000	25.297167
14.000000	1.000000	0.000000	368.000000	256.000000	12.000000	373.849082	286.974213	1.000000	1.126975
14.000000	2.000000	1.000000	370.000000	272.000000	12.000000	373.849082	286.974213	1.000000	1.527265
14.000000	3.000000	2.000000	463.000000	150.000000	3.000000	450.218287	163.572607	2.000000	1.976316
14.000000	4.000000	3.000000	247.000000	428.000000	21.000000	241.300283	424.324952	1.000000	2.790684
14.000000	5.000000	4.000000	206.000000	580.000000	31.000000	194.648019	572.629098	1.000000	3.567484
14.000000	6.000000	5.000000	183.000000	690.000000	41.000000	182.572439	693.212429	2.000000	4.215898
14.000000	7.000000	6.000000	460.000000	442.000000	23.000000	464.372597	442.697266	2.000000	5.054731
14.000000	8.000000	7.000000	343.000000	654.000000	42.000000	338.510422	660.752645	2.000000	5.575546
14.000000	9.000000	8.000000	205.000000	933.000000	61.000000	212.503709	947.348013	1.000000	6.271524
14.000000	10.000000	9.000000	455.000000	1037.000000	73.000000	448.587011	1053.551705	1.000000	6.968422
14.000000	11.000000	10.000000	320.000000	1074.000000	72.000000	316.960447	1081.033780	2.000000	7.390308
14.000000	12.000000	0.000000	181.000000	957.000000	71.000000	190.704775	998.933714	2.000000	7.824336
14.000000	13.000000	0.000000	219.000000	998.000000	71.000000	190.704775	998.933714	2.000000	8.152568
14.000000	14.000000	11.000000	186.000000	998.000000	71.000000	190.704775	998.933714	2.000000	8.415067
14.000000	15.000000	12.000000	592.000000	1056.000000	74.000000	585.022381	1074.440472	2.000000	9.368216
14.000000	16.000000	13.000000	641.000000	945.000000	64.000000	638.347339	947.999008	2.000000	10.015402
14.000000	17.000000	14.000000	488.000000	791.000000	53.000000	485.879994	778.889161	1.000000	10.720497
14.000000	18.000000	15.000000	767.000000	930.000000	65.000000	765.889453	937.968123	1.000000	11.551101
14.000000	19.000000	16.000000	891.000000	1027.000000	76.000000	888.274588	1043.864645	1.000000	12.112061
14.000000	20.000000	17.000000	877.000000	786.000000	56.000000	871.734303	792.380872	1.000000	12.600146
14.000000	21.000000	18.000000	991.000000	774.000000	57.000000	966.232975	774.407855	1.000000	13.070325
14.000000	22.000000	19.000000	741.000000	633.000000	45.000000	740.521882	629.834665	2.000000	13.951003
14.000000	23.000000	20.000000	713.000000	544.000000	35.000000	716.198934	532.260904	1.000000	14.583312
14.000000	24.000000	21.000000	912.000000	504.000000	36.000000	893.756088	510.115574	1.000000	15.128289
14.000000	25.000000	22.000000	862.000000	643.000000	46.000000	857.157903	656.346269	2.000000	15.744083
14.000000	26.000000	23.000000	998.000000	516.000000	37.000000	988.232273	525.026874	1.000000	16.366924
14.000000	27.000000	24.000000	1012.000000	644.000000	47.000000	1021.791498	641.972630	2.000000	16.919550
14.000000	28.000000	25.000000	1143.000000	656.000000	48.000000	1123.094625	657.520215	2.000000	17.367834
14.000000	29.000000	26.000000	1116.000000	810.000000	58.000000	1109.156146	814.067842	2.000000	17.919935
14.000000	30.000000	27.000000	1278.000000	823.000000	59.000000	1257.115844	829.469242	1.000000	18.287082
14.000000	31.000000	28.000000	1363.000000	954.000000	70.000000	1364.353649	952.301461	1.000000	18.928363
14.000000	32.000000	29.000000	1261.000000	1067.000000	79.000000	1274.888210	1049.238682	2.000000	19.358581
14.000000	33.000000	30.000000	1435.000000	1060.000000	80.000000	1418.344178	1071.059254	1.000000	20.039558
14.000000	34.000000	31.000000	1374.000000	655.000000	50.000000	1374.270078	647.237971	1.000000	20.872143
14.000000	35.000000	32.000000	1250.000000	554.000000	39.000000	1257.873845	564.464068	1.000000	21.320476
14.000000	36.000000	33.000000	1272.000000	438.000000	29.000000	1271.909826	433.857904	2.000000	21.910643
14.000000	37.000000	34.000000	1235.000000	284.000000	19.000000	1237.028515	283.906395	2.000000	22.672495
14.000000	38.000000	35.000000	1420.000000	291.000000	20.000000	1416.667450	300.707054	1.000000	23.238924
14.000000	39.000000	36.000000	1166.000000	193.000000	8.000000	1162.216411	184.767993	1.000000	24.192261
14.000000	40.000000	37.000000	976.000000	264.000000	17.000000	964.838722	270.029495	2.000000	25.215152
14.000000	41.000000	38.000000	868.000000	364.000000	26.000000	860.019184	371.379580	2.000000	26.063005
14.000000	42.000000	39.000000	728.000000	273.000000	15.000000	712.633137	270.401943	2.000000	26.855002
14.000000	43.000000	40.000000	861.000000	193.000000	6.000000	870.809056	207.327009	2.000000	27.512486
15.000000	1.000000	1.000000	913.000000	395.000000	26.000000	902.402803	407.524987	2.000000	0.967585
15.000000	2.000000	2.000000	851.000000	323.000000	16.000000	843.405804	326.464724	2.000000	1.383214
15.000000	3.000000	3.000000	749.000000	326.000000	15.000000	751.549027	322.155705	2.000000	1.894939
15.000000	4.000000	4.000000	733.000000	536.000000	35.000000	740.090429	553.054169	2.000000	2.535679
15.000000	5.000000	5.000000	574.000000	528.000000	34.000000	573.718272	517.474992	2.000000	3.542559
15.000000	6.000000	6.000000	487.000000	516.000000	33.000000	482.304384	507.333156	2.000000	4.295692
15.000000	7.000000	7.000000	366.000000	560.000000	32.000000	376.179236	560.883848	2.000000	5.856126
15.000000	8.000000	8.000000	185.000000	702.000000	41.000000	181.964446	700.135453	2.000000	6.664075
15.000000	9.000000	9.000000	370.000000	695.000000	42.000000	364.979446	691.327609	1.000000	7.263772
15.000000	10.000000	10.000000	375.000000	741.000000	52.000000	367.500478	747.537737	1.000000	7.560123
15.000000	11.000000	11.000000	475.000000	685.000000	43.000000	466.529054	694.852986	1.000000	8.144213
15.000000	12.000000	12.000000	617.000000	657.000000	44.000000	604.045555	652.272966	1.000000	8.727722
15.000000	13.000000	13.000000	641.000000	751.000000	54.000000	627.722029	752.633762	1.000000	9.224171
15.000000	14.000000	14.000000	361.000000	902.000000	62.000000	358.472257	907.571604	1.000000	10.030523
15.000000	15.000000	15.000000	361.000000	1066.000000	72.000000	351.693842	1080.530345	1.000000	10.607858
15.000000	16.000000	16.000000	696.000000	925.000000	65.000000	701.456709	923.306232	2.000000	11.367058
15.000000	17.000000	17.000000	853.000000	1057.000000	76.000000	858.521180	1052.738812	1.000000	11.958356
15.000000	18.000000	18.000000	1004.000000	934.000000	67.000000	997.866582	948.236919	1.000000	12.495170
15.000000	19.000000	19.000000	966.000000	818.000000	57.000000	968.596102	830.298973	2.000000	13.103163
15.000000	20.000000	20.000000	880.000000	687.000000	46.000000	880.814754	677.887247	1.000000	13.680213
15.000000	21.000000	21.000000	1251.000000	683.000000	49.000000	1256.426573	699.144755	2.000000	14.614763
15.000000	22.000000	22.000000	1280.000000	771.000000	59.000000	1275.399151	770.795464	1.000000	15.039189
15.000000	23.000000	23.000000	1406.000000	768.000000	60.000000	1400.357602	772.165711	2.000000	15.622216
15.000000	24.000000	24.000000	1295.000000	940.000000	69.000000	1290.267136	940.895141	2.000000	16.151411
15.000000	25.000000	25.000000	1293.000000	1063.000000	79.000000	1287.359517	1068.729607	1.000000	16.575991
15.000000	26.000000	26.000000	1432.000000	926.000000	70.000000	1418.759877	933.218907	1.000000	17.439353
15.000000	27.000000	27.000000	1394.000000	639.000000	50.000000	1388.695621	648.247346	1.000000	18.047870
15.000000	28.000000	28.000000	1409.000000	574.000000	40.000000	1404.712807	560.194502	1.000000	18.415890
15.000000	29.000000	29.000000	1255.000000	510.000000	39.000000	1261.357134	511.031521	2.000000	19.103907
15.000000	30.000000	30.000000	1349.000000	437.000000	30.000000	1351.568851	448.591267	2.000000	19.703453
15.000000	31.000000	31.000000	1143.000000	264.000000	18.000000	1129.688833	283.396842	2.000000	20.303772
15.000000	32.000000	32.000000	1350.000000	180.000000	10.000000	1361.563566	182.638877	1.000000	20.991157
15.000000	33.000000	33.000000	1164.000000	133.000000	8.000000	1155.226474	134.631171	2.000000	21.518487
15.000000	34.000000	34.000000	953.000000	172.000000	7.000000	959.981163	190.017633	1.000000	22.079478
15.000000	35.000000	35.000000	964.000000	238.000000	17.000000	969.761344	248.282075	1.000000	22.494306
15.000000	36.000000	36.000000	600.000000	157.000000	4.000000	603.293736	152.351887	2.000000	23.119112
15.000000	37.000000	37.000000	485.000000	189.000000	3.000000	491.657256	201.944306	1.000000	23.703486
15.000000	38.000000	38.000000	448.000000	240.000000	13.000000	443.668307	245.138615	2.000000	24.143732
15.000000	39.000000	39.000000	316.000000	379.000000	22.000000	312.366949	380.119629	2.000000	24.726252
15.000000	40.000000	40.000000	210.000000	206.000000	1.000000	218.500695	206.579137	1.000000	25.302136
16.000000	1.000000	1.000000	234.000000	146.000000	1.000000	244.925200	151.190847	2.000000	1.163718
16.000000	2.000000	0.000000	512.000000	164.000000	3.000000	487.326764	177.269170	2.000000	1.778770
16.000000	3.000000	2.000000	500.000000	171.000000	3.000000	487.326764	177.269170	2.000000	2.139639
16.000000	4.000000	3.000000	587.000000	156.000000	4.000000	592.363555	158.492306	1.000000	2.699431
16.000000	5.000000	4.000000	691.000000	167.000000	5.000000	701.529601	168.014764	1.000000	3.802494
16.000000	6.000000	5.000000	737.000000	272.000000	15.000000	730.915277	269.677171	1.000000	4.282099
16.000000	7.000000	6.000000	875.000000	269.000000	16.000000	867.285383	272.458090	2.000000	4.891132
16.000000	8.000000	7.000000	999.000000	249.000000	17.000000	997.716530	244.213661	2.000000	5.490332
16.000000	9.000000	8.000000	1003.000000	370.000000	27.000000	996.125079	378.335248	2.000000	5.955618
16.000000	10.000000	9.000000	1122.000000	414.000000	28.000000	1132.608625	411.102403	2.000000	6.450177
16.000000	11.000000	10.000000	1231.000000	253.000000	19.000000	1238.127334	257.358106	2.000000	7.067709
16.000000	12.000000	11.000000	1276.000000	417.000000	29.000000	1284.125455	416.729222	1.000000	7.627369
16.000000	13.000000	12.000000	1383.000000	459.000000	30.000000	1389.252393	457.454416	1.000000	8.097739
16.000000	14.000000	13.000000	1383.000000	507.000000	40.000000	1379.179113	500.892667	2.000000	8.459304
16.000000	15.000000	14.000000	1378.000000	287.000000	20.000000	1373.059947	282.924715	1.000000	8.971289
16.000000	16.000000	15.000000	1402.000000	146.000000	10.000000	1399.170309	136.778481	1.000000	9.594913
16.000000	17.000000	16.000000	1391.000000	647.000000	50.000000	1391.756191	656.880834	1.000000	10.361758
16.000000	18.000000	17.000000	1294.000000	793.000000	59.000000	1288.038842	791.404115	2.000000	11.378610
16.000000	19.000000	18.000000	1291.000000	631.000000	49.000000	1287.982602	619.684284	2.000000	11.801684
16.000000	20.000000	19.000000	1393.000000	889.000000	70.000000	1400.965601	894.935957	1.000000	12.307568
16.000000	21.000000	20.000000	1141.000000	839.000000	58.000000	1145.066075	826.177847	1.000000	12.865560
16.000000	22.000000	21.000000	1159.000000	711.000000	48.000000	1153.307230	703.598019	2.000000	13.298171
16.000000	23.000000	22.000000	1009.000000	702.000000	47.000000	1006.041673	691.957138	1.000000	13.786166
16.000000	24.000000	23.000000	980.000000	1075.000000	77.000000	985.787333	1078.658449	1.000000	14.819189
16.000000	25.000000	24.000000	1121.000000	1037.000000	78.000000	1117.565988	1044.153944	2.000000	15.275663
16.000000	26.000000	25.000000	890.000000	1039.000000	76.000000	876.926544	1033.207584	2.000000	15.850089
16.000000	27.000000	26.000000	895.000000	668.000000	46.000000	892.391799	659.708228	2.000000	16.409780
16.000000	28.000000	27.000000	735.000000	535.000000	35.000000	723.971565	537.217269	2.000000	17.009658
16.000000	29.000000	28.000000	731.000000	451.000000	25.000000	738.795429	455.499284	1.000000	17.545700
16.000000	30.000000	29.000000	714.000000	764.000000	55.000000	717.735905	769.552867	1.000000	18.163674
16.000000	31.000000	30.000000	606.000000	786.000000	54.000000	600.680547	778.735272	1.000000	18.651229
16.000000	32.000000	31.000000	596.000000	985.000000	74.000000	595.161530	999.788355	1.000000	19.266858
16.000000	33.000000	32.000000	461.000000	1036.000000	73.000000	446.025389	1035.098353	2.000000	20.249557
16.000000	34.000000	33.000000	307.000000	1064.000000	72.000000	312.286526	1060.732005	1.000000	20.898235
16.000000	35.000000	34.000000	236.000000	1057.000000	71.000000	239.863796	1042.145181	1.000000	21.314603
16.000000	36.000000	35.000000	173.000000	815.000000	51.000000	185.315131	817.885302	2.000000	22.018132
16.000000	37.000000	36.000000	344.000000	784.000000	52.000000	355.906526	783.663465	1.000000	22.514948
16.000000	38.000000	37.000000	444.000000	787.000000	53.000000	439.777079	784.588688	1.000000	22.995432
16.000000	39.000000	38.000000	488.000000	580.000000	33.000000	482.993502	576.155103	2.000000	23.578825
16.000000	40.000000	39.000000	233.000000	536.000000	31.000000	245.614276	534.158547	2.000000	24.115190
16.000000	41.000000	40.000000	217.000000	670.000000	41.000000	214.438097	659.035491	2.000000	24.651577
17.000000	1.000000	1.000000	344.000000	494.000000	32.000000	347.920774	492.867427	1.000000	1.959596
17.000000	2.000000	2.000000	241.000000	275.000000	11.000000	235.159084	264.207361	2.000000	3.145086
17.000000	3.000000	3.000000	341.000000	297.000000	12.000000	326.053412	292.372067	1.000000	3.592033
17.000000	4.000000	4.000000	185.000000	153.000000	1.000000	178.214567	147.338827	2.000000	4.233610
17.000000	5.000000	5.000000	311.000000	186.000000	2.000000	322.269419	189.219844	1.000000	4.809769
17.000000	6.000000	6.000000	497.000000	146.000000	3.000000	500.205782	135.846886	1.000000	5.393364
17.000000	7.000000	7.000000	454.000000	325.000000	13.000000	465.759602	321.175304	2.000000	5.985235
17.000000	8.000000	8.000000	478.000000	368.000000	23.000000	481.388276	374.602870	2.000000	6.352635
17.000000	9.000000	9.000000	579.000000	190.000000	4.000000	584.438988	187.385248	1.000000	6.929146
17.000000	10.000000	10.000000	763.000000	320.000000	15.000000	760.280344	318.513206	2.000000	7.527509
17.000000	11.000000	11.000000	831.000000	127.000000	6.000000	829.442528	127.232572	1.000000	8.464971
17.000000	12.000000	12.000000	1014.000000	322.000000	17.000000	1015.972130	314.369126	1.000000	9.103614
17.000000	13.000000	13.000000	1001.000000	400.000000	27.000000	1004.218261	386.456279	2.000000	9.536591
17.000000	14.000000	14.000000	1251.000000	140.000000	9.000000	1244.697066	134.659440	1.000000	10.129623
17.000000	15.000000	15.000000	1137.000000	441.000000	28.000000	1137.059993	445.333913	2.000000	10.761339
17.000000	16.000000	16.000000	1286.000000	468.000000	29.000000	1282.751346	454.121562	2.000000	11.305615
17.000000	17.000000	0.000000	1072.000000	575.000000	38.000000	1103.529670	566.406137	2.000000	11.880001
17.000000	18.000000	17.000000	1105.000000	566.000000	38.000000	1103.529670	566.406137	2.000000	12.152535
17.000000	19.000000	18.000000	982.000000	532.000000	37.000000	982.631402	522.125121	1.000000	12.607659
17.000000	20.000000	19.000000	899.000000	463.000000	26.000000	899.195902	456.581241	1.000000	13.488485
17.000000	21.000000	20.000000	856.000000	514.000000	36.000000	863.667387	514.151703	1.000000	13.832354
17.000000	22.000000	21.000000	760.000000	574.000000	35.000000	753.444527	566.121074	2.000000	14.304766
17.000000	23.000000	22.000000	621.000000	555.000000	34.000000	612.833551	545.095768	1.000000	14.799389
17.000000	24.000000	23.000000	1005.000000	638.000000	47.000000	1001.171243	635.988392	1.000000	15.488052
17.000000	25.000000	24.000000	1005.000000	763.000000	57.000000	999.270107	768.243665	1.000000	15.985533
17.000000	26.000000	25.000000	1261.000000	669.000000	49.000000	1263.113419	675.660519	1.000000	16.528375
17.000000	27.000000	26.000000	1375.000000	676.000000	50.000000	1364.817830	673.721430	2.000000	16.863740
17.000000	28.000000	27.000000	1392.000000	585.000000	40.000000	1378.880516	582.346928	2.000000	17.281341
17.000000	29.000000	28.000000	1409.000000	807.000000	60.000000	1408.850253	807.867583	2.000000	17.999862
17.000000	30.000000	29.000000	1409.000000	940.000000	70.000000	1397.894884	941.175166	2.000000	18.552381
17.000000	31.000000	30.000000	1272.000000	1048.000000	79.000000	1289.890841	1045.909059	1.000000	19.336022
17.000000	32.000000	31.000000	1232.000000	945.000000	69.000000	1233.567227	933.751729	1.000000	19.889444
17.000000	33.000000	32.000000	900.000000	903.000000	66.000000	884.679581	900.319480	2.000000	20.840465
17.000000	34.000000	33.000000	898.000000	1009.000000	76.000000	901.099096	1014.780073	1.000000	21.504329
17.000000	35.000000	34.000000	642.000000	903.000000	64.000000	639.475762	905.004434	1.000000	22.200537
17.000000	36.000000	35.000000	769.000000	797.000000	55.000000	762.192677	786.097623	1.000000	22.823684
17.000000	37.000000	36.000000	593.000000	810.000000	54.000000	582.346849	807.308664	2.000000	23.464289
17.000000	38.000000	37.000000	339.000000	811.000000	52.000000	349.681132	811.100370	2.000000	24.143753
17.000000	39.000000	38.000000	218.000000	890.000000	61.000000	213.733390	890.907573	2.000000	24.759692
17.000000	40.000000	39.000000	234.000000	1005.000000	71.000000	233.856140	994.946501	2.000000	25.303815
17.000000	41.000000	40.000000	463.000000	1060.000000	73.000000	452.834647	1063.049060	2.000000	25.913393
18.000000	1.000000	1.000000	246.000000	1064.000000	71.000000	230.093677	1077.818634	2.000000	1.144617
18.000000	2.000000	2.000000	346.000000	991.000000	72.000000	351.802079	999.937036	1.000000	1.721482
18.000000	3.000000	3.000000	347.000000	948.000000	62.000000	363.663568	956.770406	2.000000	2.567768
18.000000	4.000000	4.000000	256.000000	914.000000	61.000000	249.537670	913.428990	1.000000	3.440176
18.000000	5.000000	5.000000	502.000000	994.000000	73.000000	505.099538	1010.055831	1.000000	4.047258
18.000000	6.000000	6.000000	442.000000	872.000000	63.000000	451.615367	880.236712	2.000000	4.608286
18.000000	7.000000	7.000000	510.000000	817.000000	53.000000	507.219684	825.847239	2.000000	5.185218
18.000000	8.000000	8.000000	329.000000	782.000000	52.000000	338.070421	782.897141	1.000000	5.872894
18.000000	9.000000	9.000000	334.000000	707.000000	42.000000	330.709508	704.193369	2.000000	6.407596
18.000000	10.000000	10.000000	565.000000	624.000000	44.000000	577.320444	623.707587	1.000000	7.912219
18.000000	11.000000	11.000000	210.000000	537.000000	31.000000	220.148399	531.338240	1.000000	8.856130
18.000000	12.000000	12.000000	240.000000	279.000000	11.000000	245.560339	271.904780	1.000000	10.193249
18.000000	13.000000	13.000000	311.000000	136.000000	2.000000	308.852129	147.810830	1.000000	10.992585
18.000000	14.000000	14.000000	486.000000	268.000000	13.000000	473.468638	276.798272	2.000000	11.815678
18.000000	15.000000	15.000000	572.000000	301.000000	14.000000	567.615650	304.061334	1.000000	12.408172
18.000000	16.000000	16.000000	599.000000	166.000000	4.000000	596.723355	163.422769	2.000000	13.551669
18.000000	17.000000	17.000000	714.000000	393.000000	25.000000	734.990284	394.757121	2.000000	14.280847
18.000000	18.000000	18.000000	839.000000	706.000000	46.000000	829.302501	700.573664	1.000000	15.313049
18.000000	19.000000	19.000000	764.000000	826.000000	55.000000	756.866458	823.106555	2.000000	16.169485
18.000000	20.000000	20.000000	843.000000	865.000000	66.000000	831.080308	873.494623	2.000000	16.840214
18.000000	21.000000	21.000000	997.000000	1069.000000	77.000000	1005.298713	1059.003845	1.000000	18.160032
18.000000	22.000000	22.000000	1116.000000	990.000000	78.000000	1116.225646	1008.384185	1.000000	18.793164
18.000000	23.000000	23.000000	1351.000000	1064.000000	80.000000	1352.271347	1082.155220	1.000000	19.449476
18.000000	24.000000	24.000000	1264.000000	869.000000	69.000000	1250.441521	880.256754	1.000000	20.121486
18.000000	25.000000	25.000000	1346.000000	888.000000	70.000000	1348.402674	887.725541	2.000000	20.841143
18.000000	26.000000	26.000000	1373.000000	813.000000	60.000000	1370.505950	821.684270	1.000000	21.287738
18.000000	27.000000	27.000000	1221.000000	796.000000	59.000000	1219.981770	797.003609	2.000000	21.727467
18.000000	28.000000	28.000000	1427.000000	673.000000	50.000000	1417.563999	685.002606	2.000000	22.528981
18.000000	29.000000	29.000000	1246.000000	621.000000	49.000000	1251.206775	622.167314	1.000000	23.080961
18.000000	30.000000	30.000000	1173.000000	625.000000	48.000000	1150.801411	627.242640	1.000000	23.599469
18.000000	31.000000	31.000000	976.000000	700.000000	47.000000	960.820783	704.382934	1.000000	24.353533
18.000000	32.000000	32.000000	903.000000	520.000000	36.000000	896.613282	533.680442	2.000000	25.064871
18.000000	33.000000	33.000000	951.000000	511.000000	37.000000	964.068403	513.592546	2.000000	25.489024
18.000000	34.000000	34.000000	1370.000000	533.000000	40.000000	1358.682355	543.732154	2.000000	26.640166
18.000000	35.000000	35.000000	1408.000000	398.000000	30.000000	1414.494171	397.369858	2.000000	27.272283
18.000000	36.000000	36.000000	1252.000000	318.000000	19.000000	1264.799215	313.032195	2.000000	27.871297
18.000000	37.000000	37.000000	1122.000000	382.000000	28.000000	1118.651504	396.980957	1.000000	28.513795
18.000000	38.000000	38.000000	1015.000000	297.000000	17.000000	1004.090823	287.938578	1.000000	29.216178
18.000000	39.000000	39.000000	1101.000000	169.000000	8.000000	1097.277595	188.337135	2.000000	30.168868
18.000000	40.000000	40.000000	897.000000	164.000000	6.000000	897.963569	164.276965	2.000000	30.665485
19.000000	1.000000	1.000000	193.000000	121.000000	1.000000	186.098722	123.407224	1.000000	1.767451
19.000000	2.000000	2.000000	211.000000	238.000000	11.000000	219.906270	253.728643	2.000000	2.320366
19.000000	3.000000	3.000000	340.000000	154.000000	2.000000	338.603634	164.054170	1.000000	2.896249
19.000000	4.000000	4.000000	460.000000	241.000000	13.000000	455.295076	245.495783	1.000000	3.559335
19.000000	5.000000	5.000000	466.000000	112.000000	3.000000	463.382734	119.475960	1.000000	4.167961
19.000000	6.000000	6.000000	851.000000	298.000000	16.000000	849.479520	301.052513	1.000000	4.935003
19.000000	7.000000	7.000000	882.000000	149.000000	6.000000	876.664897	152.673316	2.000000	5.815287
19.000000	8.000000	8.000000	1016.000000	259.000000	17.000000	1020.789502	259.819957	2.000000	6.534216
19.000000	9.000000	9.000000	1096.000000	256.000000	18.000000	1088.753616	254.565216	2.000000	7.055120
19.000000	10.000000	10.000000	1122.000000	183.000000	8.000000	1135.040005	180.483125	1.000000	7.544248
19.000000	11.000000	11.000000	1210.000000	140.000000	9.000000	1220.971882	144.852935	2.000000	8.256017
19.000000	12.000000	12.000000	1366.000000	144.000000	10.000000	1374.139206	155.905386	1.000000	9.078324
19.000000	13.000000	13.000000	1362.000000	337.000000	20.000000	1356.678999	332.406607	1.000000	9.735819
19.000000	14.000000	0.000000	1276.000000	390.000000	29.000000	1251.841217	400.579027	1.000000	10.302490
19.000000	15.000000	14.000000	1248.000000	401.000000	29.000000	1251.841217	400.579027	1.000000	10.830413
19.000000	16.000000	15.000000	1157.000000	448.000000	28.000000	1151.533802	452.928691	2.000000	11.384469
19.000000	17.000000	16.000000	1411.000000	626.000000	50.000000	1413.312321	636.682916	1.000000	12.104036
19.000000	18.000000	17.000000	1385.000000	816.000000	60.000000	1363.465679	809.164667	2.000000	12.695361
19.000000	19.000000	18.000000	1352.000000	890.000000	70.000000	1350.530109	892.513746	1.000000	13.320081
19.000000	20.000000	19.000000	1374.000000	1029.000000	80.000000	1371.183967	1020.092423	1.000000	13.789812
19.000000	21.000000	20.000000	1267.000000	1064.000000	79.000000	1277.142241	1064.517107	2.000000	14.199432
19.000000	22.000000	21.000000	1160.000000	1057.000000	78.000000	1148.476940	1065.273057	1.000000	14.630815
19.000000	23.000000	22.000000	1084.000000	895.000000	68.000000	1088.117110	890.800311	2.000000	15.215375
19.000000	24.000000	23.000000	1000.000000	909.000000	67.000000	1003.426172	907.030176	1.000000	15.775832
19.000000	25.000000	24.000000	1129.000000	773.000000	58.000000	1143.096766	770.094865	1.000000	16.550897
19.000000	26.000000	25.000000	895.000000	624.000000	46.000000	887.783703	635.927534	2.000000	17.248243
19.000000	27.000000	26.000000	989.000000	517.000000	37.000000	987.763200	507.972719	2.000000	17.792027
19.000000	28.000000	27.000000	735.000000	554.000000	35.000000	732.597342	555.181496	2.000000	18.574290
19.000000	29.000000	28.000000	715.000000	663.000000	45.000000	726.049040	679.408636	1.000000	19.022935
19.000000	30.000000	29.000000	759.000000	766.000000	55.000000	751.835543	775.456021	1.000000	19.519304
19.000000	31.000000	30.000000	630.000000	691.000000	44.000000	629.818781	702.758965	1.000000	19.943890
19.000000	32.000000	31.000000	745.000000	943.000000	65.000000	735.984113	944.232799	2.000000	20.799648
19.000000	33.000000	32.000000	868.000000	931.000000	66.000000	856.226374	936.353141	2.000000	21.911252
19.000000	34.000000	33.000000	466.000000	899.000000	63.000000	455.055967	901.917503	2.000000	22.894282
19.000000	35.000000	34.000000	486.000000	753.000000	53.000000	486.591781	749.652132	2.000000	23.431722
19.000000	36.000000	35.000000	338.000000	1058.000000	72.000000	316.782833	1069.591240	2.000000	24.134091
19.000000	37.000000	36.000000	254.000000	949.000000	61.000000	245.852954	934.167491	1.000000	24.830182
19.000000	38.000000	37.000000	206.000000	771.000000	51.000000	187.993114	783.128883	2.000000	25.775245
19.000000	39.000000	38.000000	198.000000	571.000000	31.000000	195.861400	561.480846	1.000000	26.455954
19.000000	40.000000	39.000000	219.000000	394.000000	21.000000	216.499163	381.393392	2.000000	27.502528
19.000000	41.000000	40.000000	360.000000	447.000000	22.000000	354.878957	452.423725	2.000000	28.239400
20.000000	1.000000	1.000000	370.000000	426.000000	22.000000	379.282697	416.077914	2.000000	0.786255
20.000000	2.000000	2.000000	225.000000	395.000000	21.000000	224.261043	396.164292	1.000000	1.330426
20.000000	3.000000	3.000000	247.000000	543.000000	31.000000	245.784824	544.007892	1.000000	1.873589
20.000000	4.000000	4.000000	481.000000	386.000000	23.000000	469.061462	391.202272	2.000000	2.609670
20.000000	5.000000	5.000000	482.000000	531.000000	33.000000	482.653521	527.539208	1.000000	3.114358
20.000000	6.000000	6.000000	588.000000	405.000000	24.000000	579.455700	403.054548	1.000000	3.729608
20.000000	7.000000	7.000000	366.000000	293.000000	12.000000	365.147522	291.289388	1.000000	4.529687
20.000000	8.000000	8.000000	470.000000	269.000000	13.000000	478.971456	258.822858	2.000000	5.072621
20.000000	9.000000	0.000000	482.000000	152.000000	3.000000	485.040196	127.005208	2.000000	5.728658
20.000000	10.000000	9.000000	480.000000	139.000000	3.000000	485.040196	127.005208	2.000000	6.106340
20.000000	11.000000	10.000000	596.000000	144.000000	4.000000	584.051531	149.956207	2.000000	6.648719
20.000000	12.000000	11.000000	764.000000	151.000000	5.000000	765.837823	161.087329	2.000000	7.152973
20.000000	13.000000	12.000000	850.000000	298.000000	16.000000	836.940640	285.360428	2.000000	7.784547
20.000000	14.000000	13.000000	842.000000	440.000000	26.000000	849.155081	438.370902	1.000000	8.528380
20.000000	15.000000	14.000000	1015.000000	284.000000	17.000000	1028.219677	282.016271	1.000000	9.097862
20.000000	16.000000	15.000000	1030.000000	176.000000	7.000000	1030.121289	176.970862	2.000000	9.977614
20.000000	17.000000	16.000000	1166.000000	206.000000	8.000000	1155.265477	201.581367	1.000000	10.720937
20.000000	18.000000	17.000000	1257.000000	144.000000	9.000000	1244.605485	141.652494	1.000000	11.194570
20.000000	19.000000	18.000000	1373.000000	124.000000	10.000000	1387.729462	121.460702	2.000000	11.914387
20.000000	20.000000	19.000000	1402.000000	275.000000	20.000000	1394.188878	269.759095	2.000000	12.562092
20.000000	21.000000	20.000000	1409.000000	426.000000	30.000000	1416.139052	433.382697	2.000000	13.120496
20.000000	22.000000	21.000000	1241.000000	403.000000	29.000000	1232.620858	396.229773	1.000000	13.657413
20.000000	23.000000	22.000000	1349.000000	541.000000	40.000000	1364.323608	551.837476	2.000000	14.186404
20.000000	24.000000	23.000000	1414.000000	668.000000	50.000000	1416.582057	664.570177	1.000000	15.009885
20.000000	25.000000	24.000000	1260.000000	779.000000	59.000000	1246.467806	771.987461	2.000000	15.658317
20.000000	26.000000	25.000000	1287.000000	1043.000000	79.000000	1275.262308	1047.676045	1.000000	16.737289
20.000000	27.000000	26.000000	1104.000000	785.000000	58.000000	1098.964624	780.174272	2.000000	17.576557
20.000000	28.000000	27.000000	898.000000	758.000000	56.000000	893.206017	748.990756	1.000000	18.160782
20.000000	29.000000	28.000000	882.000000	623.000000	46.000000	883.951974	639.233913	1.000000	18.816928
20.000000	30.000000	29.000000	961.000000	562.000000	37.000000	965.638521	559.514664	2.000000	19.561645
20.000000	31.000000	30.000000	894.000000	518.000000	36.000000	892.774372	516.272005	2.000000	20.225775
20.000000	32.000000	31.000000	767.000000	573.000000	35.000000	754.919694	577.401480	1.000000	20.736431
20.000000	33.000000	32.000000	731.000000	707.000000	45.000000	728.831833	697.383509	1.000000	21.402200
20.000000	34.000000	33.000000	765.000000	776.000000	55.000000	766.244934	777.621374	1.000000	21.914465
20.000000	35.000000	34.000000	753.000000	886.000000	65.000000	755.870340	881.950701	1.000000	22.512823
20.000000	36.000000	35.000000	716.000000	1029.000000	75.000000	707.168974	1018.291231	2.000000	23.352933
20.000000	37.000000	36.000000	602.000000	934.000000	64.000000	592.230522	932.621319	1.000000	24.096696
20.000000	38.000000	37.000000	492.000000	997.000000	73.000000	487.897624	996.290396	2.000000	24.736148
20.000000	39.000000	38.000000	581.000000	789.000000	54.000000	579.972521	788.401592	2.000000	25.593038
20.000000	40.000000	39.000000	490.000000	770.000000	53.000000	466.678919	764.278327	1.000000	26.177887
20.000000	41.000000	40.000000	222.000000	994.000000	71.000000	219.386223	996.829446	2.000000	27.297197
