MultiTargForag_2	Participant_Code = 53
Search_Type = 2	CB_Targets = 1
Trial	Click_Num	Target_Click_Order	Click_X	Click_y	Item_selected	Item_X	Item_Y	Target_Set	RT
1.000000	1.000000	1.000000	843.000000	351.000000	27.000000	838.921805	352.453461	1.000000	2.218514
1.000000	2.000000	2.000000	1095.000000	371.000000	29.000000	1091.007696	371.874923	1.000000	3.303168
1.000000	3.000000	3.000000	1177.000000	266.000000	20.000000	1182.652967	274.149447	1.000000	3.839122
1.000000	4.000000	4.000000	1170.000000	157.000000	10.000000	1173.934208	176.495405	1.000000	4.215472
1.000000	5.000000	5.000000	998.000000	186.000000	8.000000	992.088684	176.819140	1.000000	4.743136
1.000000	6.000000	6.000000	977.000000	356.000000	28.000000	974.149405	365.384748	2.000000	5.592025
1.000000	7.000000	7.000000	960.000000	268.000000	18.000000	968.224713	270.752815	2.000000	6.103321
1.000000	8.000000	8.000000	994.000000	454.000000	38.000000	994.855288	463.897670	1.000000	6.727945
1.000000	9.000000	9.000000	1121.000000	537.000000	49.000000	1106.759952	546.466900	1.000000	7.230172
1.000000	10.000000	10.000000	1173.000000	687.000000	60.000000	1169.107471	693.603670	1.000000	8.742842
1.000000	11.000000	11.000000	1208.000000	795.000000	70.000000	1206.528081	789.286416	2.000000	9.519086
1.000000	12.000000	12.000000	949.000000	585.000000	48.000000	948.261790	595.305422	2.000000	10.670805
1.000000	13.000000	13.000000	765.000000	669.000000	56.000000	768.443520	675.263192	2.000000	11.255317
1.000000	14.000000	14.000000	865.000000	785.000000	67.000000	858.047075	791.381595	2.000000	11.655165
1.000000	15.000000	15.000000	995.000000	888.000000	78.000000	978.839323	901.249640	2.000000	12.078307
1.000000	16.000000	16.000000	849.000000	923.000000	77.000000	845.877733	915.016933	2.000000	12.648142
1.000000	17.000000	17.000000	735.000000	873.000000	76.000000	743.185530	864.673744	1.000000	13.470693
1.000000	18.000000	18.000000	844.000000	581.000000	47.000000	838.673248	590.802169	1.000000	14.120029
1.000000	19.000000	19.000000	558.000000	604.000000	44.000000	553.254215	599.486865	1.000000	16.000270
1.000000	20.000000	20.000000	420.000000	477.000000	33.000000	417.791345	501.465679	1.000000	16.567060
1.000000	21.000000	21.000000	406.000000	687.000000	53.000000	403.475426	704.847303	1.000000	17.111581
1.000000	22.000000	22.000000	306.000000	796.000000	62.000000	292.372069	787.789303	1.000000	17.622780
1.000000	23.000000	23.000000	185.000000	927.000000	71.000000	181.671351	914.429712	1.000000	18.127848
1.000000	24.000000	24.000000	441.000000	905.000000	73.000000	437.482517	906.146123	1.000000	18.743850
1.000000	25.000000	25.000000	210.000000	178.000000	1.000000	211.488345	171.146573	1.000000	19.791923
1.000000	26.000000	0.000000	328.000000	104.000000	2.000000	297.480861	131.081693	1.000000	20.135789
1.000000	27.000000	26.000000	305.000000	115.000000	2.000000	297.480861	131.081693	1.000000	20.854170
1.000000	28.000000	27.000000	434.000000	114.000000	3.000000	422.782303	121.943957	1.000000	21.598233
1.000000	29.000000	28.000000	680.000000	253.000000	15.000000	669.132674	255.813598	1.000000	22.647087
1.000000	30.000000	29.000000	544.000000	389.000000	24.000000	546.990731	396.314350	2.000000	23.510755
1.000000	31.000000	30.000000	439.000000	363.000000	23.000000	424.108349	366.081614	2.000000	23.958871
1.000000	32.000000	31.000000	316.000000	329.000000	22.000000	305.114659	332.947735	2.000000	24.431399
1.000000	33.000000	32.000000	306.000000	256.000000	12.000000	307.920473	246.675815	2.000000	25.048370
1.000000	34.000000	33.000000	216.000000	227.000000	11.000000	215.329460	225.963655	2.000000	25.647010
1.000000	35.000000	34.000000	665.000000	140.000000	5.000000	653.310063	134.282669	2.000000	26.567132
1.000000	36.000000	35.000000	521.000000	711.000000	54.000000	528.230388	717.120923	2.000000	28.391933
1.000000	37.000000	36.000000	518.000000	809.000000	64.000000	516.945506	805.131114	2.000000	28.870198
1.000000	38.000000	37.000000	538.000000	920.000000	74.000000	538.658711	923.678413	2.000000	29.262139
1.000000	39.000000	38.000000	324.000000	858.000000	72.000000	310.711667	866.625446	2.000000	29.839917
1.000000	40.000000	39.000000	192.000000	754.000000	61.000000	180.473279	774.950496	2.000000	30.438445
1.000000	41.000000	40.000000	240.000000	558.000000	41.000000	228.882389	557.140126	2.000000	31.152158
1.000000	1.000000	1.000000	662.000000	434.000000	35.000000	664.779816	439.171213	1.000000	0.939341
1.000000	2.000000	2.000000	840.000000	348.000000	27.000000	842.597822	348.108552	1.000000	1.602816
1.000000	3.000000	3.000000	870.000000	481.000000	37.000000	871.286647	483.860436	1.000000	2.178242
1.000000	4.000000	4.000000	975.000000	545.000000	48.000000	973.636136	557.337197	1.000000	2.691684
1.000000	5.000000	5.000000	1085.000000	485.000000	39.000000	1074.315255	479.511746	1.000000	3.043523
1.000000	6.000000	6.000000	1206.000000	359.000000	30.000000	1203.723027	361.711794	1.000000	3.585991
1.000000	7.000000	7.000000	1206.000000	287.000000	20.000000	1201.269164	287.951560	2.000000	4.082219
1.000000	8.000000	8.000000	959.000000	466.000000	38.000000	953.945167	472.776203	2.000000	4.794818
1.000000	9.000000	9.000000	1107.000000	532.000000	49.000000	1108.783450	545.005882	2.000000	5.307660
1.000000	10.000000	10.000000	1206.000000	541.000000	50.000000	1191.512617	544.318432	2.000000	5.738880
1.000000	11.000000	11.000000	850.000000	253.000000	17.000000	855.455079	258.588387	2.000000	6.673609
1.000000	12.000000	12.000000	878.000000	163.000000	7.000000	877.455887	172.507641	1.000000	7.147612
1.000000	13.000000	13.000000	755.000000	168.000000	6.000000	767.424343	175.384558	2.000000	7.595655
1.000000	14.000000	14.000000	538.000000	355.000000	24.000000	523.959427	368.902267	2.000000	9.411761
1.000000	15.000000	15.000000	732.000000	376.000000	26.000000	728.294878	379.006867	2.000000	9.994666
1.000000	16.000000	16.000000	944.000000	670.000000	58.000000	948.848777	674.674576	1.000000	11.233576
1.000000	17.000000	17.000000	1207.000000	859.000000	80.000000	1198.047885	865.749917	1.000000	11.986962
1.000000	18.000000	18.000000	1099.000000	866.000000	79.000000	1096.971269	872.156675	1.000000	12.491132
1.000000	19.000000	19.000000	974.000000	878.000000	78.000000	965.071380	879.139485	1.000000	12.897736
1.000000	20.000000	20.000000	852.000000	813.000000	67.000000	840.241380	822.141830	2.000000	13.690071
1.000000	21.000000	21.000000	967.000000	777.000000	68.000000	969.190130	781.605264	2.000000	14.178014
1.000000	22.000000	22.000000	1091.000000	780.000000	69.000000	1082.382225	785.694889	2.000000	14.706376
1.000000	23.000000	0.000000	1232.000000	748.000000	70.000000	1208.822065	757.380803	2.000000	15.321759
1.000000	24.000000	23.000000	628.000000	769.000000	65.000000	621.025677	775.956157	1.000000	16.969645
1.000000	25.000000	24.000000	633.000000	867.000000	75.000000	630.680781	878.140734	1.000000	17.441995
1.000000	26.000000	25.000000	737.000000	588.000000	46.000000	731.856273	585.690450	1.000000	18.091411
1.000000	27.000000	26.000000	320.000000	645.000000	52.000000	322.779169	657.633791	1.000000	18.723612
1.000000	28.000000	27.000000	299.000000	772.000000	62.000000	296.767015	783.953964	1.000000	19.203058
1.000000	29.000000	28.000000	337.000000	872.000000	72.000000	332.725064	887.397287	1.000000	19.834379
1.000000	30.000000	29.000000	211.000000	884.000000	71.000000	211.764841	881.636139	2.000000	20.346364
1.000000	31.000000	30.000000	422.000000	793.000000	63.000000	410.646743	794.342037	2.000000	20.907077
1.000000	32.000000	31.000000	399.000000	900.000000	73.000000	399.491452	890.645023	2.000000	21.474812
1.000000	33.000000	32.000000	432.000000	657.000000	53.000000	437.572744	655.032844	2.000000	22.067827
1.000000	34.000000	33.000000	430.000000	586.000000	43.000000	434.504640	588.122267	2.000000	22.418889
1.000000	35.000000	34.000000	306.000000	579.000000	42.000000	301.397924	580.841915	2.000000	22.801817
1.000000	36.000000	35.000000	633.000000	688.000000	55.000000	622.013686	684.656410	2.000000	23.811766
1.000000	37.000000	36.000000	1214.000000	767.000000	70.000000	1208.822065	757.380803	2.000000	24.931647
1.000000	38.000000	37.000000	283.000000	281.000000	12.000000	289.993364	286.237005	2.000000	26.443806
1.000000	39.000000	38.000000	399.000000	337.000000	23.000000	402.314141	352.536172	1.000000	26.890203
1.000000	40.000000	39.000000	419.000000	159.000000	3.000000	410.750028	155.751954	1.000000	27.986393
1.000000	41.000000	40.000000	201.000000	393.000000	21.000000	206.810078	389.648720	1.000000	28.970081
2.000000	1.000000	1.000000	744.000000	436.000000	36.000000	744.348470	439.478712	2.000000	1.957294
2.000000	2.000000	2.000000	638.000000	598.000000	45.000000	623.512657	590.858958	2.000000	2.509879
2.000000	3.000000	3.000000	540.000000	596.000000	44.000000	543.262945	588.514868	2.000000	2.916868
2.000000	4.000000	4.000000	775.000000	603.000000	46.000000	780.374130	608.668676	2.000000	3.470672
2.000000	5.000000	5.000000	891.000000	683.000000	57.000000	882.807112	687.996675	2.000000	3.876655
2.000000	6.000000	6.000000	964.000000	786.000000	68.000000	968.987237	794.654245	2.000000	4.366632
2.000000	7.000000	7.000000	878.000000	895.000000	77.000000	873.671864	899.437250	2.000000	4.958121
2.000000	8.000000	8.000000	1201.000000	822.000000	70.000000	1197.831892	826.026930	2.000000	5.694258
2.000000	9.000000	9.000000	1189.000000	871.000000	80.000000	1182.143349	875.517019	1.000000	6.118624
2.000000	10.000000	10.000000	878.000000	807.000000	67.000000	883.426602	820.867637	1.000000	6.710023
2.000000	11.000000	11.000000	770.000000	820.000000	66.000000	765.291793	821.238828	1.000000	7.085587
2.000000	12.000000	12.000000	759.000000	915.000000	76.000000	749.330962	914.621909	1.000000	7.477144
2.000000	13.000000	13.000000	757.000000	686.000000	56.000000	749.212098	703.239488	1.000000	7.957213
2.000000	14.000000	14.000000	522.000000	805.000000	64.000000	524.510534	808.152642	1.000000	8.541609
2.000000	15.000000	15.000000	322.000000	703.000000	52.000000	321.660755	718.743576	1.000000	9.085227
2.000000	16.000000	16.000000	201.000000	667.000000	51.000000	208.347696	667.611069	2.000000	9.717754
2.000000	17.000000	17.000000	286.000000	886.000000	72.000000	288.876073	898.741390	2.000000	10.397042
2.000000	18.000000	18.000000	454.000000	911.000000	73.000000	441.186857	919.870650	2.000000	10.869203
2.000000	19.000000	19.000000	537.000000	911.000000	74.000000	533.275613	911.079166	2.000000	11.269408
2.000000	20.000000	20.000000	318.000000	547.000000	42.000000	303.135642	546.467414	2.000000	12.518649
2.000000	21.000000	21.000000	329.000000	500.000000	32.000000	323.272873	496.529204	2.000000	13.036642
2.000000	22.000000	22.000000	241.000000	356.000000	21.000000	232.056099	354.154660	2.000000	14.093373
2.000000	23.000000	23.000000	319.000000	370.000000	22.000000	312.141506	379.476218	1.000000	14.502645
2.000000	24.000000	24.000000	212.000000	568.000000	41.000000	215.312746	580.780895	1.000000	15.133562
2.000000	25.000000	25.000000	398.000000	277.000000	13.000000	399.898779	267.390066	1.000000	15.732750
2.000000	26.000000	26.000000	556.000000	224.000000	14.000000	541.498084	228.714550	1.000000	16.342521
2.000000	27.000000	27.000000	614.000000	141.000000	5.000000	623.793757	152.529904	1.000000	16.860534
2.000000	28.000000	28.000000	657.000000	339.000000	25.000000	649.138757	345.938892	1.000000	17.598464
2.000000	29.000000	29.000000	558.000000	487.000000	34.000000	557.567025	494.742607	1.000000	18.069640
2.000000	30.000000	30.000000	340.000000	140.000000	2.000000	339.624335	139.673589	2.000000	19.102773
2.000000	31.000000	31.000000	743.000000	275.000000	16.000000	740.800810	282.128740	2.000000	20.084701
2.000000	32.000000	32.000000	772.000000	136.000000	6.000000	761.025769	148.697855	2.000000	20.581878
2.000000	33.000000	33.000000	784.000000	346.000000	26.000000	773.959264	351.530341	1.000000	21.228943
2.000000	34.000000	34.000000	961.000000	381.000000	28.000000	964.179297	389.016501	1.000000	21.893761
2.000000	35.000000	35.000000	1104.000000	352.000000	29.000000	1095.809593	356.984589	1.000000	22.525618
2.000000	36.000000	36.000000	1212.000000	473.000000	40.000000	1218.077246	478.161660	2.000000	23.092831
2.000000	37.000000	37.000000	1203.000000	573.000000	50.000000	1204.988630	580.106030	2.000000	23.614253
2.000000	38.000000	38.000000	960.000000	166.000000	8.000000	969.055059	176.797089	1.000000	24.405590
2.000000	39.000000	39.000000	1066.000000	159.000000	9.000000	1069.679566	157.281984	1.000000	24.805577
2.000000	40.000000	40.000000	1188.000000	248.000000	20.000000	1191.490208	254.731228	1.000000	25.366203
3.000000	1.000000	1.000000	753.000000	395.000000	26.000000	759.789269	391.236373	2.000000	0.992108
3.000000	2.000000	2.000000	853.000000	555.000000	47.000000	844.957443	555.665387	2.000000	1.480496
3.000000	3.000000	3.000000	836.000000	643.000000	57.000000	844.509155	658.796008	2.000000	1.991974
3.000000	4.000000	4.000000	741.000000	707.000000	56.000000	745.320513	700.980073	2.000000	2.535963
3.000000	5.000000	5.000000	649.000000	669.000000	55.000000	648.893105	654.614573	2.000000	2.928637
3.000000	6.000000	6.000000	541.000000	610.000000	44.000000	525.638970	612.537335	2.000000	3.336140
3.000000	7.000000	0.000000	405.000000	458.000000	33.000000	439.317742	482.772687	2.000000	3.783921
3.000000	8.000000	7.000000	443.000000	478.000000	33.000000	439.317742	482.772687	2.000000	4.137668
3.000000	9.000000	8.000000	562.000000	274.000000	14.000000	561.490158	285.123544	2.000000	4.745948
3.000000	10.000000	9.000000	449.000000	221.000000	13.000000	446.615462	234.685706	2.000000	5.210095
3.000000	11.000000	10.000000	310.000000	131.000000	2.000000	302.899419	131.023263	2.000000	5.785557
3.000000	12.000000	11.000000	305.000000	279.000000	12.000000	299.210150	275.591459	2.000000	6.289684
3.000000	13.000000	12.000000	192.000000	420.000000	31.000000	189.491622	436.647683	2.000000	7.608993
3.000000	14.000000	13.000000	569.000000	440.000000	34.000000	557.338270	442.244235	1.000000	8.448139
3.000000	15.000000	14.000000	663.000000	351.000000	25.000000	657.646954	351.114468	1.000000	8.920631
3.000000	16.000000	15.000000	639.000000	233.000000	15.000000	643.522027	243.224883	1.000000	9.232661
3.000000	17.000000	16.000000	570.000000	172.000000	4.000000	560.647104	171.229526	1.000000	9.584937
3.000000	18.000000	17.000000	753.000000	265.000000	16.000000	752.109635	272.565192	1.000000	10.352544
3.000000	19.000000	18.000000	883.000000	346.000000	27.000000	881.496575	365.689878	1.000000	10.808050
3.000000	20.000000	19.000000	1067.000000	341.000000	29.000000	1066.813076	346.230355	1.000000	11.417160
3.000000	21.000000	20.000000	1196.000000	276.000000	20.000000	1185.439168	266.851455	2.000000	11.952577
3.000000	22.000000	21.000000	964.000000	240.000000	18.000000	962.688036	248.888878	2.000000	12.513429
3.000000	23.000000	22.000000	1204.000000	391.000000	30.000000	1201.369956	387.366067	1.000000	13.112594
3.000000	24.000000	23.000000	1102.000000	492.000000	39.000000	1099.122874	499.776138	1.000000	13.680847
3.000000	25.000000	24.000000	1191.000000	536.000000	50.000000	1181.469981	545.880989	1.000000	14.224393
3.000000	26.000000	25.000000	970.000000	702.000000	58.000000	953.801002	710.411856	2.000000	15.104135
3.000000	27.000000	26.000000	1070.000000	808.000000	69.000000	1060.004213	814.658057	1.000000	15.671847
3.000000	28.000000	27.000000	1099.000000	862.000000	79.000000	1099.279774	869.343145	1.000000	16.120104
3.000000	29.000000	28.000000	1216.000000	654.000000	60.000000	1203.835703	666.144621	1.000000	16.784173
3.000000	30.000000	29.000000	995.000000	901.000000	78.000000	980.798447	903.024880	1.000000	17.529028
3.000000	31.000000	30.000000	670.000000	895.000000	75.000000	670.135299	892.457326	1.000000	18.184828
3.000000	32.000000	31.000000	789.000000	792.000000	66.000000	782.373829	793.955639	2.000000	18.849238
3.000000	33.000000	32.000000	548.000000	863.000000	74.000000	538.705971	866.117769	1.000000	19.656728
3.000000	34.000000	33.000000	403.000000	794.000000	63.000000	410.017644	797.814911	1.000000	20.257076
3.000000	35.000000	34.000000	312.000000	752.000000	62.000000	307.951838	757.151254	2.000000	20.905070
3.000000	36.000000	35.000000	210.000000	756.000000	61.000000	197.196254	766.539809	2.000000	21.368313
3.000000	37.000000	36.000000	311.000000	892.000000	72.000000	304.442699	887.326143	2.000000	21.848997
3.000000	38.000000	37.000000	217.000000	699.000000	51.000000	222.106653	687.603687	1.000000	22.449952
3.000000	39.000000	38.000000	353.000000	649.000000	52.000000	341.677525	650.386083	1.000000	22.984640
3.000000	40.000000	39.000000	670.000000	612.000000	45.000000	668.041577	608.886244	1.000000	25.217712
3.000000	41.000000	40.000000	1225.000000	896.000000	80.000000	1221.385616	902.986933	2.000000	33.521506
4.000000	1.000000	1.000000	985.000000	703.000000	58.000000	965.944881	699.058465	1.000000	1.386340
4.000000	2.000000	2.000000	968.000000	795.000000	68.000000	967.680998	789.754515	1.000000	1.771117
4.000000	3.000000	3.000000	998.000000	890.000000	78.000000	980.911683	872.313529	1.000000	2.123109
4.000000	4.000000	4.000000	876.000000	931.000000	77.000000	876.994488	910.040162	1.000000	2.521632
4.000000	5.000000	5.000000	896.000000	609.000000	47.000000	878.039971	599.617035	1.000000	3.152899
4.000000	6.000000	0.000000	977.000000	429.000000	28.000000	980.411136	392.579278	1.000000	3.657031
4.000000	7.000000	6.000000	967.000000	403.000000	28.000000	980.411136	392.579278	1.000000	4.194866
4.000000	8.000000	7.000000	867.000000	393.000000	27.000000	863.685302	377.520910	1.000000	7.234705
4.000000	9.000000	8.000000	958.000000	154.000000	8.000000	953.597055	162.242386	1.000000	7.955126
4.000000	10.000000	9.000000	1076.000000	133.000000	9.000000	1071.214097	133.154514	1.000000	8.442818
4.000000	11.000000	10.000000	989.000000	280.000000	18.000000	986.669965	279.667018	2.000000	8.938214
4.000000	12.000000	11.000000	850.000000	152.000000	7.000000	854.051005	161.538647	2.000000	9.401269
4.000000	13.000000	12.000000	1082.000000	379.000000	29.000000	1087.477045	389.764301	2.000000	10.073204
4.000000	14.000000	13.000000	1223.000000	540.000000	50.000000	1221.961509	545.742826	2.000000	10.553161
4.000000	15.000000	14.000000	1070.000000	687.000000	59.000000	1065.814541	672.242329	2.000000	11.130688
4.000000	16.000000	0.000000	1183.000000	725.000000	60.000000	1173.204284	699.669654	2.000000	11.649214
4.000000	17.000000	15.000000	1202.000000	787.000000	70.000000	1201.297732	786.360877	2.000000	12.201743
4.000000	18.000000	16.000000	1172.000000	699.000000	60.000000	1173.204284	699.669654	2.000000	12.730447
4.000000	19.000000	17.000000	744.000000	722.000000	56.000000	737.220778	714.008588	1.000000	14.130104
4.000000	20.000000	18.000000	848.000000	696.000000	57.000000	841.328890	693.561685	2.000000	14.562030
4.000000	21.000000	19.000000	880.000000	795.000000	67.000000	881.431060	784.607193	2.000000	15.097154
4.000000	22.000000	20.000000	676.000000	826.000000	65.000000	667.216865	811.898273	2.000000	15.897314
4.000000	23.000000	21.000000	661.000000	939.000000	75.000000	659.242711	932.061907	1.000000	17.145870
4.000000	24.000000	22.000000	449.000000	836.000000	63.000000	431.460176	822.280254	2.000000	18.457087
4.000000	25.000000	23.000000	315.000000	882.000000	72.000000	312.106455	876.714024	1.000000	19.266752
4.000000	26.000000	24.000000	206.000000	665.000000	51.000000	192.862656	663.372775	2.000000	20.081700
4.000000	27.000000	25.000000	428.000000	672.000000	53.000000	418.125833	672.462696	2.000000	21.346807
4.000000	28.000000	26.000000	460.000000	575.000000	43.000000	449.305994	565.911518	2.000000	22.730049
4.000000	29.000000	27.000000	564.000000	499.000000	34.000000	560.272275	503.032313	2.000000	23.153388
4.000000	30.000000	28.000000	625.000000	568.000000	45.000000	620.000001	568.488852	2.000000	23.618900
4.000000	31.000000	29.000000	638.000000	450.000000	35.000000	624.852579	445.126222	1.000000	24.058723
4.000000	32.000000	30.000000	739.000000	445.000000	36.000000	740.206771	441.224479	1.000000	24.504985
4.000000	33.000000	31.000000	557.000000	382.000000	24.000000	546.419558	378.390965	1.000000	25.066758
4.000000	34.000000	32.000000	571.000000	184.000000	4.000000	561.981588	170.943475	1.000000	25.673896
4.000000	35.000000	33.000000	655.000000	139.000000	5.000000	655.816613	139.523235	1.000000	26.202891
4.000000	36.000000	34.000000	671.000000	411.000000	25.000000	670.922175	397.680292	2.000000	26.833177
4.000000	37.000000	35.000000	442.000000	329.000000	23.000000	424.464118	332.186611	2.000000	27.410011
4.000000	38.000000	0.000000	322.000000	270.000000	12.000000	301.292847	255.599483	2.000000	27.897404
4.000000	39.000000	36.000000	318.000000	257.000000	12.000000	301.292847	255.599483	2.000000	28.634871
4.000000	40.000000	0.000000	227.000000	326.000000	11.000000	217.045585	288.169685	1.000000	29.323158
4.000000	41.000000	37.000000	212.000000	295.000000	11.000000	217.045585	288.169685	1.000000	29.754067
4.000000	42.000000	38.000000	215.000000	405.000000	21.000000	218.538572	393.249586	1.000000	30.363006
4.000000	43.000000	39.000000	215.000000	576.000000	41.000000	212.572519	589.513663	1.000000	30.881838
4.000000	44.000000	40.000000	294.000000	471.000000	32.000000	287.984594	464.687867	2.000000	31.473790
5.000000	1.000000	1.000000	778.000000	470.000000	36.000000	774.727337	467.166700	2.000000	0.633821
5.000000	2.000000	2.000000	743.000000	539.000000	46.000000	739.060911	549.005530	2.000000	1.058952
5.000000	3.000000	3.000000	893.000000	572.000000	47.000000	892.154358	591.168892	2.000000	1.538690
5.000000	4.000000	4.000000	886.000000	503.000000	37.000000	876.146251	506.267345	2.000000	1.907136
5.000000	5.000000	5.000000	863.000000	338.000000	27.000000	853.365941	339.017989	2.000000	2.371252
5.000000	6.000000	6.000000	884.000000	170.000000	7.000000	868.478243	178.557405	2.000000	2.867472
5.000000	7.000000	7.000000	1101.000000	134.000000	9.000000	1082.899260	136.225237	2.000000	3.619577
5.000000	8.000000	8.000000	1188.000000	230.000000	20.000000	1179.583773	243.583219	1.000000	4.211450
5.000000	9.000000	9.000000	982.000000	145.000000	8.000000	982.938088	148.823698	1.000000	4.778370
5.000000	10.000000	10.000000	955.000000	353.000000	28.000000	951.365344	370.590880	1.000000	5.395664
5.000000	11.000000	11.000000	1194.000000	384.000000	30.000000	1187.138140	383.608400	1.000000	6.290819
5.000000	12.000000	12.000000	1089.000000	647.000000	59.000000	1076.508667	659.331628	2.000000	7.987362
5.000000	13.000000	13.000000	1224.000000	663.000000	60.000000	1215.070906	672.686275	2.000000	8.441882
5.000000	14.000000	14.000000	879.000000	697.000000	57.000000	877.377001	696.385183	2.000000	9.731083
5.000000	15.000000	15.000000	868.000000	806.000000	67.000000	859.063720	794.431023	2.000000	10.203943
5.000000	16.000000	16.000000	983.000000	907.000000	78.000000	983.124916	907.913221	2.000000	10.835692
5.000000	17.000000	17.000000	1087.000000	865.000000	79.000000	1075.010520	871.317954	2.000000	11.218213
5.000000	18.000000	18.000000	1184.000000	916.000000	80.000000	1180.570116	926.038573	2.000000	11.818162
5.000000	19.000000	19.000000	676.000000	683.000000	55.000000	668.729260	678.411908	1.000000	13.723841
5.000000	20.000000	20.000000	622.000000	484.000000	35.000000	619.963530	478.303614	1.000000	14.250522
5.000000	21.000000	21.000000	667.000000	371.000000	25.000000	653.616885	384.857965	1.000000	14.699740
5.000000	22.000000	22.000000	546.000000	495.000000	34.000000	551.122444	497.459071	1.000000	15.450374
5.000000	23.000000	23.000000	521.000000	568.000000	44.000000	523.901581	574.470597	2.000000	15.881584
5.000000	24.000000	24.000000	551.000000	662.000000	54.000000	543.095248	653.998568	2.000000	16.249867
5.000000	25.000000	25.000000	432.000000	787.000000	63.000000	436.163219	785.735472	2.000000	16.857704
5.000000	26.000000	26.000000	525.000000	783.000000	64.000000	527.129130	791.654371	1.000000	17.226127
5.000000	27.000000	27.000000	547.000000	884.000000	74.000000	545.365543	888.132611	2.000000	17.803184
5.000000	28.000000	28.000000	429.000000	860.000000	73.000000	416.270012	862.879294	1.000000	18.434352
5.000000	29.000000	29.000000	297.000000	714.000000	52.000000	302.974939	715.197461	1.000000	19.266980
5.000000	30.000000	30.000000	168.000000	923.000000	71.000000	178.269192	930.671620	1.000000	19.978326
5.000000	31.000000	31.000000	322.000000	590.000000	42.000000	317.710288	603.898218	1.000000	20.849621
5.000000	32.000000	32.000000	454.000000	570.000000	43.000000	439.893349	573.843289	1.000000	21.346784
5.000000	33.000000	33.000000	235.000000	450.000000	31.000000	220.524090	454.536132	1.000000	22.219684
5.000000	34.000000	34.000000	214.000000	360.000000	21.000000	199.950443	359.488559	1.000000	22.530630
5.000000	35.000000	35.000000	203.000000	252.000000	11.000000	186.917550	253.260755	1.000000	22.890970
5.000000	36.000000	36.000000	186.000000	134.000000	1.000000	184.995825	140.098084	1.000000	23.274475
5.000000	37.000000	37.000000	327.000000	262.000000	12.000000	311.744721	255.874609	2.000000	23.995447
5.000000	38.000000	38.000000	421.000000	130.000000	3.000000	425.882539	133.269087	2.000000	24.507579
5.000000	39.000000	39.000000	642.000000	224.000000	15.000000	656.491767	228.167929	1.000000	25.539272
5.000000	40.000000	40.000000	532.000000	115.000000	4.000000	532.054508	123.260924	1.000000	25.987101
6.000000	1.000000	1.000000	731.000000	439.000000	36.000000	730.598883	453.290455	1.000000	1.041922
6.000000	2.000000	2.000000	636.000000	481.000000	35.000000	628.039136	495.550405	1.000000	1.497003
6.000000	3.000000	3.000000	556.000000	460.000000	34.000000	544.495245	466.185373	2.000000	2.017090
6.000000	4.000000	4.000000	430.000000	277.000000	13.000000	432.532912	284.944863	1.000000	2.721625
6.000000	5.000000	5.000000	656.000000	289.000000	15.000000	653.126878	288.510789	1.000000	3.307035
6.000000	6.000000	6.000000	843.000000	260.000000	17.000000	850.582258	264.965205	2.000000	4.034648
6.000000	7.000000	7.000000	854.000000	330.000000	27.000000	853.230856	348.127284	1.000000	4.610623
6.000000	8.000000	8.000000	1180.000000	130.000000	10.000000	1182.952171	126.637745	2.000000	6.001079
6.000000	9.000000	9.000000	1085.000000	216.000000	19.000000	1088.780033	228.452103	2.000000	7.210386
6.000000	10.000000	10.000000	1191.000000	359.000000	30.000000	1169.003862	355.253137	2.000000	8.418233
6.000000	11.000000	11.000000	1013.000000	362.000000	28.000000	994.989831	356.264373	2.000000	9.050543
6.000000	12.000000	12.000000	1013.000000	496.000000	38.000000	999.341518	505.145532	1.000000	9.881003
6.000000	13.000000	13.000000	1108.000000	563.000000	49.000000	1099.024220	561.151741	1.000000	10.265253
6.000000	14.000000	14.000000	1189.000000	449.000000	40.000000	1196.675842	439.594924	2.000000	10.657116
6.000000	15.000000	15.000000	1108.000000	704.000000	59.000000	1111.063341	697.085381	1.000000	11.521805
6.000000	16.000000	16.000000	896.000000	600.000000	47.000000	890.826182	601.522033	1.000000	12.130932
6.000000	17.000000	17.000000	959.000000	698.000000	58.000000	968.713746	699.341462	2.000000	12.562085
6.000000	18.000000	18.000000	979.000000	792.000000	68.000000	982.056887	798.660264	2.000000	13.000896
6.000000	19.000000	19.000000	1094.000000	913.000000	79.000000	1096.662078	927.570176	1.000000	13.913519
6.000000	20.000000	20.000000	1204.000000	898.000000	80.000000	1210.217777	908.948186	2.000000	14.585076
6.000000	21.000000	21.000000	829.000000	934.000000	77.000000	851.796006	924.258364	2.000000	15.241715
6.000000	22.000000	22.000000	777.000000	597.000000	46.000000	765.303294	590.181196	2.000000	16.264776
6.000000	23.000000	23.000000	515.000000	713.000000	54.000000	529.418261	707.921757	2.000000	17.018285
6.000000	24.000000	24.000000	537.000000	787.000000	64.000000	530.646022	792.036714	2.000000	17.466006
6.000000	25.000000	25.000000	675.000000	689.000000	55.000000	671.006056	692.755590	1.000000	17.994466
6.000000	26.000000	26.000000	739.000000	683.000000	56.000000	729.334256	682.999502	1.000000	18.345180
6.000000	27.000000	27.000000	758.000000	845.000000	76.000000	761.676087	862.873273	1.000000	18.986715
6.000000	28.000000	28.000000	326.000000	778.000000	62.000000	308.092750	774.185065	2.000000	20.130846
6.000000	29.000000	29.000000	301.000000	704.000000	52.000000	301.177057	699.783243	2.000000	20.602229
6.000000	30.000000	30.000000	227.000000	687.000000	51.000000	225.727434	688.760081	2.000000	20.994477
6.000000	31.000000	31.000000	188.000000	780.000000	61.000000	185.651762	789.695442	1.000000	21.465012
6.000000	32.000000	32.000000	215.000000	876.000000	71.000000	214.212514	876.251314	1.000000	21.850237
6.000000	33.000000	33.000000	427.000000	702.000000	53.000000	426.317493	697.325811	1.000000	22.424702
6.000000	34.000000	34.000000	442.000000	566.000000	43.000000	445.107110	566.597158	1.000000	22.897538
6.000000	35.000000	35.000000	313.000000	573.000000	42.000000	320.186557	586.127101	1.000000	23.425835
6.000000	36.000000	36.000000	431.000000	444.000000	33.000000	422.438204	439.675424	2.000000	24.329000
6.000000	37.000000	37.000000	310.000000	375.000000	22.000000	298.171890	368.094792	2.000000	25.049467
6.000000	38.000000	38.000000	186.000000	339.000000	21.000000	180.053733	331.450528	1.000000	25.562365
6.000000	39.000000	39.000000	678.000000	140.000000	5.000000	667.168129	129.293027	1.000000	26.616877
6.000000	40.000000	40.000000	453.000000	105.000000	3.000000	443.438873	120.584111	2.000000	27.489335
7.000000	1.000000	1.000000	744.000000	365.000000	26.000000	748.733607	369.389856	2.000000	0.839102
7.000000	2.000000	2.000000	635.000000	333.000000	25.000000	620.210351	335.572878	2.000000	1.320160
7.000000	3.000000	3.000000	649.000000	285.000000	15.000000	633.057240	291.373489	2.000000	1.639556
7.000000	4.000000	0.000000	636.000000	162.000000	5.000000	629.834458	188.648697	2.000000	2.024335
7.000000	5.000000	4.000000	627.000000	189.000000	5.000000	629.834458	188.648697	2.000000	2.655594
7.000000	6.000000	5.000000	447.000000	150.000000	3.000000	450.065389	152.335561	1.000000	3.246213
7.000000	7.000000	6.000000	557.000000	174.000000	4.000000	561.194814	187.052340	1.000000	3.664351
7.000000	8.000000	7.000000	743.000000	151.000000	6.000000	742.596063	144.262019	1.000000	4.134281
7.000000	9.000000	8.000000	786.000000	277.000000	16.000000	767.779455	260.460082	1.000000	4.774453
7.000000	10.000000	9.000000	860.000000	385.000000	27.000000	851.105189	373.273536	1.000000	5.334907
7.000000	11.000000	10.000000	966.000000	445.000000	38.000000	964.757602	460.542401	1.000000	5.943384
7.000000	12.000000	11.000000	1080.000000	277.000000	19.000000	1082.912635	282.069175	2.000000	6.590658
7.000000	13.000000	12.000000	997.000000	175.000000	8.000000	986.871284	178.354841	1.000000	7.520199
7.000000	14.000000	13.000000	1171.000000	332.000000	30.000000	1170.748355	331.829277	1.000000	9.335721
7.000000	15.000000	14.000000	1222.000000	455.000000	40.000000	1211.433724	464.198661	1.000000	9.751376
7.000000	16.000000	15.000000	1219.000000	560.000000	50.000000	1218.073406	569.872708	1.000000	10.152219
7.000000	17.000000	16.000000	1173.000000	663.000000	60.000000	1173.657038	658.837764	1.000000	10.750164
7.000000	18.000000	17.000000	1120.000000	618.000000	49.000000	1110.095475	610.581409	1.000000	11.175452
7.000000	19.000000	18.000000	1057.000000	709.000000	59.000000	1058.351020	696.232061	2.000000	11.806401
7.000000	20.000000	19.000000	982.000000	562.000000	48.000000	980.910646	564.690354	2.000000	12.319449
7.000000	21.000000	20.000000	1099.000000	884.000000	79.000000	1090.537118	903.323521	2.000000	13.318283
7.000000	22.000000	21.000000	1185.000000	926.000000	80.000000	1178.287468	931.339639	1.000000	13.743828
7.000000	23.000000	22.000000	780.000000	806.000000	66.000000	762.607963	804.440336	1.000000	15.199996
7.000000	24.000000	23.000000	762.000000	679.000000	56.000000	763.092987	689.277393	2.000000	16.374467
7.000000	25.000000	24.000000	677.000000	804.000000	65.000000	671.494506	810.918330	2.000000	16.944108
7.000000	26.000000	25.000000	758.000000	905.000000	76.000000	763.052648	916.970224	2.000000	17.471266
7.000000	27.000000	26.000000	666.000000	898.000000	75.000000	663.107818	898.203400	2.000000	17.944309
7.000000	28.000000	27.000000	544.000000	872.000000	74.000000	551.110665	863.035939	2.000000	18.423361
7.000000	29.000000	28.000000	506.000000	676.000000	54.000000	523.073864	668.231180	2.000000	19.119426
7.000000	30.000000	29.000000	412.000000	910.000000	73.000000	415.812747	917.953220	2.000000	19.751398
7.000000	31.000000	30.000000	344.000000	666.000000	52.000000	331.267482	658.147873	1.000000	20.679204
7.000000	32.000000	31.000000	525.000000	767.000000	64.000000	531.089583	778.669515	1.000000	21.335292
7.000000	33.000000	32.000000	458.000000	548.000000	43.000000	449.654357	553.631488	1.000000	22.095756
7.000000	34.000000	33.000000	767.000000	560.000000	46.000000	750.704893	564.395726	1.000000	22.854545
7.000000	35.000000	34.000000	844.000000	588.000000	47.000000	841.199734	581.715714	1.000000	23.334288
7.000000	36.000000	35.000000	410.000000	394.000000	23.000000	413.547011	396.541693	2.000000	24.966437
7.000000	37.000000	36.000000	331.000000	452.000000	32.000000	333.785783	454.180072	2.000000	25.374686
7.000000	38.000000	37.000000	224.000000	225.000000	11.000000	225.306358	236.016017	2.000000	26.391197
7.000000	39.000000	38.000000	300.000000	176.000000	2.000000	300.624898	181.235880	2.000000	27.046783
7.000000	40.000000	39.000000	231.000000	171.000000	1.000000	215.761811	167.866189	1.000000	28.495691
7.000000	41.000000	40.000000	226.000000	643.000000	51.000000	228.347965	654.120237	2.000000	30.375617
8.000000	1.000000	1.000000	738.000000	444.000000	36.000000	735.575164	439.113235	4.000000	0.835000
9.000000	1.000000	1.000000	743.000000	453.000000	36.000000	749.048069	452.611288	2.000000	1.498165
9.000000	2.000000	2.000000	759.000000	561.000000	46.000000	753.407173	578.945959	1.000000	2.240828
9.000000	3.000000	3.000000	752.000000	654.000000	56.000000	747.216495	673.988617	2.000000	3.496187
9.000000	4.000000	4.000000	851.000000	607.000000	47.000000	840.421204	603.743885	2.000000	4.120828
9.000000	5.000000	5.000000	892.000000	754.000000	67.000000	889.474375	758.674185	2.000000	4.746221
9.000000	6.000000	6.000000	994.000000	698.000000	58.000000	984.691165	692.957397	1.000000	5.489401
9.000000	7.000000	0.000000	1081.000000	579.000000	49.000000	1060.884635	594.666782	1.000000	6.010483
9.000000	8.000000	7.000000	988.000000	546.000000	48.000000	971.458718	548.179345	1.000000	6.576300
9.000000	9.000000	8.000000	1075.000000	584.000000	49.000000	1060.884635	594.666782	1.000000	6.994222
9.000000	10.000000	9.000000	1185.000000	444.000000	40.000000	1200.969622	456.491470	1.000000	7.576283
9.000000	11.000000	10.000000	1169.000000	368.000000	30.000000	1167.988916	366.504750	1.000000	7.920846
9.000000	12.000000	11.000000	1096.000000	286.000000	19.000000	1084.728400	278.772593	2.000000	8.392609
9.000000	13.000000	12.000000	978.000000	231.000000	18.000000	964.608505	234.709785	2.000000	8.913563
9.000000	14.000000	13.000000	959.000000	192.000000	8.000000	950.399008	178.233139	1.000000	9.370538
9.000000	15.000000	14.000000	1175.000000	794.000000	70.000000	1167.960581	799.624663	1.000000	11.664640
9.000000	16.000000	15.000000	1129.000000	812.000000	69.000000	1110.987775	813.649915	1.000000	12.088240
9.000000	17.000000	16.000000	1190.000000	697.000000	60.000000	1180.313053	695.205292	2.000000	12.552749
9.000000	18.000000	17.000000	1095.000000	876.000000	79.000000	1090.592105	867.430252	2.000000	13.192467
9.000000	19.000000	18.000000	979.000000	916.000000	78.000000	977.902138	922.348329	2.000000	13.585282
9.000000	20.000000	19.000000	896.000000	879.000000	77.000000	891.779425	881.809712	2.000000	13.969250
9.000000	21.000000	20.000000	779.000000	889.000000	76.000000	778.188695	906.861518	1.000000	14.849425
9.000000	22.000000	21.000000	544.000000	897.000000	74.000000	545.405620	892.503534	1.000000	15.552597
9.000000	23.000000	22.000000	413.000000	932.000000	73.000000	414.237295	931.001577	1.000000	16.194418
9.000000	24.000000	23.000000	167.000000	919.000000	71.000000	178.652042	926.503634	1.000000	16.801243
9.000000	25.000000	24.000000	294.000000	775.000000	62.000000	300.223559	783.463984	2.000000	17.657479
9.000000	26.000000	25.000000	445.000000	757.000000	63.000000	443.860735	766.965201	2.000000	18.225082
9.000000	27.000000	26.000000	515.000000	757.000000	64.000000	522.306845	762.276785	2.000000	18.617413
9.000000	28.000000	27.000000	565.000000	692.000000	54.000000	545.563261	693.447695	1.000000	19.040835
9.000000	29.000000	28.000000	421.000000	680.000000	53.000000	434.248299	690.752695	1.000000	19.480658
9.000000	30.000000	29.000000	335.000000	569.000000	42.000000	316.485407	570.123554	2.000000	20.208492
9.000000	31.000000	30.000000	216.000000	669.000000	51.000000	205.789309	685.389629	1.000000	20.808680
9.000000	32.000000	31.000000	314.000000	466.000000	32.000000	319.599714	489.114622	1.000000	21.608978
9.000000	33.000000	32.000000	211.000000	376.000000	21.000000	208.981058	380.228356	1.000000	22.042243
9.000000	34.000000	33.000000	198.000000	241.000000	11.000000	188.895355	232.289611	2.000000	22.521306
9.000000	35.000000	34.000000	309.000000	258.000000	12.000000	292.403346	259.554032	2.000000	22.938557
9.000000	36.000000	35.000000	421.000000	124.000000	3.000000	432.405337	124.831068	2.000000	23.520583
9.000000	37.000000	36.000000	533.000000	171.000000	4.000000	524.430691	175.525358	2.000000	23.977246
9.000000	38.000000	37.000000	560.000000	249.000000	14.000000	562.209279	255.892436	2.000000	24.497172
9.000000	39.000000	0.000000	684.000000	309.000000	15.000000	663.655748	294.362270	1.000000	25.329124
9.000000	40.000000	38.000000	842.000000	276.000000	17.000000	843.006312	283.677286	1.000000	26.018519
9.000000	41.000000	39.000000	669.000000	289.000000	15.000000	663.655748	294.362270	1.000000	26.737032
9.000000	42.000000	40.000000	447.000000	448.000000	33.000000	430.937089	455.613831	2.000000	27.464711
10.000000	1.000000	1.000000	752.000000	577.000000	46.000000	756.456131	596.373765	2.000000	0.990796
10.000000	2.000000	0.000000	776.000000	638.000000	56.000000	768.504791	662.017663	2.000000	1.399241
10.000000	3.000000	0.000000	903.000000	701.000000	57.000000	865.045765	691.413238	2.000000	2.061734
10.000000	4.000000	2.000000	878.000000	697.000000	57.000000	865.045765	691.413238	2.000000	2.381864
10.000000	5.000000	3.000000	773.000000	670.000000	56.000000	768.504791	662.017663	2.000000	2.806549
10.000000	6.000000	4.000000	878.000000	781.000000	67.000000	867.482616	771.151907	2.000000	3.287290
10.000000	7.000000	5.000000	759.000000	781.000000	66.000000	751.634580	777.316256	2.000000	3.725169
10.000000	8.000000	6.000000	669.000000	814.000000	65.000000	665.161640	818.075396	2.000000	4.165750
10.000000	9.000000	7.000000	643.000000	854.000000	75.000000	626.759367	869.405408	2.000000	4.702631
10.000000	10.000000	8.000000	741.000000	867.000000	76.000000	739.215293	884.686360	2.000000	5.189348
10.000000	11.000000	9.000000	1225.000000	602.000000	50.000000	1201.940905	602.859897	2.000000	6.245278
10.000000	12.000000	10.000000	1225.000000	644.000000	60.000000	1219.742333	652.544689	1.000000	6.709108
10.000000	13.000000	11.000000	1074.000000	606.000000	49.000000	1069.788710	597.919658	1.000000	7.222967
10.000000	14.000000	12.000000	897.000000	600.000000	47.000000	892.282449	606.161254	1.000000	7.694167
10.000000	15.000000	13.000000	951.000000	512.000000	38.000000	956.443383	500.451062	1.000000	8.125311
10.000000	16.000000	14.000000	1065.000000	439.000000	39.000000	1066.553077	440.634982	1.000000	8.557969
10.000000	17.000000	15.000000	1175.000000	399.000000	30.000000	1180.891995	394.972634	1.000000	9.079251
10.000000	18.000000	16.000000	1221.000000	256.000000	20.000000	1213.712092	251.216986	2.000000	9.725480
10.000000	19.000000	17.000000	1077.000000	265.000000	19.000000	1088.029833	264.467966	1.000000	10.302232
10.000000	20.000000	18.000000	1007.000000	367.000000	28.000000	998.933000	352.845915	1.000000	10.837715
10.000000	21.000000	19.000000	1062.000000	357.000000	29.000000	1072.148520	356.484350	2.000000	11.213410
10.000000	22.000000	20.000000	974.000000	167.000000	8.000000	964.431982	147.912768	2.000000	11.871175
10.000000	23.000000	21.000000	976.000000	790.000000	68.000000	978.207315	780.271495	1.000000	13.135272
10.000000	24.000000	22.000000	890.000000	879.000000	77.000000	886.885035	877.667912	1.000000	13.821726
10.000000	25.000000	23.000000	1185.000000	913.000000	80.000000	1173.980226	914.417543	1.000000	14.717314
10.000000	26.000000	24.000000	626.000000	287.000000	15.000000	617.961958	293.965215	1.000000	15.877332
10.000000	27.000000	25.000000	569.000000	289.000000	14.000000	557.461457	291.911267	1.000000	16.230975
10.000000	28.000000	26.000000	527.000000	353.000000	24.000000	520.066754	362.094526	1.000000	16.894179
10.000000	29.000000	27.000000	646.000000	362.000000	25.000000	646.746697	373.888586	1.000000	17.373525
10.000000	30.000000	28.000000	619.000000	448.000000	35.000000	626.214978	455.345064	1.000000	18.391298
10.000000	31.000000	29.000000	445.000000	394.000000	23.000000	427.463613	396.333405	1.000000	18.925183
10.000000	32.000000	30.000000	439.000000	142.000000	3.000000	438.296808	147.670474	2.000000	19.582391
10.000000	33.000000	31.000000	333.000000	260.000000	12.000000	338.377881	278.989600	2.000000	20.061546
10.000000	34.000000	32.000000	188.000000	212.000000	11.000000	182.735422	228.891350	2.000000	20.453683
10.000000	35.000000	33.000000	297.000000	125.000000	2.000000	297.853099	138.341821	1.000000	21.134419
10.000000	36.000000	34.000000	315.000000	468.000000	32.000000	306.987916	481.640059	2.000000	22.030404
10.000000	37.000000	35.000000	310.000000	578.000000	42.000000	304.876735	576.874698	2.000000	23.398871
10.000000	38.000000	0.000000	193.000000	558.000000	41.000000	225.968107	561.666618	2.000000	23.759117
10.000000	39.000000	36.000000	223.000000	557.000000	41.000000	225.968107	561.666618	2.000000	24.109266
10.000000	40.000000	37.000000	563.000000	597.000000	44.000000	556.524537	599.286858	2.000000	25.119181
10.000000	41.000000	38.000000	401.000000	811.000000	63.000000	417.019386	815.947734	1.000000	26.374158
10.000000	42.000000	39.000000	295.000000	894.000000	72.000000	292.540175	886.713573	1.000000	26.967032
10.000000	43.000000	40.000000	223.000000	899.000000	71.000000	221.936084	913.013141	2.000000	28.029840
11.000000	1.000000	1.000000	635.000000	678.000000	55.000000	639.696561	688.041831	1.000000	1.134445
11.000000	2.000000	2.000000	561.000000	681.000000	54.000000	545.534000	684.955769	1.000000	1.509913
11.000000	3.000000	3.000000	518.000000	794.000000	64.000000	523.768678	771.479294	1.000000	1.885426
11.000000	4.000000	0.000000	550.000000	833.000000	74.000000	556.862689	866.893990	1.000000	2.334848
11.000000	5.000000	4.000000	558.000000	850.000000	74.000000	556.862689	866.893990	1.000000	2.631293
11.000000	6.000000	5.000000	746.000000	920.000000	76.000000	749.541692	919.884635	1.000000	3.270197
11.000000	7.000000	6.000000	637.000000	926.000000	75.000000	623.603970	917.546538	2.000000	4.030737
11.000000	8.000000	7.000000	763.000000	782.000000	66.000000	775.162850	767.650552	2.000000	4.534117
11.000000	9.000000	8.000000	884.000000	679.000000	57.000000	881.777487	688.132437	2.000000	4.981420
11.000000	10.000000	9.000000	773.000000	566.000000	46.000000	773.928782	585.248366	2.000000	5.533440
11.000000	11.000000	10.000000	853.000000	549.000000	47.000000	853.471552	558.578909	2.000000	5.830689
11.000000	12.000000	11.000000	954.000000	556.000000	48.000000	952.118970	560.566712	2.000000	6.253975
11.000000	13.000000	12.000000	991.000000	762.000000	68.000000	994.820975	778.990091	1.000000	6.862717
11.000000	14.000000	13.000000	878.000000	800.000000	67.000000	869.140380	809.086646	1.000000	7.333599
11.000000	15.000000	14.000000	859.000000	920.000000	77.000000	857.076649	911.642674	1.000000	7.878908
11.000000	16.000000	15.000000	990.000000	910.000000	78.000000	971.161423	905.001472	1.000000	8.238538
11.000000	17.000000	16.000000	1101.000000	769.000000	69.000000	1098.141643	780.409198	1.000000	8.806440
11.000000	18.000000	17.000000	1182.000000	896.000000	80.000000	1184.699222	916.357405	1.000000	9.382403
11.000000	19.000000	18.000000	1178.000000	796.000000	70.000000	1170.868118	798.009728	2.000000	9.902410
11.000000	20.000000	19.000000	1110.000000	604.000000	49.000000	1109.905415	613.210762	2.000000	10.734352
11.000000	21.000000	20.000000	1211.000000	557.000000	50.000000	1221.347723	555.546175	1.000000	11.263334
11.000000	22.000000	21.000000	1204.000000	443.000000	40.000000	1202.472986	451.584933	2.000000	11.830657
11.000000	23.000000	22.000000	1077.000000	447.000000	39.000000	1073.419757	455.980200	1.000000	12.423400
11.000000	24.000000	23.000000	863.000000	160.000000	7.000000	859.259980	163.051771	2.000000	14.270199
11.000000	25.000000	24.000000	647.000000	177.000000	5.000000	659.179581	175.099139	2.000000	16.022372
11.000000	26.000000	25.000000	527.000000	133.000000	4.000000	526.810021	136.888271	1.000000	17.029386
11.000000	27.000000	26.000000	222.000000	233.000000	11.000000	221.381765	242.707307	1.000000	17.895523
11.000000	28.000000	27.000000	222.000000	164.000000	1.000000	223.703317	168.773527	2.000000	18.238003
11.000000	29.000000	28.000000	414.000000	180.000000	3.000000	420.965042	186.475428	2.000000	18.781164
11.000000	30.000000	29.000000	676.000000	398.000000	25.000000	665.974451	401.135637	2.000000	19.733537
11.000000	31.000000	30.000000	433.000000	389.000000	23.000000	429.375817	390.244998	1.000000	20.919036
11.000000	32.000000	31.000000	302.000000	491.000000	32.000000	291.018040	497.111847	1.000000	21.479359
11.000000	33.000000	32.000000	229.000000	489.000000	31.000000	226.433635	492.516567	1.000000	21.813160
11.000000	34.000000	33.000000	229.000000	410.000000	21.000000	218.812571	400.386823	2.000000	22.174675
11.000000	35.000000	34.000000	334.000000	613.000000	42.000000	339.392843	612.389697	2.000000	22.927152
11.000000	36.000000	35.000000	335.000000	673.000000	52.000000	334.976669	677.624997	1.000000	23.446864
11.000000	37.000000	36.000000	441.000000	774.000000	63.000000	427.387762	770.777888	2.000000	24.037570
11.000000	38.000000	37.000000	326.000000	867.000000	72.000000	321.730937	886.746049	2.000000	24.686981
11.000000	39.000000	38.000000	329.000000	808.000000	62.000000	324.468478	804.874706	1.000000	25.047460
11.000000	40.000000	39.000000	207.000000	885.000000	71.000000	209.492914	889.788214	2.000000	25.614082
11.000000	41.000000	40.000000	194.000000	823.000000	61.000000	184.543101	825.722364	2.000000	25.941920
12.000000	1.000000	1.000000	632.000000	662.000000	55.000000	641.761979	660.611655	1.000000	1.032971
12.000000	2.000000	2.000000	509.000000	687.000000	54.000000	511.218088	682.166068	1.000000	1.456551
12.000000	3.000000	3.000000	416.000000	756.000000	63.000000	412.795140	758.444282	1.000000	1.857271
12.000000	4.000000	4.000000	284.000000	681.000000	52.000000	300.288359	691.174143	1.000000	2.273872
12.000000	5.000000	5.000000	769.000000	595.000000	46.000000	776.402838	580.960584	1.000000	3.186068
12.000000	6.000000	6.000000	756.000000	748.000000	66.000000	748.274600	760.526279	1.000000	3.737014
12.000000	7.000000	7.000000	865.000000	830.000000	67.000000	858.317768	824.935029	1.000000	4.400789
12.000000	8.000000	8.000000	549.000000	796.000000	64.000000	560.639296	790.977909	2.000000	5.199983
12.000000	9.000000	9.000000	430.000000	697.000000	53.000000	450.863342	694.857143	2.000000	5.656414
12.000000	10.000000	10.000000	205.000000	610.000000	41.000000	193.924543	599.801499	2.000000	6.265272
12.000000	11.000000	11.000000	845.000000	547.000000	47.000000	852.649684	546.068095	2.000000	7.881880
12.000000	12.000000	12.000000	853.000000	502.000000	37.000000	850.552756	487.628247	2.000000	8.199894
12.000000	13.000000	13.000000	969.000000	471.000000	38.000000	969.361925	468.936787	2.000000	8.816137
12.000000	14.000000	14.000000	1013.000000	603.000000	48.000000	999.546608	612.998290	2.000000	9.321241
12.000000	15.000000	15.000000	1108.000000	610.000000	49.000000	1106.466216	612.922133	2.000000	9.697823
12.000000	16.000000	16.000000	1182.000000	653.000000	60.000000	1172.666706	651.231426	1.000000	10.073337
12.000000	17.000000	17.000000	1105.000000	670.000000	59.000000	1112.328648	668.025425	1.000000	10.417288
12.000000	18.000000	18.000000	1001.000000	751.000000	68.000000	993.187644	760.669457	3.000000	11.032112
13.000000	1.000000	1.000000	1211.000000	706.000000	60.000000	1202.622568	700.118671	1.000000	1.775159
13.000000	2.000000	2.000000	1192.000000	770.000000	70.000000	1193.151967	764.219841	1.000000	2.255726
13.000000	3.000000	3.000000	1078.000000	713.000000	59.000000	1068.823038	693.845282	1.000000	2.797962
13.000000	4.000000	0.000000	1187.000000	628.000000	50.000000	1198.947131	604.496146	1.000000	3.286619
13.000000	5.000000	4.000000	1200.000000	592.000000	50.000000	1198.947131	604.496146	1.000000	3.926710
13.000000	6.000000	5.000000	1186.000000	460.000000	40.000000	1182.909251	455.710132	1.000000	4.469991
13.000000	7.000000	6.000000	1060.000000	468.000000	39.000000	1063.775430	460.168257	1.000000	4.855648
13.000000	8.000000	7.000000	1181.000000	160.000000	10.000000	1186.794626	153.171549	1.000000	5.824011
13.000000	9.000000	8.000000	997.000000	237.000000	18.000000	1002.269560	240.107126	1.000000	6.431927
13.000000	10.000000	9.000000	1063.000000	390.000000	29.000000	1058.100578	399.997362	2.000000	7.007341
13.000000	11.000000	10.000000	772.000000	278.000000	16.000000	779.427461	276.825362	2.000000	7.663541
13.000000	12.000000	11.000000	966.000000	349.000000	28.000000	956.043786	345.485877	2.000000	8.191203
13.000000	13.000000	12.000000	976.000000	458.000000	38.000000	973.764981	460.748829	2.000000	8.702949
13.000000	14.000000	13.000000	1068.000000	920.000000	79.000000	1065.125836	911.774205	2.000000	10.350606
13.000000	15.000000	14.000000	984.000000	914.000000	78.000000	975.172566	914.163149	2.000000	10.807688
13.000000	16.000000	0.000000	887.000000	825.000000	67.000000	865.924769	809.433446	2.000000	11.542207
13.000000	17.000000	15.000000	975.000000	716.000000	58.000000	974.662312	706.780815	2.000000	12.102791
13.000000	18.000000	16.000000	839.000000	718.000000	57.000000	845.184436	701.216867	2.000000	12.573942
13.000000	19.000000	17.000000	865.000000	823.000000	67.000000	865.924769	809.433446	2.000000	13.167255
13.000000	20.000000	18.000000	833.000000	586.000000	47.000000	847.172054	584.030388	2.000000	14.071649
13.000000	21.000000	19.000000	756.000000	539.000000	46.000000	765.850914	546.646601	1.000000	14.846829
13.000000	22.000000	20.000000	747.000000	489.000000	36.000000	748.315808	491.762814	1.000000	15.175613
13.000000	23.000000	21.000000	633.000000	492.000000	35.000000	631.489125	481.863769	1.000000	15.615722
13.000000	24.000000	22.000000	642.000000	608.000000	45.000000	636.998775	610.316957	1.000000	16.008002
13.000000	25.000000	23.000000	544.000000	646.000000	54.000000	540.223272	649.899351	1.000000	16.454640
13.000000	26.000000	24.000000	551.000000	573.000000	44.000000	550.988840	578.735060	2.000000	16.766037
13.000000	27.000000	25.000000	533.000000	466.000000	34.000000	532.016715	488.891129	2.000000	17.110782
13.000000	28.000000	26.000000	567.000000	357.000000	24.000000	552.593740	347.127702	1.000000	17.830786
13.000000	29.000000	27.000000	633.000000	369.000000	25.000000	644.769877	360.924523	2.000000	18.389749
13.000000	30.000000	28.000000	736.000000	936.000000	76.000000	730.353000	927.397007	2.000000	20.685928
13.000000	31.000000	29.000000	662.000000	929.000000	75.000000	664.522937	926.719587	2.000000	21.062955
13.000000	32.000000	30.000000	523.000000	773.000000	64.000000	529.746976	776.031525	1.000000	22.510427
13.000000	33.000000	31.000000	443.000000	895.000000	73.000000	438.960940	898.074983	1.000000	23.007817
13.000000	34.000000	32.000000	310.000000	785.000000	62.000000	318.564760	789.443168	1.000000	23.550589
13.000000	35.000000	33.000000	399.000000	813.000000	63.000000	409.887645	807.716423	2.000000	24.079927
13.000000	36.000000	34.000000	196.000000	785.000000	61.000000	185.418961	783.733533	2.000000	24.846867
13.000000	37.000000	35.000000	220.000000	479.000000	31.000000	217.557232	477.941186	2.000000	26.966832
13.000000	38.000000	36.000000	453.000000	285.000000	13.000000	448.333927	275.073350	2.000000	27.718136
13.000000	39.000000	37.000000	539.000000	145.000000	4.000000	535.938657	136.806338	2.000000	28.542720
13.000000	40.000000	38.000000	759.000000	162.000000	6.000000	760.891637	153.526152	1.000000	29.351182
13.000000	41.000000	39.000000	215.000000	157.000000	1.000000	201.201270	156.806960	1.000000	30.407069
13.000000	42.000000	40.000000	313.000000	372.000000	22.000000	313.776786	376.277836	1.000000	31.087948
14.000000	1.000000	1.000000	638.000000	493.000000	35.000000	640.969585	492.708624	1.000000	1.484650
14.000000	2.000000	2.000000	557.000000	454.000000	34.000000	540.546400	452.322115	1.000000	1.971993
14.000000	3.000000	3.000000	533.000000	554.000000	44.000000	531.926339	557.033581	1.000000	2.427693
14.000000	4.000000	4.000000	522.000000	699.000000	54.000000	515.607071	701.364039	1.000000	3.068424
14.000000	5.000000	5.000000	644.000000	687.000000	55.000000	631.338366	683.824937	2.000000	4.027607
14.000000	6.000000	6.000000	780.000000	656.000000	56.000000	775.435563	660.684280	2.000000	4.467659
14.000000	7.000000	7.000000	858.000000	533.000000	47.000000	864.746184	545.486287	2.000000	4.867021
14.000000	8.000000	8.000000	960.000000	489.000000	38.000000	948.693092	495.176028	1.000000	5.466772
14.000000	9.000000	9.000000	857.000000	657.000000	57.000000	859.517746	666.931678	1.000000	6.084618
14.000000	10.000000	10.000000	1209.000000	672.000000	60.000000	1207.281916	682.173267	2.000000	8.178715
14.000000	11.000000	11.000000	1103.000000	659.000000	59.000000	1111.656594	658.021943	1.000000	8.620477
14.000000	12.000000	12.000000	1182.000000	758.000000	70.000000	1168.288699	773.061020	1.000000	9.188457
14.000000	13.000000	13.000000	1218.000000	865.000000	80.000000	1219.047098	880.808133	1.000000	9.803232
14.000000	14.000000	14.000000	1103.000000	813.000000	69.000000	1095.790213	806.399636	1.000000	10.323440
14.000000	15.000000	15.000000	862.000000	809.000000	67.000000	853.539949	806.926374	1.000000	10.932862
14.000000	16.000000	16.000000	621.000000	906.000000	75.000000	620.366521	908.375830	2.000000	11.988402
14.000000	17.000000	17.000000	406.000000	787.000000	63.000000	401.423663	786.578141	2.000000	12.668490
14.000000	18.000000	18.000000	336.000000	792.000000	62.000000	340.105509	803.572610	2.000000	13.036732
14.000000	19.000000	19.000000	290.000000	875.000000	72.000000	293.556324	879.010948	2.000000	13.588848
14.000000	20.000000	20.000000	424.000000	654.000000	53.000000	413.835002	650.364024	2.000000	14.235492
14.000000	21.000000	21.000000	326.000000	539.000000	42.000000	338.447341	556.147234	2.000000	14.874727
14.000000	22.000000	22.000000	408.000000	468.000000	33.000000	407.424925	473.111492	2.000000	15.307796
14.000000	23.000000	23.000000	328.000000	443.000000	32.000000	308.196998	453.513160	2.000000	15.835111
14.000000	24.000000	24.000000	335.000000	392.000000	22.000000	336.978318	389.827420	1.000000	16.379585
14.000000	25.000000	25.000000	232.000000	447.000000	31.000000	231.122875	459.398225	1.000000	16.938756
14.000000	26.000000	26.000000	194.000000	602.000000	41.000000	183.721383	597.862648	1.000000	17.371273
14.000000	27.000000	27.000000	241.000000	702.000000	51.000000	229.652541	709.828798	1.000000	17.972161
14.000000	28.000000	28.000000	209.000000	800.000000	61.000000	204.845860	796.325397	1.000000	18.428415
14.000000	29.000000	29.000000	210.000000	911.000000	71.000000	208.521597	921.671195	1.000000	18.995294
14.000000	30.000000	30.000000	292.000000	265.000000	12.000000	290.511259	274.338522	2.000000	19.828775
14.000000	31.000000	31.000000	303.000000	147.000000	2.000000	290.370269	160.260639	2.000000	20.483140
14.000000	32.000000	32.000000	201.000000	124.000000	1.000000	194.975176	124.098517	2.000000	21.452304
14.000000	33.000000	33.000000	651.000000	128.000000	5.000000	641.704458	129.319711	2.000000	22.292896
14.000000	34.000000	34.000000	776.000000	387.000000	26.000000	755.659876	393.958872	2.000000	23.180041
14.000000	35.000000	35.000000	1005.000000	370.000000	28.000000	993.401824	368.463797	2.000000	23.675590
14.000000	36.000000	36.000000	1090.000000	141.000000	9.000000	1079.206280	131.258087	2.000000	24.348690
14.000000	37.000000	37.000000	1193.000000	130.000000	10.000000	1185.052767	123.579193	2.000000	24.779723
14.000000	38.000000	38.000000	1171.000000	389.000000	30.000000	1167.831242	392.004890	1.000000	25.612754
14.000000	39.000000	39.000000	1073.000000	348.000000	29.000000	1070.924493	362.713455	1.000000	26.018822
14.000000	40.000000	40.000000	873.000000	357.000000	27.000000	867.647287	359.734033	1.000000	26.603428
15.000000	1.000000	1.000000	729.000000	450.000000	36.000000	731.054094	464.240400	1.000000	0.698909
15.000000	2.000000	2.000000	788.000000	378.000000	26.000000	774.106276	386.016458	1.000000	1.028047
15.000000	3.000000	3.000000	781.000000	238.000000	16.000000	774.898258	238.960526	1.000000	1.482670
15.000000	4.000000	4.000000	993.000000	154.000000	8.000000	1002.086280	158.646962	1.000000	1.980608
15.000000	5.000000	5.000000	1086.000000	176.000000	9.000000	1082.619624	166.540602	1.000000	2.290683
15.000000	6.000000	6.000000	1206.000000	281.000000	20.000000	1196.881305	290.675673	1.000000	2.802785
15.000000	7.000000	7.000000	1100.000000	307.000000	29.000000	1101.851754	330.483680	1.000000	3.242868
15.000000	8.000000	8.000000	1116.000000	474.000000	39.000000	1103.831092	481.625824	1.000000	3.834526
15.000000	9.000000	9.000000	977.000000	495.000000	38.000000	975.958725	503.456824	1.000000	4.267144
15.000000	10.000000	10.000000	871.000000	345.000000	27.000000	857.348437	354.974403	2.000000	4.844383
15.000000	11.000000	11.000000	878.000000	546.000000	47.000000	884.080941	560.400287	2.000000	5.635830
15.000000	12.000000	12.000000	1221.000000	582.000000	50.000000	1219.814517	585.282207	2.000000	6.220616
15.000000	13.000000	13.000000	737.000000	152.000000	6.000000	750.266589	146.812799	2.000000	7.106704
15.000000	14.000000	14.000000	528.000000	144.000000	4.000000	531.502212	145.165392	2.000000	7.586748
15.000000	15.000000	15.000000	339.000000	215.000000	12.000000	337.865137	225.075894	1.000000	8.435080
15.000000	16.000000	16.000000	527.000000	251.000000	14.000000	518.576424	256.451659	1.000000	9.867401
15.000000	17.000000	17.000000	411.000000	484.000000	33.000000	427.485383	497.056040	1.000000	10.499183
15.000000	18.000000	18.000000	291.000000	455.000000	32.000000	300.921622	469.840723	1.000000	11.036069
15.000000	19.000000	19.000000	288.000000	384.000000	22.000000	290.106255	390.060322	2.000000	12.243063
15.000000	20.000000	20.000000	408.000000	373.000000	23.000000	402.370328	379.475231	2.000000	12.602550
15.000000	21.000000	21.000000	222.000000	562.000000	41.000000	215.008824	566.302302	2.000000	13.220661
15.000000	22.000000	22.000000	399.000000	560.000000	43.000000	410.455985	567.188075	2.000000	13.700838
15.000000	23.000000	23.000000	407.000000	672.000000	53.000000	422.546779	675.175386	2.000000	14.132057
15.000000	24.000000	24.000000	414.000000	812.000000	63.000000	400.887619	817.128703	2.000000	14.659264
15.000000	25.000000	25.000000	671.000000	544.000000	45.000000	670.224329	561.310832	2.000000	15.308081
15.000000	26.000000	26.000000	760.000000	554.000000	46.000000	759.103380	572.456873	2.000000	15.684623
15.000000	27.000000	27.000000	714.000000	662.000000	56.000000	736.143861	670.816805	2.000000	16.132055
15.000000	28.000000	0.000000	660.000000	835.000000	75.000000	647.909368	867.420885	2.000000	16.875412
15.000000	29.000000	28.000000	663.000000	857.000000	75.000000	647.909368	867.420885	2.000000	17.772011
15.000000	30.000000	29.000000	209.000000	853.000000	71.000000	196.772285	863.129759	1.000000	18.827983
15.000000	31.000000	30.000000	234.000000	683.000000	51.000000	228.011374	687.048818	1.000000	19.427314
15.000000	32.000000	0.000000	539.000000	690.000000	54.000000	516.041851	711.713511	1.000000	20.114606
15.000000	33.000000	31.000000	515.000000	571.000000	44.000000	515.416369	582.897206	1.000000	20.628106
15.000000	34.000000	32.000000	521.000000	703.000000	54.000000	516.041851	711.713511	1.000000	21.203283
15.000000	35.000000	33.000000	627.000000	775.000000	65.000000	617.839550	777.688574	1.000000	22.044050
15.000000	36.000000	34.000000	757.000000	787.000000	66.000000	741.766709	792.812438	1.000000	22.547137
15.000000	37.000000	35.000000	858.000000	792.000000	67.000000	844.191774	796.025062	1.000000	22.916350
15.000000	38.000000	36.000000	960.000000	708.000000	58.000000	962.330541	711.431981	2.000000	23.450951
15.000000	39.000000	37.000000	987.000000	832.000000	68.000000	983.558507	814.876914	2.000000	23.876159
15.000000	40.000000	38.000000	893.000000	886.000000	77.000000	881.578666	885.434390	2.000000	24.468568
15.000000	41.000000	39.000000	1083.000000	803.000000	69.000000	1081.018094	805.893083	2.000000	25.107867
15.000000	42.000000	40.000000	1079.000000	889.000000	79.000000	1064.578968	885.748687	2.000000	25.492389
16.000000	1.000000	1.000000	876.000000	572.000000	47.000000	884.969425	577.884946	1.000000	1.192313
16.000000	2.000000	2.000000	631.000000	557.000000	45.000000	636.592004	560.252397	1.000000	1.801005
16.000000	3.000000	3.000000	645.000000	349.000000	25.000000	656.308715	369.673739	1.000000	2.600502
16.000000	4.000000	4.000000	625.000000	266.000000	15.000000	630.839036	285.021527	1.000000	2.929266
16.000000	5.000000	5.000000	515.000000	269.000000	14.000000	516.491452	273.111356	1.000000	3.400519
16.000000	6.000000	6.000000	442.000000	276.000000	13.000000	436.470568	289.463733	1.000000	3.729586
16.000000	7.000000	7.000000	325.000000	179.000000	2.000000	329.895178	181.144984	1.000000	4.200176
16.000000	8.000000	8.000000	426.000000	126.000000	3.000000	430.250453	135.348919	1.000000	4.608170
16.000000	9.000000	9.000000	551.000000	343.000000	24.000000	557.265116	360.102618	1.000000	5.185082
16.000000	10.000000	10.000000	537.000000	558.000000	44.000000	522.073488	565.655380	1.000000	5.674169
16.000000	11.000000	11.000000	310.000000	684.000000	52.000000	313.775452	685.077205	1.000000	6.234169
16.000000	12.000000	12.000000	288.000000	809.000000	62.000000	292.477289	798.766410	1.000000	6.865327
16.000000	13.000000	13.000000	332.000000	902.000000	72.000000	320.639097	910.602882	1.000000	7.401525
16.000000	14.000000	14.000000	512.000000	876.000000	74.000000	512.838905	872.246663	1.000000	7.904999
16.000000	15.000000	15.000000	667.000000	779.000000	65.000000	667.853867	775.150500	1.000000	8.408216
16.000000	16.000000	16.000000	629.000000	895.000000	75.000000	629.083685	905.178644	1.000000	8.906208
16.000000	17.000000	17.000000	746.000000	908.000000	76.000000	739.093154	911.589837	2.000000	9.321990
16.000000	18.000000	18.000000	439.000000	784.000000	63.000000	427.822222	789.802935	2.000000	10.064651
16.000000	19.000000	19.000000	507.000000	685.000000	54.000000	519.624555	694.060498	2.000000	10.449850
16.000000	20.000000	20.000000	408.000000	563.000000	43.000000	410.932966	566.380334	2.000000	11.081635
16.000000	21.000000	21.000000	316.000000	584.000000	42.000000	320.366777	589.049010	2.000000	11.479988
16.000000	22.000000	22.000000	220.000000	871.000000	71.000000	209.237059	888.543402	2.000000	12.137553
16.000000	23.000000	23.000000	423.000000	385.000000	23.000000	421.265586	400.109705	2.000000	13.104238
16.000000	24.000000	24.000000	321.000000	265.000000	12.000000	314.666166	266.701974	2.000000	13.553470
16.000000	25.000000	25.000000	198.000000	268.000000	11.000000	199.375310	274.701917	2.000000	13.928461
16.000000	26.000000	26.000000	618.000000	137.000000	5.000000	621.801779	128.459663	2.000000	14.921326
16.000000	27.000000	27.000000	545.000000	168.000000	4.000000	546.790610	174.928997	2.000000	15.272444
16.000000	28.000000	28.000000	791.000000	126.000000	6.000000	773.448572	128.958392	2.000000	15.873951
16.000000	29.000000	0.000000	881.000000	179.000000	7.000000	853.253997	171.703818	2.000000	16.266220
16.000000	30.000000	29.000000	870.000000	171.000000	7.000000	853.253997	171.703818	2.000000	16.761568
16.000000	31.000000	30.000000	1220.000000	235.000000	20.000000	1222.394931	239.500427	2.000000	17.721752
16.000000	32.000000	31.000000	1002.000000	186.000000	8.000000	991.486555	181.727175	1.000000	18.328691
16.000000	33.000000	32.000000	884.000000	251.000000	17.000000	873.002727	258.641690	1.000000	18.753754
16.000000	34.000000	33.000000	883.000000	476.000000	37.000000	888.927522	481.824616	2.000000	19.615887
16.000000	35.000000	34.000000	1184.000000	606.000000	50.000000	1178.117463	604.733864	1.000000	20.568856
16.000000	36.000000	35.000000	947.000000	698.000000	58.000000	948.746140	690.805076	2.000000	21.210080
16.000000	37.000000	36.000000	886.000000	780.000000	67.000000	879.081443	765.606354	2.000000	21.728429
16.000000	38.000000	37.000000	978.000000	818.000000	68.000000	971.249876	822.370994	2.000000	22.136379
16.000000	39.000000	38.000000	1108.000000	761.000000	69.000000	1106.387973	757.720871	2.000000	22.601873
16.000000	40.000000	39.000000	1198.000000	790.000000	70.000000	1199.765595	798.940322	2.000000	22.994114
16.000000	41.000000	40.000000	976.000000	876.000000	78.000000	966.929632	878.484922	1.000000	23.593334
17.000000	1.000000	1.000000	738.000000	487.000000	36.000000	731.508138	487.886398	2.000000	1.205466
17.000000	2.000000	2.000000	840.000000	592.000000	47.000000	838.379397	602.204432	2.000000	1.670193
17.000000	3.000000	3.000000	637.000000	562.000000	45.000000	617.596211	559.019779	2.000000	2.197448
17.000000	4.000000	4.000000	530.000000	594.000000	44.000000	525.384340	587.909920	2.000000	2.596242
17.000000	5.000000	5.000000	522.000000	393.000000	24.000000	524.173349	381.684604	2.000000	3.053648
17.000000	6.000000	6.000000	519.000000	261.000000	14.000000	508.905945	276.831481	2.000000	3.654212
17.000000	7.000000	7.000000	444.000000	241.000000	13.000000	446.634193	234.465942	2.000000	4.004704
17.000000	8.000000	8.000000	655.000000	180.000000	5.000000	643.407530	172.819330	2.000000	4.436651
17.000000	9.000000	9.000000	736.000000	234.000000	16.000000	740.255826	240.295223	2.000000	4.876359
17.000000	10.000000	10.000000	1229.000000	117.000000	10.000000	1218.863551	125.179799	2.000000	5.860868
17.000000	11.000000	11.000000	1109.000000	243.000000	19.000000	1099.000196	236.358283	1.000000	6.405998
17.000000	12.000000	12.000000	853.000000	229.000000	17.000000	864.788770	234.191551	1.000000	6.948293
17.000000	13.000000	13.000000	894.000000	400.000000	27.000000	880.219724	397.286113	1.000000	7.613957
17.000000	14.000000	14.000000	884.000000	474.000000	37.000000	874.499713	484.857792	1.000000	8.077621
17.000000	15.000000	15.000000	742.000000	365.000000	26.000000	731.341467	366.709340	1.000000	8.509591
17.000000	16.000000	16.000000	651.000000	376.000000	25.000000	639.911896	385.828597	1.000000	9.013962
17.000000	17.000000	17.000000	1079.000000	464.000000	39.000000	1098.274222	471.027347	1.000000	9.812541
17.000000	18.000000	18.000000	1206.000000	495.000000	40.000000	1190.021372	503.733673	1.000000	10.229039
17.000000	19.000000	19.000000	1212.000000	617.000000	50.000000	1211.489867	594.538670	1.000000	10.749327
17.000000	20.000000	20.000000	1073.000000	567.000000	49.000000	1079.668951	563.753764	2.000000	11.341752
17.000000	21.000000	21.000000	954.000000	663.000000	58.000000	947.929099	664.739103	1.000000	12.148838
17.000000	22.000000	22.000000	857.000000	659.000000	57.000000	843.902080	661.423982	1.000000	12.525340
17.000000	23.000000	23.000000	1091.000000	694.000000	59.000000	1094.791483	698.708356	1.000000	13.020854
17.000000	24.000000	24.000000	1100.000000	748.000000	69.000000	1097.274332	757.891847	2.000000	13.412192
17.000000	25.000000	25.000000	837.000000	795.000000	67.000000	843.360884	814.666605	2.000000	14.652214
17.000000	26.000000	26.000000	786.000000	721.000000	56.000000	777.398764	710.129677	2.000000	15.220424
17.000000	27.000000	27.000000	754.000000	889.000000	76.000000	745.340127	910.619583	2.000000	15.741676
17.000000	28.000000	28.000000	891.000000	866.000000	77.000000	877.674532	862.213787	1.000000	16.254379
17.000000	29.000000	29.000000	519.000000	817.000000	64.000000	509.382603	822.821896	2.000000	17.364610
17.000000	30.000000	30.000000	314.000000	884.000000	72.000000	310.608511	898.791629	2.000000	18.078186
17.000000	31.000000	31.000000	318.000000	603.000000	42.000000	315.119983	592.859388	2.000000	18.636469
17.000000	32.000000	32.000000	300.000000	430.000000	32.000000	293.853293	441.798627	2.000000	19.357006
17.000000	33.000000	33.000000	173.000000	471.000000	31.000000	181.553707	478.363470	2.000000	19.957967
17.000000	34.000000	34.000000	281.000000	330.000000	22.000000	291.771113	337.098432	1.000000	20.588923
17.000000	35.000000	35.000000	442.000000	169.000000	3.000000	431.306914	173.346727	1.000000	21.317171
17.000000	36.000000	0.000000	542.000000	117.000000	4.000000	512.414817	122.176538	1.000000	21.677379
17.000000	37.000000	36.000000	516.000000	117.000000	4.000000	512.414817	122.176538	1.000000	22.196950
17.000000	38.000000	37.000000	422.000000	572.000000	43.000000	411.888208	573.683918	1.000000	23.197848
17.000000	39.000000	38.000000	517.000000	655.000000	54.000000	507.554058	658.729438	1.000000	23.613678
17.000000	40.000000	39.000000	216.000000	692.000000	51.000000	191.620253	688.914948	1.000000	24.300541
17.000000	41.000000	40.000000	208.000000	857.000000	71.000000	208.808972	864.575775	1.000000	24.916607
18.000000	1.000000	1.000000	958.000000	445.000000	38.000000	947.625593	449.887164	2.000000	2.055685
18.000000	2.000000	2.000000	1080.000000	475.000000	39.000000	1079.682406	495.579367	2.000000	2.480641
18.000000	3.000000	0.000000	1175.000000	308.000000	30.000000	1172.315916	335.456562	2.000000	3.272086
18.000000	4.000000	3.000000	1072.000000	132.000000	9.000000	1059.589605	135.481645	2.000000	3.831239
18.000000	5.000000	4.000000	902.000000	176.000000	7.000000	887.291892	173.205011	2.000000	4.407171
18.000000	6.000000	5.000000	796.000000	249.000000	16.000000	780.464906	251.929623	2.000000	4.872735
18.000000	7.000000	6.000000	862.000000	261.000000	17.000000	861.361459	262.710216	1.000000	5.222789
18.000000	8.000000	7.000000	682.000000	146.000000	5.000000	660.458592	133.398603	1.000000	5.799918
18.000000	9.000000	8.000000	653.000000	288.000000	15.000000	653.715620	286.955702	1.000000	6.408582
18.000000	10.000000	9.000000	573.000000	288.000000	14.000000	561.251291	280.774881	1.000000	6.744566
18.000000	11.000000	10.000000	759.000000	350.000000	26.000000	761.935595	363.308377	1.000000	7.312682
18.000000	12.000000	11.000000	896.000000	340.000000	27.000000	887.179777	336.980484	1.000000	7.744729
18.000000	13.000000	12.000000	1188.000000	333.000000	30.000000	1172.315916	335.456562	2.000000	8.727566
18.000000	14.000000	13.000000	1221.000000	685.000000	60.000000	1221.282248	696.314552	1.000000	9.543948
18.000000	15.000000	14.000000	1197.000000	931.000000	80.000000	1197.902229	924.824261	1.000000	10.151124
18.000000	16.000000	15.000000	1074.000000	929.000000	79.000000	1083.939558	911.981958	1.000000	10.551848
18.000000	17.000000	16.000000	961.000000	901.000000	78.000000	955.568635	902.766639	1.000000	10.990901
18.000000	18.000000	17.000000	1005.000000	707.000000	58.000000	996.731855	701.180051	2.000000	11.622704
18.000000	19.000000	18.000000	1055.000000	660.000000	59.000000	1058.909983	655.374678	2.000000	12.032683
18.000000	20.000000	19.000000	855.000000	820.000000	67.000000	848.129846	814.822929	1.000000	12.807596
18.000000	21.000000	20.000000	847.000000	884.000000	77.000000	843.875835	891.184460	1.000000	13.288573
18.000000	22.000000	21.000000	753.000000	704.000000	56.000000	740.054667	695.138298	2.000000	13.927979
18.000000	23.000000	22.000000	650.000000	666.000000	55.000000	655.266922	663.543335	1.000000	14.519916
18.000000	24.000000	23.000000	663.000000	817.000000	65.000000	666.449756	818.152487	1.000000	15.223484
18.000000	25.000000	24.000000	564.000000	786.000000	64.000000	556.023206	789.776407	2.000000	15.911866
18.000000	26.000000	25.000000	555.000000	933.000000	74.000000	553.492528	926.676838	2.000000	16.400099
18.000000	27.000000	26.000000	334.000000	808.000000	62.000000	318.509612	809.968822	2.000000	17.031244
18.000000	28.000000	27.000000	309.000000	910.000000	72.000000	304.195595	889.928025	2.000000	17.503561
18.000000	29.000000	28.000000	215.000000	762.000000	61.000000	208.696329	763.030324	2.000000	18.239608
18.000000	30.000000	29.000000	204.000000	673.000000	51.000000	201.861721	681.302281	1.000000	18.680404
18.000000	31.000000	30.000000	191.000000	570.000000	41.000000	182.453881	588.360674	1.000000	19.136534
18.000000	32.000000	31.000000	333.000000	477.000000	32.000000	310.710489	475.736963	1.000000	19.606700
18.000000	33.000000	32.000000	339.000000	576.000000	42.000000	332.449009	575.891015	1.000000	20.103988
18.000000	34.000000	33.000000	424.000000	698.000000	53.000000	416.017667	704.026694	1.000000	20.687087
18.000000	35.000000	34.000000	570.000000	508.000000	34.000000	554.533776	504.040037	1.000000	21.384162
18.000000	36.000000	35.000000	641.000000	576.000000	45.000000	630.628455	569.232648	2.000000	21.840709
18.000000	37.000000	36.000000	546.000000	602.000000	44.000000	546.931405	605.608312	2.000000	22.231815
18.000000	38.000000	37.000000	442.000000	332.000000	23.000000	436.103911	340.428105	2.000000	22.871962
18.000000	39.000000	38.000000	422.000000	220.000000	13.000000	432.037110	231.536710	2.000000	23.415738
18.000000	40.000000	39.000000	338.000000	341.000000	22.000000	331.593992	355.227873	2.000000	23.895629
18.000000	41.000000	40.000000	186.000000	352.000000	21.000000	180.046958	369.795175	2.000000	24.335281
19.000000	1.000000	1.000000	659.000000	513.000000	35.000000	643.213684	506.060513	1.000000	1.679268
19.000000	2.000000	2.000000	624.000000	383.000000	25.000000	617.668289	374.781030	1.000000	2.079408
19.000000	3.000000	3.000000	640.000000	263.000000	15.000000	626.368162	263.815450	1.000000	2.439192
19.000000	4.000000	4.000000	755.000000	107.000000	6.000000	768.366414	120.679032	1.000000	2.895490
19.000000	5.000000	5.000000	864.000000	135.000000	7.000000	853.861346	130.397679	1.000000	3.407084
19.000000	6.000000	6.000000	894.000000	260.000000	17.000000	872.342024	257.489178	1.000000	3.845608
19.000000	7.000000	7.000000	1175.000000	167.000000	10.000000	1172.607463	163.791995	1.000000	4.534340
19.000000	8.000000	8.000000	1189.000000	240.000000	20.000000	1185.806750	245.598997	1.000000	4.934096
19.000000	9.000000	9.000000	1080.000000	546.000000	49.000000	1074.859923	561.786018	1.000000	5.653863
19.000000	10.000000	10.000000	1099.000000	665.000000	59.000000	1092.340897	666.914716	1.000000	6.199290
19.000000	11.000000	11.000000	866.000000	561.000000	47.000000	863.536352	562.745244	1.000000	6.726845
19.000000	12.000000	12.000000	787.000000	759.000000	66.000000	778.066777	762.853342	1.000000	7.287382
19.000000	13.000000	13.000000	857.000000	886.000000	77.000000	860.073283	883.865885	1.000000	7.943009
19.000000	14.000000	14.000000	636.000000	921.000000	75.000000	638.408349	924.706043	1.000000	8.526612
19.000000	15.000000	15.000000	556.000000	797.000000	64.000000	553.341414	812.459032	2.000000	9.469374
19.000000	16.000000	16.000000	669.000000	599.000000	45.000000	661.390124	602.355675	2.000000	10.039497
19.000000	17.000000	17.000000	787.000000	663.000000	56.000000	780.781322	664.727038	2.000000	10.470811
19.000000	18.000000	18.000000	954.000000	668.000000	58.000000	961.204713	675.190246	2.000000	10.909175
19.000000	19.000000	19.000000	1069.000000	783.000000	69.000000	1073.338212	790.116054	2.000000	11.478304
19.000000	20.000000	20.000000	1227.000000	752.000000	70.000000	1222.345990	757.770290	2.000000	12.101713
19.000000	21.000000	21.000000	1186.000000	689.000000	60.000000	1196.348439	698.672286	2.000000	12.471239
19.000000	22.000000	22.000000	1198.000000	565.000000	50.000000	1176.507314	577.685661	2.000000	12.935425
19.000000	23.000000	23.000000	1056.000000	483.000000	39.000000	1062.278037	487.431159	2.000000	13.535629
19.000000	24.000000	24.000000	1214.000000	422.000000	40.000000	1220.957701	437.309428	2.000000	14.127180
19.000000	25.000000	25.000000	1223.000000	353.000000	30.000000	1214.388961	352.437049	2.000000	14.550815
19.000000	26.000000	26.000000	1117.000000	168.000000	9.000000	1107.776644	179.544286	2.000000	15.223069
19.000000	27.000000	27.000000	769.000000	219.000000	16.000000	756.680167	224.644246	2.000000	15.814222
19.000000	28.000000	28.000000	636.000000	128.000000	5.000000	633.473688	122.956618	2.000000	16.253853
19.000000	29.000000	29.000000	854.000000	347.000000	27.000000	840.438936	343.448063	2.000000	16.869428
19.000000	30.000000	30.000000	399.000000	593.000000	43.000000	402.491964	588.307219	2.000000	18.590232
19.000000	31.000000	31.000000	423.000000	695.000000	53.000000	423.611834	699.151469	2.000000	19.093973
19.000000	32.000000	32.000000	316.000000	653.000000	52.000000	334.677573	666.078091	1.000000	19.471521
19.000000	33.000000	33.000000	448.000000	492.000000	33.000000	440.590963	498.590471	1.000000	20.095227
19.000000	34.000000	34.000000	334.000000	351.000000	22.000000	336.840066	360.054868	1.000000	20.759719
19.000000	35.000000	35.000000	219.000000	437.000000	31.000000	210.849023	453.387947	1.000000	21.437367
19.000000	36.000000	36.000000	184.000000	723.000000	51.000000	192.735116	718.366058	1.000000	22.198728
19.000000	37.000000	37.000000	211.000000	904.000000	71.000000	199.882555	889.285674	1.000000	22.965556
19.000000	38.000000	38.000000	298.000000	907.000000	72.000000	304.801982	903.811839	2.000000	23.373438
19.000000	39.000000	39.000000	429.000000	902.000000	73.000000	422.069567	910.280153	2.000000	23.926134
19.000000	40.000000	40.000000	532.000000	266.000000	14.000000	533.781873	262.572779	2.000000	24.838676
20.000000	1.000000	1.000000	747.000000	443.000000	36.000000	748.230890	445.004220	1.000000	1.170913
20.000000	2.000000	2.000000	629.000000	345.000000	25.000000	630.773492	363.981176	1.000000	1.611066
20.000000	3.000000	3.000000	674.000000	278.000000	15.000000	661.063688	272.354166	1.000000	1.954890
20.000000	4.000000	4.000000	650.000000	156.000000	5.000000	640.891636	148.918720	1.000000	2.427049
20.000000	5.000000	5.000000	777.000000	221.000000	16.000000	776.376901	223.918645	1.000000	2.827700
20.000000	6.000000	0.000000	950.000000	242.000000	18.000000	959.353633	265.680204	1.000000	3.274350
20.000000	7.000000	6.000000	960.000000	261.000000	18.000000	959.353633	265.680204	1.000000	4.203176
20.000000	8.000000	7.000000	1108.000000	462.000000	39.000000	1106.536408	463.874875	1.000000	4.804035
20.000000	9.000000	8.000000	1180.000000	548.000000	50.000000	1177.606131	553.910957	1.000000	5.306222
20.000000	10.000000	9.000000	1208.000000	723.000000	60.000000	1200.619010	711.446843	1.000000	5.860054
20.000000	11.000000	10.000000	978.000000	644.000000	58.000000	977.418487	649.655708	1.000000	6.426287
20.000000	12.000000	11.000000	1074.000000	601.000000	49.000000	1073.165372	596.869146	2.000000	6.874835
20.000000	13.000000	12.000000	1183.000000	484.000000	40.000000	1183.949611	493.280674	2.000000	7.482752
20.000000	14.000000	13.000000	975.000000	450.000000	38.000000	980.663807	460.068882	2.000000	7.987127
20.000000	15.000000	14.000000	1164.000000	245.000000	20.000000	1175.711616	243.683875	2.000000	8.722313
20.000000	16.000000	15.000000	1204.000000	152.000000	10.000000	1199.975682	137.341502	2.000000	9.403601
20.000000	17.000000	16.000000	742.000000	345.000000	26.000000	740.048353	344.127631	2.000000	10.915272
20.000000	18.000000	17.000000	878.000000	702.000000	57.000000	876.320735	711.168142	2.000000	11.515009
20.000000	19.000000	18.000000	1235.000000	922.000000	80.000000	1219.447276	930.857716	2.000000	13.051333
20.000000	20.000000	19.000000	765.000000	725.000000	56.000000	753.504434	716.679956	1.000000	14.243773
20.000000	21.000000	20.000000	741.000000	849.000000	76.000000	729.880671	863.546256	1.000000	14.836149
20.000000	22.000000	21.000000	621.000000	921.000000	75.000000	626.685457	931.150936	1.000000	15.516149
20.000000	23.000000	22.000000	533.000000	898.000000	74.000000	541.548256	890.735047	1.000000	15.914544
20.000000	24.000000	23.000000	459.000000	809.000000	63.000000	450.032861	807.442443	1.000000	16.436249
20.000000	25.000000	24.000000	555.000000	695.000000	54.000000	557.602415	700.276494	1.000000	16.868153
20.000000	26.000000	25.000000	453.000000	646.000000	53.000000	444.919740	656.613622	1.000000	17.259010
20.000000	27.000000	26.000000	664.000000	813.000000	65.000000	663.164213	810.242166	2.000000	17.988065
20.000000	28.000000	27.000000	420.000000	545.000000	43.000000	418.163552	546.792605	2.000000	18.730600
20.000000	29.000000	28.000000	344.000000	606.000000	42.000000	332.196146	605.814789	2.000000	19.114981
20.000000	30.000000	29.000000	189.000000	885.000000	71.000000	182.162085	900.396425	2.000000	19.812219
20.000000	31.000000	30.000000	225.000000	800.000000	61.000000	216.307084	799.505488	2.000000	20.139192
20.000000	32.000000	31.000000	304.000000	807.000000	62.000000	296.420193	802.136096	2.000000	20.515802
20.000000	33.000000	32.000000	315.000000	874.000000	72.000000	323.335395	868.056726	2.000000	20.939413
20.000000	34.000000	33.000000	193.000000	451.000000	31.000000	187.787855	463.865806	1.000000	22.148090
20.000000	35.000000	34.000000	188.000000	316.000000	21.000000	187.238556	330.541850	2.000000	22.699399
20.000000	36.000000	35.000000	201.000000	277.000000	11.000000	194.739432	294.567481	1.000000	22.964236
20.000000	37.000000	36.000000	219.000000	177.000000	1.000000	219.275516	173.804884	1.000000	23.418975
20.000000	38.000000	37.000000	360.000000	176.000000	2.000000	340.268093	174.100122	2.000000	23.932025
20.000000	39.000000	38.000000	350.000000	208.000000	12.000000	341.874593	224.982975	2.000000	24.332202
20.000000	40.000000	39.000000	424.000000	290.000000	13.000000	409.843400	273.480621	2.000000	24.667654
20.000000	41.000000	40.000000	314.000000	345.000000	22.000000	319.250472	353.760870	2.000000	25.162643
21.000000	1.000000	1.000000	675.000000	500.000000	35.000000	661.038523	505.577832	2.000000	0.763470
21.000000	2.000000	2.000000	844.000000	644.000000	57.000000	848.842047	657.651802	2.000000	1.586163
21.000000	3.000000	3.000000	1007.000000	367.000000	28.000000	1002.137689	345.316960	2.000000	2.298995
21.000000	4.000000	4.000000	1103.000000	134.000000	9.000000	1088.322830	120.192359	2.000000	3.049849
21.000000	5.000000	5.000000	1197.000000	595.000000	50.000000	1190.949815	610.151425	2.000000	4.081421
21.000000	6.000000	6.000000	1189.000000	448.000000	40.000000	1173.075869	454.788910	1.000000	4.594004
21.000000	7.000000	7.000000	1073.000000	215.000000	19.000000	1069.692901	233.922693	1.000000	5.283364
21.000000	8.000000	8.000000	1192.000000	166.000000	10.000000	1192.758323	168.890329	1.000000	5.771036
21.000000	9.000000	9.000000	872.000000	195.000000	7.000000	884.533796	187.645330	1.000000	6.361370
21.000000	10.000000	10.000000	786.000000	265.000000	16.000000	780.772617	284.992661	1.000000	6.969628
21.000000	11.000000	11.000000	949.000000	691.000000	58.000000	950.957761	715.102565	1.000000	8.114964
21.000000	12.000000	12.000000	874.000000	782.000000	67.000000	887.739159	776.847948	1.000000	8.530488
21.000000	13.000000	13.000000	984.000000	774.000000	68.000000	968.093330	790.992529	1.000000	8.922284
21.000000	14.000000	14.000000	1085.000000	788.000000	69.000000	1089.360304	785.823957	1.000000	9.426929
21.000000	15.000000	15.000000	1216.000000	897.000000	80.000000	1210.774899	903.183469	1.000000	10.099090
21.000000	16.000000	16.000000	968.000000	888.000000	78.000000	970.527182	876.876272	2.000000	10.843595
21.000000	17.000000	17.000000	769.000000	877.000000	76.000000	775.806646	870.102582	2.000000	11.337507
21.000000	18.000000	0.000000	481.000000	871.000000	74.000000	517.406961	882.114229	2.000000	11.882650
21.000000	19.000000	18.000000	409.000000	895.000000	73.000000	401.158169	900.981842	2.000000	12.442707
21.000000	20.000000	0.000000	549.000000	876.000000	74.000000	517.406961	882.114229	2.000000	12.970156
21.000000	21.000000	19.000000	523.000000	870.000000	74.000000	517.406961	882.114229	2.000000	13.443112
21.000000	22.000000	20.000000	525.000000	648.000000	54.000000	526.487396	651.986682	2.000000	13.985614
21.000000	23.000000	0.000000	545.000000	571.000000	44.000000	529.301511	594.172580	2.000000	14.274999
21.000000	24.000000	21.000000	525.000000	583.000000	44.000000	529.301511	594.172580	2.000000	14.818265
21.000000	25.000000	22.000000	411.000000	564.000000	43.000000	420.542265	575.809192	2.000000	15.410730
21.000000	26.000000	23.000000	296.000000	664.000000	52.000000	290.928935	673.547663	2.000000	15.994644
21.000000	27.000000	24.000000	333.000000	429.000000	32.000000	337.279603	442.860632	2.000000	16.793028
21.000000	28.000000	25.000000	442.000000	383.000000	23.000000	428.313365	393.638960	2.000000	17.193610
21.000000	29.000000	26.000000	522.000000	447.000000	34.000000	524.250704	445.597356	2.000000	17.690445
21.000000	30.000000	27.000000	315.000000	337.000000	22.000000	304.482767	331.234992	1.000000	18.529155
21.000000	31.000000	28.000000	452.000000	253.000000	13.000000	449.990530	247.697436	1.000000	19.033724
21.000000	32.000000	29.000000	446.000000	442.000000	33.000000	446.268561	447.802218	1.000000	19.545722
21.000000	33.000000	30.000000	182.000000	350.000000	21.000000	178.122752	354.094800	1.000000	20.098757
21.000000	34.000000	31.000000	189.000000	493.000000	31.000000	180.655707	484.584665	1.000000	20.650830
21.000000	35.000000	32.000000	215.000000	545.000000	41.000000	217.582181	546.083866	1.000000	21.066895
21.000000	36.000000	33.000000	639.000000	791.000000	65.000000	643.432863	786.519208	1.000000	22.001879
21.000000	37.000000	34.000000	316.000000	911.000000	72.000000	311.575670	904.498046	1.000000	22.737312
21.000000	38.000000	35.000000	641.000000	594.000000	45.000000	648.773724	601.994996	1.000000	23.537729
21.000000	39.000000	36.000000	758.000000	669.000000	56.000000	742.750410	662.982903	1.000000	24.041750
21.000000	40.000000	37.000000	535.000000	176.000000	4.000000	514.268240	167.257809	2.000000	25.569402
21.000000	41.000000	38.000000	621.000000	165.000000	5.000000	630.460872	168.813770	2.000000	26.185652
21.000000	42.000000	39.000000	724.000000	178.000000	6.000000	730.297387	177.009283	2.000000	26.681984
21.000000	43.000000	40.000000	248.000000	146.000000	1.000000	232.322380	153.812276	2.000000	27.483253
22.000000	1.000000	1.000000	654.000000	566.000000	45.000000	641.582956	564.308015	2.000000	0.824626
22.000000	2.000000	2.000000	671.000000	710.000000	55.000000	669.489803	717.421178	2.000000	1.320516
22.000000	3.000000	3.000000	655.000000	765.000000	65.000000	645.779442	759.596699	2.000000	1.727851
22.000000	4.000000	4.000000	451.000000	667.000000	53.000000	432.772298	664.085224	2.000000	2.351648
22.000000	5.000000	5.000000	340.000000	671.000000	52.000000	332.815787	682.373832	2.000000	2.816148
22.000000	6.000000	6.000000	343.000000	497.000000	32.000000	336.201982	505.955617	2.000000	3.239851
22.000000	7.000000	0.000000	281.000000	362.000000	22.000000	295.270788	388.510237	2.000000	3.672030
22.000000	8.000000	7.000000	288.000000	373.000000	22.000000	295.270788	388.510237	2.000000	4.096868
22.000000	9.000000	8.000000	206.000000	126.000000	1.000000	210.163383	149.550447	2.000000	4.712072
22.000000	10.000000	9.000000	409.000000	180.000000	3.000000	402.646453	181.537310	2.000000	5.464508
22.000000	11.000000	10.000000	426.000000	277.000000	13.000000	428.276537	276.657792	2.000000	5.968561
22.000000	12.000000	11.000000	545.000000	169.000000	4.000000	541.014218	174.538934	2.000000	6.558666
22.000000	13.000000	12.000000	217.000000	691.000000	51.000000	214.116210	705.885987	2.000000	7.575088
22.000000	14.000000	13.000000	436.000000	913.000000	73.000000	431.162004	921.922569	2.000000	8.424663
22.000000	15.000000	14.000000	784.000000	881.000000	76.000000	763.580683	889.639899	2.000000	9.112742
22.000000	16.000000	15.000000	879.000000	757.000000	67.000000	864.850621	766.035737	2.000000	9.648648
22.000000	17.000000	16.000000	878.000000	701.000000	57.000000	875.751917	700.276312	2.000000	9.991884
22.000000	18.000000	17.000000	976.000000	781.000000	68.000000	981.660261	795.517362	2.000000	10.736742
22.000000	19.000000	18.000000	979.000000	654.000000	58.000000	970.999057	657.473433	1.000000	11.480692
22.000000	20.000000	19.000000	990.000000	879.000000	78.000000	981.867362	886.910400	1.000000	12.150929
22.000000	21.000000	20.000000	1216.000000	658.000000	60.000000	1219.043092	667.233832	2.000000	13.640064
22.000000	22.000000	21.000000	837.000000	589.000000	47.000000	840.397962	593.613371	1.000000	14.456700
22.000000	23.000000	22.000000	556.000000	871.000000	74.000000	555.315233	887.829798	1.000000	15.120735
22.000000	24.000000	23.000000	296.000000	815.000000	62.000000	298.261252	813.981415	1.000000	15.824070
22.000000	25.000000	24.000000	217.000000	809.000000	61.000000	200.317567	803.253422	1.000000	16.199586
22.000000	26.000000	25.000000	223.000000	893.000000	71.000000	225.065943	912.072899	1.000000	16.655255
22.000000	27.000000	26.000000	303.000000	893.000000	72.000000	292.153931	897.408216	1.000000	17.039637
22.000000	28.000000	27.000000	421.000000	589.000000	43.000000	419.346747	600.186758	1.000000	17.750715
22.000000	29.000000	28.000000	410.000000	338.000000	23.000000	416.665627	336.445840	1.000000	19.040026
22.000000	30.000000	29.000000	209.000000	360.000000	21.000000	205.601431	360.724424	1.000000	19.488909
22.000000	31.000000	30.000000	319.000000	105.000000	2.000000	308.651915	121.825312	1.000000	20.094893
22.000000	32.000000	31.000000	542.000000	252.000000	14.000000	545.599487	271.978976	1.000000	20.711475
22.000000	33.000000	32.000000	659.000000	370.000000	25.000000	655.235847	373.226981	1.000000	21.215706
22.000000	34.000000	33.000000	542.000000	436.000000	34.000000	543.102005	448.297126	1.000000	21.911412
22.000000	35.000000	34.000000	796.000000	299.000000	16.000000	775.183806	294.376527	1.000000	22.544540
22.000000	36.000000	35.000000	774.000000	132.000000	6.000000	763.096043	132.837403	1.000000	23.231943
22.000000	37.000000	36.000000	1212.000000	344.000000	30.000000	1214.952245	357.755531	2.000000	25.327294
22.000000	38.000000	37.000000	1102.000000	377.000000	29.000000	1087.213763	380.246302	2.000000	25.830555
22.000000	39.000000	38.000000	1107.000000	445.000000	39.000000	1088.108607	448.715459	1.000000	26.344698
22.000000	40.000000	39.000000	1189.000000	456.000000	40.000000	1185.918227	454.455647	1.000000	26.784090
22.000000	41.000000	40.000000	891.000000	399.000000	27.000000	881.503580	391.202534	1.000000	27.407840
