MultiTargForag_2	Participant_Code = 53a
Search_Type = 1	CB_Targets = 2
Trial	Click_Num	Target_Click_Order	Click_X	Click_y	Item_selected	Item_X	Item_Y	Target_Set	RT
1.000000	1.000000	1.000000	640.000000	407.000000	25.000000	627.811223	399.290200	2.000000	1.468389
1.000000	2.000000	2.000000	874.000000	396.000000	27.000000	877.586537	391.601919	1.000000	2.441201
1.000000	3.000000	3.000000	896.000000	299.000000	17.000000	887.997953	289.583041	1.000000	3.177189
1.000000	4.000000	4.000000	770.000000	272.000000	16.000000	760.734475	259.641428	2.000000	3.953766
1.000000	5.000000	5.000000	638.000000	233.000000	15.000000	642.464820	231.449997	2.000000	4.529037
1.000000	6.000000	6.000000	877.000000	470.000000	37.000000	878.721321	468.590126	2.000000	5.400690
1.000000	7.000000	7.000000	1053.000000	388.000000	29.000000	1058.940084	387.732943	1.000000	6.321985
1.000000	8.000000	8.000000	1069.000000	473.000000	39.000000	1067.070980	476.445115	1.000000	6.769990
1.000000	9.000000	9.000000	1199.000000	369.000000	30.000000	1192.749368	361.971196	1.000000	7.432789
1.000000	10.000000	10.000000	1225.000000	271.000000	20.000000	1219.280538	266.382625	2.000000	7.985142
1.000000	11.000000	11.000000	1193.000000	573.000000	50.000000	1190.405757	575.261020	2.000000	8.728193
1.000000	12.000000	12.000000	1084.000000	596.000000	49.000000	1075.181232	591.909731	2.000000	9.320753
1.000000	13.000000	13.000000	960.000000	595.000000	48.000000	951.828626	590.143631	2.000000	9.848059
1.000000	14.000000	14.000000	622.000000	479.000000	35.000000	642.586768	475.088149	1.000000	10.816841
1.000000	15.000000	15.000000	742.000000	594.000000	46.000000	735.776508	591.234327	2.000000	11.656678
1.000000	16.000000	16.000000	573.000000	671.000000	54.000000	562.111492	656.283149	2.000000	12.528530
1.000000	17.000000	17.000000	561.000000	582.000000	44.000000	551.493850	574.116082	1.000000	13.001760
1.000000	18.000000	18.000000	412.000000	463.000000	33.000000	405.334626	447.884467	2.000000	13.778309
1.000000	19.000000	19.000000	424.000000	236.000000	13.000000	417.724828	232.699180	1.000000	14.600974
1.000000	20.000000	20.000000	422.000000	131.000000	3.000000	426.380926	129.114335	1.000000	15.289203
1.000000	21.000000	21.000000	353.000000	133.000000	2.000000	341.834878	126.719947	1.000000	16.834157
1.000000	22.000000	22.000000	205.000000	157.000000	1.000000	201.456075	157.342847	1.000000	17.346450
1.000000	23.000000	23.000000	189.000000	231.000000	11.000000	181.410772	233.338504	1.000000	18.009642
1.000000	24.000000	24.000000	285.000000	361.000000	22.000000	293.986142	365.077577	1.000000	18.681256
1.000000	25.000000	25.000000	298.000000	548.000000	42.000000	293.406444	554.204273	2.000000	19.273894
1.000000	26.000000	26.000000	409.000000	583.000000	43.000000	402.053387	582.112586	2.000000	20.001016
1.000000	27.000000	27.000000	437.000000	718.000000	53.000000	440.578834	714.325417	2.000000	20.818019
1.000000	28.000000	28.000000	419.000000	814.000000	63.000000	415.503522	823.361497	1.000000	21.392205
1.000000	29.000000	29.000000	188.000000	720.000000	51.000000	185.802733	712.440004	1.000000	22.354209
1.000000	30.000000	30.000000	553.000000	790.000000	64.000000	546.157245	791.157162	1.000000	23.201917
1.000000	31.000000	31.000000	544.000000	894.000000	74.000000	546.177233	901.551003	2.000000	23.753234
1.000000	32.000000	32.000000	746.000000	895.000000	76.000000	742.009546	882.335804	2.000000	24.425233
1.000000	33.000000	33.000000	840.000000	795.000000	67.000000	844.194175	796.485905	2.000000	24.898294
1.000000	34.000000	34.000000	974.000000	811.000000	68.000000	963.293696	812.438131	1.000000	25.633480
1.000000	35.000000	35.000000	971.000000	877.000000	78.000000	960.990109	880.527494	2.000000	26.161458
1.000000	36.000000	36.000000	1120.000000	907.000000	79.000000	1108.374663	899.265959	2.000000	26.953288
1.000000	37.000000	37.000000	1185.000000	936.000000	80.000000	1179.979382	926.042966	2.000000	27.440315
1.000000	38.000000	38.000000	1188.000000	814.000000	70.000000	1185.766669	802.899227	1.000000	28.160496
1.000000	39.000000	39.000000	1103.000000	783.000000	69.000000	1106.081538	784.383493	1.000000	28.633180
1.000000	40.000000	40.000000	1199.000000	709.000000	60.000000	1204.418698	705.927285	1.000000	29.346090
1.000000	1.000000	1.000000	740.000000	502.000000	36.000000	746.397548	496.241034	2.000000	0.826460
1.000000	2.000000	2.000000	778.000000	565.000000	46.000000	780.534711	566.702631	1.000000	1.284059
1.000000	3.000000	3.000000	837.000000	683.000000	57.000000	846.985324	686.513493	1.000000	1.842380
1.000000	4.000000	4.000000	748.000000	717.000000	56.000000	738.031494	716.524487	1.000000	2.284271
1.000000	5.000000	5.000000	684.000000	601.000000	45.000000	669.752908	594.054889	1.000000	2.979960
1.000000	6.000000	6.000000	844.000000	568.000000	47.000000	850.440912	569.562500	2.000000	3.571237
1.000000	7.000000	7.000000	992.000000	437.000000	38.000000	986.954374	441.733681	2.000000	4.155896
1.000000	8.000000	8.000000	1072.000000	389.000000	29.000000	1067.937535	382.051751	1.000000	4.571553
1.000000	9.000000	9.000000	1087.000000	443.000000	39.000000	1076.904868	446.405998	1.000000	4.996218
1.000000	10.000000	10.000000	1218.000000	498.000000	40.000000	1216.250084	485.007574	1.000000	5.523478
1.000000	11.000000	11.000000	1185.000000	554.000000	50.000000	1168.373815	544.852531	1.000000	5.946655
1.000000	12.000000	12.000000	1116.000000	243.000000	19.000000	1101.513998	235.806437	1.000000	6.962170
1.000000	13.000000	13.000000	1083.000000	133.000000	9.000000	1071.979950	129.763792	2.000000	7.460003
1.000000	14.000000	0.000000	863.000000	182.000000	7.000000	890.943932	180.672279	2.000000	8.162831
1.000000	15.000000	14.000000	754.000000	144.000000	6.000000	736.408684	133.949429	2.000000	8.787693
1.000000	16.000000	15.000000	890.000000	180.000000	7.000000	890.943932	180.672279	2.000000	9.506959
1.000000	17.000000	16.000000	866.000000	343.000000	27.000000	851.825572	353.018682	1.000000	10.042242
1.000000	18.000000	17.000000	764.000000	393.000000	26.000000	750.991396	397.436418	2.000000	10.555154
1.000000	19.000000	18.000000	665.000000	281.000000	15.000000	655.496237	271.810945	1.000000	11.371164
1.000000	20.000000	19.000000	654.000000	118.000000	5.000000	646.851325	119.445154	1.000000	12.035080
1.000000	21.000000	20.000000	559.000000	246.000000	14.000000	550.812791	249.487803	2.000000	12.578822
1.000000	22.000000	21.000000	450.000000	252.000000	13.000000	430.560121	248.877818	2.000000	13.076106
1.000000	23.000000	22.000000	316.000000	172.000000	2.000000	309.951282	162.336322	2.000000	13.546234
1.000000	24.000000	23.000000	213.000000	174.000000	1.000000	206.687024	174.651990	2.000000	13.987265
1.000000	25.000000	24.000000	298.000000	261.000000	12.000000	301.857703	258.824806	1.000000	14.666068
1.000000	26.000000	25.000000	217.000000	341.000000	21.000000	214.222962	342.916456	2.000000	15.346208
1.000000	27.000000	26.000000	355.000000	369.000000	22.000000	339.405519	369.938015	2.000000	15.819773
1.000000	28.000000	27.000000	443.000000	398.000000	23.000000	442.359456	392.702188	1.000000	16.330208
1.000000	29.000000	28.000000	566.000000	449.000000	34.000000	560.718863	451.184859	2.000000	16.842659
1.000000	30.000000	29.000000	426.000000	477.000000	33.000000	415.940468	474.782259	1.000000	17.570940
1.000000	31.000000	30.000000	346.000000	511.000000	32.000000	332.102333	503.795045	1.000000	18.194016
1.000000	32.000000	31.000000	237.000000	507.000000	31.000000	222.866634	505.045066	2.000000	18.771332
1.000000	33.000000	32.000000	423.000000	561.000000	43.000000	418.844991	554.249736	1.000000	19.467995
1.000000	34.000000	33.000000	540.000000	567.000000	44.000000	538.507001	568.568429	2.000000	19.970776
1.000000	35.000000	34.000000	442.000000	698.000000	53.000000	448.466508	700.373181	1.000000	20.818769
1.000000	36.000000	35.000000	338.000000	660.000000	52.000000	336.004595	657.435966	2.000000	21.507327
1.000000	37.000000	36.000000	309.000000	806.000000	62.000000	307.008272	793.883274	1.000000	22.244151
1.000000	38.000000	37.000000	407.000000	925.000000	73.000000	406.502462	920.718180	1.000000	23.027514
1.000000	39.000000	38.000000	648.000000	876.000000	75.000000	642.412712	868.604469	2.000000	23.706713
1.000000	40.000000	39.000000	977.000000	779.000000	68.000000	970.513284	772.941964	2.000000	24.435535
1.000000	41.000000	40.000000	1108.000000	913.000000	79.000000	1105.555151	917.318824	2.000000	25.227455
2.000000	1.000000	1.000000	752.000000	578.000000	46.000000	742.297331	564.885795	1.000000	0.948052
2.000000	2.000000	2.000000	669.000000	593.000000	45.000000	656.760307	600.402502	2.000000	1.410750
2.000000	3.000000	3.000000	744.000000	689.000000	56.000000	736.770996	693.779288	2.000000	1.908601
2.000000	4.000000	4.000000	845.000000	616.000000	47.000000	843.101268	601.144055	1.000000	2.300773
2.000000	5.000000	5.000000	877.000000	710.000000	57.000000	882.188667	708.861658	2.000000	2.819878
2.000000	6.000000	6.000000	790.000000	808.000000	66.000000	775.923943	806.786826	2.000000	3.299682
2.000000	7.000000	7.000000	669.000000	777.000000	65.000000	660.176448	767.473590	2.000000	3.908624
2.000000	8.000000	8.000000	648.000000	922.000000	75.000000	634.036739	925.047749	1.000000	4.395922
2.000000	9.000000	9.000000	766.000000	906.000000	76.000000	769.376443	891.903933	1.000000	4.883069
2.000000	10.000000	10.000000	848.000000	878.000000	77.000000	837.975783	864.970225	1.000000	5.371276
2.000000	11.000000	11.000000	1001.000000	925.000000	78.000000	982.954841	923.143467	2.000000	6.100927
2.000000	12.000000	12.000000	1000.000000	770.000000	68.000000	990.267334	770.672573	2.000000	6.715762
2.000000	13.000000	13.000000	996.000000	689.000000	58.000000	996.899005	679.238494	1.000000	7.205014
2.000000	14.000000	14.000000	1053.000000	700.000000	59.000000	1060.997932	695.435817	1.000000	7.684966
2.000000	15.000000	15.000000	1098.000000	797.000000	69.000000	1099.879685	804.377743	2.000000	8.324951
2.000000	16.000000	16.000000	1226.000000	906.000000	80.000000	1213.652900	900.444549	2.000000	8.987014
2.000000	17.000000	17.000000	1181.000000	598.000000	50.000000	1171.424927	595.653728	2.000000	10.067160
2.000000	18.000000	18.000000	1210.000000	487.000000	40.000000	1210.510021	490.550860	1.000000	10.636772
2.000000	19.000000	19.000000	1090.000000	186.000000	9.000000	1078.759147	174.891303	1.000000	11.404654
2.000000	20.000000	20.000000	1218.000000	171.000000	10.000000	1219.612205	165.953250	2.000000	12.339631
2.000000	21.000000	21.000000	725.000000	142.000000	6.000000	731.563998	133.933450	2.000000	13.187554
2.000000	22.000000	22.000000	678.000000	159.000000	5.000000	667.482004	163.077297	2.000000	13.627772
2.000000	23.000000	23.000000	724.000000	238.000000	16.000000	734.995022	241.457663	1.000000	14.204660
2.000000	24.000000	24.000000	726.000000	352.000000	26.000000	728.356046	352.483608	1.000000	14.643855
2.000000	25.000000	25.000000	654.000000	377.000000	25.000000	643.634844	377.271231	2.000000	15.115028
2.000000	26.000000	26.000000	518.000000	125.000000	4.000000	515.228844	121.219787	2.000000	15.995115
2.000000	27.000000	27.000000	438.000000	183.000000	3.000000	438.860085	181.398232	1.000000	16.668381
2.000000	28.000000	28.000000	199.000000	123.000000	1.000000	187.096542	123.448981	2.000000	17.316080
2.000000	29.000000	29.000000	331.000000	378.000000	22.000000	331.087758	374.426440	1.000000	18.051735
2.000000	30.000000	30.000000	548.000000	475.000000	34.000000	541.605370	468.749654	1.000000	18.683095
2.000000	31.000000	31.000000	433.000000	611.000000	43.000000	440.345595	600.089339	2.000000	19.411786
2.000000	32.000000	32.000000	507.000000	609.000000	44.000000	516.234174	608.051453	1.000000	19.955817
2.000000	33.000000	33.000000	557.000000	674.000000	54.000000	558.164973	672.457029	1.000000	20.523058
2.000000	34.000000	34.000000	538.000000	811.000000	64.000000	529.262586	820.318730	2.000000	21.187709
2.000000	35.000000	35.000000	414.000000	932.000000	73.000000	409.258065	923.523304	2.000000	22.162947
2.000000	36.000000	36.000000	336.000000	900.000000	72.000000	323.609781	900.275893	2.000000	22.732085
2.000000	37.000000	37.000000	311.000000	831.000000	62.000000	300.676891	823.737435	1.000000	23.259842
2.000000	38.000000	38.000000	221.000000	785.000000	61.000000	211.309252	788.130441	1.000000	23.787909
2.000000	39.000000	39.000000	193.000000	666.000000	51.000000	191.750483	664.366161	1.000000	24.268436
2.000000	40.000000	40.000000	334.000000	601.000000	42.000000	335.607944	589.040609	1.000000	24.828288
3.000000	1.000000	1.000000	630.000000	469.000000	35.000000	621.747805	469.351466	2.000000	0.740780
3.000000	2.000000	2.000000	617.000000	348.000000	25.000000	618.182802	351.406226	1.000000	1.220553
3.000000	3.000000	3.000000	544.000000	368.000000	24.000000	536.830964	370.039810	1.000000	1.781244
3.000000	4.000000	4.000000	555.000000	487.000000	34.000000	555.513808	494.662942	1.000000	2.283549
3.000000	5.000000	5.000000	518.000000	589.000000	44.000000	511.690769	581.659795	1.000000	2.779059
3.000000	6.000000	6.000000	521.000000	699.000000	54.000000	523.885018	696.558323	1.000000	3.299329
3.000000	7.000000	7.000000	682.000000	665.000000	55.000000	672.329330	667.581546	1.000000	3.765393
3.000000	8.000000	8.000000	526.000000	758.000000	64.000000	519.560874	757.340758	2.000000	4.467980
3.000000	9.000000	9.000000	559.000000	862.000000	74.000000	559.207513	865.348161	1.000000	5.091431
3.000000	10.000000	10.000000	655.000000	885.000000	75.000000	658.748728	889.409184	2.000000	5.531620
3.000000	11.000000	11.000000	833.000000	760.000000	67.000000	840.281426	758.832137	2.000000	6.147519
3.000000	12.000000	12.000000	897.000000	686.000000	57.000000	892.224424	675.811879	1.000000	6.557317
3.000000	13.000000	13.000000	954.000000	702.000000	58.000000	956.931871	708.269865	1.000000	7.148191
3.000000	14.000000	14.000000	862.000000	596.000000	47.000000	852.034138	589.278599	2.000000	7.756255
3.000000	15.000000	15.000000	998.000000	552.000000	48.000000	992.652090	547.839607	1.000000	8.347418
3.000000	16.000000	16.000000	1056.000000	645.000000	59.000000	1058.884980	650.559766	1.000000	8.915384
3.000000	17.000000	17.000000	1166.000000	864.000000	80.000000	1170.421111	861.851319	2.000000	10.307434
3.000000	18.000000	18.000000	1204.000000	814.000000	70.000000	1204.867233	809.147125	1.000000	10.691295
3.000000	19.000000	19.000000	1117.000000	497.000000	39.000000	1107.447172	488.855249	2.000000	11.916241
3.000000	20.000000	20.000000	1199.000000	475.000000	40.000000	1181.758017	476.376552	1.000000	12.341247
3.000000	21.000000	21.000000	1183.000000	335.000000	30.000000	1167.612310	341.058468	1.000000	13.149261
3.000000	22.000000	22.000000	1208.000000	169.000000	10.000000	1204.465093	153.400656	1.000000	14.019576
3.000000	23.000000	23.000000	1115.000000	156.000000	9.000000	1100.392966	148.400412	2.000000	14.541270
3.000000	24.000000	24.000000	972.000000	145.000000	8.000000	980.121319	148.883606	1.000000	15.027893
3.000000	25.000000	25.000000	899.000000	154.000000	7.000000	885.503325	149.286900	2.000000	15.499606
3.000000	26.000000	26.000000	773.000000	172.000000	6.000000	767.719832	168.619526	2.000000	16.029053
3.000000	27.000000	27.000000	759.000000	348.000000	26.000000	752.939394	339.159448	2.000000	16.668263
3.000000	28.000000	28.000000	951.000000	394.000000	28.000000	956.029831	392.377490	1.000000	17.325081
3.000000	29.000000	29.000000	520.000000	149.000000	4.000000	530.341730	147.724229	2.000000	18.243941
3.000000	30.000000	30.000000	517.000000	244.000000	14.000000	520.541437	247.375102	1.000000	18.827573
3.000000	31.000000	31.000000	407.000000	176.000000	3.000000	410.679653	171.074178	2.000000	19.403278
3.000000	32.000000	32.000000	331.000000	169.000000	2.000000	332.326080	168.762952	2.000000	19.957324
3.000000	33.000000	33.000000	323.000000	241.000000	12.000000	325.900933	238.847935	2.000000	20.403886
3.000000	34.000000	34.000000	228.000000	165.000000	1.000000	212.995267	159.607792	1.000000	21.035137
3.000000	35.000000	35.000000	177.000000	278.000000	11.000000	182.275493	279.408853	1.000000	21.915983
3.000000	36.000000	36.000000	407.000000	457.000000	33.000000	399.321351	440.506791	2.000000	22.757247
3.000000	37.000000	37.000000	426.000000	548.000000	43.000000	427.783359	559.310282	2.000000	23.180188
3.000000	38.000000	38.000000	437.000000	674.000000	53.000000	432.829099	665.216281	2.000000	23.588174
3.000000	39.000000	39.000000	215.000000	715.000000	51.000000	208.308075	712.420756	2.000000	24.404267
3.000000	40.000000	40.000000	402.000000	875.000000	73.000000	398.910543	876.787173	2.000000	25.075283
4.000000	1.000000	1.000000	653.000000	465.000000	35.000000	647.708099	467.956711	2.000000	1.037332
4.000000	2.000000	2.000000	750.000000	442.000000	36.000000	743.701298	439.533470	2.000000	1.646180
4.000000	3.000000	3.000000	952.000000	457.000000	38.000000	951.114399	456.251983	1.000000	2.358498
4.000000	4.000000	4.000000	993.000000	578.000000	48.000000	994.958396	584.428932	2.000000	2.949978
4.000000	5.000000	5.000000	1096.000000	581.000000	49.000000	1088.012699	577.302708	2.000000	3.326018
4.000000	6.000000	6.000000	1213.000000	604.000000	50.000000	1221.851075	602.481243	2.000000	3.942009
4.000000	7.000000	7.000000	1125.000000	459.000000	39.000000	1110.264368	458.510842	1.000000	4.805241
4.000000	8.000000	8.000000	1122.000000	396.000000	29.000000	1108.563090	397.778019	1.000000	5.206783
4.000000	9.000000	9.000000	1182.000000	237.000000	20.000000	1184.725760	244.890624	1.000000	5.894659
4.000000	10.000000	10.000000	1165.000000	123.000000	10.000000	1169.575587	127.593723	2.000000	6.902619
4.000000	11.000000	11.000000	969.000000	133.000000	8.000000	957.543010	132.958446	2.000000	7.614789
4.000000	12.000000	12.000000	857.000000	229.000000	17.000000	851.788727	225.265135	1.000000	8.078165
4.000000	13.000000	13.000000	651.000000	186.000000	5.000000	649.697130	183.155400	1.000000	8.637250
4.000000	14.000000	14.000000	530.000000	184.000000	4.000000	531.967980	179.174105	1.000000	9.270370
4.000000	15.000000	15.000000	449.000000	152.000000	3.000000	434.155077	150.702595	1.000000	9.750017
4.000000	16.000000	16.000000	442.000000	232.000000	13.000000	440.532430	226.682936	2.000000	10.365665
4.000000	17.000000	17.000000	336.000000	173.000000	2.000000	331.099108	166.040994	2.000000	10.822335
4.000000	18.000000	18.000000	217.000000	134.000000	1.000000	197.601917	128.793109	2.000000	11.334616
4.000000	19.000000	19.000000	227.000000	350.000000	21.000000	225.757584	356.260512	1.000000	12.157695
4.000000	20.000000	20.000000	511.000000	382.000000	24.000000	515.643714	369.432166	2.000000	12.886086
4.000000	21.000000	21.000000	450.000000	443.000000	33.000000	437.532375	446.988244	1.000000	13.453822
4.000000	22.000000	22.000000	309.000000	559.000000	42.000000	311.026792	551.547537	1.000000	13.966234
4.000000	23.000000	23.000000	211.000000	464.000000	31.000000	198.923738	463.095034	2.000000	14.573467
4.000000	24.000000	24.000000	183.000000	587.000000	41.000000	183.944671	582.183344	2.000000	15.053888
4.000000	25.000000	25.000000	186.000000	666.000000	51.000000	181.747584	679.669170	1.000000	15.582512
4.000000	26.000000	26.000000	306.000000	675.000000	52.000000	300.698599	661.021159	2.000000	16.172725
4.000000	27.000000	27.000000	450.000000	608.000000	43.000000	448.017528	595.324180	1.000000	16.677469
4.000000	28.000000	28.000000	540.000000	690.000000	54.000000	542.885653	690.046859	2.000000	17.326655
4.000000	29.000000	29.000000	399.000000	757.000000	63.000000	398.762844	758.974029	2.000000	17.981941
4.000000	30.000000	30.000000	350.000000	771.000000	62.000000	331.816653	769.881628	1.000000	18.389921
4.000000	31.000000	31.000000	223.000000	891.000000	71.000000	211.632759	898.611932	1.000000	19.212907
4.000000	32.000000	32.000000	424.000000	888.000000	73.000000	427.925592	890.604658	1.000000	19.862645
4.000000	33.000000	33.000000	563.000000	912.000000	74.000000	559.316215	916.137961	1.000000	20.470567
4.000000	34.000000	34.000000	673.000000	816.000000	65.000000	655.304199	812.600786	1.000000	20.869951
4.000000	35.000000	35.000000	765.000000	773.000000	66.000000	760.046077	769.271809	2.000000	21.446289
4.000000	36.000000	36.000000	748.000000	709.000000	56.000000	746.740702	712.881057	2.000000	21.853049
4.000000	37.000000	37.000000	869.000000	789.000000	67.000000	875.912444	790.604851	2.000000	22.438567
4.000000	38.000000	38.000000	964.000000	775.000000	68.000000	960.996209	764.817377	1.000000	22.845031
4.000000	39.000000	39.000000	1105.000000	804.000000	69.000000	1106.153849	807.966564	1.000000	23.324952
4.000000	40.000000	40.000000	1183.000000	912.000000	80.000000	1185.261589	914.610751	2.000000	24.013005
5.000000	1.000000	1.000000	779.000000	483.000000	36.000000	780.616048	478.554193	1.000000	0.850676
5.000000	2.000000	2.000000	646.000000	501.000000	35.000000	636.358546	492.514954	1.000000	1.345181
5.000000	3.000000	3.000000	667.000000	364.000000	25.000000	657.894913	354.866117	1.000000	1.961377
5.000000	4.000000	4.000000	783.000000	285.000000	16.000000	759.462361	292.547477	1.000000	2.882121
5.000000	5.000000	5.000000	862.000000	248.000000	17.000000	862.292633	245.108803	2.000000	3.466802
5.000000	6.000000	6.000000	992.000000	365.000000	28.000000	990.394653	367.149944	1.000000	4.019387
5.000000	7.000000	7.000000	1092.000000	337.000000	29.000000	1100.566655	331.007332	2.000000	4.369681
5.000000	8.000000	8.000000	1116.000000	246.000000	19.000000	1097.513237	238.342030	2.000000	4.907196
5.000000	9.000000	9.000000	1215.000000	396.000000	30.000000	1220.102008	386.257190	1.000000	5.490587
5.000000	10.000000	10.000000	1002.000000	607.000000	48.000000	990.240672	609.117742	1.000000	6.274305
5.000000	11.000000	11.000000	1089.000000	685.000000	59.000000	1090.189440	678.755010	1.000000	6.761498
5.000000	12.000000	12.000000	1194.000000	727.000000	60.000000	1197.839685	718.658402	2.000000	7.257341
5.000000	13.000000	13.000000	1184.000000	915.000000	80.000000	1189.956302	919.771065	1.000000	7.995207
5.000000	14.000000	14.000000	1100.000000	909.000000	79.000000	1083.884807	907.824137	1.000000	8.418411
5.000000	15.000000	0.000000	1108.000000	844.000000	69.000000	1098.970481	817.454995	1.000000	8.841630
5.000000	16.000000	15.000000	1102.000000	827.000000	69.000000	1098.970481	817.454995	1.000000	9.290332
5.000000	17.000000	16.000000	967.000000	914.000000	78.000000	976.759964	919.531305	1.000000	9.938283
5.000000	18.000000	17.000000	969.000000	772.000000	68.000000	962.603973	762.024527	2.000000	10.434273
5.000000	19.000000	18.000000	846.000000	711.000000	57.000000	849.879361	706.475150	1.000000	10.955393
5.000000	20.000000	19.000000	744.000000	697.000000	56.000000	731.939531	687.816430	2.000000	11.369893
5.000000	21.000000	20.000000	758.000000	771.000000	66.000000	753.360178	768.356429	2.000000	12.025540
5.000000	22.000000	21.000000	641.000000	659.000000	55.000000	645.923959	655.035654	2.000000	12.675019
5.000000	23.000000	22.000000	525.000000	559.000000	44.000000	516.365065	548.628843	2.000000	13.305499
5.000000	24.000000	23.000000	437.000000	665.000000	53.000000	428.497261	657.368470	2.000000	13.977658
5.000000	25.000000	24.000000	453.000000	791.000000	63.000000	443.268406	797.030242	2.000000	14.467021
5.000000	26.000000	25.000000	561.000000	831.000000	64.000000	557.143513	824.643762	2.000000	14.929248
5.000000	27.000000	26.000000	423.000000	898.000000	73.000000	414.857877	902.064591	2.000000	15.577839
5.000000	28.000000	27.000000	308.000000	808.000000	62.000000	299.504683	807.565393	1.000000	16.234822
5.000000	29.000000	28.000000	217.000000	753.000000	61.000000	219.774275	760.959673	1.000000	16.986201
5.000000	30.000000	29.000000	217.000000	665.000000	51.000000	207.379619	651.005075	1.000000	17.537386
5.000000	31.000000	30.000000	311.000000	680.000000	52.000000	302.202421	675.073982	2.000000	18.218324
5.000000	32.000000	31.000000	415.000000	562.000000	43.000000	428.700869	562.997903	1.000000	18.979448
5.000000	33.000000	32.000000	453.000000	410.000000	23.000000	449.580789	398.576250	1.000000	19.682078
5.000000	34.000000	33.000000	535.000000	341.000000	24.000000	537.345312	332.204561	1.000000	20.201534
5.000000	35.000000	34.000000	634.000000	245.000000	15.000000	621.892064	242.563933	2.000000	20.899243
5.000000	36.000000	35.000000	650.000000	153.000000	5.000000	648.122579	146.485185	2.000000	21.449422
5.000000	37.000000	36.000000	513.000000	247.000000	14.000000	512.396164	248.225570	1.000000	22.035412
5.000000	38.000000	37.000000	420.000000	194.000000	3.000000	416.348138	187.833930	2.000000	22.490166
5.000000	39.000000	38.000000	192.000000	143.000000	1.000000	178.343795	135.207975	2.000000	23.353521
5.000000	40.000000	39.000000	192.000000	357.000000	21.000000	187.340293	360.146549	2.000000	23.993929
5.000000	41.000000	40.000000	185.000000	565.000000	41.000000	183.123476	559.417040	2.000000	24.642496
6.000000	1.000000	1.000000	560.000000	610.000000	44.000000	548.087317	598.097938	2.000000	0.871377
6.000000	2.000000	2.000000	670.000000	614.000000	45.000000	648.676756	612.366289	1.000000	1.439328
6.000000	3.000000	3.000000	776.000000	593.000000	46.000000	765.436202	592.002109	1.000000	2.063793
6.000000	4.000000	4.000000	881.000000	593.000000	47.000000	886.234432	602.871118	2.000000	2.607994
6.000000	5.000000	5.000000	890.000000	674.000000	57.000000	891.190957	685.231209	1.000000	3.087079
6.000000	6.000000	6.000000	955.000000	582.000000	48.000000	950.284640	590.120490	1.000000	3.695799
6.000000	7.000000	7.000000	759.000000	764.000000	66.000000	749.426256	779.752404	1.000000	4.423608
6.000000	8.000000	8.000000	967.000000	880.000000	78.000000	954.403928	879.396639	2.000000	5.302339
6.000000	9.000000	9.000000	1114.000000	877.000000	79.000000	1099.632800	865.832668	2.000000	5.807971
6.000000	10.000000	10.000000	1216.000000	877.000000	80.000000	1205.064922	874.064412	2.000000	6.238164
6.000000	11.000000	11.000000	1115.000000	650.000000	59.000000	1103.972517	653.056151	2.000000	6.831937
6.000000	12.000000	12.000000	1085.000000	596.000000	49.000000	1084.869889	604.578819	2.000000	7.175066
6.000000	13.000000	13.000000	1197.000000	479.000000	40.000000	1197.798463	490.773397	1.000000	7.679694
6.000000	14.000000	14.000000	1178.000000	380.000000	30.000000	1167.538218	380.458974	2.000000	8.199863
6.000000	15.000000	15.000000	1080.000000	464.000000	39.000000	1083.782854	464.110375	1.000000	8.766517
6.000000	16.000000	16.000000	969.000000	467.000000	38.000000	965.432264	483.076491	1.000000	9.311627
6.000000	17.000000	17.000000	955.000000	379.000000	28.000000	959.893630	377.659668	2.000000	9.854586
6.000000	18.000000	18.000000	860.000000	370.000000	27.000000	852.826103	358.649613	2.000000	10.239389
6.000000	19.000000	19.000000	774.000000	455.000000	36.000000	775.767257	462.529455	1.000000	10.783315
6.000000	20.000000	20.000000	764.000000	315.000000	26.000000	772.286267	336.832224	1.000000	11.232228
6.000000	21.000000	21.000000	753.000000	240.000000	16.000000	742.474633	245.440058	2.000000	11.846575
6.000000	22.000000	22.000000	778.000000	159.000000	6.000000	777.479447	146.657913	1.000000	12.264084
6.000000	23.000000	23.000000	893.000000	126.000000	7.000000	891.821987	122.028527	1.000000	13.047307
6.000000	24.000000	24.000000	1061.000000	148.000000	9.000000	1057.890996	135.712201	2.000000	13.944100
6.000000	25.000000	25.000000	974.000000	218.000000	18.000000	977.853684	228.198610	2.000000	14.462526
6.000000	26.000000	26.000000	655.000000	135.000000	5.000000	645.546820	126.239536	2.000000	15.247827
6.000000	27.000000	27.000000	533.000000	325.000000	24.000000	529.073258	331.002780	2.000000	15.887756
6.000000	28.000000	28.000000	444.000000	399.000000	23.000000	449.039559	397.664225	1.000000	16.295737
6.000000	29.000000	29.000000	397.000000	270.000000	13.000000	399.371483	253.544835	1.000000	16.752157
6.000000	30.000000	0.000000	294.000000	168.000000	2.000000	302.182891	143.667348	2.000000	17.502872
6.000000	31.000000	30.000000	208.000000	152.000000	1.000000	200.761395	149.592569	2.000000	18.719168
6.000000	32.000000	31.000000	304.000000	141.000000	2.000000	302.182891	143.667348	2.000000	19.335648
6.000000	33.000000	32.000000	319.000000	269.000000	12.000000	310.587720	274.406540	2.000000	19.886455
6.000000	34.000000	33.000000	297.000000	344.000000	22.000000	289.824614	347.910145	2.000000	20.327421
6.000000	35.000000	34.000000	204.000000	359.000000	21.000000	209.043609	354.164995	1.000000	20.751194
6.000000	36.000000	35.000000	406.000000	549.000000	43.000000	413.178464	554.531979	1.000000	21.695689
6.000000	37.000000	36.000000	454.000000	711.000000	53.000000	450.538865	699.732564	1.000000	22.279051
6.000000	38.000000	37.000000	342.000000	774.000000	62.000000	340.041483	767.019413	1.000000	22.910496
6.000000	39.000000	38.000000	388.000000	818.000000	63.000000	398.769083	818.254542	1.000000	23.430885
6.000000	40.000000	39.000000	326.000000	907.000000	72.000000	326.474561	912.808391	1.000000	24.006439
6.000000	41.000000	40.000000	225.000000	780.000000	61.000000	209.878576	773.263276	2.000000	24.774125
7.000000	1.000000	1.000000	632.000000	594.000000	45.000000	631.394076	588.053542	2.000000	0.794813
7.000000	2.000000	2.000000	736.000000	551.000000	46.000000	734.478823	554.178765	2.000000	1.299181
7.000000	3.000000	3.000000	870.000000	491.000000	37.000000	862.985422	490.959903	2.000000	1.801649
7.000000	4.000000	4.000000	997.000000	480.000000	38.000000	981.921812	478.364733	2.000000	2.377593
7.000000	5.000000	5.000000	1067.000000	511.000000	39.000000	1066.591169	500.427081	2.000000	2.994637
7.000000	6.000000	6.000000	1079.000000	596.000000	49.000000	1079.247356	582.237263	2.000000	3.418143
7.000000	7.000000	7.000000	1220.000000	496.000000	40.000000	1221.641021	488.019721	1.000000	4.089824
7.000000	8.000000	8.000000	872.000000	658.000000	57.000000	868.610737	653.335269	1.000000	5.041889
7.000000	9.000000	9.000000	887.000000	765.000000	67.000000	882.163350	758.514127	1.000000	5.603716
7.000000	10.000000	10.000000	1075.000000	819.000000	69.000000	1075.444967	812.122341	2.000000	6.249602
7.000000	11.000000	11.000000	1076.000000	931.000000	79.000000	1074.034978	920.227065	2.000000	6.931171
7.000000	12.000000	12.000000	963.000000	928.000000	78.000000	950.766631	925.442515	1.000000	7.651576
7.000000	13.000000	13.000000	649.000000	924.000000	75.000000	656.980535	924.438124	1.000000	8.401792
7.000000	14.000000	14.000000	547.000000	865.000000	74.000000	542.412168	861.946029	1.000000	8.971569
7.000000	15.000000	15.000000	552.000000	810.000000	64.000000	558.488990	795.306222	1.000000	9.345800
7.000000	16.000000	16.000000	406.000000	798.000000	63.000000	404.595763	796.296274	2.000000	9.921635
7.000000	17.000000	17.000000	331.000000	935.000000	72.000000	327.904979	925.954883	2.000000	10.393560
7.000000	18.000000	18.000000	212.000000	902.000000	71.000000	203.539895	904.932995	1.000000	10.930455
7.000000	19.000000	19.000000	216.000000	823.000000	61.000000	217.170433	817.055382	1.000000	11.401808
7.000000	20.000000	20.000000	209.000000	713.000000	51.000000	207.492600	716.881148	1.000000	11.889541
7.000000	21.000000	21.000000	215.000000	596.000000	41.000000	221.294951	608.304424	1.000000	12.322347
7.000000	22.000000	22.000000	235.000000	502.000000	31.000000	226.000239	484.798065	1.000000	12.833745
7.000000	23.000000	23.000000	337.000000	562.000000	42.000000	337.887055	567.135057	2.000000	13.626829
7.000000	24.000000	24.000000	551.000000	474.000000	34.000000	540.333587	471.164377	2.000000	14.337592
7.000000	25.000000	25.000000	633.000000	446.000000	35.000000	636.152672	442.652783	2.000000	15.017434
7.000000	26.000000	26.000000	546.000000	393.000000	24.000000	534.768134	391.773224	1.000000	16.122917
7.000000	27.000000	27.000000	625.000000	290.000000	15.000000	623.248245	289.010915	1.000000	19.106626
7.000000	28.000000	28.000000	513.000000	297.000000	14.000000	508.138940	290.913873	2.000000	19.651595
7.000000	29.000000	29.000000	440.000000	379.000000	23.000000	435.607799	364.837147	2.000000	20.083393
7.000000	30.000000	30.000000	314.000000	384.000000	22.000000	326.698229	384.584463	1.000000	20.739196
7.000000	31.000000	31.000000	301.000000	303.000000	12.000000	306.476395	292.303752	2.000000	21.242462
7.000000	32.000000	32.000000	219.000000	247.000000	11.000000	211.523495	245.307712	2.000000	21.811530
7.000000	33.000000	33.000000	529.000000	174.000000	4.000000	523.659105	177.224046	2.000000	22.539278
7.000000	34.000000	34.000000	623.000000	151.000000	5.000000	620.791670	147.010059	1.000000	23.170499
7.000000	35.000000	35.000000	741.000000	176.000000	6.000000	743.383369	177.927747	1.000000	23.842494
7.000000	36.000000	36.000000	878.000000	232.000000	17.000000	879.377765	223.819594	1.000000	24.315566
7.000000	37.000000	37.000000	973.000000	168.000000	8.000000	956.171271	163.170953	1.000000	25.097399
7.000000	38.000000	38.000000	1117.000000	167.000000	9.000000	1112.285584	168.335705	1.000000	25.649701
7.000000	39.000000	39.000000	969.000000	261.000000	18.000000	977.190798	263.834759	2.000000	26.401400
7.000000	40.000000	40.000000	868.000000	377.000000	27.000000	855.403781	383.828628	2.000000	27.002377
8.000000	1.000000	1.000000	667.000000	480.000000	35.000000	654.889097	472.024296	2.000000	0.970314
8.000000	2.000000	2.000000	858.000000	561.000000	47.000000	863.011373	562.835772	2.000000	1.666442
8.000000	3.000000	3.000000	887.000000	509.000000	37.000000	889.309026	503.492630	2.000000	2.043426
8.000000	4.000000	4.000000	778.000000	563.000000	46.000000	777.415473	550.634530	1.000000	2.465573
8.000000	5.000000	5.000000	982.000000	474.000000	38.000000	983.039309	462.118990	1.000000	3.033629
8.000000	6.000000	6.000000	1081.000000	471.000000	39.000000	1069.961870	458.920769	1.000000	3.410692
8.000000	7.000000	7.000000	1192.000000	506.000000	40.000000	1185.551247	502.950795	1.000000	3.945519
8.000000	8.000000	8.000000	992.000000	559.000000	48.000000	986.402270	560.423769	1.000000	4.705404
8.000000	9.000000	9.000000	976.000000	369.000000	28.000000	968.556717	360.698643	2.000000	5.331292
8.000000	10.000000	10.000000	1186.000000	358.000000	30.000000	1195.706582	357.940296	2.000000	5.897424
8.000000	11.000000	11.000000	1201.000000	144.000000	10.000000	1191.576487	126.858646	1.000000	6.458094
8.000000	12.000000	12.000000	797.000000	166.000000	6.000000	781.897431	151.317507	1.000000	7.187341
8.000000	13.000000	13.000000	846.000000	256.000000	17.000000	848.829554	264.154516	1.000000	7.682937
8.000000	14.000000	14.000000	780.000000	353.000000	26.000000	778.396988	363.975618	1.000000	8.305354
8.000000	15.000000	15.000000	645.000000	137.000000	5.000000	639.315520	132.166623	2.000000	8.923134
8.000000	16.000000	16.000000	302.000000	151.000000	2.000000	303.251268	143.317024	2.000000	9.609410
8.000000	17.000000	17.000000	329.000000	296.000000	12.000000	332.986424	293.581014	2.000000	10.169157
8.000000	18.000000	18.000000	413.000000	343.000000	23.000000	411.367582	332.790374	1.000000	10.610398
8.000000	19.000000	19.000000	550.000000	402.000000	24.000000	538.667834	400.869844	1.000000	11.115121
8.000000	20.000000	20.000000	542.000000	462.000000	34.000000	538.275288	444.871065	2.000000	11.921402
8.000000	21.000000	21.000000	469.000000	471.000000	33.000000	446.451601	464.648153	2.000000	12.546199
8.000000	22.000000	22.000000	303.000000	481.000000	32.000000	301.807428	470.738607	1.000000	13.210828
8.000000	23.000000	23.000000	184.000000	348.000000	21.000000	190.058190	346.949855	1.000000	14.041864
8.000000	24.000000	24.000000	427.000000	568.000000	43.000000	438.149754	568.873161	1.000000	14.771176
8.000000	25.000000	25.000000	440.000000	635.000000	53.000000	441.835609	652.584600	1.000000	15.313785
8.000000	26.000000	26.000000	532.000000	592.000000	44.000000	533.041664	580.584771	2.000000	15.914685
8.000000	27.000000	27.000000	554.000000	706.000000	54.000000	545.539705	707.575732	2.000000	16.547257
8.000000	28.000000	28.000000	445.000000	812.000000	63.000000	441.442722	806.497101	2.000000	17.355256
8.000000	29.000000	29.000000	412.000000	878.000000	73.000000	403.226320	880.701230	2.000000	17.761845
8.000000	30.000000	30.000000	310.000000	936.000000	72.000000	302.038460	928.032050	1.000000	18.315278
8.000000	31.000000	31.000000	345.000000	786.000000	62.000000	333.969121	773.062444	1.000000	18.897384
8.000000	32.000000	32.000000	644.000000	910.000000	75.000000	642.089338	916.878468	2.000000	19.793185
8.000000	33.000000	33.000000	860.000000	914.000000	77.000000	849.336331	914.151254	2.000000	20.401700
8.000000	34.000000	34.000000	793.000000	872.000000	76.000000	780.810775	865.702255	1.000000	20.897362
8.000000	35.000000	35.000000	853.000000	716.000000	57.000000	844.091202	717.440158	1.000000	21.521644
8.000000	36.000000	36.000000	1002.000000	681.000000	58.000000	997.993482	681.027950	2.000000	22.034509
8.000000	37.000000	37.000000	968.000000	797.000000	68.000000	956.093533	799.828520	2.000000	22.674199
8.000000	38.000000	38.000000	1097.000000	907.000000	79.000000	1092.143094	906.540956	2.000000	23.137526
8.000000	39.000000	39.000000	1199.000000	885.000000	80.000000	1194.353092	878.563191	2.000000	23.690735
8.000000	40.000000	40.000000	1188.000000	799.000000	70.000000	1188.338183	800.076437	1.000000	24.219171
9.000000	1.000000	1.000000	868.000000	582.000000	47.000000	855.579758	567.829690	2.000000	1.069954
9.000000	2.000000	2.000000	757.000000	611.000000	46.000000	737.080578	606.393243	2.000000	1.638555
9.000000	3.000000	3.000000	684.000000	693.000000	55.000000	665.892727	678.105470	2.000000	2.207810
9.000000	4.000000	4.000000	728.000000	687.000000	56.000000	733.986030	682.250629	1.000000	2.742303
9.000000	5.000000	5.000000	866.000000	697.000000	57.000000	865.224322	693.673877	1.000000	3.221774
9.000000	6.000000	6.000000	945.000000	791.000000	68.000000	951.507367	793.564800	1.000000	3.742970
9.000000	7.000000	7.000000	873.000000	817.000000	67.000000	878.287061	811.124867	1.000000	4.143414
9.000000	8.000000	8.000000	756.000000	791.000000	66.000000	748.820530	782.180721	2.000000	4.606165
9.000000	9.000000	9.000000	565.000000	778.000000	64.000000	547.648277	772.205348	2.000000	5.101616
9.000000	10.000000	10.000000	416.000000	784.000000	63.000000	404.884983	768.991572	2.000000	5.559319
9.000000	11.000000	11.000000	320.000000	909.000000	72.000000	312.715091	908.206981	2.000000	6.158476
9.000000	12.000000	12.000000	217.000000	873.000000	71.000000	222.568358	872.117204	1.000000	6.550416
9.000000	13.000000	13.000000	228.000000	658.000000	51.000000	229.696356	652.859624	1.000000	7.125918
9.000000	14.000000	14.000000	304.000000	572.000000	42.000000	300.889235	565.198323	2.000000	7.638723
9.000000	15.000000	15.000000	406.000000	678.000000	53.000000	397.950313	681.340206	1.000000	8.518280
9.000000	16.000000	16.000000	429.000000	590.000000	43.000000	425.838960	600.025180	1.000000	8.871756
9.000000	17.000000	17.000000	526.000000	561.000000	44.000000	530.518280	547.204788	1.000000	9.327914
9.000000	18.000000	18.000000	450.000000	394.000000	23.000000	434.510935	388.451232	2.000000	10.215743
9.000000	19.000000	19.000000	333.000000	342.000000	22.000000	312.886024	332.254340	2.000000	10.718113
9.000000	20.000000	20.000000	199.000000	363.000000	21.000000	181.584314	366.325867	1.000000	11.422514
9.000000	21.000000	21.000000	225.000000	281.000000	11.000000	219.986454	279.935381	1.000000	11.799022
9.000000	22.000000	22.000000	319.000000	155.000000	2.000000	313.580430	154.400447	1.000000	12.406229
9.000000	23.000000	23.000000	672.000000	343.000000	25.000000	668.937677	346.502397	2.000000	13.255302
9.000000	24.000000	24.000000	763.000000	282.000000	16.000000	759.369163	278.779591	2.000000	13.719763
9.000000	25.000000	25.000000	769.000000	167.000000	6.000000	756.157664	164.325188	1.000000	14.287664
9.000000	26.000000	26.000000	883.000000	171.000000	7.000000	871.321360	163.737523	1.000000	14.862747
9.000000	27.000000	27.000000	872.000000	277.000000	17.000000	862.277081	281.834358	2.000000	15.399375
9.000000	28.000000	28.000000	982.000000	246.000000	18.000000	972.385185	236.393068	2.000000	15.799177
9.000000	29.000000	29.000000	1183.000000	137.000000	10.000000	1173.830122	133.437342	2.000000	16.565606
9.000000	30.000000	30.000000	1099.000000	246.000000	19.000000	1095.655470	245.130108	1.000000	17.150628
9.000000	31.000000	31.000000	1184.000000	360.000000	30.000000	1183.653601	367.155592	1.000000	17.669963
9.000000	32.000000	32.000000	1100.000000	363.000000	29.000000	1089.772040	364.231488	2.000000	18.094065
9.000000	33.000000	33.000000	982.000000	455.000000	38.000000	962.416467	445.112092	1.000000	18.551593
9.000000	34.000000	34.000000	1098.000000	467.000000	39.000000	1095.531460	457.832062	2.000000	18.982452
9.000000	35.000000	35.000000	1181.000000	503.000000	40.000000	1179.662769	497.081241	1.000000	19.375219
9.000000	36.000000	36.000000	1182.000000	663.000000	60.000000	1184.016635	670.318471	2.000000	20.135411
9.000000	37.000000	37.000000	1095.000000	674.000000	59.000000	1103.943865	665.472168	1.000000	20.654744
9.000000	38.000000	38.000000	1002.000000	708.000000	58.000000	990.265850	698.987382	2.000000	21.151350
9.000000	39.000000	39.000000	1099.000000	768.000000	69.000000	1085.698845	758.185575	2.000000	21.527037
9.000000	40.000000	40.000000	1191.000000	903.000000	80.000000	1194.538881	902.636465	1.000000	22.150921
10.000000	1.000000	1.000000	973.000000	676.000000	58.000000	965.660550	671.758074	1.000000	0.889056
10.000000	2.000000	2.000000	888.000000	592.000000	47.000000	882.751995	585.146438	1.000000	1.290929
10.000000	3.000000	3.000000	772.000000	648.000000	56.000000	772.525940	653.009446	1.000000	1.713186
10.000000	4.000000	4.000000	650.000000	649.000000	55.000000	654.768422	648.865517	1.000000	2.098910
10.000000	5.000000	5.000000	657.000000	599.000000	45.000000	661.256677	598.010326	2.000000	2.411087
10.000000	6.000000	6.000000	632.000000	502.000000	35.000000	644.827839	501.896288	1.000000	2.897181
10.000000	7.000000	0.000000	510.000000	455.000000	34.000000	538.613835	466.518380	1.000000	3.282742
10.000000	8.000000	7.000000	527.000000	468.000000	34.000000	538.613835	466.518380	1.000000	3.618428
10.000000	9.000000	8.000000	437.000000	611.000000	43.000000	450.218664	607.830719	1.000000	4.241099
10.000000	10.000000	9.000000	550.000000	669.000000	54.000000	538.775542	657.323911	2.000000	4.667093
10.000000	11.000000	10.000000	447.000000	724.000000	53.000000	439.896534	717.205256	2.000000	5.306103
10.000000	12.000000	11.000000	636.000000	778.000000	65.000000	647.124253	774.769814	2.000000	5.907029
10.000000	13.000000	12.000000	414.000000	912.000000	73.000000	407.076089	917.764595	2.000000	6.739064
10.000000	14.000000	13.000000	285.000000	915.000000	72.000000	297.187238	919.166430	2.000000	7.505673
10.000000	15.000000	14.000000	340.000000	811.000000	62.000000	331.697676	807.534908	1.000000	8.154920
10.000000	16.000000	15.000000	188.000000	785.000000	61.000000	188.859558	783.262579	2.000000	8.691106
10.000000	17.000000	16.000000	296.000000	580.000000	42.000000	288.773074	582.473561	1.000000	9.289674
10.000000	18.000000	17.000000	224.000000	434.000000	31.000000	213.813584	437.004864	2.000000	10.040972
10.000000	19.000000	18.000000	207.000000	268.000000	11.000000	187.469431	261.237007	2.000000	10.577463
10.000000	20.000000	19.000000	313.000000	246.000000	12.000000	300.098831	247.994531	1.000000	11.163100
10.000000	21.000000	20.000000	439.000000	266.000000	13.000000	436.021909	260.931231	1.000000	11.632892
10.000000	22.000000	21.000000	516.000000	176.000000	4.000000	511.146528	173.243148	1.000000	12.497977
10.000000	23.000000	22.000000	554.000000	277.000000	14.000000	551.372421	275.818382	2.000000	12.890938
10.000000	24.000000	23.000000	677.000000	357.000000	25.000000	665.482523	365.028206	2.000000	13.593540
10.000000	25.000000	24.000000	769.000000	357.000000	26.000000	764.902726	344.898770	1.000000	14.050812
10.000000	26.000000	25.000000	879.000000	349.000000	27.000000	886.321241	355.787460	2.000000	14.649555
10.000000	27.000000	26.000000	978.000000	280.000000	18.000000	973.341345	274.038795	2.000000	15.377972
10.000000	28.000000	27.000000	951.000000	391.000000	28.000000	950.715456	394.782666	2.000000	15.891208
10.000000	29.000000	28.000000	1086.000000	271.000000	19.000000	1074.682897	262.536908	1.000000	16.569160
10.000000	30.000000	29.000000	1110.000000	353.000000	29.000000	1112.005580	348.349529	2.000000	17.137423
10.000000	31.000000	30.000000	1210.000000	503.000000	40.000000	1211.231742	507.173761	1.000000	17.723112
10.000000	32.000000	31.000000	1001.000000	554.000000	48.000000	995.943271	552.667111	2.000000	18.401872
10.000000	33.000000	32.000000	1212.000000	614.000000	50.000000	1212.927296	603.666596	2.000000	18.875038
10.000000	34.000000	0.000000	1209.000000	685.000000	60.000000	1209.023131	659.895029	2.000000	19.219111
10.000000	35.000000	33.000000	1213.000000	660.000000	60.000000	1209.023131	659.895029	2.000000	19.698802
10.000000	36.000000	34.000000	1178.000000	764.000000	70.000000	1181.416864	769.927198	2.000000	20.162550
10.000000	37.000000	35.000000	998.000000	806.000000	68.000000	986.436115	805.127802	2.000000	20.825075
10.000000	38.000000	36.000000	859.000000	779.000000	67.000000	848.074709	773.173527	1.000000	21.459068
10.000000	39.000000	37.000000	795.000000	933.000000	76.000000	777.993089	929.094682	1.000000	22.065400
10.000000	40.000000	38.000000	967.000000	919.000000	78.000000	971.637215	901.824611	1.000000	22.642057
10.000000	41.000000	39.000000	1099.000000	889.000000	79.000000	1095.083542	882.831283	1.000000	23.113828
10.000000	42.000000	40.000000	1173.000000	916.000000	80.000000	1175.110342	919.394944	1.000000	23.489778
11.000000	1.000000	1.000000	864.000000	684.000000	57.000000	854.881095	680.276826	1.000000	0.967118
11.000000	2.000000	2.000000	774.000000	710.000000	56.000000	763.612073	704.797403	1.000000	1.383044
11.000000	3.000000	3.000000	625.000000	654.000000	55.000000	641.044909	657.687936	1.000000	1.839581
11.000000	4.000000	4.000000	650.000000	566.000000	45.000000	656.778943	568.284690	1.000000	2.296358
11.000000	5.000000	5.000000	551.000000	695.000000	54.000000	554.158119	702.174562	2.000000	2.896231
11.000000	6.000000	6.000000	545.000000	788.000000	64.000000	539.376473	794.061978	1.000000	3.447034
11.000000	7.000000	7.000000	766.000000	893.000000	76.000000	759.730140	888.830209	2.000000	3.975074
11.000000	8.000000	8.000000	975.000000	875.000000	78.000000	976.781652	865.503714	1.000000	4.607446
11.000000	9.000000	9.000000	989.000000	827.000000	68.000000	978.220875	812.388188	2.000000	5.175262
11.000000	10.000000	10.000000	1103.000000	917.000000	79.000000	1090.124047	920.964698	2.000000	5.744366
11.000000	11.000000	11.000000	1185.000000	874.000000	80.000000	1170.296004	874.432876	2.000000	6.135306
11.000000	12.000000	12.000000	1212.000000	784.000000	70.000000	1220.744007	785.849652	2.000000	6.630770
11.000000	13.000000	13.000000	1230.000000	660.000000	60.000000	1213.774771	650.222451	1.000000	7.318734
11.000000	14.000000	14.000000	1195.000000	580.000000	50.000000	1184.991209	570.986801	2.000000	7.728170
11.000000	15.000000	15.000000	1184.000000	508.000000	40.000000	1191.855135	502.576757	2.000000	8.128862
11.000000	16.000000	16.000000	1086.000000	498.000000	39.000000	1070.132872	489.519121	1.000000	8.624314
11.000000	17.000000	17.000000	986.000000	502.000000	38.000000	981.134751	506.767271	1.000000	8.992816
11.000000	18.000000	18.000000	979.000000	609.000000	48.000000	976.579029	602.516053	1.000000	9.496025
11.000000	19.000000	19.000000	1071.000000	655.000000	59.000000	1057.741668	649.211033	1.000000	9.903764
11.000000	20.000000	20.000000	1185.000000	329.000000	30.000000	1179.808963	335.606325	2.000000	10.832835
11.000000	21.000000	21.000000	1217.000000	242.000000	20.000000	1198.850272	232.069894	1.000000	11.575897
11.000000	22.000000	22.000000	998.000000	141.000000	8.000000	994.884316	131.903856	2.000000	12.367154
11.000000	23.000000	23.000000	886.000000	173.000000	7.000000	880.556051	175.718027	2.000000	12.798882
11.000000	24.000000	24.000000	759.000000	229.000000	16.000000	757.807850	224.861919	2.000000	13.375366
11.000000	25.000000	25.000000	872.000000	330.000000	27.000000	868.082979	330.596230	2.000000	13.950842
11.000000	26.000000	26.000000	640.000000	186.000000	5.000000	640.822511	171.891485	1.000000	14.679369
11.000000	27.000000	27.000000	539.000000	147.000000	4.000000	526.275434	142.249890	2.000000	15.127148
11.000000	28.000000	28.000000	456.000000	179.000000	3.000000	442.779108	167.943183	1.000000	15.600149
11.000000	29.000000	29.000000	444.000000	273.000000	13.000000	447.050351	272.213247	1.000000	16.175340
11.000000	30.000000	30.000000	303.000000	146.000000	2.000000	290.863755	136.235477	1.000000	16.887539
11.000000	31.000000	31.000000	193.000000	180.000000	1.000000	189.904209	174.149869	2.000000	17.439416
11.000000	32.000000	32.000000	237.000000	237.000000	11.000000	231.331887	230.424544	2.000000	17.831766
11.000000	33.000000	33.000000	319.000000	253.000000	12.000000	304.930198	247.733454	2.000000	18.455311
11.000000	34.000000	34.000000	328.000000	342.000000	22.000000	327.704217	349.451142	2.000000	18.919304
11.000000	35.000000	35.000000	238.000000	567.000000	41.000000	230.273618	564.356505	1.000000	19.775266
11.000000	36.000000	36.000000	196.000000	675.000000	51.000000	193.697229	675.542263	1.000000	20.512124
11.000000	37.000000	37.000000	298.000000	589.000000	42.000000	293.242970	579.793352	2.000000	21.000295
11.000000	38.000000	38.000000	333.000000	698.000000	52.000000	329.046569	699.910789	2.000000	21.544445
11.000000	39.000000	39.000000	429.000000	668.000000	53.000000	417.848033	668.571671	1.000000	22.112947
11.000000	40.000000	40.000000	462.000000	557.000000	43.000000	446.897476	551.198254	1.000000	22.504326
12.000000	1.000000	1.000000	663.000000	495.000000	35.000000	666.025071	485.566264	2.000000	0.874956
12.000000	2.000000	2.000000	665.000000	587.000000	45.000000	669.860077	586.837531	1.000000	1.273410
12.000000	3.000000	3.000000	555.000000	483.000000	34.000000	550.939747	476.462353	1.000000	1.715034
12.000000	4.000000	4.000000	437.000000	463.000000	33.000000	447.448649	466.752896	2.000000	2.097569
12.000000	5.000000	5.000000	529.000000	336.000000	24.000000	533.211196	335.619384	2.000000	2.826274
12.000000	6.000000	6.000000	423.000000	329.000000	23.000000	413.133924	331.993294	2.000000	3.251452
12.000000	7.000000	7.000000	439.000000	295.000000	13.000000	425.296547	294.309362	1.000000	3.507084
12.000000	8.000000	8.000000	541.000000	129.000000	4.000000	529.916391	117.857668	2.000000	4.074411
12.000000	9.000000	9.000000	745.000000	185.000000	6.000000	739.117913	184.018197	2.000000	4.714308
12.000000	10.000000	10.000000	770.000000	246.000000	16.000000	766.884981	239.079453	2.000000	5.075287
12.000000	11.000000	11.000000	738.000000	357.000000	26.000000	731.368396	352.814462	1.000000	5.738656
12.000000	12.000000	12.000000	859.000000	280.000000	17.000000	852.492816	266.522818	1.000000	6.114218
12.000000	13.000000	13.000000	872.000000	121.000000	7.000000	868.003476	119.296029	1.000000	6.674887
12.000000	14.000000	14.000000	1081.000000	131.000000	9.000000	1081.831904	123.724873	1.000000	7.370379
12.000000	15.000000	15.000000	1202.000000	202.000000	10.000000	1197.626300	187.152771	1.000000	7.931288
12.000000	16.000000	16.000000	1084.000000	264.000000	19.000000	1075.566286	263.256905	1.000000	8.530385
12.000000	17.000000	17.000000	1111.000000	346.000000	29.000000	1102.961837	346.811640	2.000000	9.033465
12.000000	18.000000	18.000000	947.000000	444.000000	38.000000	955.139873	444.421788	2.000000	9.803408
12.000000	19.000000	19.000000	894.000000	406.000000	27.000000	883.017814	392.775310	2.000000	10.266023
12.000000	20.000000	20.000000	883.000000	564.000000	47.000000	874.436415	550.475511	2.000000	10.954622
12.000000	21.000000	21.000000	968.000000	589.000000	48.000000	971.242851	579.901326	1.000000	11.345901
12.000000	22.000000	22.000000	1084.000000	566.000000	49.000000	1080.636027	566.515658	2.000000	11.761660
12.000000	23.000000	23.000000	1177.000000	608.000000	50.000000	1175.923375	606.238634	1.000000	12.283322
12.000000	24.000000	24.000000	1204.000000	708.000000	60.000000	1204.381369	716.185313	2.000000	12.889367
12.000000	25.000000	25.000000	969.000000	709.000000	58.000000	952.286874	698.781758	1.000000	13.818436
12.000000	26.000000	26.000000	987.000000	822.000000	68.000000	975.608688	813.255340	1.000000	14.482564
12.000000	27.000000	27.000000	1202.000000	938.000000	80.000000	1193.725326	930.236170	2.000000	15.210090
12.000000	28.000000	28.000000	876.000000	890.000000	77.000000	866.120776	890.029909	2.000000	16.035295
12.000000	29.000000	29.000000	745.000000	906.000000	76.000000	749.200236	911.576112	2.000000	16.762632
12.000000	30.000000	30.000000	669.000000	882.000000	75.000000	663.061018	874.715539	1.000000	17.514559
12.000000	31.000000	31.000000	656.000000	800.000000	65.000000	648.817618	799.963082	1.000000	17.890482
12.000000	32.000000	32.000000	737.000000	794.000000	66.000000	733.392729	797.794403	2.000000	18.377204
12.000000	33.000000	33.000000	777.000000	715.000000	56.000000	772.223196	703.870150	1.000000	18.706642
12.000000	34.000000	34.000000	662.000000	690.000000	55.000000	660.903460	681.406784	2.000000	19.417729
12.000000	35.000000	35.000000	542.000000	772.000000	64.000000	534.647400	771.283921	2.000000	20.017306
12.000000	36.000000	36.000000	386.000000	619.000000	43.000000	399.281295	610.633266	1.000000	20.570979
12.000000	37.000000	37.000000	280.000000	614.000000	42.000000	292.036032	609.974758	1.000000	21.106890
12.000000	38.000000	38.000000	307.000000	457.000000	32.000000	308.889361	452.910315	1.000000	21.683386
12.000000	39.000000	39.000000	181.000000	505.000000	31.000000	185.733116	506.698316	1.000000	22.283099
12.000000	40.000000	40.000000	193.000000	756.000000	61.000000	193.546421	760.390984	2.000000	23.010508
13.000000	1.000000	1.000000	848.000000	582.000000	47.000000	860.827466	586.448306	1.000000	1.086473
13.000000	2.000000	2.000000	855.000000	672.000000	57.000000	858.138080	680.138235	2.000000	1.591006
13.000000	3.000000	3.000000	996.000000	685.000000	58.000000	983.446938	677.892577	1.000000	1.983381
13.000000	4.000000	4.000000	1089.000000	800.000000	69.000000	1082.349460	807.728580	1.000000	2.559681
13.000000	5.000000	5.000000	1088.000000	707.000000	59.000000	1076.143016	694.290551	2.000000	3.055358
13.000000	6.000000	6.000000	1173.000000	765.000000	70.000000	1174.961277	762.732645	2.000000	3.517902
13.000000	7.000000	7.000000	1193.000000	610.000000	50.000000	1187.529404	611.955096	1.000000	4.191515
13.000000	8.000000	8.000000	1185.000000	491.000000	40.000000	1170.736739	494.151396	2.000000	4.759137
13.000000	9.000000	9.000000	1071.000000	483.000000	39.000000	1074.462560	474.816976	2.000000	5.366449
13.000000	10.000000	10.000000	980.000000	472.000000	38.000000	986.399108	470.689289	1.000000	5.823240
13.000000	11.000000	11.000000	983.000000	373.000000	28.000000	973.582065	372.298304	1.000000	6.311469
13.000000	12.000000	12.000000	1099.000000	365.000000	29.000000	1105.819272	362.275916	1.000000	6.718000
13.000000	13.000000	13.000000	1212.000000	288.000000	20.000000	1199.930571	290.958803	1.000000	7.342466
13.000000	14.000000	14.000000	1089.000000	284.000000	19.000000	1082.349893	275.990779	1.000000	7.821813
13.000000	15.000000	15.000000	1006.000000	147.000000	8.000000	994.496343	131.073666	2.000000	8.462547
13.000000	16.000000	16.000000	879.000000	149.000000	7.000000	885.387803	144.927865	1.000000	8.959465
13.000000	17.000000	17.000000	893.000000	288.000000	17.000000	891.600411	275.796756	2.000000	9.613947
13.000000	18.000000	18.000000	968.000000	283.000000	18.000000	954.242757	272.295566	2.000000	10.006547
13.000000	19.000000	19.000000	672.000000	390.000000	25.000000	668.866925	373.479098	2.000000	10.935250
13.000000	20.000000	20.000000	665.000000	467.000000	35.000000	660.634205	470.204054	1.000000	11.414432
13.000000	21.000000	21.000000	555.000000	513.000000	34.000000	548.395305	503.157296	2.000000	11.949876
13.000000	22.000000	22.000000	526.000000	615.000000	44.000000	520.876552	602.105047	2.000000	12.645962
13.000000	23.000000	23.000000	649.000000	687.000000	55.000000	652.438719	693.485781	2.000000	13.151622
13.000000	24.000000	24.000000	671.000000	815.000000	65.000000	670.229157	805.740323	1.000000	13.735456
13.000000	25.000000	25.000000	400.000000	826.000000	63.000000	403.450751	824.651098	2.000000	14.583984
13.000000	26.000000	26.000000	339.000000	822.000000	62.000000	331.786010	813.119169	1.000000	15.414454
13.000000	27.000000	27.000000	304.000000	875.000000	72.000000	298.043646	878.366723	2.000000	15.982698
13.000000	28.000000	28.000000	323.000000	697.000000	52.000000	321.681854	689.548387	1.000000	16.631688
13.000000	29.000000	29.000000	447.000000	717.000000	53.000000	445.257405	709.768200	1.000000	17.111362
13.000000	30.000000	30.000000	447.000000	617.000000	43.000000	442.350801	610.670049	2.000000	17.518674
13.000000	31.000000	31.000000	335.000000	547.000000	42.000000	330.795038	544.439919	2.000000	18.078919
13.000000	32.000000	32.000000	220.000000	498.000000	31.000000	214.984663	499.698835	2.000000	18.638677
13.000000	33.000000	33.000000	335.000000	439.000000	32.000000	333.459510	437.439851	2.000000	19.334359
13.000000	34.000000	34.000000	426.000000	448.000000	33.000000	420.892146	455.364109	1.000000	19.774625
13.000000	35.000000	35.000000	443.000000	368.000000	23.000000	445.063933	375.126391	1.000000	20.238696
13.000000	36.000000	36.000000	409.000000	261.000000	13.000000	407.433227	262.448806	2.000000	20.927904
13.000000	37.000000	37.000000	411.000000	147.000000	3.000000	416.440604	138.742885	1.000000	21.414503
13.000000	38.000000	38.000000	344.000000	170.000000	2.000000	342.358030	167.115926	1.000000	21.823955
13.000000	39.000000	39.000000	232.000000	297.000000	11.000000	218.798786	293.962377	2.000000	22.439904
13.000000	40.000000	40.000000	211.000000	345.000000	21.000000	215.276701	338.212287	1.000000	22.719136
14.000000	1.000000	1.000000	766.000000	384.000000	26.000000	760.866990	381.271770	2.000000	0.842804
14.000000	2.000000	2.000000	898.000000	436.000000	37.000000	891.877439	444.698444	2.000000	1.386738
14.000000	3.000000	3.000000	1010.000000	447.000000	38.000000	1000.673728	443.788695	2.000000	2.010118
14.000000	4.000000	0.000000	1232.000000	475.000000	40.000000	1205.001794	466.352682	2.000000	2.665841
14.000000	5.000000	4.000000	1224.000000	474.000000	40.000000	1205.001794	466.352682	2.000000	2.993001
14.000000	6.000000	5.000000	1114.000000	277.000000	19.000000	1096.366780	272.846474	2.000000	3.705981
14.000000	7.000000	6.000000	1196.000000	260.000000	20.000000	1189.991503	249.903309	2.000000	4.122176
14.000000	8.000000	7.000000	1214.000000	177.000000	10.000000	1205.251143	170.719913	2.000000	4.665706
14.000000	9.000000	8.000000	1099.000000	177.000000	9.000000	1086.647013	167.382189	1.000000	5.306487
14.000000	10.000000	9.000000	997.000000	152.000000	8.000000	994.613820	144.711998	2.000000	5.706466
14.000000	11.000000	10.000000	868.000000	141.000000	7.000000	859.739176	143.413531	2.000000	6.232820
14.000000	12.000000	11.000000	777.000000	176.000000	6.000000	765.547880	173.854814	2.000000	6.633735
14.000000	13.000000	12.000000	872.000000	253.000000	17.000000	871.416777	246.471499	1.000000	7.145047
14.000000	14.000000	13.000000	877.000000	578.000000	47.000000	878.762038	580.275400	1.000000	7.834729
14.000000	15.000000	14.000000	845.000000	689.000000	57.000000	838.657885	685.305455	2.000000	8.297748
14.000000	16.000000	15.000000	888.000000	771.000000	67.000000	886.208141	760.360831	1.000000	8.737347
14.000000	17.000000	16.000000	996.000000	878.000000	78.000000	986.357688	867.480507	1.000000	9.352749
14.000000	18.000000	17.000000	1193.000000	922.000000	80.000000	1197.241862	915.154016	1.000000	10.402256
14.000000	19.000000	18.000000	735.000000	915.000000	76.000000	751.404610	922.279439	2.000000	11.218166
14.000000	20.000000	19.000000	542.000000	898.000000	74.000000	534.564853	881.164480	2.000000	11.968705
14.000000	21.000000	20.000000	415.000000	890.000000	73.000000	403.164106	891.694697	1.000000	12.402532
14.000000	22.000000	21.000000	303.000000	938.000000	72.000000	323.047290	925.284724	1.000000	12.746060
14.000000	23.000000	22.000000	190.000000	876.000000	71.000000	179.067514	872.069076	2.000000	13.434038
14.000000	24.000000	23.000000	216.000000	799.000000	61.000000	224.605336	780.911878	1.000000	13.777643
14.000000	25.000000	24.000000	224.000000	649.000000	51.000000	226.561198	652.093984	2.000000	14.210300
14.000000	26.000000	25.000000	203.000000	579.000000	41.000000	203.790821	591.224504	1.000000	14.498332
14.000000	27.000000	26.000000	305.000000	557.000000	42.000000	310.185425	548.514680	1.000000	15.049986
14.000000	28.000000	27.000000	336.000000	668.000000	52.000000	329.147859	663.311166	1.000000	15.681141
14.000000	29.000000	28.000000	418.000000	764.000000	63.000000	423.695473	769.998198	2.000000	16.225990
14.000000	30.000000	29.000000	516.000000	606.000000	44.000000	519.501807	589.687978	1.000000	16.753890
14.000000	31.000000	30.000000	518.000000	486.000000	34.000000	513.193047	498.656042	1.000000	17.362483
14.000000	32.000000	31.000000	551.000000	381.000000	24.000000	539.409869	381.918865	1.000000	17.793509
14.000000	33.000000	32.000000	420.000000	345.000000	23.000000	405.334478	357.429703	1.000000	18.392605
14.000000	34.000000	33.000000	454.000000	287.000000	13.000000	441.136020	290.387883	2.000000	18.722843
14.000000	35.000000	34.000000	527.000000	278.000000	14.000000	511.564233	275.175331	2.000000	19.057297
14.000000	36.000000	35.000000	521.000000	162.000000	4.000000	520.263746	175.063412	1.000000	19.728876
14.000000	37.000000	36.000000	425.000000	147.000000	3.000000	441.407831	141.714992	2.000000	20.120587
14.000000	38.000000	37.000000	346.000000	242.000000	12.000000	338.693756	241.915436	1.000000	20.658745
14.000000	39.000000	38.000000	236.000000	180.000000	1.000000	228.012158	180.948356	2.000000	21.178658
14.000000	40.000000	39.000000	204.000000	303.000000	11.000000	199.971019	289.733126	1.000000	21.689380
14.000000	41.000000	40.000000	209.000000	339.000000	21.000000	207.683363	340.651520	1.000000	22.026523
15.000000	1.000000	1.000000	768.000000	449.000000	36.000000	780.219262	452.367694	2.000000	1.002335
15.000000	2.000000	2.000000	754.000000	345.000000	26.000000	752.359885	331.808572	2.000000	1.474093
15.000000	3.000000	3.000000	621.000000	356.000000	25.000000	628.558182	361.174206	1.000000	1.858920
15.000000	4.000000	4.000000	560.000000	271.000000	14.000000	560.158221	280.701665	1.000000	2.266084
15.000000	5.000000	5.000000	753.000000	171.000000	6.000000	742.906406	162.695847	1.000000	2.858571
15.000000	6.000000	6.000000	979.000000	182.000000	8.000000	965.996911	170.540059	1.000000	3.531000
15.000000	7.000000	7.000000	974.000000	235.000000	18.000000	965.439709	230.304122	1.000000	3.867293
15.000000	8.000000	8.000000	1111.000000	168.000000	9.000000	1099.489936	160.812330	1.000000	4.707201
15.000000	9.000000	9.000000	1198.000000	176.000000	10.000000	1197.213140	164.468618	1.000000	5.427020
15.000000	10.000000	10.000000	1171.000000	296.000000	20.000000	1167.743921	292.439177	2.000000	5.922046
15.000000	11.000000	11.000000	1189.000000	513.000000	40.000000	1182.049206	500.117571	1.000000	6.563666
15.000000	12.000000	12.000000	1217.000000	577.000000	50.000000	1214.764381	561.829782	2.000000	6.953760
15.000000	13.000000	13.000000	1088.000000	572.000000	49.000000	1095.192009	560.679473	1.000000	7.417995
15.000000	14.000000	14.000000	963.000000	452.000000	38.000000	966.086916	449.184307	2.000000	7.939537
15.000000	15.000000	15.000000	963.000000	581.000000	48.000000	960.389828	570.535292	2.000000	8.346620
15.000000	16.000000	16.000000	974.000000	667.000000	58.000000	965.638993	654.027943	2.000000	8.931716
15.000000	17.000000	17.000000	1096.000000	703.000000	59.000000	1076.619966	693.604406	2.000000	9.427286
15.000000	18.000000	18.000000	1099.000000	777.000000	69.000000	1087.439104	767.737289	1.000000	9.803107
15.000000	19.000000	19.000000	1179.000000	817.000000	70.000000	1170.032473	806.988777	1.000000	10.178566
15.000000	20.000000	20.000000	1213.000000	867.000000	80.000000	1204.155949	865.236476	2.000000	10.522772
15.000000	21.000000	21.000000	867.000000	926.000000	77.000000	866.125795	921.054653	2.000000	11.410136
15.000000	22.000000	22.000000	760.000000	726.000000	56.000000	750.779615	708.309467	1.000000	12.098974
15.000000	23.000000	23.000000	635.000000	695.000000	55.000000	629.416054	681.677697	2.000000	12.577729
15.000000	24.000000	24.000000	652.000000	625.000000	45.000000	644.489587	607.939658	2.000000	12.939082
15.000000	25.000000	25.000000	556.000000	694.000000	54.000000	554.608367	684.840787	2.000000	13.411068
15.000000	26.000000	26.000000	531.000000	774.000000	64.000000	541.047538	777.315533	2.000000	13.739016
15.000000	27.000000	27.000000	557.000000	907.000000	74.000000	551.369102	906.723403	2.000000	14.281958
15.000000	28.000000	28.000000	422.000000	735.000000	53.000000	411.233384	714.599526	1.000000	15.009849
15.000000	29.000000	29.000000	285.000000	914.000000	72.000000	300.854422	903.920143	1.000000	15.691794
15.000000	30.000000	30.000000	210.000000	894.000000	71.000000	200.247658	898.154949	2.000000	16.273786
15.000000	31.000000	31.000000	324.000000	604.000000	42.000000	317.190935	595.822578	1.000000	16.914013
15.000000	32.000000	32.000000	454.000000	572.000000	43.000000	434.776010	571.350984	1.000000	17.554426
15.000000	33.000000	33.000000	539.000000	571.000000	44.000000	516.584177	572.069594	1.000000	17.850860
15.000000	34.000000	34.000000	524.000000	498.000000	34.000000	522.071235	485.511098	1.000000	18.363210
15.000000	35.000000	35.000000	412.000000	417.000000	23.000000	400.671777	397.079602	2.000000	19.026907
15.000000	36.000000	36.000000	334.000000	376.000000	22.000000	334.992503	355.782402	2.000000	19.602531
15.000000	37.000000	37.000000	285.000000	467.000000	32.000000	302.455168	466.681405	1.000000	20.185767
15.000000	38.000000	38.000000	221.000000	495.000000	31.000000	211.793358	500.940749	2.000000	20.563846
15.000000	39.000000	39.000000	213.000000	344.000000	21.000000	190.906301	343.909118	2.000000	21.058220
15.000000	40.000000	40.000000	197.000000	261.000000	11.000000	185.385278	244.869437	1.000000	21.410524
16.000000	1.000000	1.000000	880.000000	445.000000	37.000000	883.403776	450.404132	2.000000	0.815805
16.000000	2.000000	2.000000	888.000000	384.000000	27.000000	885.504200	389.013711	1.000000	1.191440
16.000000	3.000000	3.000000	990.000000	475.000000	38.000000	984.586308	486.186954	2.000000	1.624066
16.000000	4.000000	4.000000	951.000000	577.000000	48.000000	956.814735	570.206034	2.000000	2.007172
16.000000	5.000000	5.000000	847.000000	579.000000	47.000000	860.723582	582.963561	2.000000	2.359752
16.000000	6.000000	6.000000	629.000000	553.000000	45.000000	631.668863	565.498521	2.000000	2.920393
16.000000	7.000000	7.000000	624.000000	468.000000	35.000000	630.713368	475.947705	2.000000	3.223432
16.000000	8.000000	0.000000	647.000000	369.000000	25.000000	644.915135	337.603957	2.000000	3.599728
16.000000	9.000000	8.000000	675.000000	277.000000	15.000000	670.639856	285.209967	1.000000	4.216164
16.000000	10.000000	9.000000	646.000000	331.000000	25.000000	644.915135	337.603957	2.000000	4.710524
16.000000	11.000000	10.000000	737.000000	254.000000	16.000000	727.542255	252.349653	1.000000	5.360063
16.000000	12.000000	11.000000	974.000000	181.000000	8.000000	976.117978	178.996095	1.000000	5.960657
16.000000	13.000000	12.000000	778.000000	139.000000	6.000000	779.335376	136.105849	2.000000	6.608350
16.000000	14.000000	13.000000	1196.000000	157.000000	10.000000	1190.067271	140.657970	1.000000	7.455149
16.000000	15.000000	14.000000	1202.000000	264.000000	20.000000	1191.994265	250.848220	2.000000	8.048062
16.000000	16.000000	15.000000	1179.000000	379.000000	30.000000	1170.507970	376.882182	1.000000	8.423179
16.000000	17.000000	16.000000	1114.000000	493.000000	39.000000	1105.340479	479.814052	2.000000	9.119735
16.000000	18.000000	17.000000	1074.000000	600.000000	49.000000	1063.083921	595.617033	1.000000	9.567379
16.000000	19.000000	18.000000	1184.000000	827.000000	70.000000	1183.786117	822.404652	2.000000	10.350739
16.000000	20.000000	19.000000	976.000000	765.000000	68.000000	975.375495	770.630938	2.000000	10.927787
16.000000	21.000000	20.000000	877.000000	816.000000	67.000000	876.260847	813.665846	1.000000	11.424318
16.000000	22.000000	21.000000	879.000000	932.000000	77.000000	873.360814	928.824330	1.000000	11.800467
16.000000	23.000000	22.000000	738.000000	906.000000	76.000000	739.822311	903.450863	1.000000	12.367314
16.000000	24.000000	23.000000	621.000000	922.000000	75.000000	632.343571	925.120467	1.000000	12.726904
16.000000	25.000000	24.000000	545.000000	871.000000	74.000000	533.035740	868.924154	1.000000	13.224663
16.000000	26.000000	25.000000	663.000000	769.000000	65.000000	656.964131	761.492309	2.000000	13.727533
16.000000	27.000000	0.000000	409.000000	827.000000	63.000000	407.299586	799.272302	2.000000	14.583084
16.000000	28.000000	26.000000	420.000000	864.000000	73.000000	417.837278	861.739152	2.000000	15.094953
16.000000	29.000000	27.000000	415.000000	795.000000	63.000000	407.299586	799.272302	2.000000	15.486785
16.000000	30.000000	28.000000	336.000000	712.000000	52.000000	317.759953	706.253104	1.000000	16.063894
16.000000	31.000000	29.000000	323.000000	585.000000	42.000000	311.360128	573.856049	2.000000	16.495628
16.000000	32.000000	30.000000	455.000000	576.000000	43.000000	447.266323	554.238740	2.000000	16.927875
16.000000	33.000000	31.000000	517.000000	602.000000	44.000000	521.834599	600.431124	1.000000	17.352672
16.000000	34.000000	32.000000	525.000000	449.000000	34.000000	520.341632	448.748566	1.000000	17.784022
16.000000	35.000000	33.000000	382.000000	457.000000	33.000000	400.811629	448.983922	2.000000	18.192155
16.000000	36.000000	34.000000	449.000000	332.000000	23.000000	447.318101	335.813777	2.000000	18.911850
16.000000	37.000000	35.000000	553.000000	280.000000	14.000000	549.622039	264.669124	2.000000	19.320455
16.000000	38.000000	36.000000	516.000000	155.000000	4.000000	509.076165	155.182776	1.000000	20.096625
16.000000	39.000000	37.000000	448.000000	143.000000	3.000000	446.602479	144.018680	1.000000	20.440757
16.000000	40.000000	38.000000	305.000000	139.000000	2.000000	299.169769	144.546870	1.000000	20.879659
16.000000	41.000000	39.000000	311.000000	264.000000	12.000000	306.254912	269.060773	1.000000	21.336029
16.000000	42.000000	40.000000	415.000000	249.000000	13.000000	398.657140	238.246163	1.000000	21.663384
17.000000	1.000000	1.000000	880.000000	437.000000	37.000000	884.519385	438.754215	2.000000	0.678104
17.000000	2.000000	2.000000	874.000000	359.000000	27.000000	857.795331	350.790290	1.000000	1.006396
17.000000	3.000000	3.000000	887.000000	231.000000	17.000000	871.947809	231.628881	1.000000	1.477590
17.000000	4.000000	4.000000	980.000000	241.000000	18.000000	959.929670	234.960157	2.000000	1.812789
17.000000	5.000000	5.000000	990.000000	360.000000	28.000000	985.146706	353.480738	1.000000	2.254612
17.000000	6.000000	6.000000	1092.000000	365.000000	29.000000	1078.545713	359.126140	2.000000	2.590017
17.000000	7.000000	7.000000	1227.000000	483.000000	40.000000	1220.308956	477.762724	2.000000	3.045045
17.000000	8.000000	8.000000	972.000000	478.000000	38.000000	957.930811	473.134395	1.000000	3.701601
17.000000	9.000000	9.000000	893.000000	572.000000	47.000000	889.741792	569.434153	2.000000	4.284743
17.000000	10.000000	10.000000	862.000000	691.000000	57.000000	852.328274	677.384395	2.000000	5.029473
17.000000	11.000000	11.000000	969.000000	670.000000	58.000000	956.538480	663.126110	1.000000	5.484757
17.000000	12.000000	12.000000	1013.000000	611.000000	48.000000	996.409322	608.814343	1.000000	5.773109
17.000000	13.000000	13.000000	1100.000000	711.000000	59.000000	1097.782557	711.441288	1.000000	6.365183
17.000000	14.000000	14.000000	1205.000000	802.000000	70.000000	1203.218074	797.920628	1.000000	6.852823
17.000000	15.000000	15.000000	1004.000000	922.000000	78.000000	1000.719015	915.621824	2.000000	7.492709
17.000000	16.000000	16.000000	731.000000	828.000000	66.000000	728.749852	816.210572	2.000000	8.309368
17.000000	17.000000	17.000000	748.000000	880.000000	76.000000	748.473297	874.978540	1.000000	8.662412
17.000000	18.000000	18.000000	679.000000	909.000000	75.000000	671.381599	903.058350	1.000000	9.037357
17.000000	19.000000	19.000000	403.000000	895.000000	73.000000	411.354377	905.705341	2.000000	9.772109
17.000000	20.000000	20.000000	315.000000	911.000000	72.000000	315.541931	898.309652	2.000000	10.541114
17.000000	21.000000	21.000000	218.000000	935.000000	71.000000	222.218740	929.707138	1.000000	11.148492
17.000000	22.000000	22.000000	209.000000	767.000000	61.000000	205.600934	757.601706	1.000000	11.742393
17.000000	23.000000	23.000000	337.000000	784.000000	62.000000	318.398911	782.336749	2.000000	12.156806
17.000000	24.000000	24.000000	331.000000	678.000000	52.000000	323.911344	668.452496	2.000000	12.597553
17.000000	25.000000	25.000000	427.000000	793.000000	63.000000	424.963322	790.757091	1.000000	13.182257
17.000000	26.000000	26.000000	524.000000	706.000000	54.000000	510.081871	692.057620	2.000000	13.612993
17.000000	27.000000	27.000000	434.000000	586.000000	43.000000	420.172120	584.259356	2.000000	14.141229
17.000000	28.000000	28.000000	628.000000	581.000000	45.000000	625.486993	581.159243	2.000000	14.860959
17.000000	29.000000	29.000000	655.000000	371.000000	25.000000	638.217378	363.068831	1.000000	15.597588
17.000000	30.000000	30.000000	419.000000	380.000000	23.000000	412.205747	383.922409	2.000000	16.213602
17.000000	31.000000	31.000000	357.000000	444.000000	32.000000	340.617634	454.000502	1.000000	16.726344
17.000000	32.000000	32.000000	311.000000	380.000000	22.000000	295.182957	377.561804	1.000000	17.118153
17.000000	33.000000	33.000000	203.000000	453.000000	31.000000	190.653685	452.152092	1.000000	17.564865
17.000000	34.000000	34.000000	173.000000	576.000000	41.000000	180.937256	569.887128	1.000000	18.197977
17.000000	35.000000	35.000000	292.000000	263.000000	12.000000	294.221400	252.535707	2.000000	18.861914
17.000000	36.000000	36.000000	213.000000	180.000000	1.000000	204.983149	173.550248	2.000000	19.413527
17.000000	37.000000	37.000000	629.000000	157.000000	5.000000	627.925177	155.728470	1.000000	20.949089
17.000000	38.000000	38.000000	552.000000	155.000000	4.000000	544.947634	161.185581	2.000000	21.373307
17.000000	39.000000	39.000000	415.000000	132.000000	3.000000	404.888167	126.666362	1.000000	21.940539
17.000000	40.000000	40.000000	332.000000	156.000000	2.000000	323.870165	145.440567	2.000000	22.484592
18.000000	1.000000	1.000000	739.000000	481.000000	36.000000	732.310999	466.453357	2.000000	0.787491
18.000000	2.000000	2.000000	676.000000	552.000000	45.000000	671.024276	543.476244	1.000000	1.292326
18.000000	3.000000	3.000000	833.000000	438.000000	37.000000	842.226833	441.980030	1.000000	1.779361
18.000000	4.000000	4.000000	854.000000	350.000000	27.000000	858.525376	355.994719	1.000000	2.148091
18.000000	5.000000	5.000000	766.000000	242.000000	16.000000	745.856308	239.401957	1.000000	2.715097
18.000000	6.000000	6.000000	886.000000	150.000000	7.000000	886.903687	155.217055	1.000000	3.218383
18.000000	7.000000	7.000000	980.000000	247.000000	18.000000	981.552326	258.282118	1.000000	3.723203
18.000000	8.000000	8.000000	1068.000000	278.000000	19.000000	1063.548141	272.991756	1.000000	4.060568
18.000000	9.000000	9.000000	1000.000000	368.000000	28.000000	1001.542398	369.094775	1.000000	4.588494
18.000000	10.000000	10.000000	954.000000	451.000000	38.000000	963.548405	446.387521	2.000000	5.148348
18.000000	11.000000	11.000000	1099.000000	489.000000	39.000000	1084.409892	485.739944	1.000000	5.579780
18.000000	12.000000	12.000000	1215.000000	445.000000	40.000000	1214.492569	444.018281	2.000000	5.987168
18.000000	13.000000	13.000000	1101.000000	710.000000	59.000000	1098.743846	693.322286	2.000000	6.722501
18.000000	14.000000	14.000000	1008.000000	689.000000	58.000000	999.162276	679.788828	1.000000	7.106470
18.000000	15.000000	15.000000	1105.000000	808.000000	69.000000	1106.905603	794.255280	1.000000	7.683179
18.000000	16.000000	16.000000	1169.000000	880.000000	80.000000	1172.438585	878.409447	2.000000	8.163497
18.000000	17.000000	17.000000	1011.000000	889.000000	78.000000	999.692362	886.624678	2.000000	8.739763
18.000000	18.000000	18.000000	871.000000	899.000000	77.000000	869.389752	894.816290	2.000000	9.268174
18.000000	19.000000	19.000000	733.000000	905.000000	76.000000	733.602293	906.169595	1.000000	9.810853
18.000000	20.000000	20.000000	764.000000	800.000000	66.000000	755.237565	798.995583	1.000000	10.226625
18.000000	21.000000	21.000000	780.000000	714.000000	56.000000	780.250215	703.731425	1.000000	10.515665
18.000000	22.000000	22.000000	613.000000	726.000000	55.000000	619.983288	713.526461	1.000000	10.980370
18.000000	23.000000	23.000000	520.000000	800.000000	64.000000	520.990794	794.297625	1.000000	11.379854
18.000000	24.000000	24.000000	657.000000	893.000000	75.000000	647.239654	897.094520	2.000000	11.867701
18.000000	25.000000	25.000000	418.000000	932.000000	73.000000	420.116682	929.089434	2.000000	12.532064
18.000000	26.000000	26.000000	309.000000	904.000000	72.000000	296.525346	895.589257	2.000000	12.978955
18.000000	27.000000	27.000000	188.000000	770.000000	61.000000	190.565241	771.403009	1.000000	13.626813
18.000000	28.000000	28.000000	209.000000	690.000000	51.000000	205.658115	700.803530	2.000000	13.906920
18.000000	29.000000	0.000000	332.000000	690.000000	52.000000	303.013724	676.628162	2.000000	14.250848
18.000000	30.000000	29.000000	308.000000	669.000000	52.000000	303.013724	676.628162	2.000000	14.643715
18.000000	31.000000	30.000000	305.000000	607.000000	42.000000	296.411397	603.762770	2.000000	15.027651
18.000000	32.000000	31.000000	214.000000	465.000000	31.000000	216.209210	457.506022	1.000000	15.531555
18.000000	33.000000	32.000000	314.000000	409.000000	22.000000	308.964440	400.627638	2.000000	15.939492
18.000000	34.000000	33.000000	430.000000	368.000000	23.000000	416.417229	362.060680	2.000000	16.347105
18.000000	35.000000	34.000000	522.000000	458.000000	34.000000	516.342490	455.401122	1.000000	16.794558
18.000000	36.000000	35.000000	433.000000	232.000000	13.000000	411.736222	231.206216	2.000000	17.620555
18.000000	37.000000	36.000000	743.000000	146.000000	6.000000	735.817198	133.038771	2.000000	18.388594
18.000000	38.000000	0.000000	466.000000	169.000000	3.000000	444.328976	150.932158	2.000000	19.428510
18.000000	39.000000	37.000000	440.000000	158.000000	3.000000	444.328976	150.932158	2.000000	20.379902
18.000000	40.000000	38.000000	315.000000	170.000000	2.000000	306.241306	169.752880	2.000000	20.772577
18.000000	41.000000	39.000000	334.000000	218.000000	12.000000	327.695836	224.695821	2.000000	21.131138
18.000000	42.000000	40.000000	215.000000	137.000000	1.000000	200.176997	126.689220	1.000000	21.708550
19.000000	1.000000	1.000000	768.000000	390.000000	26.000000	777.515528	383.367213	1.000000	0.810167
19.000000	2.000000	2.000000	751.000000	501.000000	36.000000	739.156489	495.946465	2.000000	1.266047
19.000000	3.000000	3.000000	642.000000	513.000000	35.000000	657.504178	500.362155	2.000000	1.721105
19.000000	4.000000	4.000000	533.000000	352.000000	24.000000	551.249353	355.409935	2.000000	2.234946
19.000000	5.000000	5.000000	518.000000	245.000000	14.000000	512.399151	245.969087	1.000000	2.618161
19.000000	6.000000	6.000000	435.000000	274.000000	13.000000	427.114705	266.422618	1.000000	2.977082
19.000000	7.000000	7.000000	411.000000	148.000000	3.000000	412.518227	135.343980	1.000000	3.354953
19.000000	8.000000	8.000000	329.000000	256.000000	12.000000	330.649695	266.582234	2.000000	3.993851
19.000000	9.000000	9.000000	174.000000	263.000000	11.000000	187.243754	255.048719	1.000000	4.361329
19.000000	10.000000	10.000000	440.000000	385.000000	23.000000	438.949855	389.973693	1.000000	4.953877
19.000000	11.000000	11.000000	313.000000	470.000000	32.000000	308.367669	463.572677	2.000000	5.465630
19.000000	12.000000	12.000000	291.000000	551.000000	42.000000	287.687687	543.630405	1.000000	5.770183
19.000000	13.000000	13.000000	239.000000	495.000000	31.000000	228.860400	495.504211	1.000000	6.067050
19.000000	14.000000	14.000000	204.000000	650.000000	51.000000	216.233538	650.761773	1.000000	6.602014
19.000000	15.000000	15.000000	412.000000	619.000000	43.000000	406.864734	611.783650	1.000000	7.089588
19.000000	16.000000	16.000000	418.000000	676.000000	53.000000	419.406620	667.769671	1.000000	7.377630
19.000000	17.000000	17.000000	429.000000	786.000000	63.000000	421.946105	795.504388	1.000000	7.889347
19.000000	18.000000	18.000000	220.000000	911.000000	71.000000	207.424999	907.652092	2.000000	8.658227
19.000000	19.000000	19.000000	318.000000	924.000000	72.000000	329.098198	922.284155	2.000000	9.058626
19.000000	20.000000	20.000000	562.000000	780.000000	64.000000	561.566577	767.664180	2.000000	9.666413
19.000000	21.000000	21.000000	526.000000	918.000000	74.000000	520.120425	907.507590	2.000000	10.050370
19.000000	22.000000	22.000000	646.000000	935.000000	75.000000	637.158756	926.822239	2.000000	10.409487
19.000000	23.000000	23.000000	537.000000	686.000000	54.000000	518.462390	674.995249	1.000000	11.026381
19.000000	24.000000	24.000000	628.000000	612.000000	45.000000	622.965517	609.481723	1.000000	11.386400
19.000000	25.000000	25.000000	759.000000	785.000000	66.000000	766.099803	776.071034	2.000000	12.026891
19.000000	26.000000	26.000000	885.000000	907.000000	77.000000	889.534773	914.703500	1.000000	12.769259
19.000000	27.000000	27.000000	972.000000	901.000000	78.000000	963.423118	896.340764	1.000000	13.059046
19.000000	28.000000	28.000000	1232.000000	897.000000	80.000000	1216.661218	887.090597	1.000000	13.755192
19.000000	29.000000	29.000000	1106.000000	795.000000	69.000000	1101.729479	780.800117	1.000000	14.186771
19.000000	30.000000	30.000000	997.000000	751.000000	68.000000	987.114717	758.281260	2.000000	14.521952
19.000000	31.000000	31.000000	1015.000000	667.000000	58.000000	1000.794484	665.751106	2.000000	15.193155
19.000000	32.000000	32.000000	1169.000000	689.000000	60.000000	1169.718750	692.341149	2.000000	15.617516
19.000000	33.000000	33.000000	1219.000000	574.000000	50.000000	1212.827546	586.527659	1.000000	15.994037
19.000000	34.000000	34.000000	1124.000000	474.000000	39.000000	1108.424704	470.453585	2.000000	16.618048
19.000000	35.000000	35.000000	1195.000000	385.000000	30.000000	1191.335408	393.359889	2.000000	17.218676
19.000000	36.000000	36.000000	889.000000	379.000000	27.000000	885.045869	384.011447	2.000000	18.210000
19.000000	37.000000	37.000000	885.000000	615.000000	47.000000	887.804533	610.942820	1.000000	18.851092
19.000000	38.000000	38.000000	887.000000	248.000000	17.000000	890.407995	238.963297	2.000000	19.497214
19.000000	39.000000	39.000000	741.000000	257.000000	16.000000	749.151663	257.163744	2.000000	19.857289
19.000000	40.000000	40.000000	626.000000	137.000000	5.000000	644.810186	145.763412	2.000000	20.305122
20.000000	1.000000	1.000000	669.000000	380.000000	25.000000	647.405668	373.213326	1.000000	0.744606
20.000000	2.000000	2.000000	793.000000	372.000000	26.000000	782.243471	361.969193	2.000000	1.160571
20.000000	3.000000	3.000000	880.000000	374.000000	27.000000	862.262017	368.645703	2.000000	1.439891
20.000000	4.000000	4.000000	868.000000	429.000000	37.000000	861.192249	443.067962	2.000000	1.769907
20.000000	5.000000	5.000000	1066.000000	449.000000	39.000000	1063.406500	443.860646	2.000000	2.736490
20.000000	6.000000	6.000000	1084.000000	240.000000	19.000000	1075.918930	246.269242	1.000000	3.210074
20.000000	7.000000	7.000000	1093.000000	162.000000	9.000000	1091.114945	163.303495	1.000000	3.480861
20.000000	8.000000	8.000000	1196.000000	127.000000	10.000000	1202.680972	126.087903	2.000000	3.921007
20.000000	9.000000	9.000000	1174.000000	232.000000	20.000000	1175.675719	225.165132	1.000000	4.336385
20.000000	10.000000	10.000000	1097.000000	565.000000	49.000000	1106.830076	556.375291	1.000000	5.033684
20.000000	11.000000	11.000000	979.000000	568.000000	48.000000	969.346946	556.749753	1.000000	5.369710
20.000000	12.000000	12.000000	1185.000000	689.000000	60.000000	1177.881695	694.222331	2.000000	6.017808
20.000000	13.000000	13.000000	1081.000000	732.000000	59.000000	1066.916453	718.915676	1.000000	6.359929
20.000000	14.000000	14.000000	1104.000000	878.000000	79.000000	1094.006603	864.870001	2.000000	6.889376
20.000000	15.000000	15.000000	969.000000	793.000000	68.000000	957.781297	781.980005	1.000000	7.377445
20.000000	16.000000	16.000000	880.000000	905.000000	77.000000	879.091819	901.384827	1.000000	7.936292
20.000000	17.000000	17.000000	776.000000	878.000000	76.000000	764.529266	875.937632	1.000000	8.290250
20.000000	18.000000	18.000000	796.000000	766.000000	66.000000	777.429855	772.278196	1.000000	8.664485
20.000000	19.000000	19.000000	849.000000	690.000000	57.000000	846.055036	678.263195	2.000000	8.992856
20.000000	20.000000	20.000000	632.000000	697.000000	55.000000	623.726766	686.235165	2.000000	9.434140
20.000000	21.000000	21.000000	626.000000	795.000000	65.000000	627.615172	797.793397	2.000000	9.785198
20.000000	22.000000	0.000000	515.000000	932.000000	74.000000	544.791722	923.964065	2.000000	10.225592
20.000000	23.000000	22.000000	531.000000	930.000000	74.000000	544.791722	923.964065	2.000000	10.632196
20.000000	24.000000	23.000000	503.000000	792.000000	64.000000	511.732290	782.156159	1.000000	11.104715
20.000000	25.000000	24.000000	416.000000	788.000000	63.000000	403.208508	799.755163	2.000000	11.416756
20.000000	26.000000	25.000000	234.000000	915.000000	71.000000	225.064950	914.556383	2.000000	12.201938
20.000000	27.000000	26.000000	230.000000	787.000000	61.000000	230.801889	795.636115	1.000000	12.586101
20.000000	28.000000	27.000000	309.000000	673.000000	52.000000	289.637549	684.823752	1.000000	12.945643
20.000000	29.000000	28.000000	186.000000	603.000000	41.000000	184.001583	589.637205	1.000000	13.623997
20.000000	30.000000	29.000000	463.000000	574.000000	43.000000	451.500538	563.159719	2.000000	14.130153
20.000000	31.000000	30.000000	560.000000	557.000000	44.000000	539.601079	547.867836	1.000000	14.528373
20.000000	32.000000	31.000000	549.000000	652.000000	54.000000	536.232503	657.529105	1.000000	15.007914
20.000000	33.000000	32.000000	534.000000	443.000000	34.000000	529.319146	437.049934	1.000000	15.544620
20.000000	34.000000	33.000000	245.000000	466.000000	31.000000	226.598161	463.171392	2.000000	16.248051
20.000000	35.000000	34.000000	208.000000	371.000000	21.000000	209.451232	358.611551	2.000000	16.873283
20.000000	36.000000	35.000000	192.000000	286.000000	11.000000	179.900251	280.131033	2.000000	17.234070
20.000000	37.000000	36.000000	326.000000	120.000000	2.000000	330.157322	129.059699	2.000000	17.969592
20.000000	38.000000	37.000000	341.000000	271.000000	12.000000	339.596666	271.593959	1.000000	18.416631
20.000000	39.000000	38.000000	680.000000	241.000000	15.000000	665.488122	237.388616	2.000000	19.018098
20.000000	40.000000	39.000000	781.000000	241.000000	16.000000	759.323467	242.934913	2.000000	19.474221
20.000000	41.000000	40.000000	846.000000	148.000000	7.000000	856.842635	125.703999	1.000000	19.880531
