MultiTargForag_2	Participant_Code = 68a
Search_Type = 1	CB_Targets = 1
Trial	Click_Num	Target_Click_Order	Click_X	Click_y	Item_selected	Item_X	Item_Y	Target_Set	RT
1.000000	1.000000	1.000000	436.000000	250.000000	13.000000	435.399118	256.890080	1.000000	1.636007
1.000000	2.000000	2.000000	322.000000	271.000000	12.000000	306.033688	278.318885	2.000000	2.177721
1.000000	3.000000	3.000000	240.000000	250.000000	11.000000	222.696483	244.967275	1.000000	2.481510
1.000000	4.000000	4.000000	322.000000	138.000000	2.000000	317.818023	143.352422	1.000000	2.905141
1.000000	5.000000	5.000000	428.000000	360.000000	23.000000	420.981319	364.886320	2.000000	3.392843
1.000000	6.000000	6.000000	311.000000	374.000000	22.000000	307.482412	383.169766	2.000000	3.744859
1.000000	7.000000	7.000000	281.000000	438.000000	32.000000	292.204025	441.595534	2.000000	3.993256
1.000000	8.000000	0.000000	164.000000	453.000000	31.000000	194.953420	464.264899	2.000000	4.296875
1.000000	9.000000	8.000000	211.000000	470.000000	31.000000	194.953420	464.264899	2.000000	4.609419
1.000000	10.000000	9.000000	215.000000	583.000000	41.000000	217.468292	565.073121	2.000000	5.001649
1.000000	11.000000	10.000000	294.000000	709.000000	52.000000	292.830378	712.043784	2.000000	5.544823
1.000000	12.000000	11.000000	214.000000	815.000000	61.000000	200.752089	824.873447	2.000000	5.889338
1.000000	13.000000	0.000000	363.000000	832.000000	62.000000	334.485548	823.559352	2.000000	6.231940
1.000000	14.000000	12.000000	323.000000	825.000000	62.000000	334.485548	823.559352	2.000000	6.472124
1.000000	15.000000	13.000000	230.000000	902.000000	71.000000	213.335855	912.521224	1.000000	7.161923
1.000000	16.000000	14.000000	424.000000	809.000000	63.000000	418.099018	804.123882	2.000000	7.592082
1.000000	17.000000	15.000000	428.000000	654.000000	53.000000	425.355213	667.794516	1.000000	8.265982
1.000000	18.000000	16.000000	454.000000	585.000000	43.000000	438.954750	596.671066	1.000000	8.552444
1.000000	19.000000	17.000000	512.000000	653.000000	54.000000	524.362989	668.551698	2.000000	8.945175
1.000000	20.000000	18.000000	538.000000	829.000000	64.000000	526.609328	820.310608	1.000000	9.370020
1.000000	21.000000	19.000000	636.000000	666.000000	55.000000	629.976189	681.681601	1.000000	9.921847
1.000000	22.000000	20.000000	730.000000	684.000000	56.000000	736.148235	676.284961	2.000000	10.328105
1.000000	23.000000	0.000000	747.000000	881.000000	76.000000	752.238064	912.260006	1.000000	10.817814
1.000000	24.000000	21.000000	758.000000	911.000000	76.000000	752.238064	912.260006	1.000000	11.040696
1.000000	25.000000	22.000000	852.000000	749.000000	67.000000	838.075492	761.665260	1.000000	11.447788
1.000000	26.000000	23.000000	855.000000	669.000000	57.000000	865.984649	662.261603	2.000000	11.816566
1.000000	27.000000	24.000000	868.000000	612.000000	47.000000	862.630087	601.122911	2.000000	12.154030
1.000000	28.000000	25.000000	641.000000	556.000000	45.000000	639.670917	561.754253	1.000000	12.809807
1.000000	29.000000	26.000000	1001.000000	555.000000	48.000000	996.830829	555.445458	2.000000	13.767816
1.000000	30.000000	27.000000	1074.000000	686.000000	59.000000	1073.782085	666.566980	2.000000	14.217688
1.000000	31.000000	28.000000	878.000000	347.000000	27.000000	869.422852	360.074280	2.000000	15.232034
1.000000	32.000000	0.000000	788.000000	145.000000	6.000000	757.411625	154.884646	2.000000	16.049262
1.000000	33.000000	29.000000	740.000000	150.000000	6.000000	757.411625	154.884646	2.000000	16.368317
1.000000	34.000000	30.000000	1113.000000	167.000000	9.000000	1103.088226	177.158876	2.000000	17.224270
1.000000	35.000000	0.000000	1220.000000	127.000000	10.000000	1188.219615	139.653711	2.000000	17.561640
1.000000	36.000000	31.000000	1166.000000	133.000000	10.000000	1188.219615	139.653711	2.000000	17.832415
1.000000	37.000000	32.000000	1182.000000	396.000000	30.000000	1175.917925	393.508609	1.000000	18.640745
1.000000	38.000000	33.000000	1183.000000	455.000000	40.000000	1189.428122	462.568287	1.000000	18.896864
1.000000	39.000000	34.000000	1101.000000	475.000000	39.000000	1090.325428	477.350190	1.000000	19.272627
1.000000	40.000000	35.000000	1112.000000	577.000000	49.000000	1111.533898	575.249761	1.000000	19.609553
1.000000	41.000000	0.000000	1178.000000	665.000000	60.000000	1173.857984	694.386364	1.000000	20.089911
1.000000	42.000000	36.000000	1180.000000	695.000000	60.000000	1173.857984	694.386364	1.000000	20.384945
1.000000	43.000000	37.000000	1177.000000	769.000000	70.000000	1169.741787	773.591907	1.000000	20.776533
1.000000	44.000000	38.000000	759.000000	340.000000	26.000000	778.961451	349.857660	1.000000	21.680155
1.000000	45.000000	39.000000	666.000000	143.000000	5.000000	654.324237	127.498949	1.000000	22.400860
1.000000	46.000000	40.000000	980.000000	161.000000	8.000000	968.048714	164.266384	1.000000	23.160307
1.000000	1.000000	1.000000	684.000000	151.000000	5.000000	671.646589	145.272292	2.000000	0.997414
1.000000	2.000000	0.000000	989.000000	187.000000	8.000000	963.365621	188.226965	2.000000	1.773464
1.000000	3.000000	2.000000	974.000000	188.000000	8.000000	963.365621	188.226965	2.000000	2.045044
1.000000	4.000000	3.000000	1100.000000	177.000000	9.000000	1098.074165	169.284951	2.000000	2.580717
1.000000	5.000000	4.000000	1165.000000	142.000000	10.000000	1172.421021	132.038009	2.000000	2.910183
1.000000	6.000000	5.000000	1154.000000	274.000000	20.000000	1173.006940	263.993687	2.000000	3.462361
1.000000	7.000000	6.000000	947.000000	287.000000	18.000000	965.677426	283.585038	2.000000	3.925729
1.000000	8.000000	0.000000	1178.000000	366.000000	30.000000	1178.095449	391.072317	2.000000	4.406079
1.000000	9.000000	7.000000	1179.000000	398.000000	30.000000	1178.095449	391.072317	2.000000	4.636245
1.000000	10.000000	8.000000	1120.000000	508.000000	39.000000	1098.173000	503.567759	2.000000	5.078020
1.000000	11.000000	9.000000	1112.000000	405.000000	29.000000	1099.666933	387.428370	1.000000	5.444887
1.000000	12.000000	10.000000	983.000000	396.000000	28.000000	982.859403	381.524211	1.000000	5.772641
1.000000	13.000000	0.000000	856.000000	307.000000	17.000000	840.300692	285.599049	1.000000	6.245182
1.000000	14.000000	11.000000	976.000000	491.000000	38.000000	983.690955	500.221029	1.000000	6.910520
1.000000	15.000000	12.000000	1188.000000	704.000000	60.000000	1173.021967	696.451607	2.000000	7.726461
1.000000	16.000000	13.000000	985.000000	695.000000	58.000000	982.457482	678.133836	2.000000	8.149008
1.000000	17.000000	14.000000	1200.000000	833.000000	70.000000	1190.821648	819.047294	1.000000	8.694496
1.000000	18.000000	15.000000	1192.000000	864.000000	80.000000	1186.140940	869.758637	1.000000	9.228703
1.000000	19.000000	16.000000	1087.000000	917.000000	79.000000	1109.369806	925.509289	2.000000	10.014607
1.000000	20.000000	17.000000	780.000000	812.000000	66.000000	779.494084	802.573393	2.000000	10.909101
1.000000	21.000000	0.000000	656.000000	718.000000	55.000000	662.867618	690.945083	2.000000	11.532414
1.000000	22.000000	18.000000	873.000000	611.000000	47.000000	865.863544	608.047985	1.000000	12.190379
1.000000	23.000000	19.000000	788.000000	562.000000	46.000000	780.850263	556.260661	1.000000	12.534135
1.000000	24.000000	20.000000	674.000000	699.000000	55.000000	662.867618	690.945083	2.000000	13.069384
1.000000	25.000000	21.000000	832.000000	287.000000	17.000000	840.300692	285.599049	1.000000	13.885880
1.000000	26.000000	22.000000	757.000000	339.000000	26.000000	771.915250	345.257337	2.000000	14.164414
1.000000	27.000000	23.000000	540.000000	184.000000	4.000000	538.546596	188.389707	1.000000	14.925373
1.000000	28.000000	0.000000	428.000000	183.000000	3.000000	407.364441	165.934758	2.000000	15.228634
1.000000	29.000000	24.000000	412.000000	174.000000	3.000000	407.364441	165.934758	2.000000	15.581835
1.000000	30.000000	25.000000	335.000000	170.000000	2.000000	338.581940	151.868757	1.000000	15.870338
1.000000	31.000000	26.000000	296.000000	251.000000	12.000000	292.378079	233.727397	2.000000	16.238255
1.000000	32.000000	27.000000	201.000000	193.000000	1.000000	205.445367	186.080509	2.000000	16.757569
1.000000	33.000000	28.000000	317.000000	488.000000	32.000000	313.949298	479.074883	1.000000	17.582250
1.000000	34.000000	29.000000	413.000000	513.000000	33.000000	405.267884	503.641407	2.000000	18.076339
1.000000	35.000000	30.000000	599.000000	461.000000	35.000000	618.694890	445.746464	1.000000	18.798743
1.000000	36.000000	31.000000	362.000000	583.000000	42.000000	341.288592	577.053984	2.000000	19.582316
1.000000	37.000000	32.000000	170.000000	569.000000	41.000000	186.634568	566.567957	1.000000	20.013739
1.000000	38.000000	33.000000	332.000000	691.000000	52.000000	335.153392	672.521053	1.000000	20.692652
1.000000	39.000000	34.000000	239.000000	758.000000	61.000000	219.809382	755.749803	2.000000	21.150457
1.000000	40.000000	35.000000	296.000000	808.000000	62.000000	288.846470	819.691999	1.000000	21.613897
1.000000	41.000000	36.000000	235.000000	893.000000	71.000000	228.112454	885.151169	1.000000	22.006637
1.000000	42.000000	37.000000	406.000000	819.000000	63.000000	412.075721	806.488314	1.000000	22.565945
1.000000	43.000000	0.000000	521.000000	891.000000	74.000000	522.559350	864.726553	1.000000	22.988580
1.000000	44.000000	38.000000	534.000000	870.000000	74.000000	522.559350	864.726553	1.000000	23.326395
1.000000	45.000000	39.000000	559.000000	794.000000	64.000000	551.289003	798.763055	1.000000	23.661990
1.000000	46.000000	40.000000	646.000000	879.000000	75.000000	647.881286	879.767239	1.000000	24.118453
2.000000	1.000000	1.000000	230.000000	163.000000	1.000000	221.662028	174.746926	2.000000	1.439097
2.000000	2.000000	0.000000	371.000000	163.000000	2.000000	334.533707	170.469573	2.000000	1.790615
2.000000	3.000000	2.000000	332.000000	162.000000	2.000000	334.533707	170.469573	2.000000	1.998276
2.000000	4.000000	3.000000	433.000000	113.000000	3.000000	419.782082	126.883122	1.000000	2.495298
2.000000	5.000000	4.000000	540.000000	149.000000	4.000000	538.447935	169.842701	2.000000	2.877706
2.000000	6.000000	5.000000	662.000000	166.000000	5.000000	672.148110	168.072013	1.000000	3.325462
2.000000	7.000000	0.000000	859.000000	96.000000	7.000000	840.032052	117.681202	1.000000	3.949774
2.000000	8.000000	6.000000	835.000000	115.000000	7.000000	840.032052	117.681202	1.000000	4.374598
2.000000	9.000000	7.000000	766.000000	241.000000	16.000000	768.973630	226.207838	2.000000	4.741810
2.000000	10.000000	8.000000	1073.000000	155.000000	9.000000	1070.245007	162.191712	1.000000	5.438860
2.000000	11.000000	9.000000	1086.000000	253.000000	19.000000	1080.396231	273.036288	1.000000	5.797440
2.000000	12.000000	10.000000	1203.000000	369.000000	30.000000	1182.478140	367.127080	2.000000	6.478888
2.000000	13.000000	11.000000	1110.000000	492.000000	39.000000	1098.561047	488.982631	2.000000	7.110537
2.000000	14.000000	0.000000	1218.000000	535.000000	50.000000	1188.709498	546.809200	2.000000	7.454132
2.000000	15.000000	12.000000	1202.000000	540.000000	50.000000	1188.709498	546.809200	2.000000	7.717696
2.000000	16.000000	13.000000	1215.000000	663.000000	60.000000	1207.666963	650.796596	2.000000	8.150982
2.000000	17.000000	14.000000	1196.000000	784.000000	70.000000	1199.389495	791.361965	1.000000	9.198777
2.000000	18.000000	15.000000	1199.000000	936.000000	80.000000	1201.190304	929.886235	1.000000	10.015753
2.000000	19.000000	16.000000	1121.000000	904.000000	79.000000	1112.280013	900.904549	1.000000	10.590226
2.000000	20.000000	17.000000	1009.000000	888.000000	78.000000	997.319137	878.307754	2.000000	10.942249
2.000000	21.000000	18.000000	988.000000	772.000000	68.000000	984.539802	796.162645	1.000000	11.319690
2.000000	22.000000	0.000000	1123.000000	778.000000	69.000000	1096.459253	767.443086	2.000000	11.702180
2.000000	23.000000	19.000000	1098.000000	764.000000	69.000000	1096.459253	767.443086	2.000000	12.086178
2.000000	24.000000	20.000000	887.000000	819.000000	67.000000	886.084199	821.008778	2.000000	12.631149
2.000000	25.000000	21.000000	888.000000	567.000000	47.000000	879.311771	579.097509	2.000000	14.151220
2.000000	26.000000	22.000000	963.000000	591.000000	48.000000	957.110885	593.706619	1.000000	14.583455
2.000000	27.000000	23.000000	871.000000	478.000000	37.000000	873.039285	485.109605	1.000000	15.598776
2.000000	28.000000	24.000000	758.000000	479.000000	36.000000	753.797963	482.828358	1.000000	16.030193
2.000000	29.000000	25.000000	669.000000	616.000000	45.000000	666.261497	612.747293	1.000000	16.495659
2.000000	30.000000	26.000000	746.000000	747.000000	66.000000	737.134507	758.521763	2.000000	17.054733
2.000000	31.000000	27.000000	772.000000	869.000000	76.000000	770.507654	863.795745	2.000000	17.615150
2.000000	32.000000	28.000000	643.000000	811.000000	65.000000	650.472819	814.630021	2.000000	18.191474
2.000000	33.000000	29.000000	634.000000	910.000000	75.000000	620.540754	926.614285	2.000000	18.686929
2.000000	34.000000	30.000000	544.000000	894.000000	74.000000	537.442075	901.465973	1.000000	19.247158
2.000000	35.000000	31.000000	185.000000	774.000000	61.000000	189.387169	794.085471	1.000000	20.029667
2.000000	36.000000	32.000000	230.000000	579.000000	41.000000	231.207852	566.189783	1.000000	20.662461
2.000000	37.000000	33.000000	227.000000	430.000000	31.000000	215.199685	442.389918	2.000000	21.199043
2.000000	38.000000	34.000000	301.000000	466.000000	32.000000	304.982519	481.878890	2.000000	21.542539
2.000000	39.000000	35.000000	432.000000	491.000000	33.000000	435.180594	507.470191	1.000000	22.085607
2.000000	40.000000	36.000000	518.000000	600.000000	44.000000	512.476441	588.289137	1.000000	22.542538
2.000000	41.000000	37.000000	545.000000	490.000000	34.000000	546.594338	492.893584	2.000000	23.062819
2.000000	42.000000	38.000000	427.000000	371.000000	23.000000	429.065458	377.253454	2.000000	23.446457
2.000000	43.000000	39.000000	311.000000	367.000000	22.000000	297.172475	377.453091	1.000000	23.758637
2.000000	44.000000	0.000000	395.000000	290.000000	13.000000	417.309483	273.474384	1.000000	24.151304
2.000000	45.000000	40.000000	418.000000	280.000000	13.000000	417.309483	273.474384	1.000000	24.479642
3.000000	1.000000	1.000000	407.000000	140.000000	3.000000	411.339295	127.626222	2.000000	1.328173
3.000000	2.000000	2.000000	523.000000	239.000000	14.000000	528.868074	230.657701	2.000000	1.680125
3.000000	3.000000	3.000000	937.000000	243.000000	18.000000	949.854394	248.125376	2.000000	2.143898
3.000000	4.000000	4.000000	1230.000000	452.000000	40.000000	1216.471211	445.882827	2.000000	2.935417
3.000000	5.000000	5.000000	742.000000	584.000000	46.000000	736.093797	585.482839	2.000000	3.982481
3.000000	6.000000	6.000000	647.000000	578.000000	45.000000	633.564197	571.732774	2.000000	4.271103
3.000000	7.000000	0.000000	583.000000	576.000000	44.000000	553.347454	572.252201	2.000000	4.662846
3.000000	8.000000	7.000000	566.000000	558.000000	44.000000	553.347454	572.252201	2.000000	4.934594
3.000000	9.000000	8.000000	565.000000	498.000000	34.000000	556.650102	487.629524	2.000000	5.326846
3.000000	10.000000	9.000000	561.000000	365.000000	24.000000	561.866317	371.866542	2.000000	5.686081
3.000000	11.000000	10.000000	431.000000	561.000000	43.000000	416.291657	563.053511	2.000000	6.238888
3.000000	12.000000	0.000000	349.000000	655.000000	52.000000	331.746678	676.051096	2.000000	6.583403
3.000000	13.000000	11.000000	328.000000	680.000000	52.000000	331.746678	676.051096	2.000000	6.871151
3.000000	14.000000	12.000000	191.000000	664.000000	51.000000	188.029596	659.693148	2.000000	7.343296
3.000000	15.000000	13.000000	286.000000	938.000000	72.000000	289.822011	925.619340	2.000000	8.087796
3.000000	16.000000	14.000000	457.000000	945.000000	73.000000	446.047900	931.644865	2.000000	8.976403
3.000000	17.000000	15.000000	531.000000	905.000000	74.000000	522.333302	892.316199	2.000000	9.255247
3.000000	18.000000	16.000000	519.000000	786.000000	64.000000	529.298054	796.973436	2.000000	9.600197
3.000000	19.000000	17.000000	684.000000	722.000000	55.000000	663.340875	717.405419	2.000000	10.111887
3.000000	20.000000	18.000000	672.000000	765.000000	65.000000	662.126365	775.188772	2.000000	10.503850
3.000000	21.000000	19.000000	711.000000	806.000000	66.000000	730.118380	818.424862	2.000000	10.918079
3.000000	22.000000	20.000000	1106.000000	781.000000	69.000000	1106.013218	783.062291	2.000000	11.694512
3.000000	23.000000	21.000000	1205.000000	756.000000	70.000000	1211.527010	755.071891	1.000000	12.094624
3.000000	24.000000	0.000000	870.000000	738.000000	67.000000	847.935076	759.926776	1.000000	12.679667
3.000000	25.000000	22.000000	855.000000	752.000000	67.000000	847.935076	759.926776	1.000000	12.894308
3.000000	26.000000	23.000000	772.000000	898.000000	76.000000	781.129501	880.180797	1.000000	13.287188
3.000000	27.000000	0.000000	768.000000	749.000000	56.000000	765.506473	715.725281	1.000000	13.766614
3.000000	28.000000	24.000000	772.000000	696.000000	56.000000	765.506473	715.725281	1.000000	14.015569
3.000000	29.000000	25.000000	860.000000	538.000000	47.000000	847.981280	555.187058	1.000000	14.648358
3.000000	30.000000	26.000000	956.000000	469.000000	38.000000	973.387569	463.461374	1.000000	15.287626
3.000000	31.000000	0.000000	1056.000000	476.000000	39.000000	1074.585734	498.377680	1.000000	15.640328
3.000000	32.000000	27.000000	1092.000000	505.000000	39.000000	1074.585734	498.377680	1.000000	15.896293
3.000000	33.000000	28.000000	1093.000000	533.000000	49.000000	1105.254908	544.011077	1.000000	16.223398
3.000000	34.000000	29.000000	963.000000	339.000000	28.000000	966.322469	350.203347	1.000000	16.856028
3.000000	35.000000	30.000000	849.000000	248.000000	17.000000	852.344280	260.054154	1.000000	17.414985
3.000000	36.000000	31.000000	763.000000	224.000000	16.000000	773.563383	224.163750	1.000000	17.751624
3.000000	37.000000	0.000000	1120.000000	151.000000	9.000000	1092.968884	135.110098	1.000000	18.447532
3.000000	38.000000	32.000000	1110.000000	143.000000	9.000000	1092.968884	135.110098	1.000000	18.887586
3.000000	39.000000	33.000000	1186.000000	143.000000	10.000000	1170.342848	140.633148	1.000000	19.200010
3.000000	40.000000	34.000000	542.000000	167.000000	4.000000	536.995314	166.614916	1.000000	19.919306
3.000000	41.000000	35.000000	420.000000	256.000000	13.000000	420.047920	255.053877	1.000000	20.391051
3.000000	42.000000	36.000000	208.000000	230.000000	11.000000	231.126601	225.245195	1.000000	20.823737
3.000000	43.000000	37.000000	214.000000	402.000000	21.000000	230.891942	395.733734	1.000000	21.560150
3.000000	44.000000	38.000000	296.000000	498.000000	32.000000	287.792253	478.577058	1.000000	21.942390
3.000000	45.000000	39.000000	286.000000	568.000000	42.000000	293.271154	562.447313	1.000000	22.262815
3.000000	46.000000	40.000000	291.000000	799.000000	62.000000	298.399969	801.552534	1.000000	23.111031
4.000000	1.000000	1.000000	223.000000	128.000000	1.000000	206.318544	131.846023	1.000000	1.108013
4.000000	2.000000	2.000000	310.000000	127.000000	2.000000	325.536686	120.724377	1.000000	1.459139
4.000000	3.000000	3.000000	503.000000	129.000000	4.000000	512.880348	125.919418	2.000000	1.907604
4.000000	4.000000	4.000000	633.000000	185.000000	5.000000	641.078295	187.824017	1.000000	2.300415
4.000000	5.000000	5.000000	715.000000	113.000000	6.000000	733.812893	120.406081	1.000000	2.659757
4.000000	6.000000	0.000000	836.000000	174.000000	7.000000	863.464221	181.198766	2.000000	3.107688
4.000000	7.000000	6.000000	878.000000	190.000000	7.000000	863.464221	181.198766	2.000000	3.499173
4.000000	8.000000	0.000000	893.000000	294.000000	17.000000	882.677881	261.260832	2.000000	3.818602
4.000000	9.000000	7.000000	897.000000	273.000000	17.000000	882.677881	261.260832	2.000000	4.210878
4.000000	10.000000	8.000000	965.000000	273.000000	18.000000	979.463577	273.955989	2.000000	4.587112
4.000000	11.000000	9.000000	972.000000	172.000000	8.000000	968.942959	176.846800	1.000000	5.075718
4.000000	12.000000	10.000000	1103.000000	182.000000	9.000000	1096.997113	180.617405	1.000000	5.452171
4.000000	13.000000	11.000000	1222.000000	287.000000	20.000000	1208.989606	280.306156	1.000000	5.892609
4.000000	14.000000	12.000000	1071.000000	405.000000	29.000000	1076.225113	397.694255	1.000000	6.563397
4.000000	15.000000	13.000000	981.000000	565.000000	48.000000	974.989580	543.143516	1.000000	7.051642
4.000000	16.000000	14.000000	857.000000	473.000000	37.000000	848.701336	460.517396	2.000000	7.555348
4.000000	17.000000	15.000000	778.000000	474.000000	36.000000	772.951923	462.907633	2.000000	7.859697
4.000000	18.000000	16.000000	668.000000	435.000000	35.000000	656.727305	436.338526	2.000000	8.643096
4.000000	19.000000	17.000000	654.000000	325.000000	25.000000	661.121881	331.964089	2.000000	8.954833
4.000000	20.000000	18.000000	652.000000	292.000000	15.000000	645.187859	291.235834	2.000000	9.251994
4.000000	21.000000	19.000000	771.000000	341.000000	26.000000	773.337351	333.252764	1.000000	9.756711
4.000000	22.000000	20.000000	416.000000	285.000000	13.000000	412.708847	270.156178	1.000000	10.395183
4.000000	23.000000	21.000000	418.000000	350.000000	23.000000	423.304461	340.051493	2.000000	10.914827
4.000000	24.000000	22.000000	333.000000	333.000000	22.000000	322.427478	335.038999	1.000000	11.324817
4.000000	25.000000	23.000000	307.000000	466.000000	32.000000	316.524207	472.242348	2.000000	11.899728
4.000000	26.000000	24.000000	207.000000	545.000000	41.000000	203.617433	544.391751	2.000000	12.451033
4.000000	27.000000	25.000000	321.000000	623.000000	42.000000	310.051126	613.145697	2.000000	12.900777
4.000000	28.000000	26.000000	214.000000	681.000000	51.000000	206.120042	669.407289	2.000000	13.379915
4.000000	29.000000	27.000000	316.000000	715.000000	52.000000	295.156359	704.905297	2.000000	13.787670
4.000000	30.000000	28.000000	537.000000	700.000000	54.000000	536.830594	699.927123	2.000000	14.556191
4.000000	31.000000	29.000000	724.000000	711.000000	56.000000	731.009473	709.340293	2.000000	15.018765
4.000000	32.000000	30.000000	745.000000	818.000000	66.000000	744.244253	823.005052	2.000000	15.460021
4.000000	33.000000	31.000000	1069.000000	916.000000	79.000000	1071.088132	910.329144	2.000000	16.444283
4.000000	34.000000	32.000000	531.000000	891.000000	74.000000	532.692029	892.568487	2.000000	17.499133
4.000000	35.000000	33.000000	225.000000	875.000000	71.000000	231.809398	882.144524	1.000000	18.756544
4.000000	36.000000	34.000000	219.000000	809.000000	61.000000	230.028566	821.894601	1.000000	19.059593
4.000000	37.000000	35.000000	403.000000	814.000000	63.000000	424.624686	810.670613	1.000000	19.675898
4.000000	38.000000	36.000000	624.000000	674.000000	55.000000	641.277516	678.107719	1.000000	20.357052
4.000000	39.000000	37.000000	751.000000	935.000000	76.000000	753.705200	926.546287	1.000000	20.987480
4.000000	40.000000	38.000000	905.000000	794.000000	67.000000	886.304212	785.022524	1.000000	21.379298
4.000000	41.000000	39.000000	958.000000	769.000000	68.000000	964.571401	761.512720	1.000000	21.698926
4.000000	42.000000	40.000000	1206.000000	793.000000	70.000000	1202.093248	803.367444	1.000000	22.172085
5.000000	1.000000	1.000000	313.000000	139.000000	2.000000	309.855195	130.943990	1.000000	1.045198
5.000000	2.000000	2.000000	420.000000	248.000000	13.000000	417.397997	235.616924	1.000000	1.597273
5.000000	3.000000	3.000000	497.000000	159.000000	4.000000	509.186558	169.411081	2.000000	2.028785
5.000000	4.000000	0.000000	685.000000	165.000000	5.000000	654.795474	165.451670	2.000000	2.597899
5.000000	5.000000	4.000000	652.000000	162.000000	5.000000	654.795474	165.451670	2.000000	2.877851
5.000000	6.000000	5.000000	880.000000	268.000000	17.000000	876.796097	271.776491	2.000000	3.894424
5.000000	7.000000	6.000000	964.000000	217.000000	18.000000	968.085222	224.335259	2.000000	4.261008
5.000000	8.000000	7.000000	889.000000	183.000000	7.000000	869.411130	184.512133	1.000000	4.702026
5.000000	9.000000	8.000000	722.000000	225.000000	16.000000	729.490423	235.628419	1.000000	5.156474
5.000000	10.000000	9.000000	1104.000000	162.000000	9.000000	1109.747326	175.966552	2.000000	5.821027
5.000000	11.000000	10.000000	1213.000000	235.000000	20.000000	1202.934788	240.593349	2.000000	6.341766
5.000000	12.000000	11.000000	1123.000000	284.000000	19.000000	1108.710388	287.768281	2.000000	6.821772
5.000000	13.000000	12.000000	1093.000000	353.000000	29.000000	1091.447369	364.161482	1.000000	7.342474
5.000000	14.000000	13.000000	1110.000000	506.000000	39.000000	1103.118773	502.805982	2.000000	7.782156
5.000000	15.000000	14.000000	991.000000	498.000000	38.000000	987.087368	495.446809	1.000000	8.197687
5.000000	16.000000	15.000000	834.000000	390.000000	27.000000	852.139348	399.400091	2.000000	8.700962
5.000000	17.000000	16.000000	723.000000	393.000000	26.000000	738.180382	380.268192	2.000000	9.164678
5.000000	18.000000	17.000000	407.000000	355.000000	23.000000	410.771242	360.631613	1.000000	9.990641
5.000000	19.000000	18.000000	302.000000	419.000000	32.000000	297.554316	437.039449	1.000000	10.485758
5.000000	20.000000	19.000000	223.000000	397.000000	21.000000	203.940740	396.163718	2.000000	10.861915
5.000000	21.000000	0.000000	218.000000	450.000000	31.000000	201.489050	469.229132	2.000000	11.204879
5.000000	22.000000	20.000000	210.000000	468.000000	31.000000	201.489050	469.229132	2.000000	11.701707
5.000000	23.000000	21.000000	429.000000	473.000000	33.000000	420.532389	486.635336	2.000000	12.237031
5.000000	24.000000	22.000000	748.000000	578.000000	46.000000	740.301303	579.906632	2.000000	13.053171
5.000000	25.000000	23.000000	952.000000	581.000000	48.000000	959.325917	582.459740	2.000000	13.501549
5.000000	26.000000	24.000000	884.000000	664.000000	57.000000	873.885674	664.320257	2.000000	13.894333
5.000000	27.000000	25.000000	768.000000	870.000000	76.000000	778.604880	862.508830	2.000000	14.852657
5.000000	28.000000	26.000000	665.000000	875.000000	75.000000	667.999671	885.142028	2.000000	15.501705
5.000000	29.000000	27.000000	552.000000	795.000000	64.000000	560.127093	794.016902	2.000000	16.052550
5.000000	30.000000	28.000000	391.000000	750.000000	63.000000	405.242977	758.231775	2.000000	16.542607
5.000000	31.000000	0.000000	346.000000	612.000000	42.000000	318.942311	585.881798	1.000000	16.996748
5.000000	32.000000	29.000000	309.000000	563.000000	42.000000	318.942311	585.881798	1.000000	17.236667
5.000000	33.000000	30.000000	444.000000	573.000000	43.000000	426.951067	568.404113	1.000000	17.725836
5.000000	34.000000	31.000000	633.000000	553.000000	45.000000	632.468357	560.835685	1.000000	18.364936
5.000000	35.000000	32.000000	869.000000	567.000000	47.000000	863.649844	584.162042	1.000000	19.157188
5.000000	36.000000	33.000000	1003.000000	704.000000	58.000000	989.220866	714.834179	1.000000	19.749248
5.000000	37.000000	34.000000	1180.000000	680.000000	60.000000	1171.448670	679.457157	1.000000	20.308760
5.000000	38.000000	35.000000	1174.000000	582.000000	50.000000	1173.196065	592.140757	1.000000	20.685897
5.000000	39.000000	36.000000	1099.000000	814.000000	69.000000	1083.622099	817.209950	1.000000	21.310077
5.000000	40.000000	37.000000	1100.000000	913.000000	79.000000	1103.959477	919.156757	1.000000	21.662562
5.000000	41.000000	38.000000	758.000000	815.000000	66.000000	765.083258	809.008098	1.000000	22.229576
5.000000	42.000000	39.000000	517.000000	918.000000	74.000000	531.359622	929.989538	1.000000	22.781448
5.000000	43.000000	40.000000	294.000000	876.000000	72.000000	290.690658	872.651834	1.000000	23.366467
6.000000	1.000000	1.000000	337.000000	129.000000	2.000000	328.922717	129.647450	1.000000	1.592588
6.000000	2.000000	2.000000	432.000000	176.000000	3.000000	420.669895	172.720154	2.000000	2.048376
6.000000	3.000000	3.000000	416.000000	274.000000	13.000000	411.463572	263.134969	2.000000	2.415649
6.000000	4.000000	4.000000	524.000000	293.000000	14.000000	520.017173	292.269357	1.000000	3.047646
6.000000	5.000000	5.000000	524.000000	351.000000	24.000000	515.391470	353.130570	2.000000	3.360868
6.000000	6.000000	6.000000	521.000000	464.000000	34.000000	530.470198	476.626092	2.000000	3.792394
6.000000	7.000000	7.000000	191.000000	472.000000	31.000000	177.796709	480.912422	2.000000	4.526591
6.000000	8.000000	8.000000	416.000000	471.000000	33.000000	420.460621	465.497520	1.000000	5.048137
6.000000	9.000000	9.000000	430.000000	556.000000	43.000000	421.786057	555.289101	1.000000	5.558829
6.000000	10.000000	0.000000	412.000000	681.000000	53.000000	403.068449	654.362721	1.000000	5.935338
6.000000	11.000000	10.000000	407.000000	666.000000	53.000000	403.068449	654.362721	1.000000	6.255647
6.000000	12.000000	11.000000	158.000000	683.000000	51.000000	179.975075	674.359911	1.000000	6.838973
6.000000	13.000000	12.000000	198.000000	800.000000	61.000000	194.542331	803.593527	2.000000	7.544532
6.000000	14.000000	13.000000	393.000000	819.000000	63.000000	406.966198	824.441815	2.000000	8.032717
6.000000	15.000000	14.000000	349.000000	886.000000	72.000000	339.829864	880.113100	2.000000	8.598787
6.000000	16.000000	15.000000	213.000000	941.000000	71.000000	208.096442	917.243617	2.000000	9.142713
6.000000	17.000000	16.000000	557.000000	694.000000	54.000000	554.433172	684.711945	2.000000	10.070609
6.000000	18.000000	17.000000	537.000000	804.000000	64.000000	528.776345	809.779562	1.000000	10.544174
6.000000	19.000000	18.000000	665.000000	765.000000	65.000000	659.257126	757.736235	2.000000	10.896647
6.000000	20.000000	19.000000	629.000000	913.000000	75.000000	632.361061	903.103591	1.000000	11.295754
6.000000	21.000000	20.000000	752.000000	803.000000	66.000000	768.613442	789.905753	2.000000	11.800442
6.000000	22.000000	21.000000	858.000000	896.000000	77.000000	842.600378	895.561832	2.000000	12.216072
6.000000	23.000000	22.000000	946.000000	901.000000	78.000000	952.365655	902.566805	2.000000	12.678795
6.000000	24.000000	0.000000	960.000000	823.000000	68.000000	975.669985	799.698982	2.000000	13.175633
6.000000	25.000000	23.000000	875.000000	709.000000	57.000000	868.486195	705.879960	2.000000	13.831375
6.000000	26.000000	24.000000	977.000000	795.000000	68.000000	975.669985	799.698982	2.000000	15.126925
6.000000	27.000000	25.000000	1081.000000	775.000000	69.000000	1074.226930	778.020224	2.000000	15.494294
6.000000	28.000000	26.000000	1172.000000	701.000000	60.000000	1180.841525	690.549179	2.000000	15.983660
6.000000	29.000000	27.000000	1166.000000	799.000000	70.000000	1170.283462	807.601360	1.000000	16.384240
6.000000	30.000000	28.000000	1073.000000	930.000000	79.000000	1072.600975	931.701209	1.000000	17.055420
6.000000	31.000000	29.000000	995.000000	560.000000	48.000000	990.392344	550.177718	1.000000	17.631350
6.000000	32.000000	30.000000	1008.000000	457.000000	38.000000	993.530852	473.766689	1.000000	17.975718
6.000000	33.000000	31.000000	873.000000	467.000000	37.000000	873.863447	463.955188	1.000000	18.415568
6.000000	34.000000	0.000000	777.000000	611.000000	46.000000	753.674789	597.236533	1.000000	18.784138
6.000000	35.000000	32.000000	736.000000	591.000000	46.000000	753.674789	597.236533	1.000000	19.152751
6.000000	36.000000	33.000000	651.000000	541.000000	45.000000	655.180982	545.114223	1.000000	19.878572
6.000000	37.000000	34.000000	982.000000	389.000000	28.000000	986.068421	377.375814	2.000000	20.446852
6.000000	38.000000	35.000000	1109.000000	258.000000	19.000000	1098.961865	262.298934	1.000000	21.294689
6.000000	39.000000	36.000000	1209.000000	257.000000	20.000000	1205.143497	242.652240	1.000000	21.664703
6.000000	40.000000	37.000000	1195.000000	361.000000	30.000000	1190.125797	372.369010	1.000000	22.088115
6.000000	41.000000	38.000000	1185.000000	131.000000	10.000000	1193.460012	131.227329	2.000000	22.608672
6.000000	42.000000	39.000000	891.000000	179.000000	7.000000	885.711339	177.265743	1.000000	23.183824
6.000000	43.000000	40.000000	732.000000	304.000000	16.000000	734.893249	292.569444	1.000000	23.615248
7.000000	1.000000	1.000000	565.000000	148.000000	4.000000	550.740045	143.903496	2.000000	0.939594
7.000000	2.000000	2.000000	453.000000	160.000000	3.000000	445.193408	160.304906	1.000000	1.282769
7.000000	3.000000	3.000000	217.000000	179.000000	1.000000	220.211881	187.237663	1.000000	1.795053
7.000000	4.000000	4.000000	326.000000	307.000000	12.000000	323.966699	292.599284	2.000000	2.338376
7.000000	5.000000	5.000000	332.000000	343.000000	22.000000	332.517431	344.621321	1.000000	2.618919
7.000000	6.000000	6.000000	431.000000	361.000000	23.000000	423.545002	377.109908	1.000000	2.946206
7.000000	7.000000	7.000000	506.000000	366.000000	24.000000	510.498609	364.902379	1.000000	3.306583
7.000000	8.000000	8.000000	332.000000	429.000000	32.000000	323.645398	440.850092	2.000000	3.769252
7.000000	9.000000	9.000000	225.000000	369.000000	21.000000	210.447273	360.434094	2.000000	4.155059
7.000000	10.000000	0.000000	203.000000	499.000000	31.000000	200.786947	462.049998	1.000000	4.491106
7.000000	11.000000	10.000000	204.000000	459.000000	31.000000	200.786947	462.049998	1.000000	4.882445
7.000000	12.000000	11.000000	218.000000	569.000000	41.000000	208.575999	575.565129	1.000000	5.297748
7.000000	13.000000	12.000000	435.000000	585.000000	43.000000	424.785168	587.490064	1.000000	5.995129
7.000000	14.000000	13.000000	430.000000	678.000000	53.000000	430.424492	673.085968	1.000000	6.321783
7.000000	15.000000	14.000000	347.000000	677.000000	52.000000	334.902981	682.081817	1.000000	6.715033
7.000000	16.000000	15.000000	187.000000	823.000000	61.000000	186.846377	804.086433	1.000000	7.497538
7.000000	17.000000	16.000000	300.000000	809.000000	62.000000	301.412584	814.922824	2.000000	8.122729
7.000000	18.000000	17.000000	225.000000	908.000000	71.000000	231.087568	917.841010	1.000000	8.475253
7.000000	19.000000	18.000000	519.000000	883.000000	74.000000	523.912791	875.300110	2.000000	9.179183
7.000000	20.000000	19.000000	739.000000	861.000000	76.000000	742.352766	871.183011	1.000000	10.107014
7.000000	21.000000	20.000000	755.000000	829.000000	66.000000	762.335546	826.065471	2.000000	10.466858
7.000000	22.000000	21.000000	859.000000	887.000000	77.000000	856.026608	893.388117	2.000000	11.450565
7.000000	23.000000	0.000000	1001.000000	764.000000	68.000000	981.395628	779.635941	2.000000	11.907453
7.000000	24.000000	22.000000	988.000000	780.000000	68.000000	981.395628	779.635941	2.000000	12.371662
7.000000	25.000000	23.000000	1121.000000	808.000000	69.000000	1104.603005	822.377867	2.000000	12.746880
7.000000	26.000000	0.000000	1190.000000	853.000000	80.000000	1219.064273	881.493411	2.000000	13.210823
7.000000	27.000000	24.000000	1226.000000	875.000000	80.000000	1219.064273	881.493411	2.000000	13.490867
7.000000	28.000000	25.000000	1169.000000	691.000000	60.000000	1174.450566	681.433263	1.000000	14.083715
7.000000	29.000000	26.000000	1008.000000	678.000000	58.000000	1000.166289	671.143625	2.000000	14.674523
7.000000	30.000000	27.000000	1199.000000	557.000000	50.000000	1191.683693	561.850285	2.000000	15.627112
7.000000	31.000000	28.000000	1065.000000	516.000000	39.000000	1064.418140	499.658556	2.000000	16.177657
7.000000	32.000000	0.000000	886.000000	549.000000	47.000000	858.388870	566.185106	1.000000	16.738568
7.000000	33.000000	29.000000	877.000000	554.000000	47.000000	858.388870	566.185106	1.000000	17.025925
7.000000	34.000000	30.000000	744.000000	572.000000	46.000000	755.880514	571.630728	2.000000	17.539980
7.000000	35.000000	31.000000	658.000000	474.000000	35.000000	659.427275	487.953211	2.000000	18.155421
7.000000	36.000000	32.000000	888.000000	467.000000	37.000000	886.340459	456.927226	1.000000	18.683709
7.000000	37.000000	33.000000	961.000000	366.000000	28.000000	959.757922	378.928733	2.000000	19.099773
7.000000	38.000000	34.000000	1074.000000	359.000000	29.000000	1075.354468	347.322735	2.000000	19.450470
7.000000	39.000000	35.000000	1217.000000	340.000000	30.000000	1213.320129	346.344621	2.000000	19.995165
7.000000	40.000000	36.000000	759.000000	340.000000	26.000000	775.330644	346.314454	2.000000	20.625894
7.000000	41.000000	37.000000	648.000000	237.000000	15.000000	639.536893	240.633994	1.000000	21.177731
7.000000	42.000000	38.000000	649.000000	169.000000	5.000000	653.737908	165.334993	1.000000	21.714433
7.000000	43.000000	39.000000	1071.000000	161.000000	9.000000	1069.044883	162.703507	1.000000	22.451126
7.000000	44.000000	40.000000	1205.000000	142.000000	10.000000	1212.536847	130.908253	1.000000	22.825866
8.000000	1.000000	1.000000	855.000000	123.000000	7.000000	848.909064	127.220832	2.000000	1.176798
8.000000	2.000000	2.000000	967.000000	122.000000	8.000000	969.988454	129.320282	1.000000	1.513259
8.000000	3.000000	3.000000	1203.000000	114.000000	10.000000	1201.169732	117.940096	1.000000	2.152473
8.000000	4.000000	4.000000	1091.000000	356.000000	29.000000	1093.684799	359.373131	2.000000	2.945397
8.000000	5.000000	5.000000	1196.000000	360.000000	30.000000	1176.540948	375.547240	1.000000	3.250684
8.000000	6.000000	0.000000	1031.000000	387.000000	28.000000	998.847648	401.007345	1.000000	3.776909
8.000000	7.000000	6.000000	996.000000	398.000000	28.000000	998.847648	401.007345	1.000000	4.033378
8.000000	8.000000	7.000000	968.000000	457.000000	38.000000	986.542400	448.012402	2.000000	4.361571
8.000000	9.000000	0.000000	1117.000000	469.000000	39.000000	1091.434519	483.376109	1.000000	4.817910
8.000000	10.000000	8.000000	1094.000000	482.000000	39.000000	1091.434519	483.376109	1.000000	5.249651
8.000000	11.000000	9.000000	1108.000000	573.000000	49.000000	1107.927388	566.252649	1.000000	5.896535
8.000000	12.000000	10.000000	979.000000	592.000000	48.000000	975.300389	594.151708	1.000000	6.354154
8.000000	13.000000	11.000000	863.000000	550.000000	47.000000	857.724922	545.478733	2.000000	6.753708
8.000000	14.000000	12.000000	783.000000	498.000000	36.000000	776.562670	500.241956	2.000000	7.129604
8.000000	15.000000	13.000000	884.000000	458.000000	37.000000	884.603234	459.195719	2.000000	7.642592
8.000000	16.000000	14.000000	1208.000000	750.000000	70.000000	1202.607109	757.578221	2.000000	8.456837
8.000000	17.000000	15.000000	1102.000000	872.000000	79.000000	1099.137893	869.237228	1.000000	9.041090
8.000000	18.000000	16.000000	982.000000	811.000000	68.000000	982.112587	809.068282	1.000000	9.570511
8.000000	19.000000	17.000000	949.000000	898.000000	78.000000	951.129840	901.459574	1.000000	9.969125
8.000000	20.000000	18.000000	876.000000	881.000000	77.000000	865.808064	881.944194	1.000000	10.378409
8.000000	21.000000	19.000000	891.000000	769.000000	67.000000	888.055582	767.832509	2.000000	10.840966
8.000000	22.000000	20.000000	549.000000	795.000000	64.000000	553.316568	800.053025	2.000000	11.458624
8.000000	23.000000	21.000000	553.000000	699.000000	54.000000	561.880444	704.422265	2.000000	11.890536
8.000000	24.000000	22.000000	432.000000	815.000000	63.000000	420.308818	819.389598	2.000000	12.418128
8.000000	25.000000	23.000000	416.000000	891.000000	73.000000	420.350231	915.363223	2.000000	12.874122
8.000000	26.000000	24.000000	646.000000	662.000000	55.000000	636.915333	667.687535	1.000000	13.712892
8.000000	27.000000	25.000000	303.000000	803.000000	62.000000	302.967220	807.866624	1.000000	14.353347
8.000000	28.000000	26.000000	323.000000	874.000000	72.000000	319.008170	886.985998	1.000000	14.673433
8.000000	29.000000	27.000000	209.000000	797.000000	61.000000	200.081642	792.274591	2.000000	15.106611
8.000000	30.000000	28.000000	306.000000	664.000000	52.000000	303.895326	682.974847	2.000000	15.570724
8.000000	31.000000	0.000000	249.000000	604.000000	41.000000	220.507295	597.925969	2.000000	15.946305
8.000000	32.000000	29.000000	223.000000	599.000000	41.000000	220.507295	597.925969	2.000000	16.256752
8.000000	33.000000	30.000000	211.000000	378.000000	21.000000	196.103461	394.400540	2.000000	16.929766
8.000000	34.000000	0.000000	275.000000	344.000000	22.000000	300.808081	348.293147	2.000000	17.321796
8.000000	35.000000	31.000000	296.000000	348.000000	22.000000	300.808081	348.293147	2.000000	17.585179
8.000000	36.000000	32.000000	318.000000	489.000000	32.000000	325.650982	490.257008	1.000000	18.138002
8.000000	37.000000	33.000000	407.000000	397.000000	23.000000	400.586318	399.007678	1.000000	18.728585
8.000000	38.000000	34.000000	448.000000	490.000000	33.000000	442.106569	482.706365	1.000000	19.289539
8.000000	39.000000	0.000000	651.000000	455.000000	35.000000	624.668947	458.869721	1.000000	19.833232
8.000000	40.000000	35.000000	624.000000	453.000000	35.000000	624.668947	458.869721	1.000000	20.088584
8.000000	41.000000	36.000000	572.000000	327.000000	24.000000	561.213832	332.551699	2.000000	20.616503
8.000000	42.000000	37.000000	844.000000	287.000000	17.000000	841.211079	278.436590	2.000000	21.440853
8.000000	43.000000	38.000000	354.000000	222.000000	12.000000	340.972950	231.940454	2.000000	22.136539
8.000000	44.000000	39.000000	428.000000	192.000000	3.000000	421.451701	175.006932	1.000000	22.529186
8.000000	45.000000	40.000000	210.000000	184.000000	1.000000	224.378424	182.711486	1.000000	22.977407
9.000000	1.000000	1.000000	391.000000	136.000000	3.000000	400.615760	132.518531	1.000000	1.215597
9.000000	2.000000	2.000000	308.000000	282.000000	12.000000	299.816125	265.546098	2.000000	1.632845
9.000000	3.000000	3.000000	240.000000	177.000000	1.000000	232.222309	168.047629	2.000000	2.159988
9.000000	4.000000	4.000000	218.000000	451.000000	31.000000	218.199669	452.243418	2.000000	2.790477
9.000000	5.000000	0.000000	328.000000	462.000000	32.000000	290.621103	482.654401	2.000000	3.159960
9.000000	6.000000	5.000000	271.000000	474.000000	32.000000	290.621103	482.654401	2.000000	3.399722
9.000000	7.000000	6.000000	425.000000	481.000000	33.000000	414.821774	493.637779	2.000000	3.896892
9.000000	8.000000	0.000000	336.000000	559.000000	42.000000	337.595917	595.898897	2.000000	4.376472
9.000000	9.000000	7.000000	340.000000	601.000000	42.000000	337.595917	595.898897	2.000000	4.736618
9.000000	10.000000	8.000000	434.000000	378.000000	23.000000	425.929540	389.055643	1.000000	5.391675
9.000000	11.000000	0.000000	530.000000	427.000000	34.000000	549.905250	448.999223	1.000000	5.792324
9.000000	12.000000	9.000000	557.000000	442.000000	34.000000	549.905250	448.999223	1.000000	6.248984
9.000000	13.000000	10.000000	630.000000	481.000000	35.000000	635.008449	489.559018	1.000000	6.695557
9.000000	14.000000	11.000000	740.000000	341.000000	26.000000	728.554780	339.548345	1.000000	7.190915
9.000000	15.000000	12.000000	614.000000	603.000000	45.000000	625.772651	610.066012	1.000000	7.808436
9.000000	16.000000	13.000000	650.000000	662.000000	55.000000	654.913753	677.861608	2.000000	8.183970
9.000000	17.000000	14.000000	532.000000	680.000000	54.000000	530.772142	701.570873	2.000000	8.838923
9.000000	18.000000	15.000000	444.000000	579.000000	43.000000	442.029997	599.469536	1.000000	9.416639
9.000000	19.000000	16.000000	212.000000	718.000000	51.000000	213.591377	719.738042	1.000000	10.264865
9.000000	20.000000	17.000000	181.000000	825.000000	61.000000	186.484156	805.261891	2.000000	10.632834
9.000000	21.000000	18.000000	186.000000	937.000000	71.000000	177.923679	922.292477	2.000000	11.119320
9.000000	22.000000	19.000000	444.000000	797.000000	63.000000	442.779670	802.610497	1.000000	12.304319
9.000000	23.000000	20.000000	455.000000	886.000000	73.000000	445.918360	887.874212	2.000000	12.767270
9.000000	24.000000	21.000000	554.000000	908.000000	74.000000	547.440884	910.346043	1.000000	13.095612
9.000000	25.000000	22.000000	628.000000	806.000000	65.000000	630.155746	820.666813	1.000000	13.487308
9.000000	26.000000	23.000000	838.000000	750.000000	67.000000	842.487852	764.608472	2.000000	14.240814
9.000000	27.000000	24.000000	845.000000	660.000000	57.000000	843.282830	658.300164	2.000000	14.616806
9.000000	28.000000	25.000000	974.000000	877.000000	78.000000	974.891643	894.901893	1.000000	15.216060
9.000000	29.000000	26.000000	1101.000000	785.000000	69.000000	1100.367995	786.991538	1.000000	15.752155
9.000000	30.000000	27.000000	1098.000000	662.000000	59.000000	1096.178389	671.499447	1.000000	16.072068
9.000000	31.000000	28.000000	1204.000000	665.000000	60.000000	1218.526368	663.914189	2.000000	16.471282
9.000000	32.000000	29.000000	1182.000000	610.000000	50.000000	1189.603797	607.541781	1.000000	16.903538
9.000000	33.000000	30.000000	1086.000000	564.000000	49.000000	1096.289804	555.138788	2.000000	17.239262
9.000000	34.000000	31.000000	882.000000	457.000000	37.000000	872.175859	468.606704	2.000000	17.864633
9.000000	35.000000	32.000000	869.000000	384.000000	27.000000	873.266432	374.826791	1.000000	18.215680
9.000000	36.000000	33.000000	993.000000	370.000000	28.000000	988.376985	365.751477	2.000000	18.631594
9.000000	37.000000	34.000000	1052.000000	353.000000	29.000000	1063.364046	349.260259	2.000000	19.007696
9.000000	38.000000	35.000000	1219.000000	367.000000	30.000000	1218.918622	366.078983	1.000000	19.568654
9.000000	39.000000	36.000000	1207.000000	252.000000	20.000000	1201.145181	240.346345	1.000000	20.375468
9.000000	40.000000	0.000000	1108.000000	250.000000	19.000000	1081.020342	244.538070	1.000000	20.832318
9.000000	41.000000	37.000000	1093.000000	245.000000	19.000000	1081.020342	244.538070	1.000000	21.128528
9.000000	42.000000	38.000000	1051.000000	139.000000	9.000000	1058.146048	134.879787	1.000000	21.503543
9.000000	43.000000	39.000000	985.000000	142.000000	8.000000	999.492609	141.484248	2.000000	22.054660
9.000000	44.000000	40.000000	793.000000	247.000000	16.000000	777.032257	238.751560	2.000000	22.607508
10.000000	1.000000	1.000000	558.000000	164.000000	4.000000	560.131195	162.501960	2.000000	0.815216
10.000000	2.000000	0.000000	642.000000	260.000000	15.000000	642.594373	229.849120	2.000000	1.174249
10.000000	3.000000	2.000000	643.000000	238.000000	15.000000	642.594373	229.849120	2.000000	1.423399
10.000000	4.000000	3.000000	760.000000	247.000000	16.000000	764.331551	260.274583	2.000000	1.773510
10.000000	5.000000	4.000000	774.000000	139.000000	6.000000	766.225821	145.198528	2.000000	2.165967
10.000000	6.000000	5.000000	891.000000	163.000000	7.000000	891.883258	172.484082	1.000000	2.501644
10.000000	7.000000	6.000000	852.000000	279.000000	17.000000	847.153712	277.813589	1.000000	2.894076
10.000000	8.000000	7.000000	969.000000	278.000000	18.000000	980.827865	289.052375	1.000000	3.302544
10.000000	9.000000	8.000000	1104.000000	243.000000	19.000000	1105.605464	239.362066	1.000000	3.734715
10.000000	10.000000	9.000000	1110.000000	142.000000	9.000000	1107.091008	148.692044	2.000000	4.173488
10.000000	11.000000	0.000000	1228.000000	348.000000	30.000000	1186.955059	331.982840	1.000000	4.710674
10.000000	12.000000	10.000000	1178.000000	342.000000	30.000000	1186.955059	331.982840	1.000000	4.974461
10.000000	13.000000	11.000000	1111.000000	359.000000	29.000000	1112.142676	364.964482	2.000000	5.375011
10.000000	14.000000	12.000000	999.000000	356.000000	28.000000	996.780040	350.380930	2.000000	5.926916
10.000000	15.000000	13.000000	870.000000	377.000000	27.000000	856.153571	397.363107	1.000000	6.438325
10.000000	16.000000	14.000000	975.000000	486.000000	38.000000	960.582646	489.294445	2.000000	6.919071
10.000000	17.000000	15.000000	1094.000000	657.000000	59.000000	1090.949066	655.515276	2.000000	7.774101
10.000000	18.000000	16.000000	1220.000000	560.000000	50.000000	1216.786956	559.317460	1.000000	8.341842
10.000000	19.000000	17.000000	949.000000	578.000000	48.000000	951.827492	578.217926	1.000000	8.757441
10.000000	20.000000	0.000000	848.000000	587.000000	47.000000	847.610555	613.395703	1.000000	9.118517
10.000000	21.000000	18.000000	850.000000	603.000000	47.000000	847.610555	613.395703	1.000000	9.422794
10.000000	22.000000	19.000000	749.000000	683.000000	56.000000	732.970696	689.773313	1.000000	9.927238
10.000000	23.000000	20.000000	795.000000	738.000000	66.000000	781.170374	757.126107	1.000000	10.333543
10.000000	24.000000	21.000000	873.000000	806.000000	67.000000	872.273525	817.928590	2.000000	10.895076
10.000000	25.000000	22.000000	988.000000	924.000000	78.000000	975.414523	929.386027	2.000000	11.423436
10.000000	26.000000	23.000000	1185.000000	783.000000	70.000000	1177.845694	780.193198	2.000000	12.247305
10.000000	27.000000	24.000000	652.000000	805.000000	65.000000	648.274228	815.991419	2.000000	12.854742
10.000000	28.000000	25.000000	531.000000	754.000000	64.000000	515.259909	767.196086	2.000000	13.654562
10.000000	29.000000	26.000000	558.000000	689.000000	54.000000	555.499626	697.910964	1.000000	13.925498
10.000000	30.000000	27.000000	529.000000	594.000000	44.000000	520.367274	590.931777	1.000000	14.285552
10.000000	31.000000	28.000000	416.000000	582.000000	43.000000	408.810543	578.668474	1.000000	14.637694
10.000000	32.000000	29.000000	415.000000	638.000000	53.000000	411.905481	654.194817	2.000000	14.910031
10.000000	33.000000	30.000000	301.000000	682.000000	52.000000	295.853073	704.879063	2.000000	15.381349
10.000000	34.000000	31.000000	298.000000	759.000000	62.000000	295.564761	781.709879	2.000000	15.759566
10.000000	35.000000	32.000000	234.000000	772.000000	61.000000	216.089238	774.937318	1.000000	16.118424
10.000000	36.000000	33.000000	218.000000	903.000000	71.000000	203.649936	900.367625	2.000000	16.614870
10.000000	37.000000	34.000000	653.000000	471.000000	35.000000	648.770229	477.696597	2.000000	17.726742
10.000000	38.000000	35.000000	689.000000	383.000000	25.000000	672.371870	397.360679	1.000000	18.029699
10.000000	39.000000	36.000000	408.000000	480.000000	33.000000	411.085063	477.103580	1.000000	18.767328
10.000000	40.000000	37.000000	214.000000	401.000000	21.000000	230.967487	388.519358	2.000000	19.215398
10.000000	41.000000	38.000000	353.000000	256.000000	12.000000	341.400784	260.806178	1.000000	19.677990
10.000000	42.000000	39.000000	434.000000	259.000000	13.000000	435.646919	237.663131	1.000000	20.045703
10.000000	43.000000	0.000000	240.000000	174.000000	2.000000	306.335246	188.224876	3.000000	20.559137
10.000000	44.000000	40.000000	199.000000	154.000000	1.000000	177.520314	146.159653	1.000000	20.839353
11.000000	1.000000	1.000000	223.000000	171.000000	1.000000	217.933136	173.121168	1.000000	0.672956
11.000000	2.000000	2.000000	214.000000	245.000000	11.000000	205.214234	250.977143	1.000000	1.097560
11.000000	3.000000	3.000000	345.000000	151.000000	2.000000	327.247379	145.092921	2.000000	1.482004
11.000000	4.000000	4.000000	331.000000	280.000000	12.000000	331.012978	275.491023	1.000000	2.023793
11.000000	5.000000	5.000000	423.000000	135.000000	3.000000	423.399399	123.241257	1.000000	2.441542
11.000000	6.000000	6.000000	516.000000	148.000000	4.000000	509.206454	150.941859	1.000000	2.753413
11.000000	7.000000	7.000000	665.000000	140.000000	5.000000	670.008673	130.458174	2.000000	3.105190
11.000000	8.000000	8.000000	775.000000	153.000000	6.000000	760.271942	166.716538	2.000000	3.424619
11.000000	9.000000	9.000000	836.000000	175.000000	7.000000	850.123320	181.845261	1.000000	3.784313
11.000000	10.000000	0.000000	1009.000000	135.000000	8.000000	983.097885	127.338538	2.000000	4.161336
11.000000	11.000000	10.000000	983.000000	133.000000	8.000000	983.097885	127.338538	2.000000	4.497835
11.000000	12.000000	11.000000	1083.000000	174.000000	9.000000	1063.172713	164.691618	1.000000	4.834070
11.000000	13.000000	12.000000	1156.000000	157.000000	10.000000	1170.522831	147.496809	1.000000	5.210000
11.000000	14.000000	13.000000	1108.000000	225.000000	19.000000	1092.151786	236.231644	1.000000	5.617069
11.000000	15.000000	14.000000	1188.000000	378.000000	30.000000	1197.117584	371.637836	1.000000	6.185703
11.000000	16.000000	15.000000	1216.000000	436.000000	40.000000	1214.959189	444.177069	1.000000	6.607867
11.000000	17.000000	16.000000	1095.000000	402.000000	29.000000	1081.510101	398.421321	2.000000	7.000022
11.000000	18.000000	17.000000	888.000000	364.000000	27.000000	884.428713	353.912555	2.000000	7.505674
11.000000	19.000000	18.000000	775.000000	376.000000	26.000000	757.929563	389.433070	1.000000	8.249107
11.000000	20.000000	19.000000	965.000000	453.000000	38.000000	966.115968	475.952711	1.000000	9.009046
11.000000	21.000000	20.000000	641.000000	456.000000	35.000000	650.630970	457.196955	2.000000	9.793693
11.000000	22.000000	21.000000	549.000000	412.000000	24.000000	545.886522	396.166146	2.000000	10.185441
11.000000	23.000000	22.000000	466.000000	353.000000	23.000000	448.080824	342.930598	2.000000	10.713311
11.000000	24.000000	23.000000	285.000000	493.000000	32.000000	297.067490	498.894985	2.000000	11.368023
11.000000	25.000000	24.000000	422.000000	545.000000	43.000000	407.516135	553.790969	2.000000	11.778146
11.000000	26.000000	25.000000	521.000000	465.000000	34.000000	527.501660	477.344388	1.000000	12.169061
11.000000	27.000000	26.000000	730.000000	563.000000	46.000000	730.677517	560.659273	1.000000	12.754062
11.000000	28.000000	27.000000	314.000000	646.000000	52.000000	307.768762	660.303004	1.000000	13.593014
11.000000	29.000000	28.000000	202.000000	543.000000	41.000000	194.546292	560.536582	1.000000	14.010042
11.000000	30.000000	29.000000	199.000000	771.000000	61.000000	202.071943	783.649856	1.000000	15.088752
11.000000	31.000000	30.000000	318.000000	882.000000	72.000000	316.759238	905.353022	2.000000	15.545523
11.000000	32.000000	31.000000	443.000000	771.000000	63.000000	450.402060	761.852836	2.000000	16.065588
11.000000	33.000000	32.000000	540.000000	808.000000	64.000000	522.773104	812.192845	2.000000	16.368151
11.000000	34.000000	33.000000	653.000000	706.000000	55.000000	631.627729	709.384565	1.000000	16.808345
11.000000	35.000000	34.000000	743.000000	681.000000	56.000000	750.685061	683.950867	2.000000	17.256502
11.000000	36.000000	35.000000	891.000000	673.000000	57.000000	883.436542	679.522163	1.000000	17.769500
11.000000	37.000000	36.000000	978.000000	585.000000	48.000000	971.128777	578.485917	2.000000	18.345872
11.000000	38.000000	37.000000	979.000000	654.000000	58.000000	988.338330	652.950737	2.000000	18.633981
11.000000	39.000000	38.000000	956.000000	762.000000	68.000000	949.997971	759.359508	2.000000	19.033416
11.000000	40.000000	0.000000	1120.000000	933.000000	79.000000	1103.494875	911.901678	2.000000	19.505267
11.000000	41.000000	39.000000	1115.000000	920.000000	79.000000	1103.494875	911.901678	2.000000	19.953977
11.000000	42.000000	40.000000	1207.000000	776.000000	70.000000	1213.219831	762.090301	2.000000	20.554061
12.000000	1.000000	1.000000	197.000000	122.000000	1.000000	187.896118	123.861685	1.000000	0.933138
12.000000	2.000000	2.000000	317.000000	173.000000	2.000000	325.734277	174.834234	1.000000	1.302488
12.000000	3.000000	3.000000	412.000000	118.000000	3.000000	422.673563	122.490175	1.000000	1.693361
12.000000	4.000000	4.000000	325.000000	233.000000	12.000000	314.332796	234.106954	2.000000	2.087083
12.000000	5.000000	5.000000	605.000000	160.000000	5.000000	625.595983	152.781683	2.000000	2.797523
12.000000	6.000000	6.000000	784.000000	153.000000	6.000000	769.543397	155.379229	1.000000	3.615278
12.000000	7.000000	7.000000	899.000000	131.000000	7.000000	890.242674	133.770788	1.000000	3.911334
12.000000	8.000000	8.000000	947.000000	180.000000	8.000000	960.703327	187.503407	1.000000	4.214250
12.000000	9.000000	9.000000	959.000000	211.000000	18.000000	954.591272	230.783114	1.000000	4.534479
12.000000	10.000000	10.000000	885.000000	217.000000	17.000000	861.711401	224.997650	1.000000	4.813183
12.000000	11.000000	0.000000	769.000000	225.000000	16.000000	737.296629	235.812237	1.000000	5.118422
12.000000	12.000000	11.000000	751.000000	230.000000	16.000000	737.296629	235.812237	1.000000	5.438990
12.000000	13.000000	12.000000	1117.000000	256.000000	19.000000	1094.848708	260.435945	2.000000	6.045418
12.000000	14.000000	13.000000	1202.000000	244.000000	20.000000	1181.544628	243.313412	1.000000	6.349483
12.000000	15.000000	14.000000	1194.000000	336.000000	30.000000	1188.074674	341.936927	2.000000	6.735245
12.000000	16.000000	15.000000	1072.000000	395.000000	29.000000	1083.289790	393.192860	1.000000	7.182414
12.000000	17.000000	16.000000	1080.000000	499.000000	39.000000	1086.497120	504.966317	2.000000	7.854569
12.000000	18.000000	17.000000	1061.000000	593.000000	49.000000	1065.871881	583.856542	2.000000	8.213485
12.000000	19.000000	18.000000	992.000000	503.000000	38.000000	993.242196	504.445256	1.000000	8.686146
12.000000	20.000000	19.000000	963.000000	675.000000	58.000000	962.246833	676.051067	2.000000	9.325802
12.000000	21.000000	20.000000	858.000000	684.000000	57.000000	867.589024	685.243454	2.000000	9.663129
12.000000	22.000000	21.000000	873.000000	605.000000	47.000000	870.153875	598.323183	1.000000	10.277792
12.000000	23.000000	22.000000	861.000000	397.000000	27.000000	844.932353	392.313322	2.000000	10.837156
12.000000	24.000000	23.000000	782.000000	481.000000	36.000000	760.898175	491.657557	2.000000	11.182562
12.000000	25.000000	24.000000	780.000000	588.000000	46.000000	771.345241	599.024313	2.000000	11.591022
12.000000	26.000000	25.000000	1105.000000	813.000000	69.000000	1111.022771	825.097039	1.000000	12.357938
12.000000	27.000000	26.000000	1005.000000	890.000000	78.000000	988.365219	878.754899	2.000000	12.766115
12.000000	28.000000	27.000000	740.000000	792.000000	66.000000	735.694958	790.745624	1.000000	13.533648
12.000000	29.000000	28.000000	796.000000	900.000000	76.000000	780.902329	919.705363	1.000000	13.940816
12.000000	30.000000	0.000000	673.000000	904.000000	75.000000	655.854067	927.483282	2.000000	14.430962
12.000000	31.000000	29.000000	669.000000	919.000000	75.000000	655.854067	927.483282	2.000000	15.405354
12.000000	32.000000	30.000000	626.000000	700.000000	55.000000	620.678138	705.517240	1.000000	16.030795
12.000000	33.000000	31.000000	637.000000	609.000000	45.000000	623.099124	607.546397	2.000000	16.335079
12.000000	34.000000	0.000000	560.000000	596.000000	44.000000	531.222684	599.529205	2.000000	16.669899
12.000000	35.000000	32.000000	528.000000	588.000000	44.000000	531.222684	599.529205	2.000000	17.310577
12.000000	36.000000	33.000000	432.000000	564.000000	43.000000	425.387692	566.642139	2.000000	17.638016
12.000000	37.000000	34.000000	300.000000	565.000000	42.000000	289.344409	571.037606	2.000000	18.126234
12.000000	38.000000	35.000000	186.000000	468.000000	31.000000	182.160698	461.868304	2.000000	18.573946
12.000000	39.000000	36.000000	570.000000	386.000000	24.000000	558.073906	393.967125	2.000000	19.415030
12.000000	40.000000	37.000000	622.000000	387.000000	25.000000	626.439571	392.052471	1.000000	19.719003
12.000000	41.000000	38.000000	640.000000	448.000000	35.000000	639.872337	457.162858	1.000000	20.021030
12.000000	42.000000	39.000000	406.000000	452.000000	33.000000	406.301778	452.041693	1.000000	20.582456
12.000000	43.000000	40.000000	326.000000	800.000000	62.000000	328.264888	807.084454	2.000000	21.213477
13.000000	1.000000	1.000000	233.000000	133.000000	1.000000	230.219742	129.260883	1.000000	1.065017
13.000000	2.000000	2.000000	303.000000	168.000000	2.000000	307.831114	173.052920	1.000000	1.601587
13.000000	3.000000	3.000000	202.000000	212.000000	11.000000	188.945195	228.299053	2.000000	2.151392
13.000000	4.000000	4.000000	399.000000	215.000000	13.000000	400.719692	228.112151	2.000000	2.600095
13.000000	5.000000	5.000000	619.000000	175.000000	5.000000	629.668846	171.781529	1.000000	3.399406
13.000000	6.000000	0.000000	793.000000	111.000000	6.000000	764.036691	128.159949	2.000000	3.696333
13.000000	7.000000	6.000000	773.000000	126.000000	6.000000	764.036691	128.159949	2.000000	3.977556
13.000000	8.000000	7.000000	886.000000	177.000000	7.000000	881.753593	175.238017	2.000000	4.465219
13.000000	9.000000	8.000000	942.000000	147.000000	8.000000	948.790545	142.471330	1.000000	4.793401
13.000000	10.000000	9.000000	1092.000000	177.000000	9.000000	1086.437156	179.794866	1.000000	5.255868
13.000000	11.000000	10.000000	1070.000000	234.000000	19.000000	1074.849262	254.368165	2.000000	5.551526
13.000000	12.000000	11.000000	1186.000000	261.000000	20.000000	1175.332139	265.705905	2.000000	5.937573
13.000000	13.000000	12.000000	1200.000000	355.000000	30.000000	1197.088498	351.821739	2.000000	6.296585
13.000000	14.000000	13.000000	1219.000000	483.000000	40.000000	1210.987015	483.779711	1.000000	7.057253
13.000000	15.000000	14.000000	861.000000	352.000000	27.000000	838.309981	346.229592	2.000000	7.911568
13.000000	16.000000	15.000000	846.000000	278.000000	17.000000	840.940182	279.873443	1.000000	8.217087
13.000000	17.000000	16.000000	762.000000	295.000000	16.000000	755.997986	282.151504	2.000000	8.481619
13.000000	18.000000	17.000000	741.000000	348.000000	26.000000	750.724405	368.333100	2.000000	8.713613
13.000000	19.000000	18.000000	750.000000	445.000000	36.000000	750.743509	449.039096	1.000000	9.088149
13.000000	20.000000	0.000000	854.000000	457.000000	37.000000	870.799599	479.009556	1.000000	9.399981
13.000000	21.000000	19.000000	866.000000	477.000000	37.000000	870.799599	479.009556	1.000000	9.656944
13.000000	22.000000	20.000000	905.000000	615.000000	47.000000	883.690494	602.090964	1.000000	10.296015
13.000000	23.000000	21.000000	884.000000	645.000000	57.000000	879.668905	648.934627	1.000000	10.648162
13.000000	24.000000	22.000000	965.000000	648.000000	58.000000	950.811551	651.022955	2.000000	10.896142
13.000000	25.000000	23.000000	966.000000	604.000000	48.000000	956.167432	586.733411	1.000000	11.176094
13.000000	26.000000	24.000000	1210.000000	714.000000	60.000000	1208.416927	717.693215	1.000000	11.936729
13.000000	27.000000	25.000000	1096.000000	832.000000	69.000000	1086.946075	818.932903	2.000000	12.464992
13.000000	28.000000	0.000000	1218.000000	897.000000	80.000000	1196.509050	918.397516	1.000000	12.911507
13.000000	29.000000	26.000000	1203.000000	906.000000	80.000000	1196.509050	918.397516	1.000000	13.175686
13.000000	30.000000	27.000000	852.000000	893.000000	77.000000	849.684303	894.863121	2.000000	13.792199
13.000000	31.000000	28.000000	756.000000	568.000000	46.000000	756.762504	562.721007	2.000000	14.784005
13.000000	32.000000	0.000000	573.000000	566.000000	44.000000	547.419829	571.702562	2.000000	15.209332
13.000000	33.000000	29.000000	425.000000	483.000000	33.000000	425.112775	485.687802	1.000000	15.984058
13.000000	34.000000	30.000000	544.000000	566.000000	44.000000	547.419829	571.702562	2.000000	16.401264
13.000000	35.000000	31.000000	515.000000	696.000000	54.000000	517.552308	697.286304	1.000000	16.783383
13.000000	36.000000	32.000000	417.000000	697.000000	53.000000	424.812925	693.214917	1.000000	17.087984
13.000000	37.000000	33.000000	319.000000	654.000000	52.000000	314.744344	649.663122	1.000000	17.497033
13.000000	38.000000	34.000000	307.000000	759.000000	62.000000	304.733554	777.808815	1.000000	17.928879
13.000000	39.000000	35.000000	235.000000	764.000000	61.000000	219.164806	774.247858	1.000000	18.288205
13.000000	40.000000	0.000000	406.000000	854.000000	73.000000	411.597624	893.934797	2.000000	18.976136
13.000000	41.000000	36.000000	409.000000	773.000000	63.000000	405.174447	776.750705	2.000000	19.352316
13.000000	42.000000	37.000000	419.000000	900.000000	73.000000	411.597624	893.934797	2.000000	19.791792
13.000000	43.000000	38.000000	347.000000	901.000000	72.000000	334.662640	906.731774	2.000000	20.057147
13.000000	44.000000	39.000000	234.000000	900.000000	71.000000	229.632401	897.847155	2.000000	20.431727
13.000000	45.000000	0.000000	227.000000	486.000000	31.000000	213.257382	459.523186	2.000000	21.136090
13.000000	46.000000	40.000000	225.000000	475.000000	31.000000	213.257382	459.523186	2.000000	21.936910
14.000000	1.000000	1.000000	222.000000	161.000000	1.000000	207.356047	157.992244	1.000000	1.118553
14.000000	2.000000	2.000000	330.000000	178.000000	2.000000	312.306779	181.453914	1.000000	1.454535
14.000000	3.000000	3.000000	192.000000	329.000000	21.000000	195.959190	339.765066	1.000000	1.988977
14.000000	4.000000	4.000000	404.000000	358.000000	23.000000	411.738855	362.246055	2.000000	2.446649
14.000000	5.000000	0.000000	582.000000	371.000000	25.000000	617.711988	378.215595	3.000000	2.828742
14.000000	6.000000	5.000000	540.000000	364.000000	24.000000	531.114359	363.671718	2.000000	3.125218
14.000000	7.000000	6.000000	325.000000	502.000000	32.000000	316.272001	502.731494	2.000000	3.604854
14.000000	8.000000	7.000000	184.000000	500.000000	31.000000	199.776648	498.803072	2.000000	3.924904
14.000000	9.000000	8.000000	195.000000	566.000000	41.000000	202.985279	570.771573	2.000000	4.300710
14.000000	10.000000	9.000000	423.000000	469.000000	33.000000	424.650438	475.974816	1.000000	4.813361
14.000000	11.000000	10.000000	535.000000	547.000000	44.000000	534.374654	545.178099	1.000000	5.133029
14.000000	12.000000	0.000000	321.000000	586.000000	42.000000	323.479659	611.300696	1.000000	5.630731
14.000000	13.000000	0.000000	419.000000	641.000000	53.000000	431.769859	670.242684	2.000000	6.148668
14.000000	14.000000	11.000000	429.000000	660.000000	53.000000	431.769859	670.242684	2.000000	6.413678
14.000000	15.000000	12.000000	326.000000	614.000000	42.000000	323.479659	611.300696	1.000000	6.852686
14.000000	16.000000	13.000000	220.000000	718.000000	51.000000	202.746669	716.956964	1.000000	7.318581
14.000000	17.000000	14.000000	195.000000	884.000000	71.000000	186.672438	864.360894	1.000000	7.966626
14.000000	18.000000	15.000000	442.000000	916.000000	73.000000	447.360943	922.796986	1.000000	8.661791
14.000000	19.000000	16.000000	546.000000	776.000000	64.000000	551.537363	776.982361	1.000000	9.196576
14.000000	20.000000	17.000000	619.000000	886.000000	75.000000	621.775978	871.994465	1.000000	9.805686
14.000000	21.000000	18.000000	746.000000	660.000000	56.000000	744.278601	659.485098	1.000000	10.422295
14.000000	22.000000	19.000000	769.000000	916.000000	76.000000	773.184967	906.999466	1.000000	11.061087
14.000000	23.000000	20.000000	872.000000	857.000000	77.000000	886.680115	865.365745	1.000000	12.206020
14.000000	24.000000	21.000000	975.000000	889.000000	78.000000	982.745482	903.256529	1.000000	12.630707
14.000000	25.000000	22.000000	1091.000000	910.000000	79.000000	1100.407850	911.519607	2.000000	13.293696
14.000000	26.000000	23.000000	1222.000000	908.000000	80.000000	1213.323977	925.283124	2.000000	13.661759
14.000000	27.000000	24.000000	1069.000000	743.000000	69.000000	1089.392467	755.509689	2.000000	14.277413
14.000000	28.000000	25.000000	1116.000000	671.000000	59.000000	1108.368892	685.490572	2.000000	14.892916
14.000000	29.000000	0.000000	1211.000000	670.000000	60.000000	1187.560334	681.931329	2.000000	15.198213
14.000000	30.000000	26.000000	1168.000000	676.000000	60.000000	1187.560334	681.931329	2.000000	15.470362
14.000000	31.000000	27.000000	1221.000000	583.000000	50.000000	1213.876957	603.431567	1.000000	16.197008
14.000000	32.000000	28.000000	1070.000000	582.000000	49.000000	1077.449692	577.458246	2.000000	16.694546
14.000000	33.000000	29.000000	774.000000	550.000000	46.000000	773.213352	552.413948	1.000000	17.293206
14.000000	34.000000	30.000000	775.000000	503.000000	36.000000	766.704553	502.938963	1.000000	17.621249
14.000000	35.000000	31.000000	885.000000	588.000000	47.000000	881.281802	593.934401	2.000000	18.149223
14.000000	36.000000	32.000000	824.000000	489.000000	37.000000	840.269224	479.199952	2.000000	18.558357
14.000000	37.000000	33.000000	872.000000	373.000000	27.000000	869.552564	397.259348	2.000000	18.966641
14.000000	38.000000	34.000000	848.000000	289.000000	17.000000	846.107946	291.704052	2.000000	19.429228
14.000000	39.000000	35.000000	962.000000	360.000000	28.000000	954.499996	375.580268	2.000000	19.854674
14.000000	40.000000	36.000000	990.000000	259.000000	18.000000	993.705550	267.406809	1.000000	20.444981
14.000000	41.000000	37.000000	964.000000	150.000000	8.000000	956.206051	146.296524	2.000000	20.838181
14.000000	42.000000	38.000000	837.000000	172.000000	7.000000	849.637023	169.709672	2.000000	21.140574
14.000000	43.000000	39.000000	747.000000	163.000000	6.000000	732.711851	159.907744	2.000000	21.645004
14.000000	44.000000	40.000000	624.000000	162.000000	5.000000	624.274765	153.094598	1.000000	21.950691
15.000000	1.000000	1.000000	413.000000	128.000000	3.000000	405.645977	123.299501	2.000000	0.927214
15.000000	2.000000	2.000000	620.000000	193.000000	5.000000	620.898460	183.309843	1.000000	1.485692
15.000000	3.000000	3.000000	633.000000	273.000000	15.000000	632.178024	250.248173	2.000000	1.734027
15.000000	4.000000	4.000000	741.000000	178.000000	6.000000	739.602960	171.706399	2.000000	2.206474
15.000000	5.000000	5.000000	394.000000	241.000000	13.000000	398.407043	235.398143	1.000000	2.717726
15.000000	6.000000	0.000000	254.000000	258.000000	12.000000	290.091497	267.409694	1.000000	2.959747
15.000000	7.000000	6.000000	276.000000	264.000000	12.000000	290.091497	267.409694	1.000000	3.238544
15.000000	8.000000	7.000000	312.000000	399.000000	22.000000	323.486834	400.187375	1.000000	3.741882
15.000000	9.000000	8.000000	430.000000	375.000000	23.000000	447.201316	369.340180	2.000000	4.143312
15.000000	10.000000	9.000000	426.000000	492.000000	33.000000	410.235078	484.139714	1.000000	4.606635
15.000000	11.000000	10.000000	204.000000	502.000000	31.000000	211.075872	490.756557	2.000000	5.190845
15.000000	12.000000	11.000000	428.000000	600.000000	43.000000	428.696265	595.309871	1.000000	5.750076
15.000000	13.000000	12.000000	414.000000	657.000000	53.000000	414.854119	673.413984	1.000000	6.070338
15.000000	14.000000	13.000000	314.000000	695.000000	52.000000	324.811522	690.177700	2.000000	6.558166
15.000000	15.000000	14.000000	175.000000	684.000000	51.000000	178.025495	666.616796	1.000000	7.013812
15.000000	16.000000	15.000000	204.000000	806.000000	61.000000	195.472230	784.066594	1.000000	7.414460
15.000000	17.000000	16.000000	294.000000	869.000000	72.000000	305.123897	883.542114	2.000000	7.998417
15.000000	18.000000	17.000000	442.000000	771.000000	63.000000	439.773822	780.095562	2.000000	8.607869
15.000000	19.000000	18.000000	566.000000	693.000000	54.000000	560.896659	695.064585	2.000000	9.157934
15.000000	20.000000	19.000000	633.000000	665.000000	55.000000	636.341071	659.045110	1.000000	9.455801
15.000000	21.000000	20.000000	554.000000	541.000000	44.000000	552.781525	546.362271	2.000000	9.823821
15.000000	22.000000	21.000000	638.000000	480.000000	35.000000	638.612304	471.698901	1.000000	10.231724
15.000000	23.000000	22.000000	636.000000	368.000000	25.000000	636.274866	369.341434	1.000000	10.821942
15.000000	24.000000	23.000000	440.000000	851.000000	73.000000	438.001949	865.934610	1.000000	11.647565
15.000000	25.000000	24.000000	647.000000	781.000000	65.000000	648.609763	785.399829	2.000000	12.318367
15.000000	26.000000	25.000000	785.000000	798.000000	66.000000	762.605193	800.961763	1.000000	12.655510
15.000000	27.000000	26.000000	745.000000	702.000000	56.000000	742.117893	689.024068	1.000000	13.063803
15.000000	28.000000	27.000000	854.000000	720.000000	57.000000	842.052603	714.423449	2.000000	13.406404
15.000000	29.000000	28.000000	869.000000	823.000000	67.000000	871.713093	816.055636	2.000000	13.743634
15.000000	30.000000	29.000000	880.000000	881.000000	77.000000	878.386676	884.420668	2.000000	14.069896
15.000000	31.000000	30.000000	954.000000	881.000000	78.000000	950.184495	887.026560	1.000000	14.373698
15.000000	32.000000	31.000000	950.000000	784.000000	68.000000	950.626180	760.240181	1.000000	14.727450
15.000000	33.000000	0.000000	989.000000	699.000000	58.000000	983.829712	672.542298	1.000000	15.095093
15.000000	34.000000	32.000000	1076.000000	656.000000	59.000000	1082.127750	652.015791	2.000000	15.670233
15.000000	35.000000	33.000000	994.000000	672.000000	58.000000	983.829712	672.542298	1.000000	16.014604
15.000000	36.000000	34.000000	995.000000	575.000000	48.000000	994.351070	592.961589	2.000000	16.335805
15.000000	37.000000	35.000000	735.000000	538.000000	46.000000	743.159415	547.578777	2.000000	17.111570
15.000000	38.000000	36.000000	838.000000	474.000000	37.000000	844.329919	463.401845	2.000000	17.614160
15.000000	39.000000	37.000000	839.000000	382.000000	27.000000	841.053097	385.451683	2.000000	18.213887
15.000000	40.000000	38.000000	1066.000000	486.000000	39.000000	1066.858715	486.960282	1.000000	18.837960
15.000000	41.000000	39.000000	1104.000000	566.000000	49.000000	1102.261167	562.750580	1.000000	19.198475
15.000000	42.000000	40.000000	1213.000000	376.000000	30.000000	1202.733514	371.828521	2.000000	19.743217
16.000000	1.000000	1.000000	444.000000	161.000000	3.000000	446.278250	163.360561	2.000000	1.032284
16.000000	2.000000	2.000000	450.000000	213.000000	13.000000	444.976250	226.043879	2.000000	1.287081
16.000000	3.000000	0.000000	626.000000	249.000000	15.000000	634.965228	273.076302	1.000000	1.872232
16.000000	4.000000	3.000000	751.000000	142.000000	6.000000	751.895804	154.371954	1.000000	2.254655
16.000000	5.000000	4.000000	635.000000	262.000000	15.000000	634.965228	273.076302	1.000000	2.718842
16.000000	6.000000	5.000000	615.000000	335.000000	25.000000	617.915345	343.236761	1.000000	2.992299
16.000000	7.000000	6.000000	514.000000	402.000000	24.000000	518.276909	398.810168	1.000000	3.406918
16.000000	8.000000	7.000000	391.000000	349.000000	23.000000	404.294180	347.837873	2.000000	3.775707
16.000000	9.000000	0.000000	247.000000	253.000000	11.000000	219.334618	245.020901	1.000000	4.288091
16.000000	10.000000	8.000000	227.000000	252.000000	11.000000	219.334618	245.020901	1.000000	4.551659
16.000000	11.000000	0.000000	215.000000	443.000000	31.000000	189.749675	441.660589	2.000000	5.430639
16.000000	12.000000	9.000000	194.000000	435.000000	31.000000	189.749675	441.660589	2.000000	5.896067
16.000000	13.000000	10.000000	209.000000	572.000000	41.000000	212.666844	566.212941	2.000000	6.288026
16.000000	14.000000	11.000000	338.000000	471.000000	32.000000	328.896683	466.699020	1.000000	7.119109
16.000000	15.000000	12.000000	453.000000	550.000000	43.000000	433.478661	554.491037	2.000000	7.527989
16.000000	16.000000	13.000000	633.000000	467.000000	35.000000	637.433481	465.598495	2.000000	8.063009
16.000000	17.000000	14.000000	775.000000	367.000000	26.000000	762.888884	381.979339	2.000000	8.463458
16.000000	18.000000	15.000000	958.000000	329.000000	28.000000	948.262196	330.285550	2.000000	9.262646
16.000000	19.000000	16.000000	1072.000000	352.000000	29.000000	1073.532945	355.277465	2.000000	9.758453
16.000000	20.000000	17.000000	977.000000	158.000000	8.000000	977.868375	178.013327	2.000000	10.248153
16.000000	21.000000	18.000000	1171.000000	163.000000	10.000000	1181.276938	157.715716	2.000000	10.919828
16.000000	22.000000	19.000000	875.000000	475.000000	37.000000	878.724220	477.113915	2.000000	11.864348
16.000000	23.000000	20.000000	999.000000	712.000000	58.000000	985.100441	715.793416	2.000000	12.423379
16.000000	24.000000	21.000000	984.000000	803.000000	68.000000	978.095915	809.115606	2.000000	12.807893
16.000000	25.000000	22.000000	1099.000000	789.000000	69.000000	1106.260417	796.745117	2.000000	13.246337
16.000000	26.000000	23.000000	1097.000000	854.000000	79.000000	1105.333689	862.618412	2.000000	13.631974
16.000000	27.000000	24.000000	414.000000	692.000000	53.000000	399.365688	698.863476	2.000000	14.559490
16.000000	28.000000	25.000000	336.000000	824.000000	62.000000	331.688252	825.588804	2.000000	14.998940
16.000000	29.000000	26.000000	539.000000	886.000000	74.000000	525.983289	903.779761	2.000000	15.575042
16.000000	30.000000	0.000000	893.000000	157.000000	7.000000	883.431407	184.933468	1.000000	17.151513
16.000000	31.000000	27.000000	899.000000	187.000000	7.000000	883.431407	184.933468	1.000000	17.487712
16.000000	32.000000	0.000000	1070.000000	250.000000	19.000000	1082.332898	278.016811	1.000000	18.126318
16.000000	33.000000	28.000000	1089.000000	275.000000	19.000000	1082.332898	278.016811	1.000000	18.463367
16.000000	34.000000	29.000000	1227.000000	384.000000	30.000000	1216.048801	398.233662	1.000000	19.199115
16.000000	35.000000	30.000000	1098.000000	482.000000	39.000000	1108.168296	478.961062	1.000000	19.807795
16.000000	36.000000	31.000000	1190.000000	593.000000	50.000000	1189.496318	577.778976	1.000000	20.264333
16.000000	37.000000	32.000000	1177.000000	654.000000	60.000000	1171.651283	662.685858	1.000000	20.663894
16.000000	38.000000	33.000000	1206.000000	895.000000	80.000000	1194.450159	902.711430	1.000000	21.376234
16.000000	39.000000	34.000000	978.000000	920.000000	78.000000	971.497676	910.462404	1.000000	21.951836
16.000000	40.000000	35.000000	857.000000	901.000000	77.000000	879.887415	904.609871	1.000000	22.334951
16.000000	41.000000	36.000000	755.000000	896.000000	76.000000	741.034775	894.193305	1.000000	22.942327
16.000000	42.000000	37.000000	668.000000	865.000000	75.000000	650.663906	875.845459	1.000000	23.295197
16.000000	43.000000	38.000000	889.000000	574.000000	47.000000	877.391378	582.681959	1.000000	24.119273
16.000000	44.000000	39.000000	553.000000	773.000000	64.000000	534.229894	756.647685	1.000000	24.726574
16.000000	45.000000	0.000000	328.000000	678.000000	52.000000	326.859241	704.128014	1.000000	25.318758
16.000000	46.000000	40.000000	326.000000	691.000000	52.000000	326.859241	704.128014	1.000000	25.936150
17.000000	1.000000	1.000000	349.000000	128.000000	2.000000	336.695262	122.241506	1.000000	1.814411
17.000000	2.000000	2.000000	424.000000	188.000000	3.000000	423.448447	181.022351	2.000000	2.221237
17.000000	3.000000	3.000000	192.000000	288.000000	11.000000	183.826577	289.763635	2.000000	2.764415
17.000000	4.000000	4.000000	529.000000	289.000000	14.000000	521.602546	281.188668	2.000000	3.244214
17.000000	5.000000	5.000000	673.000000	235.000000	15.000000	655.746837	240.910117	1.000000	3.620745
17.000000	6.000000	6.000000	965.000000	273.000000	18.000000	955.663618	275.428462	2.000000	4.620448
17.000000	7.000000	7.000000	855.000000	275.000000	17.000000	854.136624	277.821822	2.000000	4.917292
17.000000	8.000000	8.000000	785.000000	292.000000	16.000000	769.357283	294.807986	2.000000	5.221818
17.000000	9.000000	9.000000	866.000000	329.000000	27.000000	867.274973	330.115210	1.000000	5.572240
17.000000	10.000000	10.000000	648.000000	349.000000	25.000000	641.894871	345.009227	2.000000	6.102113
17.000000	11.000000	11.000000	436.000000	375.000000	23.000000	432.743702	371.573380	1.000000	6.654109
17.000000	12.000000	12.000000	554.000000	589.000000	44.000000	562.169880	582.314044	1.000000	7.188363
17.000000	13.000000	13.000000	432.000000	716.000000	53.000000	418.913547	702.825452	1.000000	7.910084
17.000000	14.000000	0.000000	541.000000	713.000000	54.000000	507.938089	701.959037	2.000000	8.190355
17.000000	15.000000	14.000000	514.000000	706.000000	54.000000	507.938089	701.959037	2.000000	8.564912
17.000000	16.000000	15.000000	518.000000	788.000000	64.000000	514.244866	788.797743	2.000000	8.893471
17.000000	17.000000	16.000000	526.000000	883.000000	74.000000	536.347143	888.515793	2.000000	9.268429
17.000000	18.000000	17.000000	348.000000	899.000000	72.000000	334.060966	901.676858	2.000000	9.901746
17.000000	19.000000	18.000000	211.000000	762.000000	61.000000	212.140254	777.813867	1.000000	10.374452
17.000000	20.000000	19.000000	228.000000	669.000000	51.000000	224.863002	668.797450	1.000000	10.796993
17.000000	21.000000	0.000000	319.000000	675.000000	52.000000	290.145238	666.712939	1.000000	11.076940
17.000000	22.000000	20.000000	284.000000	670.000000	52.000000	290.145238	666.712939	1.000000	11.301288
17.000000	23.000000	21.000000	193.000000	608.000000	41.000000	189.613162	601.827574	2.000000	11.709955
17.000000	24.000000	22.000000	227.000000	506.000000	31.000000	216.933685	505.794073	1.000000	12.069112
17.000000	25.000000	23.000000	654.000000	782.000000	65.000000	657.259680	775.188337	2.000000	12.773903
17.000000	26.000000	24.000000	658.000000	909.000000	75.000000	660.257624	931.399494	1.000000	13.101317
17.000000	27.000000	25.000000	779.000000	921.000000	76.000000	771.390999	920.751305	1.000000	13.557172
17.000000	28.000000	26.000000	856.000000	905.000000	77.000000	868.464168	901.204947	1.000000	13.949261
17.000000	29.000000	27.000000	763.000000	710.000000	56.000000	768.946643	716.540596	1.000000	14.549538
17.000000	30.000000	28.000000	890.000000	785.000000	67.000000	881.642529	773.226589	1.000000	15.038104
17.000000	31.000000	29.000000	781.000000	614.000000	46.000000	780.597501	604.513123	2.000000	15.508838
17.000000	32.000000	30.000000	994.000000	596.000000	48.000000	995.752595	592.919445	1.000000	15.997489
17.000000	33.000000	31.000000	1080.000000	666.000000	59.000000	1070.401723	673.578441	1.000000	16.374365
17.000000	34.000000	32.000000	1091.000000	603.000000	49.000000	1092.692696	612.488587	2.000000	16.701782
17.000000	35.000000	0.000000	1193.000000	703.000000	60.000000	1172.006457	678.483521	2.000000	17.012137
17.000000	36.000000	33.000000	1162.000000	687.000000	60.000000	1172.006457	678.483521	2.000000	17.334336
17.000000	37.000000	34.000000	1070.000000	798.000000	69.000000	1071.062314	804.791441	1.000000	18.020053
17.000000	38.000000	35.000000	1169.000000	946.000000	80.000000	1167.977304	931.165627	1.000000	18.606188
17.000000	39.000000	36.000000	989.000000	486.000000	38.000000	990.787843	468.790655	2.000000	19.349881
17.000000	40.000000	37.000000	1115.000000	353.000000	29.000000	1112.019845	355.591083	2.000000	20.012698
17.000000	41.000000	38.000000	1184.000000	354.000000	30.000000	1174.054985	349.823081	2.000000	20.341499
17.000000	42.000000	39.000000	1196.000000	251.000000	20.000000	1190.769779	256.230290	2.000000	20.717281
17.000000	43.000000	40.000000	1209.000000	123.000000	10.000000	1203.546608	140.490799	1.000000	21.118343
18.000000	1.000000	1.000000	180.000000	263.000000	11.000000	178.609389	276.773299	2.000000	1.441116
18.000000	2.000000	2.000000	293.000000	342.000000	22.000000	290.036075	347.545452	2.000000	1.905232
18.000000	3.000000	3.000000	410.000000	267.000000	13.000000	398.252171	273.509320	2.000000	2.433990
18.000000	4.000000	4.000000	456.000000	170.000000	3.000000	447.231192	174.339355	1.000000	2.969204
18.000000	5.000000	5.000000	551.000000	135.000000	4.000000	545.406981	146.935685	2.000000	3.288615
18.000000	6.000000	6.000000	650.000000	268.000000	15.000000	637.720930	263.657958	2.000000	3.872830
18.000000	7.000000	7.000000	752.000000	239.000000	16.000000	752.688907	241.461991	2.000000	4.273035
18.000000	8.000000	8.000000	938.000000	278.000000	18.000000	950.134336	288.312063	1.000000	4.857746
18.000000	9.000000	9.000000	1047.000000	257.000000	19.000000	1060.527839	253.110832	1.000000	5.225203
18.000000	10.000000	10.000000	1209.000000	371.000000	30.000000	1207.440630	361.964745	1.000000	5.785353
18.000000	11.000000	11.000000	1181.000000	460.000000	40.000000	1187.720140	450.663737	2.000000	6.145340
18.000000	12.000000	12.000000	1002.000000	465.000000	38.000000	979.115587	465.064155	2.000000	6.650623
18.000000	13.000000	13.000000	993.000000	583.000000	48.000000	982.540827	579.868035	1.000000	7.033590
18.000000	14.000000	14.000000	830.000000	487.000000	37.000000	839.662243	484.167586	1.000000	7.514481
18.000000	15.000000	15.000000	773.000000	505.000000	36.000000	755.956925	504.032248	1.000000	7.873088
18.000000	16.000000	16.000000	656.000000	486.000000	35.000000	642.889308	485.039592	1.000000	8.225806
18.000000	17.000000	17.000000	533.000000	396.000000	24.000000	514.156063	388.737327	2.000000	8.736683
18.000000	18.000000	18.000000	519.000000	445.000000	34.000000	512.977613	458.714436	1.000000	9.098248
18.000000	19.000000	19.000000	470.000000	340.000000	23.000000	451.309382	345.622791	1.000000	9.474479
18.000000	20.000000	20.000000	551.000000	532.000000	44.000000	550.414250	549.454924	2.000000	10.024461
18.000000	21.000000	0.000000	414.000000	515.000000	43.000000	404.669668	542.527858	2.000000	10.442578
18.000000	22.000000	21.000000	328.000000	477.000000	32.000000	337.101750	492.333135	2.000000	10.785245
18.000000	23.000000	22.000000	401.000000	532.000000	43.000000	404.669668	542.527858	2.000000	11.154923
18.000000	24.000000	23.000000	235.000000	568.000000	41.000000	225.916990	586.545992	2.000000	11.785443
18.000000	25.000000	24.000000	180.000000	479.000000	31.000000	192.802970	479.980810	1.000000	12.122026
18.000000	26.000000	25.000000	229.000000	912.000000	71.000000	228.164842	929.808221	2.000000	13.490079
18.000000	27.000000	26.000000	294.000000	901.000000	72.000000	293.299228	891.504635	2.000000	13.824833
18.000000	28.000000	27.000000	426.000000	799.000000	63.000000	421.990336	799.281261	2.000000	14.394166
18.000000	29.000000	28.000000	546.000000	873.000000	74.000000	536.930776	880.912207	2.000000	14.961694
18.000000	30.000000	29.000000	522.000000	712.000000	54.000000	521.618396	707.835065	1.000000	16.274150
18.000000	31.000000	30.000000	540.000000	773.000000	64.000000	548.051146	792.506961	1.000000	16.602064
18.000000	32.000000	31.000000	645.000000	807.000000	65.000000	641.802895	825.221085	1.000000	16.954328
18.000000	33.000000	32.000000	755.000000	809.000000	66.000000	777.246069	820.403827	1.000000	17.313259
18.000000	34.000000	0.000000	776.000000	722.000000	56.000000	770.452485	695.630055	1.000000	17.777667
18.000000	35.000000	33.000000	773.000000	692.000000	56.000000	770.452485	695.630055	1.000000	18.145387
18.000000	36.000000	34.000000	899.000000	698.000000	57.000000	884.029631	705.342238	2.000000	18.705427
18.000000	37.000000	35.000000	949.000000	757.000000	68.000000	953.691124	759.497682	2.000000	19.066031
18.000000	38.000000	36.000000	967.000000	687.000000	58.000000	975.823425	684.170668	2.000000	19.425833
18.000000	39.000000	37.000000	1057.000000	895.000000	79.000000	1067.781739	906.886706	1.000000	20.082012
18.000000	40.000000	0.000000	1245.000000	892.000000	80.000000	1202.628366	892.097766	1.000000	20.432760
18.000000	41.000000	38.000000	1195.000000	888.000000	80.000000	1202.628366	892.097766	1.000000	20.730421
18.000000	42.000000	39.000000	1183.000000	809.000000	70.000000	1173.895337	807.423022	1.000000	21.168787
18.000000	43.000000	40.000000	1200.000000	659.000000	60.000000	1209.136515	670.935556	1.000000	21.640499
19.000000	1.000000	1.000000	207.000000	126.000000	1.000000	197.064141	141.118429	1.000000	1.292262
19.000000	2.000000	2.000000	315.000000	242.000000	12.000000	327.817660	243.995968	2.000000	1.963515
19.000000	3.000000	3.000000	444.000000	158.000000	3.000000	433.491042	177.864326	1.000000	2.477431
19.000000	4.000000	0.000000	568.000000	162.000000	4.000000	542.044062	165.422309	2.000000	2.780073
19.000000	5.000000	4.000000	633.000000	163.000000	5.000000	633.355402	166.465795	2.000000	3.115381
19.000000	6.000000	5.000000	551.000000	163.000000	4.000000	542.044062	165.422309	2.000000	3.476227
19.000000	7.000000	6.000000	551.000000	243.000000	14.000000	543.629349	249.483906	1.000000	3.772744
19.000000	8.000000	0.000000	684.000000	255.000000	15.000000	661.231915	279.130951	1.000000	4.108197
19.000000	9.000000	7.000000	673.000000	274.000000	15.000000	661.231915	279.130951	1.000000	4.381547
19.000000	10.000000	8.000000	789.000000	133.000000	6.000000	779.520368	139.569185	2.000000	5.004187
19.000000	11.000000	9.000000	827.000000	261.000000	17.000000	849.770239	260.750552	2.000000	5.332973
19.000000	12.000000	0.000000	969.000000	210.000000	18.000000	966.619460	236.144892	2.000000	5.827762
19.000000	13.000000	10.000000	968.000000	235.000000	18.000000	966.619460	236.144892	2.000000	6.355392
19.000000	14.000000	11.000000	966.000000	150.000000	8.000000	969.441074	169.221070	2.000000	6.684339
19.000000	15.000000	12.000000	1179.000000	116.000000	10.000000	1175.496920	118.753976	2.000000	7.275564
19.000000	16.000000	13.000000	1095.000000	339.000000	29.000000	1088.464898	339.670871	2.000000	7.883836
19.000000	17.000000	0.000000	1216.000000	480.000000	40.000000	1204.587026	456.241384	2.000000	8.300521
19.000000	18.000000	14.000000	1200.000000	460.000000	40.000000	1204.587026	456.241384	2.000000	8.691746
19.000000	19.000000	15.000000	1201.000000	558.000000	50.000000	1194.486357	550.068730	1.000000	9.077382
19.000000	20.000000	16.000000	1060.000000	439.000000	39.000000	1060.971515	450.471533	1.000000	9.475685
19.000000	21.000000	17.000000	861.000000	435.000000	37.000000	867.457852	439.049953	1.000000	9.891974
19.000000	22.000000	18.000000	740.000000	454.000000	36.000000	737.201307	454.919597	1.000000	10.260100
19.000000	23.000000	19.000000	643.000000	375.000000	25.000000	630.382200	388.888815	1.000000	10.604495
19.000000	24.000000	20.000000	427.000000	385.000000	23.000000	426.733133	391.917261	1.000000	11.395803
19.000000	25.000000	21.000000	399.000000	436.000000	33.000000	399.413936	447.153968	2.000000	11.644777
19.000000	26.000000	22.000000	546.000000	584.000000	44.000000	540.466403	600.547862	2.000000	12.269537
19.000000	27.000000	23.000000	453.000000	608.000000	43.000000	445.697487	611.631300	2.000000	12.579906
19.000000	28.000000	24.000000	527.000000	691.000000	54.000000	515.926753	695.394716	2.000000	12.981489
19.000000	29.000000	25.000000	224.000000	702.000000	51.000000	211.829523	712.891957	2.000000	13.595989
19.000000	30.000000	26.000000	189.000000	782.000000	61.000000	187.157128	794.310989	2.000000	13.996860
19.000000	31.000000	27.000000	212.000000	571.000000	41.000000	216.585661	581.566337	1.000000	14.573045
19.000000	32.000000	28.000000	338.000000	484.000000	32.000000	318.633545	494.837175	1.000000	14.996636
19.000000	33.000000	29.000000	183.000000	908.000000	71.000000	180.800529	930.649516	1.000000	15.747442
19.000000	34.000000	30.000000	543.000000	767.000000	64.000000	542.521041	778.869075	1.000000	16.388060
19.000000	35.000000	31.000000	619.000000	801.000000	65.000000	617.737621	780.971424	1.000000	16.701408
19.000000	36.000000	32.000000	757.000000	759.000000	66.000000	748.466859	768.246156	1.000000	17.092972
19.000000	37.000000	33.000000	766.000000	914.000000	76.000000	757.516946	927.818127	1.000000	17.461461
19.000000	38.000000	34.000000	891.000000	923.000000	77.000000	892.411173	919.834237	2.000000	17.828040
19.000000	39.000000	35.000000	953.000000	889.000000	78.000000	964.142807	880.832208	2.000000	18.204079
19.000000	40.000000	36.000000	951.000000	816.000000	68.000000	949.916623	812.543883	2.000000	18.597438
19.000000	41.000000	37.000000	887.000000	713.000000	57.000000	886.846607	714.364658	2.000000	18.988257
19.000000	42.000000	38.000000	1001.000000	707.000000	58.000000	985.429927	718.033424	1.000000	19.381015
19.000000	43.000000	39.000000	1105.000000	663.000000	59.000000	1110.530051	666.366702	1.000000	19.892239
19.000000	44.000000	40.000000	1183.000000	805.000000	70.000000	1185.985122	812.511722	1.000000	20.333615
20.000000	1.000000	1.000000	357.000000	176.000000	2.000000	336.248837	176.866937	1.000000	1.025083
20.000000	2.000000	2.000000	523.000000	221.000000	14.000000	528.074959	232.870909	2.000000	1.552265
20.000000	3.000000	0.000000	530.000000	100.000000	4.000000	535.638257	125.087297	1.000000	1.873390
20.000000	4.000000	3.000000	546.000000	137.000000	4.000000	535.638257	125.087297	1.000000	2.369318
20.000000	5.000000	4.000000	630.000000	179.000000	5.000000	630.326216	184.077375	2.000000	2.873348
20.000000	6.000000	0.000000	770.000000	178.000000	6.000000	737.914555	173.544942	1.000000	3.209885
20.000000	7.000000	5.000000	762.000000	177.000000	6.000000	737.914555	173.544942	1.000000	3.488692
20.000000	8.000000	6.000000	745.000000	231.000000	16.000000	733.333498	238.381366	1.000000	3.864330
20.000000	9.000000	7.000000	843.000000	177.000000	7.000000	862.440979	181.220419	2.000000	4.408950
20.000000	10.000000	8.000000	886.000000	292.000000	17.000000	885.712078	294.339729	1.000000	4.833639
20.000000	11.000000	9.000000	849.000000	339.000000	27.000000	842.489499	354.062080	2.000000	5.152714
20.000000	12.000000	0.000000	1020.000000	233.000000	18.000000	994.130174	245.328190	2.000000	5.720364
20.000000	13.000000	10.000000	999.000000	244.000000	18.000000	994.130174	245.328190	2.000000	5.985485
20.000000	14.000000	11.000000	1003.000000	319.000000	28.000000	987.448334	335.494959	1.000000	6.401336
20.000000	15.000000	12.000000	1079.000000	269.000000	19.000000	1083.653387	282.515245	2.000000	6.689995
20.000000	16.000000	13.000000	1087.000000	132.000000	9.000000	1080.390854	131.193848	1.000000	7.225355
20.000000	17.000000	14.000000	1200.000000	382.000000	30.000000	1196.365990	388.984695	2.000000	7.777272
20.000000	18.000000	15.000000	1181.000000	487.000000	40.000000	1182.791957	489.301958	2.000000	8.129306
20.000000	19.000000	16.000000	1208.000000	540.000000	50.000000	1204.570294	549.325970	1.000000	8.626125
20.000000	20.000000	17.000000	1046.000000	498.000000	39.000000	1060.540428	485.719489	1.000000	9.064280
20.000000	21.000000	18.000000	1126.000000	569.000000	49.000000	1108.975381	577.415727	2.000000	9.545233
20.000000	22.000000	19.000000	1007.000000	643.000000	58.000000	998.579160	654.307099	2.000000	9.968707
20.000000	23.000000	20.000000	888.000000	491.000000	37.000000	882.584990	504.716064	1.000000	10.482176
20.000000	24.000000	21.000000	1090.000000	736.000000	69.000000	1084.520535	755.834611	2.000000	11.082173
20.000000	25.000000	22.000000	978.000000	756.000000	68.000000	970.100831	778.895526	1.000000	11.481539
20.000000	26.000000	23.000000	879.000000	928.000000	77.000000	864.534010	931.853759	1.000000	12.056262
20.000000	27.000000	24.000000	775.000000	792.000000	66.000000	757.368371	809.044683	1.000000	12.521570
20.000000	28.000000	25.000000	864.000000	700.000000	57.000000	856.182087	707.553949	2.000000	12.968244
20.000000	29.000000	26.000000	796.000000	485.000000	36.000000	782.213535	487.565121	2.000000	13.553316
20.000000	30.000000	27.000000	635.000000	795.000000	65.000000	632.076854	814.395528	2.000000	14.448971
20.000000	31.000000	28.000000	549.000000	798.000000	64.000000	546.045785	802.742731	2.000000	14.784713
20.000000	32.000000	29.000000	453.000000	712.000000	53.000000	447.929776	709.579467	1.000000	15.337159
20.000000	33.000000	30.000000	556.000000	642.000000	54.000000	538.756004	650.116311	2.000000	15.856898
20.000000	34.000000	31.000000	457.000000	558.000000	43.000000	440.918150	553.649768	2.000000	16.216389
20.000000	35.000000	32.000000	436.000000	501.000000	33.000000	421.401379	502.016543	2.000000	16.504205
20.000000	36.000000	33.000000	433.000000	409.000000	23.000000	419.242077	398.503313	2.000000	16.890158
20.000000	37.000000	34.000000	345.000000	581.000000	42.000000	329.665697	582.328277	1.000000	17.375930
20.000000	38.000000	0.000000	231.000000	461.000000	31.000000	199.969218	472.865634	1.000000	17.785686
20.000000	39.000000	35.000000	196.000000	457.000000	31.000000	199.969218	472.865634	1.000000	18.066043
20.000000	40.000000	36.000000	194.000000	400.000000	21.000000	189.691461	377.286286	1.000000	18.472026
20.000000	41.000000	37.000000	229.000000	604.000000	41.000000	227.976516	608.325154	2.000000	19.256203
20.000000	42.000000	38.000000	332.000000	780.000000	62.000000	308.475250	784.158268	1.000000	19.858130
20.000000	43.000000	0.000000	184.000000	801.000000	61.000000	215.106066	820.952618	1.000000	20.208257
20.000000	44.000000	39.000000	226.000000	818.000000	61.000000	215.106066	820.952618	1.000000	20.585813
20.000000	45.000000	40.000000	192.000000	920.000000	71.000000	202.185000	921.822518	1.000000	21.048531
