AdaptChoice	Code = 56b	Session = 2	Starting Dist Col = 1
Targ 1 = 	255.000000	0.000000	0.000000	
Targ 2 = 	0.000000	0.000000	255.000000	
SubNo	Trial	Block_trial	Block_num	Plateau_cond	Transition_cond	Run_number	Targ1_position	Targ2_position	FixationCheck	Red_targ_digit	Blue_targ_digit	Response	Targ_Choice	Acc	RT	Optimal_Choice	StarEndOptimal	Repeat_Switch
56b	1	1	0	1	0	1	23	52	0	5	2	4	0	0	20092	NaN	NaN	NaN
56b	2	2	0	1	0	2	11	24	0	2	3	2	1	1	7258	0	2	NaN
56b	3	3	0	1	0	3	13	41	0	5	4	4	2	1	9430	1	1	2
56b	4	4	0	1	0	4	5	51	0	4	2	3	0	0	3950	NaN	NaN	2
56b	5	5	0	1	0	5	6	19	0	3	4	2	0	0	24692	NaN	NaN	NaN
56b	6	6	0	0	1	6	41	17	0	5	3	3	2	1	15637	1	1	NaN
56b	7	7	0	0	1	7	47	25	0	2	4	5	0	0	6904	NaN	NaN	2
56b	8	8	0	0	1	8	8	18	0	3	2	3	1	1	3289	0	2	NaN
56b	9	9	0	0	1	9	54	32	0	3	5	3	1	1	14019	NaN	2	1
56b	10	10	0	0	1	10	24	36	0	3	2	3	1	1	7422	1	2	1
56b	1	1	1	1	0	1	20	53	0	4	2	3	0	0	2192	NaN	NaN	NaN
56b	2	2	1	1	0	2	19	51	0	2	4	5	0	0	2936	NaN	NaN	NaN
56b	3	3	1	1	0	3	52	48	0	5	4	4	2	1	10138	1	1	NaN
56b	4	4	1	1	0	4	7	25	0	5	4	4	2	1	4391	1	1	1
56b	5	5	1	1	0	5	15	20	0	2	5	5	2	1	7347	1	1	1
56b	6	6	1	0	1	6	48	46	0	5	2	2	2	1	4541	1	1	1
56b	7	7	1	0	1	7	44	33	0	2	4	4	2	1	5480	1	1	1
56b	8	8	1	0	1	8	14	38	0	5	3	5	1	1	12749	0	2	2
56b	9	9	1	0	1	9	13	53	0	5	3	5	1	1	3099	NaN	2	1
56b	10	10	1	0	1	10	47	33	0	3	2	3	1	1	4349	1	2	1
56b	11	11	1	0	1	11	41	48	0	2	4	2	1	1	3780	1	2	1
56b	12	12	1	0	1	12	10	34	0	4	2	4	1	1	3756	1	2	1
56b	13	13	1	2	0	1	3	54	0	4	2	4	1	1	5039	1	1	1
56b	14	14	1	2	0	2	33	32	0	3	4	3	1	1	9456	1	1	1
56b	15	15	1	2	0	3	30	22	0	3	4	3	1	1	2456	1	1	1
56b	16	16	1	2	0	4	33	12	0	3	2	2	2	1	10074	0	2	2
56b	17	17	1	2	0	5	34	21	0	4	3	3	2	1	9287	0	2	1
56b	18	18	1	0	2	6	36	28	0	4	2	2	2	1	3080	0	2	1
56b	19	19	1	0	2	7	10	11	0	5	3	3	2	1	2306	0	2	1
56b	20	20	1	0	2	8	41	45	0	2	5	5	2	1	10836	0	2	1
56b	21	21	1	0	2	9	28	44	0	5	4	5	1	1	2757	NaN	1	2
56b	22	22	1	0	2	10	36	1	0	4	3	3	2	1	10240	1	2	2
56b	23	23	1	0	2	11	28	10	0	3	5	5	2	1	5952	1	2	1
56b	24	24	1	0	2	12	2	49	0	4	5	5	2	1	1779	1	2	1
56b	25	25	1	1	0	1	17	32	0	4	5	5	2	1	2855	1	1	1
56b	26	26	1	1	0	2	47	36	0	5	2	2	2	1	3065	1	1	1
56b	27	27	1	1	0	3	44	16	0	3	5	5	2	1	1718	1	1	1
56b	28	28	1	1	0	4	15	45	0	4	3	3	2	1	3217	1	1	1
56b	29	29	1	1	0	5	21	20	0	4	3	3	2	1	4205	1	1	1
56b	30	30	1	0	1	6	21	33	0	2	4	4	2	1	4305	1	1	1
56b	31	31	1	0	1	7	25	2	0	5	4	4	2	1	22643	1	1	1
56b	32	32	1	0	1	8	38	40	0	2	3	3	2	1	6626	1	1	1
56b	33	33	1	0	1	9	49	18	0	5	4	4	2	1	2094	NaN	1	1
56b	34	34	1	0	1	10	41	46	0	3	5	5	2	1	7436	0	1	1
56b	35	35	1	0	1	11	1	18	0	3	2	2	2	1	5997	0	1	1
56b	36	36	1	0	1	12	34	42	0	3	2	2	2	1	2473	0	1	1
56b	37	37	1	2	0	1	16	53	0	2	5	5	2	1	2063	0	2	1
56b	38	38	1	2	0	2	26	27	0	5	2	2	2	1	2288	0	2	1
56b	39	39	1	2	0	3	37	1	0	3	4	4	2	1	4186	0	2	1
56b	40	40	1	2	0	4	21	45	0	3	4	4	2	1	6667	0	2	1
56b	41	41	1	2	0	5	29	44	0	2	3	3	2	1	8083	0	2	1
56b	42	42	1	0	2	6	2	4	0	2	5	3	0	0	8861	NaN	NaN	2
56b	43	43	1	0	2	7	27	49	0	5	4	4	2	1	7036	0	2	NaN
56b	44	44	1	0	2	8	23	38	0	4	3	3	2	1	7221	0	2	1
56b	45	45	1	0	2	9	44	49	0	3	5	5	2	1	4441	NaN	2	1
56b	46	46	1	0	2	10	35	54	0	2	3	3	2	1	6802	1	2	1
56b	47	47	1	0	2	11	9	25	0	3	4	4	2	1	5070	1	2	1
56b	48	48	1	0	2	12	48	23	0	3	4	4	2	1	2131	1	2	1
56b	49	49	1	1	0	1	31	28	0	3	2	2	2	1	5742	1	1	1
56b	50	50	1	1	0	2	16	21	0	4	5	5	2	1	4169	1	1	1
56b	51	51	1	1	0	3	20	46	0	5	4	4	2	1	3240	1	1	1
56b	52	52	1	1	0	4	26	27	0	4	3	3	2	1	5826	1	1	1
56b	53	53	1	1	0	5	42	27	0	4	3	3	2	1	1438	1	1	1
56b	54	54	1	0	1	6	21	17	0	2	3	3	2	1	3771	1	1	1
56b	55	55	1	0	1	7	48	54	0	4	5	5	2	1	2454	1	1	1
56b	56	56	1	0	1	8	40	10	0	5	3	3	2	1	5796	1	1	1
56b	57	57	1	0	1	9	19	39	0	5	4	2	0	0	3916	NaN	NaN	2
56b	58	58	1	0	1	10	40	8	0	5	3	3	2	1	2457	0	1	NaN
56b	59	59	1	0	1	11	35	10	0	2	5	2	1	1	12815	1	2	2
56b	60	60	1	0	1	12	45	29	0	3	5	5	2	1	2886	0	1	2
56b	61	61	1	2	0	1	4	12	0	5	2	2	2	1	2080	0	2	1
56b	62	62	1	2	0	2	43	40	0	4	3	3	2	1	8638	0	2	1
56b	63	63	1	2	0	3	15	44	0	3	5	5	2	1	8158	0	2	1
56b	64	64	1	2	0	4	1	6	0	5	3	3	2	1	7713	0	2	1
56b	65	65	1	2	0	5	36	9	0	2	4	4	2	1	3538	0	2	1
56b	66	66	1	0	2	6	51	44	0	4	2	2	2	1	3642	0	2	1
56b	67	67	1	0	2	7	42	31	0	2	4	4	2	1	10546	0	2	1
56b	68	68	1	0	2	8	2	11	0	5	2	2	2	1	10433	0	2	1
56b	69	69	1	0	2	9	9	46	0	4	2	2	2	1	5233	NaN	2	1
56b	70	70	1	0	2	10	21	42	0	3	2	2	2	1	4961	1	2	1
56b	71	71	1	0	2	11	49	32	0	2	4	4	2	1	3569	1	2	1
56b	72	72	1	0	2	12	19	21	0	2	3	3	2	1	4812	1	2	1
56b	73	73	1	1	0	1	24	54	0	2	4	4	2	1	4876	1	1	1
56b	74	74	1	1	0	2	3	16	0	4	5	5	2	1	1974	1	1	1
56b	75	75	1	1	0	3	38	33	0	5	3	3	2	1	3498	1	1	1
56b	76	76	1	1	0	4	54	43	0	5	3	3	2	1	4720	1	1	1
56b	77	77	1	1	0	5	4	12	0	4	2	2	2	1	1962	1	1	1
56b	78	78	1	0	1	6	6	20	0	3	4	4	2	1	7034	1	1	1
56b	79	79	1	0	1	7	17	47	0	4	2	2	2	1	3938	1	1	1
56b	80	80	1	0	1	8	12	10	0	2	3	3	2	1	3394	1	1	1
56b	81	81	1	0	1	9	4	39	0	3	4	4	2	1	2810	NaN	1	1
56b	82	82	1	0	1	10	41	40	0	5	2	2	2	1	7858	0	1	1
56b	83	83	1	0	1	11	43	37	0	3	5	5	2	1	4091	0	1	1
56b	84	84	1	0	1	12	25	9	0	4	5	5	2	1	3585	0	1	1
56b	85	85	1	2	0	1	30	1	0	2	5	5	2	1	6389	0	2	1
56b	86	86	1	2	0	2	28	10	0	2	5	5	2	1	5029	0	2	1
56b	87	87	1	2	0	3	13	16	0	4	5	5	2	1	8617	0	2	1
56b	88	88	1	2	0	4	35	20	0	2	5	5	2	1	6305	0	2	1
56b	89	89	1	2	0	5	37	19	0	3	5	5	2	1	1235	0	2	1
56b	90	90	1	0	2	6	21	54	0	2	3	3	2	1	2240	0	2	1
56b	91	91	1	0	2	7	23	42	0	2	3	3	2	1	5213	0	2	1
56b	92	92	1	0	2	8	21	52	0	5	2	2	2	1	2053	0	2	1
56b	93	93	1	0	2	9	22	41	0	4	5	5	2	1	5027	NaN	2	1
56b	94	94	1	0	2	10	39	25	0	3	2	2	2	1	5744	1	2	1
56b	95	95	1	0	2	11	7	35	0	3	2	2	2	1	2822	1	2	1
56b	96	96	1	0	2	12	29	48	0	5	2	2	2	1	2967	1	2	1
56b	97	1	2	1	0	1	8	23	0	2	4	4	2	1	7824	1	1	NaN
56b	98	2	2	1	0	2	6	18	0	5	2	2	2	1	3296	1	1	1
56b	99	3	2	1	0	3	38	40	0	5	4	4	2	1	4743	1	1	1
56b	100	4	2	1	0	4	28	1	0	5	2	2	2	1	1374	1	1	1
56b	101	5	2	1	0	5	32	16	0	3	4	4	2	1	2674	1	1	1
56b	102	6	2	0	1	6	15	4	0	5	4	4	2	1	1384	1	1	1
56b	103	7	2	0	1	7	52	8	0	5	3	3	2	1	4884	1	1	1
56b	104	8	2	0	1	8	4	32	0	2	4	4	2	1	4166	1	1	1
56b	105	9	2	0	1	9	5	50	0	4	5	5	2	1	3333	NaN	1	1
56b	106	10	2	0	1	10	25	4	0	3	4	4	2	1	9160	0	1	1
56b	107	11	2	0	1	11	46	16	0	4	5	5	2	1	4762	0	1	1
56b	108	12	2	0	1	12	21	49	0	2	3	3	2	1	8330	0	1	1
56b	109	13	2	2	0	1	36	24	0	3	5	5	2	1	5628	0	2	1
56b	110	14	2	2	0	2	29	40	0	5	2	2	2	1	8416	0	2	1
56b	111	15	2	2	0	3	29	8	0	2	3	3	2	1	10096	0	2	1
56b	112	16	2	2	0	4	7	15	0	4	3	3	2	1	5373	0	2	1
56b	113	17	2	2	0	5	20	28	0	3	2	2	2	1	3001	0	2	1
56b	114	18	2	0	2	6	36	48	0	4	5	5	2	1	2117	0	2	1
56b	115	19	2	0	2	7	23	17	0	4	5	5	2	1	5836	0	2	1
56b	116	20	2	0	2	8	15	38	0	2	3	3	2	1	7669	0	2	1
56b	117	21	2	0	2	9	43	17	0	3	5	5	2	1	4906	NaN	2	1
56b	118	22	2	0	2	10	23	35	0	2	5	5	2	1	3764	1	2	1
56b	119	23	2	0	2	11	19	10	0	3	5	5	2	1	3996	1	2	1
56b	120	24	2	0	2	12	26	12	0	4	2	2	2	1	6752	1	2	1
56b	121	25	2	1	0	1	31	27	0	5	2	2	2	1	2891	1	1	1
56b	122	26	2	1	0	2	52	14	0	3	2	2	2	1	2021	1	1	1
56b	123	27	2	1	0	3	25	54	0	5	2	2	2	1	5410	1	1	1
56b	124	28	2	1	0	4	18	25	0	4	2	2	2	1	5026	1	1	1
56b	125	29	2	1	0	5	49	4	0	3	4	4	2	1	3903	1	1	1
56b	126	30	2	0	1	6	46	20	0	2	5	5	2	1	6089	1	1	1
56b	127	31	2	0	1	7	44	48	0	2	3	3	2	1	3171	1	1	1
56b	128	32	2	0	1	8	45	1	0	2	5	5	2	1	1946	1	1	1
56b	129	33	2	0	1	9	35	29	0	2	3	3	2	1	1986	NaN	1	1
56b	130	34	2	0	1	10	1	52	0	5	3	3	2	1	11946	0	1	1
56b	131	35	2	0	1	11	30	45	0	3	4	4	2	1	8872	0	1	1
56b	132	36	2	0	1	12	48	53	0	5	4	4	2	1	2085	0	1	1
56b	133	37	2	2	0	1	48	33	0	2	4	4	2	1	15143	0	2	1
56b	134	38	2	2	0	2	21	18	0	3	5	5	2	1	5148	0	2	1
56b	135	39	2	2	0	3	44	10	0	5	2	2	2	1	2515	0	2	1
56b	136	40	2	2	0	4	47	37	0	5	4	4	2	1	8166	0	2	1
56b	137	41	2	2	0	5	51	47	0	2	5	5	2	1	8093	0	2	1
56b	138	42	2	0	2	6	9	36	0	2	3	4	0	0	4398	NaN	NaN	2
56b	139	43	2	0	2	7	29	6	0	5	3	3	2	1	14245	0	2	NaN
56b	140	44	2	0	2	8	51	1	0	2	4	4	2	1	5020	0	2	1
56b	141	45	2	0	2	9	1	23	0	4	2	2	2	1	4217	NaN	2	1
56b	142	46	2	0	2	10	33	32	0	2	4	4	2	1	3441	1	2	1
56b	143	47	2	0	2	11	39	35	0	5	2	2	2	1	4202	1	2	1
56b	144	48	2	0	2	12	11	40	0	2	5	5	2	1	4903	1	2	1
56b	145	49	2	1	0	1	21	13	0	2	5	5	2	1	3825	1	1	1
56b	146	50	2	1	0	2	54	12	0	4	2	2	2	1	2958	1	1	1
56b	147	51	2	1	0	3	1	9	0	4	3	3	2	1	3757	1	1	1
56b	148	52	2	1	0	4	54	13	0	4	5	5	2	1	4384	1	1	1
56b	149	53	2	1	0	5	53	23	0	2	5	5	2	1	5012	1	1	1
56b	150	54	2	0	1	6	52	18	0	3	4	4	2	1	5508	1	1	1
56b	151	55	2	0	1	7	45	19	0	3	4	4	2	1	9534	1	1	1
56b	152	56	2	0	1	8	17	38	0	3	5	5	2	1	5672	1	1	1
56b	153	57	2	0	1	9	38	18	0	3	2	2	2	1	1577	NaN	1	1
56b	154	58	2	0	1	10	24	28	0	5	3	3	2	1	7457	0	1	1
56b	155	59	2	0	1	11	15	18	0	3	4	4	2	1	6226	0	1	1
56b	156	60	2	0	1	12	18	45	0	4	3	3	2	1	4714	0	1	1
56b	157	61	2	2	0	1	4	7	0	2	4	4	2	1	6629	0	2	1
56b	158	62	2	2	0	2	43	50	0	5	3	3	2	1	4257	0	2	1
56b	159	63	2	2	0	3	27	22	0	4	3	3	2	1	11350	0	2	1
56b	160	64	2	2	0	4	33	15	0	2	5	5	2	1	8520	0	2	1
56b	161	65	2	2	0	5	1	11	0	3	2	2	2	1	4726	0	2	1
56b	162	66	2	0	2	6	19	22	0	3	2	2	2	1	2769	0	2	1
56b	163	67	2	0	2	7	5	26	0	5	2	2	2	1	9489	0	2	1
56b	164	68	2	0	2	8	30	28	0	5	3	3	2	1	2082	0	2	1
56b	165	69	2	0	2	9	29	32	0	5	3	3	2	1	3356	NaN	2	1
56b	166	70	2	0	2	10	7	32	0	3	2	2	2	1	1075	1	2	1
56b	167	71	2	0	2	11	12	2	0	4	3	3	2	1	2805	1	2	1
56b	168	72	2	0	2	12	44	3	0	5	4	4	2	1	1689	1	2	1
56b	169	73	2	1	0	1	52	29	0	3	2	2	2	1	5047	1	1	1
56b	170	74	2	1	0	2	43	18	0	2	3	3	2	1	4188	1	1	1
56b	171	75	2	1	0	3	5	3	0	3	5	5	2	1	1404	1	1	1
56b	172	76	2	1	0	4	20	26	0	3	2	2	2	1	5025	1	1	1
56b	173	77	2	1	0	5	15	21	0	4	3	3	2	1	4510	1	1	1
56b	174	78	2	0	1	6	52	23	0	4	3	3	2	1	9147	1	1	1
56b	175	79	2	0	1	7	29	1	0	2	3	3	2	1	5086	1	1	1
56b	176	80	2	0	1	8	9	25	0	3	4	4	2	1	3199	1	1	1
56b	177	81	2	0	1	9	17	31	0	5	3	3	2	1	2975	NaN	1	1
56b	178	82	2	0	1	10	20	43	0	2	4	4	2	1	7719	0	1	1
56b	179	83	2	0	1	11	39	46	0	4	5	5	2	1	11069	0	1	1
56b	180	84	2	0	1	12	35	23	0	4	2	2	2	1	2458	0	1	1
56b	181	85	2	2	0	1	13	10	0	5	4	4	2	1	10407	0	2	1
56b	182	86	2	2	0	2	20	25	0	4	2	4	1	1	25770	1	1	2
56b	183	87	2	2	0	3	27	12	0	4	3	3	2	1	5806	0	2	2
56b	184	88	2	2	0	4	14	10	0	4	2	4	1	1	3466	1	1	2
56b	185	89	2	2	0	5	17	19	0	3	5	5	2	1	10624	0	2	2
56b	186	90	2	0	2	6	37	29	0	4	5	4	1	1	2624	1	1	2
56b	187	91	2	0	2	7	9	37	0	4	5	5	2	1	2573	0	2	2
56b	188	92	2	0	2	8	34	2	0	5	4	5	1	1	3720	1	1	2
56b	189	93	2	0	2	9	44	17	0	5	4	5	1	1	9527	NaN	1	1
56b	190	94	2	0	2	10	26	32	0	2	4	2	1	1	15633	0	1	1
56b	191	95	2	0	2	11	50	26	0	4	2	2	2	1	8096	1	2	2
56b	192	96	2	0	2	12	54	50	0	3	5	5	2	1	2222	1	2	1
56b	193	1	3	1	0	1	27	32	0	2	3	3	2	1	8657	1	1	NaN
56b	194	2	3	1	0	2	48	22	0	3	4	4	2	1	6682	1	1	1
56b	195	3	3	1	0	3	51	43	0	2	4	4	2	1	4035	1	1	1
56b	196	4	3	1	0	4	8	23	0	5	3	3	2	1	4548	1	1	1
56b	197	5	3	1	0	5	48	52	0	4	3	3	2	1	3595	1	1	1
56b	198	6	3	0	1	6	6	23	0	3	4	4	2	1	4731	1	1	1
56b	199	7	3	0	1	7	24	7	0	4	3	3	2	1	3678	1	1	1
56b	200	8	3	0	1	8	24	51	0	2	4	4	2	1	5040	1	1	1
56b	201	9	3	0	1	9	43	53	0	2	3	3	2	1	5601	NaN	1	1
56b	202	10	3	0	1	10	28	32	0	4	3	3	2	1	8061	0	1	1
56b	203	11	3	0	1	11	46	38	0	5	4	4	2	1	7413	0	1	1
56b	204	12	3	0	1	12	42	39	0	4	5	5	2	1	2494	0	1	1
56b	205	13	3	2	0	1	6	5	0	5	2	2	2	1	8436	0	2	1
56b	206	14	3	2	0	2	27	11	0	5	2	2	2	1	6572	0	2	1
56b	207	15	3	2	0	3	14	48	0	3	5	5	2	1	15755	0	2	1
56b	208	16	3	2	0	4	52	49	0	5	4	4	2	1	2381	0	2	1
56b	209	17	3	2	0	5	4	25	0	3	5	5	2	1	9697	0	2	1
56b	210	18	3	0	2	6	47	8	0	4	2	2	2	1	3102	0	2	1
56b	211	19	3	0	2	7	46	18	0	5	2	2	2	1	5088	0	2	1
56b	212	20	3	0	2	8	24	47	0	2	5	5	2	1	9534	0	2	1
56b	213	21	3	0	2	9	11	53	0	3	5	5	2	1	9628	NaN	2	1
56b	214	22	3	0	2	10	4	5	0	2	4	4	2	1	5176	1	2	1
56b	215	23	3	0	2	11	28	31	0	4	3	3	2	1	5487	1	2	1
56b	216	24	3	0	2	12	46	22	0	4	2	2	2	1	6265	1	2	1
56b	217	25	3	1	0	1	27	15	0	5	3	3	2	1	3770	1	1	1
56b	218	26	3	1	0	2	26	51	0	5	2	2	2	1	3277	1	1	1
56b	219	27	3	1	0	3	30	5	0	4	2	2	2	1	2398	1	1	1
56b	220	28	3	1	0	4	39	19	0	5	3	3	2	1	6075	1	1	1
56b	221	29	3	1	0	5	9	37	0	4	5	5	2	1	3664	1	1	1
56b	222	30	3	0	1	6	23	15	0	5	3	3	2	1	5362	1	1	1
56b	223	31	3	0	1	7	20	30	0	4	5	5	2	1	1169	1	1	1
56b	224	32	3	0	1	8	5	21	0	5	4	4	2	1	5185	1	1	1
56b	225	33	3	0	1	9	10	28	0	3	2	2	2	1	3633	NaN	1	1
56b	226	34	3	0	1	10	24	4	0	3	2	2	2	1	4490	0	1	1
56b	227	35	3	0	1	11	3	5	0	5	3	3	2	1	1760	0	1	1
56b	228	36	3	0	1	12	41	14	0	4	2	2	2	1	6567	0	1	1
56b	229	37	3	2	0	1	23	13	0	2	5	5	2	1	1418	0	2	1
56b	230	38	3	2	0	2	23	51	0	2	5	5	2	1	8567	0	2	1
56b	231	39	3	2	0	3	22	13	0	3	4	4	2	1	4582	0	2	1
56b	232	40	3	2	0	4	47	23	0	4	2	2	2	1	6761	0	2	1
56b	233	41	3	2	0	5	29	45	0	3	2	2	2	1	3616	0	2	1
56b	234	42	3	0	2	6	8	38	0	4	2	2	2	1	6305	0	2	1
56b	235	43	3	0	2	7	39	41	0	3	5	5	2	1	10335	0	2	1
56b	236	44	3	0	2	8	51	27	0	4	3	3	2	1	3417	0	2	1
56b	237	45	3	0	2	9	15	38	0	3	4	4	2	1	4965	NaN	2	1
56b	238	46	3	0	2	10	3	30	0	2	3	3	2	1	2276	1	2	1
56b	239	47	3	0	2	11	52	16	0	2	3	3	2	1	2518	1	2	1
56b	240	48	3	0	2	12	30	15	0	3	5	5	2	1	5893	1	2	1
56b	241	49	3	1	0	1	5	22	0	5	3	3	2	1	2462	1	1	1
56b	242	50	3	1	0	2	54	9	0	2	5	5	2	1	4392	1	1	1
56b	243	51	3	1	0	3	40	36	0	3	5	5	2	1	3216	1	1	1
56b	244	52	3	1	0	4	42	50	0	2	5	5	2	1	4340	1	1	1
56b	245	53	3	1	0	5	12	37	0	2	5	5	2	1	6675	1	1	1
56b	246	54	3	0	1	6	15	32	0	3	2	2	2	1	4617	1	1	1
56b	247	55	3	0	1	7	12	28	0	2	3	3	2	1	2145	1	1	1
56b	248	56	3	0	1	8	50	3	0	2	3	3	2	1	2688	1	1	1
56b	249	57	3	0	1	9	1	51	0	3	2	2	2	1	2963	NaN	1	1
56b	250	58	3	0	1	10	30	15	0	5	4	4	2	1	3790	0	1	1
56b	251	59	3	0	1	11	42	12	0	4	5	5	2	1	2998	0	1	1
56b	252	60	3	0	1	12	34	12	0	3	2	2	2	1	1242	0	1	1
56b	253	61	3	2	0	1	23	41	0	5	3	3	2	1	6492	0	2	1
56b	254	62	3	2	0	2	13	2	0	4	2	2	2	1	15925	0	2	1
56b	255	63	3	2	0	3	31	44	0	3	5	5	2	1	8026	0	2	1
56b	256	64	3	2	0	4	42	41	0	5	4	4	2	1	2526	0	2	1
56b	257	65	3	2	0	5	21	37	0	2	4	4	2	1	5101	0	2	1
56b	258	66	3	0	2	6	26	32	0	5	2	2	2	1	9439	0	2	1
56b	259	67	3	0	2	7	39	26	0	5	4	4	2	1	4239	0	2	1
56b	260	68	3	0	2	8	27	20	0	4	5	5	2	1	7704	0	2	1
56b	261	69	3	0	2	9	1	4	0	3	4	4	2	1	3557	NaN	2	1
56b	262	70	3	0	2	10	27	13	0	2	3	3	2	1	6892	1	2	1
56b	263	71	3	0	2	11	54	9	0	5	4	4	2	1	3770	1	2	1
56b	264	72	3	0	2	12	37	16	0	3	2	2	2	1	5186	1	2	1
56b	265	73	3	1	0	1	35	45	0	3	2	2	2	1	7197	1	1	1
56b	266	74	3	1	0	2	37	18	0	4	3	3	2	1	4257	1	1	1
56b	267	75	3	1	0	3	33	3	0	3	4	4	2	1	1566	1	1	1
56b	268	76	3	1	0	4	2	23	0	2	5	5	2	1	2310	1	1	1
56b	269	77	3	1	0	5	16	33	0	5	2	2	2	1	1897	1	1	1
56b	270	78	3	0	1	6	36	41	0	4	5	5	2	1	3843	1	1	1
56b	271	79	3	0	1	7	52	31	0	3	5	5	2	1	5604	1	1	1
56b	272	80	3	0	1	8	29	3	0	2	5	5	2	1	3296	1	1	1
56b	273	81	3	0	1	9	35	31	0	4	2	2	2	1	2898	NaN	1	1
56b	274	82	3	0	1	10	31	35	0	4	5	5	2	1	7180	0	1	1
56b	275	83	3	0	1	11	4	32	0	4	3	3	2	1	1967	0	1	1
56b	276	84	3	0	1	12	18	33	0	2	4	4	2	1	11679	0	1	1
56b	277	85	3	2	0	1	53	4	0	2	4	4	2	1	6387	0	2	1
56b	278	86	3	2	0	2	45	37	0	4	3	3	2	1	13803	0	2	1
56b	279	87	3	2	0	3	41	24	0	5	4	4	2	1	3254	0	2	1
56b	280	88	3	2	0	4	2	26	0	4	5	5	2	1	7647	0	2	1
56b	281	89	3	2	0	5	10	51	0	2	3	3	2	1	2044	0	2	1
56b	282	90	3	0	2	6	26	5	0	5	3	3	2	1	5313	0	2	1
56b	283	91	3	0	2	7	9	51	0	3	4	4	2	1	4295	0	2	1
56b	284	92	3	0	2	8	5	29	0	2	4	4	2	1	1533	0	2	1
56b	285	93	3	0	2	9	41	45	0	2	4	4	2	1	7036	NaN	2	1
56b	286	94	3	0	2	10	18	46	0	5	2	2	2	1	2768	1	2	1
56b	287	95	3	0	2	11	2	49	0	5	2	2	2	1	4504	1	2	1
56b	288	96	3	0	2	12	19	44	0	3	4	4	2	1	6146	1	2	1
