MultiTargForag_2	Participant_Code = 60a
Search_Type = 2	CB_Targets = 3
Trial	Click_Num	Target_Click_Order	Click_X	Click_y	Item_selected	Item_X	Item_Y	Target_Set	RT
1.000000	1.000000	1.000000	622.000000	365.000000	25.000000	625.102550	356.053091	1.000000	3.432612
1.000000	2.000000	2.000000	620.000000	476.000000	35.000000	622.354280	479.265201	1.000000	5.413941
1.000000	3.000000	3.000000	192.000000	449.000000	31.000000	182.689013	442.335772	1.000000	7.294554
1.000000	4.000000	4.000000	521.000000	568.000000	44.000000	520.300332	559.904809	1.000000	8.670067
1.000000	5.000000	5.000000	638.000000	566.000000	45.000000	645.370828	559.449562	1.000000	10.015455
1.000000	6.000000	6.000000	845.000000	564.000000	47.000000	850.903447	561.558837	1.000000	11.286230
1.000000	7.000000	7.000000	879.000000	517.000000	37.000000	871.627846	499.655430	1.000000	12.133751
1.000000	8.000000	8.000000	876.000000	251.000000	17.000000	861.956670	237.256886	1.000000	13.382763
1.000000	9.000000	9.000000	853.000000	156.000000	7.000000	837.840874	146.065825	1.000000	14.550401
1.000000	10.000000	10.000000	994.000000	446.000000	38.000000	997.021094	446.501150	1.000000	15.703298
1.000000	11.000000	11.000000	1110.000000	461.000000	39.000000	1096.679599	461.737678	1.000000	16.358377
1.000000	12.000000	12.000000	1189.000000	708.000000	60.000000	1194.910886	714.417987	1.000000	17.446074
1.000000	13.000000	13.000000	1191.000000	765.000000	70.000000	1185.017004	763.826837	1.000000	18.503036
1.000000	14.000000	14.000000	1089.000000	775.000000	69.000000	1079.038071	773.210581	1.000000	19.471960
1.000000	15.000000	15.000000	1200.000000	925.000000	80.000000	1197.862545	928.246860	1.000000	21.085900
1.000000	16.000000	16.000000	901.000000	814.000000	67.000000	890.017155	806.207709	1.000000	22.575969
1.000000	17.000000	17.000000	888.000000	884.000000	77.000000	886.079092	882.689912	1.000000	23.102280
1.000000	18.000000	18.000000	723.000000	697.000000	56.000000	730.200779	690.105354	1.000000	26.566834
1.000000	19.000000	19.000000	226.000000	689.000000	51.000000	214.617600	683.269255	1.000000	27.919483
1.000000	20.000000	20.000000	208.000000	792.000000	61.000000	199.487138	803.148493	1.000000	28.767442
1.000000	21.000000	21.000000	231.000000	577.000000	41.000000	232.124014	566.693501	2.000000	30.470848
1.000000	22.000000	22.000000	178.000000	404.000000	21.000000	179.691636	391.504000	2.000000	31.319391
1.000000	23.000000	23.000000	223.000000	262.000000	11.000000	224.718360	246.079887	2.000000	32.368063
1.000000	24.000000	0.000000	213.000000	189.000000	1.000000	197.649817	160.429910	2.000000	32.942063
1.000000	25.000000	24.000000	212.000000	178.000000	1.000000	197.649817	160.429910	2.000000	33.447800
1.000000	26.000000	25.000000	314.000000	209.000000	2.000000	318.589377	188.610414	2.000000	34.150437
1.000000	27.000000	26.000000	315.000000	369.000000	22.000000	311.511713	380.768506	2.000000	35.455439
1.000000	28.000000	27.000000	518.000000	247.000000	14.000000	519.059479	241.149787	2.000000	36.766445
1.000000	29.000000	28.000000	659.000000	198.000000	5.000000	659.049454	187.203491	2.000000	37.334695
1.000000	30.000000	29.000000	734.000000	144.000000	6.000000	733.636158	142.747513	2.000000	38.023306
1.000000	31.000000	30.000000	1073.000000	126.000000	9.000000	1063.228489	132.961366	2.000000	39.110272
1.000000	32.000000	31.000000	1191.000000	126.000000	10.000000	1200.583504	122.136909	2.000000	39.998406
1.000000	33.000000	32.000000	1168.000000	481.000000	40.000000	1168.078918	470.752382	2.000000	41.494728
1.000000	34.000000	33.000000	1001.000000	592.000000	48.000000	984.756128	588.963896	2.000000	42.399725
1.000000	35.000000	34.000000	865.000000	645.000000	57.000000	843.345572	654.666986	2.000000	43.319830
1.000000	36.000000	35.000000	968.000000	925.000000	78.000000	954.677179	913.412811	2.000000	44.654469
1.000000	37.000000	36.000000	1096.000000	931.000000	79.000000	1103.108037	931.578518	2.000000	45.271965
1.000000	38.000000	37.000000	799.000000	893.000000	76.000000	779.100701	885.633478	2.000000	46.254249
1.000000	39.000000	38.000000	662.000000	685.000000	55.000000	651.522908	672.599353	2.000000	47.191991
1.000000	40.000000	39.000000	449.000000	767.000000	63.000000	430.625991	780.313579	2.000000	48.191803
1.000000	41.000000	40.000000	413.000000	885.000000	73.000000	403.587976	882.040767	2.000000	48.974699
1.000000	1.000000	1.000000	429.000000	299.000000	13.000000	420.145025	288.617800	1.000000	2.690581
1.000000	2.000000	2.000000	436.000000	352.000000	23.000000	437.084809	358.560147	1.000000	3.450521
1.000000	3.000000	3.000000	343.000000	150.000000	2.000000	339.568927	135.879537	1.000000	4.762072
1.000000	4.000000	0.000000	214.000000	156.000000	1.000000	188.011670	150.144280	1.000000	5.771071
1.000000	5.000000	4.000000	200.000000	156.000000	1.000000	188.011670	150.144280	1.000000	7.537692
1.000000	6.000000	5.000000	650.000000	163.000000	5.000000	656.978198	161.103260	1.000000	8.906621
1.000000	7.000000	6.000000	740.000000	179.000000	6.000000	731.638089	183.963281	2.000000	9.697934
1.000000	8.000000	7.000000	1058.000000	340.000000	29.000000	1062.239461	344.525506	1.000000	12.905672
1.000000	9.000000	8.000000	1187.000000	356.000000	30.000000	1172.821681	363.700385	1.000000	13.691011
1.000000	10.000000	9.000000	1113.000000	437.000000	39.000000	1103.028400	450.771805	1.000000	14.368940
1.000000	11.000000	10.000000	1170.000000	673.000000	60.000000	1179.058662	672.252169	1.000000	16.289111
1.000000	12.000000	11.000000	1118.000000	721.000000	59.000000	1112.385406	715.843844	1.000000	17.026402
1.000000	13.000000	12.000000	1063.000000	809.000000	69.000000	1058.978348	811.715040	1.000000	17.874085
1.000000	14.000000	13.000000	999.000000	771.000000	68.000000	998.713421	755.391250	1.000000	18.505709
1.000000	15.000000	14.000000	1219.000000	782.000000	70.000000	1216.156214	784.948465	2.000000	20.329469
1.000000	16.000000	15.000000	965.000000	694.000000	58.000000	959.457547	683.520875	2.000000	22.153080
1.000000	17.000000	16.000000	962.000000	507.000000	38.000000	965.621150	503.792168	2.000000	22.898841
1.000000	18.000000	17.000000	993.000000	880.000000	78.000000	978.524131	883.678330	2.000000	23.849488
1.000000	19.000000	18.000000	1119.000000	910.000000	79.000000	1108.452469	913.550329	2.000000	24.465143
1.000000	20.000000	19.000000	878.000000	672.000000	57.000000	859.653387	675.597500	2.000000	25.346089
1.000000	21.000000	20.000000	776.000000	744.000000	66.000000	758.941881	757.441578	1.000000	26.385967
1.000000	22.000000	21.000000	843.000000	791.000000	67.000000	848.072038	786.954594	1.000000	27.256945
1.000000	23.000000	22.000000	847.000000	865.000000	77.000000	847.326220	868.503244	1.000000	28.017608
1.000000	24.000000	23.000000	839.000000	480.000000	37.000000	847.819287	461.342577	2.000000	29.353743
1.000000	25.000000	24.000000	871.000000	400.000000	27.000000	874.027420	378.933367	2.000000	30.234232
1.000000	26.000000	0.000000	780.000000	360.000000	26.000000	761.515904	342.857464	2.000000	31.217063
1.000000	27.000000	25.000000	754.000000	461.000000	36.000000	747.373135	458.552490	2.000000	31.849808
1.000000	28.000000	26.000000	762.000000	339.000000	26.000000	761.515904	342.857464	2.000000	32.386995
1.000000	29.000000	27.000000	656.000000	309.000000	15.000000	657.013940	294.986733	1.000000	33.569247
1.000000	30.000000	28.000000	659.000000	352.000000	25.000000	657.190552	365.075387	2.000000	34.168860
1.000000	31.000000	29.000000	633.000000	448.000000	35.000000	619.084062	458.808041	2.000000	34.674135
1.000000	32.000000	30.000000	569.000000	324.000000	24.000000	561.221685	330.045000	2.000000	35.698440
1.000000	33.000000	31.000000	406.000000	816.000000	63.000000	406.664350	817.551508	1.000000	39.626425
1.000000	34.000000	32.000000	404.000000	860.000000	73.000000	412.591415	875.352462	1.000000	40.258026
1.000000	35.000000	33.000000	526.000000	895.000000	74.000000	525.996400	888.028418	1.000000	41.098527
1.000000	36.000000	34.000000	232.000000	802.000000	61.000000	224.597416	793.187141	1.000000	42.386181
1.000000	37.000000	35.000000	427.000000	688.000000	53.000000	414.942768	674.582824	2.000000	43.346765
1.000000	38.000000	36.000000	210.000000	598.000000	41.000000	204.714752	601.926402	2.000000	44.083066
1.000000	39.000000	37.000000	296.000000	468.000000	32.000000	301.652944	462.696703	2.000000	45.297306
1.000000	40.000000	0.000000	243.000000	462.000000	31.000000	216.001115	460.131811	2.000000	45.969051
1.000000	41.000000	38.000000	234.000000	462.000000	31.000000	216.001115	460.131811	2.000000	46.657929
1.000000	42.000000	39.000000	625.000000	915.000000	75.000000	639.552547	913.217253	2.000000	48.577861
1.000000	43.000000	40.000000	631.000000	809.000000	65.000000	626.428361	796.791958	2.000000	49.144568
2.000000	1.000000	1.000000	352.000000	242.000000	12.000000	340.206495	230.982380	1.000000	2.369310
2.000000	2.000000	2.000000	423.000000	335.000000	23.000000	429.588821	340.276101	1.000000	3.185464
2.000000	3.000000	0.000000	354.000000	444.000000	32.000000	330.950270	454.282443	1.000000	3.865606
2.000000	4.000000	3.000000	343.000000	452.000000	32.000000	330.950270	454.282443	1.000000	4.697335
2.000000	5.000000	4.000000	416.000000	463.000000	33.000000	420.025447	467.899750	1.000000	5.265712
2.000000	6.000000	5.000000	300.000000	554.000000	42.000000	287.968577	565.779185	1.000000	6.248130
2.000000	7.000000	6.000000	173.000000	582.000000	41.000000	179.180921	591.192409	1.000000	6.954317
2.000000	8.000000	7.000000	339.000000	657.000000	52.000000	339.046407	658.867295	1.000000	7.905907
2.000000	9.000000	8.000000	631.000000	465.000000	35.000000	633.238516	462.959263	1.000000	9.298077
2.000000	10.000000	9.000000	790.000000	461.000000	36.000000	781.070789	450.806617	1.000000	10.281798
2.000000	11.000000	10.000000	737.000000	580.000000	46.000000	737.328283	583.194904	1.000000	11.057198
2.000000	12.000000	11.000000	776.000000	655.000000	56.000000	781.240914	661.610760	1.000000	11.697611
2.000000	13.000000	12.000000	992.000000	591.000000	48.000000	994.344348	587.882091	1.000000	12.544467
2.000000	14.000000	13.000000	1100.000000	699.000000	59.000000	1088.834168	703.324597	1.000000	13.402024
2.000000	15.000000	14.000000	1194.000000	931.000000	80.000000	1171.024187	927.471225	1.000000	14.720942
2.000000	16.000000	15.000000	1207.000000	450.000000	40.000000	1200.420395	439.787167	1.000000	15.762258
2.000000	17.000000	16.000000	1119.000000	392.000000	29.000000	1107.955865	376.913187	1.000000	16.537649
2.000000	18.000000	17.000000	859.000000	180.000000	7.000000	854.691357	164.008121	1.000000	19.033182
2.000000	19.000000	18.000000	962.000000	187.000000	8.000000	969.395213	175.815470	1.000000	19.696600
2.000000	20.000000	19.000000	956.000000	276.000000	18.000000	950.992110	264.714556	1.000000	20.369058
2.000000	21.000000	20.000000	1199.000000	251.000000	20.000000	1206.920349	255.146811	1.000000	22.425103
2.000000	22.000000	21.000000	1101.000000	175.000000	9.000000	1091.443459	170.213107	2.000000	23.200845
2.000000	23.000000	22.000000	976.000000	459.000000	38.000000	980.203747	458.182892	2.000000	25.097213
2.000000	24.000000	23.000000	878.000000	507.000000	37.000000	873.478832	505.086991	2.000000	25.769167
2.000000	25.000000	24.000000	897.000000	585.000000	47.000000	891.086247	594.008785	2.000000	26.240769
2.000000	26.000000	25.000000	853.000000	358.000000	27.000000	845.717833	363.508072	2.000000	27.257549
2.000000	27.000000	0.000000	772.000000	299.000000	16.000000	749.870451	286.669105	2.000000	28.016000
2.000000	28.000000	26.000000	760.000000	295.000000	16.000000	749.870451	286.669105	2.000000	28.618039
2.000000	29.000000	27.000000	763.000000	139.000000	6.000000	752.395411	131.139912	2.000000	29.464389
2.000000	30.000000	28.000000	893.000000	718.000000	57.000000	879.442735	712.017741	2.000000	30.584850
2.000000	31.000000	29.000000	1064.000000	757.000000	69.000000	1057.684109	756.660751	2.000000	31.777332
2.000000	32.000000	0.000000	1208.000000	768.000000	70.000000	1199.707512	793.896753	2.000000	32.240886
2.000000	33.000000	30.000000	1205.000000	786.000000	70.000000	1199.707512	793.896753	2.000000	33.000736
2.000000	34.000000	31.000000	849.000000	777.000000	67.000000	847.971141	785.280862	2.000000	34.864977
2.000000	35.000000	32.000000	575.000000	700.000000	54.000000	559.053698	686.557211	2.000000	35.977238
2.000000	36.000000	33.000000	528.000000	340.000000	24.000000	508.529027	338.891609	2.000000	37.721226
2.000000	37.000000	34.000000	451.000000	261.000000	13.000000	440.448339	239.294627	2.000000	38.785431
2.000000	38.000000	35.000000	457.000000	158.000000	3.000000	448.963435	142.061343	2.000000	39.441580
2.000000	39.000000	36.000000	312.000000	144.000000	2.000000	289.516663	135.403316	2.000000	40.416838
2.000000	40.000000	37.000000	194.000000	185.000000	1.000000	177.990505	186.501537	2.000000	41.929888
2.000000	41.000000	38.000000	405.000000	608.000000	43.000000	410.067804	604.994014	2.000000	43.824815
2.000000	42.000000	39.000000	439.000000	809.000000	63.000000	436.880859	816.073087	2.000000	45.392201
2.000000	43.000000	40.000000	192.000000	905.000000	71.000000	185.936151	914.947321	2.000000	46.536668
3.000000	1.000000	1.000000	430.000000	174.000000	3.000000	426.106400	177.122530	1.000000	1.444069
3.000000	2.000000	2.000000	349.000000	136.000000	2.000000	340.440489	132.633608	1.000000	2.180234
3.000000	3.000000	3.000000	429.000000	247.000000	13.000000	433.087329	249.838751	1.000000	2.940702
3.000000	4.000000	4.000000	211.000000	344.000000	21.000000	203.541238	342.001034	1.000000	3.932536
3.000000	5.000000	5.000000	418.000000	461.000000	33.000000	408.538486	452.873431	1.000000	4.988675
3.000000	6.000000	6.000000	570.000000	462.000000	34.000000	561.819163	456.110935	1.000000	5.643578
3.000000	7.000000	7.000000	615.000000	464.000000	35.000000	626.080054	456.001336	1.000000	6.299304
3.000000	8.000000	8.000000	765.000000	357.000000	26.000000	774.414675	346.065306	1.000000	6.915263
3.000000	9.000000	9.000000	858.000000	149.000000	7.000000	864.177821	154.620322	1.000000	7.653153
3.000000	10.000000	10.000000	952.000000	231.000000	18.000000	966.738136	238.008476	1.000000	8.548804
3.000000	11.000000	11.000000	1223.000000	457.000000	40.000000	1221.024574	456.087576	1.000000	9.755931
3.000000	12.000000	12.000000	1075.000000	544.000000	49.000000	1081.297121	543.369025	1.000000	10.620729
3.000000	13.000000	13.000000	974.000000	767.000000	68.000000	964.016705	772.302054	1.000000	11.788429
3.000000	14.000000	14.000000	1212.000000	900.000000	80.000000	1216.459946	904.998856	1.000000	12.643978
3.000000	15.000000	15.000000	640.000000	796.000000	65.000000	634.629968	800.332363	1.000000	13.739742
3.000000	16.000000	16.000000	460.000000	782.000000	63.000000	440.679461	779.949847	1.000000	14.651895
3.000000	17.000000	17.000000	421.000000	620.000000	43.000000	434.534312	610.694943	1.000000	15.451573
3.000000	18.000000	18.000000	534.000000	603.000000	44.000000	535.781108	591.262077	1.000000	16.355766
3.000000	19.000000	19.000000	228.000000	709.000000	51.000000	211.969204	714.435401	1.000000	17.381015
3.000000	20.000000	20.000000	239.000000	494.000000	31.000000	221.554868	488.499379	2.000000	18.325112
3.000000	21.000000	21.000000	197.000000	753.000000	61.000000	185.348951	764.272395	2.000000	19.236746
3.000000	22.000000	22.000000	284.000000	914.000000	72.000000	290.720788	906.628455	2.000000	20.331688
3.000000	23.000000	23.000000	409.000000	881.000000	73.000000	402.386700	861.958928	2.000000	20.933322
3.000000	24.000000	24.000000	419.000000	712.000000	53.000000	425.584195	689.536793	2.000000	21.723254
3.000000	25.000000	25.000000	235.000000	178.000000	1.000000	221.044944	171.619882	2.000000	23.461478
3.000000	26.000000	26.000000	618.000000	242.000000	15.000000	621.133709	233.670001	2.000000	24.508624
3.000000	27.000000	27.000000	746.000000	297.000000	16.000000	747.170904	281.951280	2.000000	25.172578
3.000000	28.000000	28.000000	996.000000	123.000000	8.000000	995.093527	119.961965	2.000000	26.205373
3.000000	29.000000	29.000000	1185.000000	123.000000	10.000000	1192.487741	126.038712	2.000000	26.900707
3.000000	30.000000	30.000000	1221.000000	262.000000	20.000000	1216.437429	277.178816	2.000000	27.843551
3.000000	31.000000	31.000000	1076.000000	274.000000	19.000000	1074.027823	272.235615	2.000000	28.621325
3.000000	32.000000	32.000000	1082.000000	463.000000	39.000000	1065.450044	458.423502	2.000000	29.571293
3.000000	33.000000	33.000000	1078.000000	656.000000	59.000000	1066.959408	666.298757	2.000000	30.628327
3.000000	34.000000	34.000000	976.000000	607.000000	48.000000	984.557242	606.844292	2.000000	32.077472
3.000000	35.000000	35.000000	887.000000	613.000000	47.000000	892.032907	611.419734	2.000000	32.980570
3.000000	36.000000	36.000000	882.000000	689.000000	57.000000	879.739875	705.588814	2.000000	33.573627
3.000000	37.000000	37.000000	1056.000000	792.000000	69.000000	1061.533154	798.628066	2.000000	34.491788
3.000000	38.000000	38.000000	1199.000000	712.000000	60.000000	1213.868482	701.780117	2.000000	35.205518
3.000000	39.000000	39.000000	760.000000	917.000000	76.000000	763.753041	911.629106	2.000000	36.524829
3.000000	40.000000	40.000000	566.000000	923.000000	74.000000	560.452474	922.492749	1.000000	43.557150
4.000000	1.000000	1.000000	1196.000000	147.000000	10.000000	1197.894889	146.098593	1.000000	4.137420
4.000000	2.000000	2.000000	1100.000000	233.000000	19.000000	1100.823709	242.274119	1.000000	5.097297
4.000000	3.000000	3.000000	1189.000000	285.000000	20.000000	1195.304975	279.816452	1.000000	5.951655
4.000000	4.000000	4.000000	1079.000000	357.000000	29.000000	1064.594139	365.507136	1.000000	6.784982
4.000000	5.000000	5.000000	1193.000000	345.000000	30.000000	1169.217785	338.077397	2.000000	7.713762
4.000000	6.000000	6.000000	1103.000000	126.000000	9.000000	1088.014443	123.849125	2.000000	9.368005
4.000000	7.000000	7.000000	734.000000	269.000000	16.000000	740.094630	267.942251	1.000000	10.455648
4.000000	8.000000	8.000000	532.000000	216.000000	14.000000	526.873146	224.906703	3.000000	11.473716
5.000000	1.000000	1.000000	962.000000	141.000000	8.000000	953.970560	128.593377	1.000000	1.771687
5.000000	2.000000	2.000000	1103.000000	351.000000	29.000000	1107.366663	348.784532	1.000000	2.922569
5.000000	3.000000	3.000000	978.000000	369.000000	28.000000	981.533660	372.248727	1.000000	3.699434
5.000000	4.000000	4.000000	981.000000	445.000000	38.000000	985.516259	436.257292	1.000000	4.372271
5.000000	5.000000	5.000000	1173.000000	445.000000	40.000000	1182.239211	437.749915	1.000000	5.004031
5.000000	6.000000	6.000000	1168.000000	588.000000	50.000000	1170.411392	595.647788	1.000000	5.803754
5.000000	7.000000	7.000000	976.000000	661.000000	58.000000	957.005832	656.399257	1.000000	7.026161
5.000000	8.000000	8.000000	954.000000	783.000000	68.000000	955.069152	791.595207	1.000000	7.923504
5.000000	9.000000	9.000000	1078.000000	907.000000	79.000000	1075.694372	901.707307	1.000000	9.266955
5.000000	10.000000	10.000000	1176.000000	918.000000	80.000000	1179.008924	922.238690	1.000000	10.026982
5.000000	11.000000	11.000000	751.000000	712.000000	56.000000	753.902769	706.645940	1.000000	11.490754
5.000000	12.000000	12.000000	739.000000	778.000000	66.000000	736.849342	782.192424	1.000000	12.202385
5.000000	13.000000	13.000000	743.000000	584.000000	46.000000	741.861162	570.893460	1.000000	13.211323
5.000000	14.000000	14.000000	427.000000	676.000000	53.000000	423.156577	673.546351	1.000000	14.035196
5.000000	15.000000	15.000000	452.000000	461.000000	33.000000	452.009178	466.321703	1.000000	14.779860
5.000000	16.000000	16.000000	550.000000	362.000000	24.000000	543.835870	359.987670	1.000000	15.362389
5.000000	17.000000	17.000000	515.000000	266.000000	14.000000	515.531333	259.653482	1.000000	15.986219
5.000000	18.000000	18.000000	315.000000	712.000000	52.000000	312.212901	717.928573	1.000000	17.180230
5.000000	19.000000	19.000000	188.000000	815.000000	61.000000	190.641526	824.056771	1.000000	18.051210
5.000000	20.000000	20.000000	208.000000	888.000000	71.000000	212.722691	893.272903	1.000000	19.146546
5.000000	21.000000	21.000000	440.000000	781.000000	63.000000	445.877027	780.095639	2.000000	20.508028
5.000000	22.000000	22.000000	526.000000	772.000000	64.000000	528.000088	770.239064	2.000000	21.723964
5.000000	23.000000	23.000000	536.000000	706.000000	54.000000	545.228513	686.033814	2.000000	22.442563
5.000000	24.000000	24.000000	660.000000	709.000000	55.000000	672.136993	700.430104	2.000000	23.299742
5.000000	25.000000	25.000000	653.000000	621.000000	45.000000	659.993944	608.483147	2.000000	24.020080
5.000000	26.000000	26.000000	546.000000	581.000000	44.000000	528.537113	567.337629	2.000000	24.851459
5.000000	27.000000	27.000000	548.000000	919.000000	74.000000	538.097794	908.606200	2.000000	26.003642
5.000000	28.000000	28.000000	726.000000	887.000000	76.000000	727.739942	880.412388	2.000000	27.003878
5.000000	29.000000	29.000000	849.000000	869.000000	77.000000	850.248484	863.445324	2.000000	27.683046
5.000000	30.000000	30.000000	877.000000	787.000000	67.000000	880.307595	772.342797	2.000000	28.370951
5.000000	31.000000	31.000000	979.000000	930.000000	78.000000	977.028059	931.696927	2.000000	29.179279
5.000000	32.000000	32.000000	1221.000000	797.000000	70.000000	1214.589185	787.805569	2.000000	30.291214
5.000000	33.000000	33.000000	1083.000000	233.000000	19.000000	1074.100985	239.900461	2.000000	32.523982
5.000000	34.000000	34.000000	892.000000	334.000000	27.000000	884.568728	331.498563	2.000000	33.459640
5.000000	35.000000	35.000000	637.000000	244.000000	15.000000	622.132436	235.293894	2.000000	34.514375
5.000000	36.000000	36.000000	429.000000	234.000000	13.000000	428.420070	225.836949	2.000000	35.914311
5.000000	37.000000	37.000000	307.000000	134.000000	2.000000	291.540831	134.633514	2.000000	36.939972
5.000000	38.000000	38.000000	217.000000	241.000000	11.000000	205.826254	245.363551	2.000000	38.108208
5.000000	39.000000	39.000000	304.000000	493.000000	32.000000	299.224887	501.247290	2.000000	39.243898
5.000000	40.000000	40.000000	726.000000	472.000000	36.000000	731.780068	464.377656	2.000000	41.082260
6.000000	1.000000	1.000000	207.000000	274.000000	11.000000	213.434637	263.901440	1.000000	1.802811
6.000000	2.000000	2.000000	184.000000	372.000000	21.000000	182.920369	380.218695	1.000000	2.649255
6.000000	3.000000	3.000000	194.000000	547.000000	41.000000	195.137408	552.886958	1.000000	3.377969
6.000000	4.000000	4.000000	331.000000	449.000000	32.000000	341.162582	449.720496	1.000000	4.091186
6.000000	5.000000	5.000000	318.000000	676.000000	52.000000	319.497769	670.877777	1.000000	4.985871
6.000000	6.000000	6.000000	435.000000	570.000000	43.000000	438.705849	572.377630	1.000000	5.786608
6.000000	7.000000	7.000000	559.000000	500.000000	34.000000	547.608014	499.046327	1.000000	6.378032
6.000000	8.000000	8.000000	616.000000	444.000000	35.000000	621.776570	440.097726	1.000000	7.169002
6.000000	9.000000	9.000000	561.000000	389.000000	24.000000	553.620545	371.127013	1.000000	8.041770
6.000000	10.000000	10.000000	567.000000	259.000000	14.000000	561.317355	256.594856	1.000000	8.754059
6.000000	11.000000	11.000000	654.000000	262.000000	15.000000	663.045642	261.819845	1.000000	9.537781
6.000000	12.000000	12.000000	877.000000	253.000000	17.000000	885.367929	251.319948	1.000000	10.538315
6.000000	13.000000	13.000000	963.000000	355.000000	28.000000	978.654778	368.204585	1.000000	11.331044
6.000000	14.000000	14.000000	901.000000	476.000000	37.000000	890.380220	474.200305	1.000000	12.242540
6.000000	15.000000	15.000000	1061.000000	456.000000	39.000000	1072.611587	453.482484	1.000000	13.883108
6.000000	16.000000	16.000000	1176.000000	436.000000	40.000000	1179.842147	437.884130	1.000000	16.066226
6.000000	17.000000	17.000000	759.000000	778.000000	66.000000	757.343972	768.444760	1.000000	18.025867
6.000000	18.000000	18.000000	770.000000	932.000000	76.000000	768.355065	930.172094	1.000000	18.691139
6.000000	19.000000	19.000000	529.000000	805.000000	64.000000	542.459019	802.259257	1.000000	19.850578
6.000000	20.000000	20.000000	667.000000	601.000000	45.000000	656.236865	598.693766	1.000000	21.033765
6.000000	21.000000	21.000000	200.000000	184.000000	1.000000	198.090821	184.423226	2.000000	22.362679
6.000000	22.000000	22.000000	429.000000	169.000000	3.000000	421.906815	163.190175	2.000000	23.617597
6.000000	23.000000	23.000000	781.000000	129.000000	6.000000	776.775083	127.723978	2.000000	24.994091
6.000000	24.000000	24.000000	866.000000	159.000000	7.000000	862.078976	161.600744	2.000000	25.610688
6.000000	25.000000	25.000000	986.000000	161.000000	8.000000	993.801870	161.993741	2.000000	26.265274
6.000000	26.000000	26.000000	1110.000000	363.000000	29.000000	1096.644495	365.434947	2.000000	27.330502
6.000000	27.000000	27.000000	1181.000000	384.000000	30.000000	1189.235882	383.932115	2.000000	27.930693
6.000000	28.000000	28.000000	1226.000000	112.000000	10.000000	1216.266900	119.106070	2.000000	29.978569
6.000000	29.000000	29.000000	1079.000000	608.000000	49.000000	1073.059558	606.182152	2.000000	31.395198
6.000000	30.000000	30.000000	1107.000000	665.000000	59.000000	1101.025492	677.252793	2.000000	31.962780
6.000000	31.000000	31.000000	993.000000	718.000000	58.000000	983.886974	718.706334	2.000000	32.570280
6.000000	32.000000	32.000000	1092.000000	935.000000	79.000000	1073.757435	931.393757	2.000000	33.657414
6.000000	33.000000	33.000000	1178.000000	879.000000	80.000000	1178.976573	866.877799	2.000000	34.401177
6.000000	34.000000	34.000000	884.000000	900.000000	77.000000	863.201726	892.995097	2.000000	35.571201
6.000000	35.000000	0.000000	683.000000	878.000000	75.000000	654.976097	874.443418	2.000000	36.443062
6.000000	36.000000	35.000000	670.000000	879.000000	75.000000	654.976097	874.443418	2.000000	37.609589
6.000000	37.000000	36.000000	534.000000	918.000000	74.000000	522.637967	931.570698	2.000000	38.259213
6.000000	38.000000	37.000000	337.000000	896.000000	72.000000	334.238755	895.033260	2.000000	39.466593
6.000000	39.000000	38.000000	242.000000	492.000000	31.000000	224.617769	486.967793	2.000000	41.387158
6.000000	40.000000	39.000000	315.000000	411.000000	22.000000	313.211832	395.603940	2.000000	42.281984
6.000000	41.000000	40.000000	427.000000	401.000000	23.000000	414.213438	393.997124	2.000000	43.505997
7.000000	1.000000	1.000000	567.000000	120.000000	4.000000	562.029902	118.379911	1.000000	1.753262
7.000000	2.000000	2.000000	319.000000	127.000000	2.000000	319.745903	130.033541	1.000000	2.434177
7.000000	3.000000	3.000000	317.000000	286.000000	12.000000	319.889480	288.183647	1.000000	3.328309
7.000000	4.000000	4.000000	291.000000	327.000000	22.000000	294.567806	336.041083	1.000000	4.089097
7.000000	5.000000	5.000000	554.000000	266.000000	14.000000	544.830462	263.632844	1.000000	5.042369
7.000000	6.000000	6.000000	847.000000	299.000000	17.000000	849.565013	293.331409	1.000000	6.201003
7.000000	7.000000	7.000000	1093.000000	138.000000	9.000000	1103.818661	138.991910	1.000000	7.041366
7.000000	8.000000	8.000000	1172.000000	181.000000	10.000000	1177.254133	186.705929	1.000000	7.745702
7.000000	9.000000	9.000000	1104.000000	581.000000	49.000000	1099.685773	589.092670	1.000000	9.160357
7.000000	10.000000	10.000000	983.000000	762.000000	68.000000	975.741977	777.632077	1.000000	10.106324
7.000000	11.000000	11.000000	871.000000	566.000000	47.000000	864.892514	570.472269	1.000000	11.329877
7.000000	12.000000	12.000000	747.000000	897.000000	76.000000	742.122505	909.619597	1.000000	12.320481
7.000000	13.000000	13.000000	635.000000	896.000000	75.000000	619.843413	901.978689	1.000000	12.986094
7.000000	14.000000	14.000000	632.000000	838.000000	65.000000	624.804247	825.148159	1.000000	13.593167
7.000000	15.000000	15.000000	523.000000	593.000000	44.000000	525.562569	601.583270	1.000000	14.753443
7.000000	16.000000	16.000000	453.000000	597.000000	43.000000	448.147042	602.001987	1.000000	15.416475
7.000000	17.000000	17.000000	436.000000	697.000000	53.000000	435.271573	698.177236	1.000000	15.986184
7.000000	18.000000	18.000000	208.000000	609.000000	41.000000	205.209616	608.241874	1.000000	17.912410
7.000000	19.000000	19.000000	222.000000	481.000000	31.000000	215.305600	484.394356	1.000000	18.465193
7.000000	20.000000	20.000000	445.000000	150.000000	3.000000	437.377434	159.421790	2.000000	20.370298
7.000000	21.000000	21.000000	1058.000000	365.000000	29.000000	1058.735012	358.340847	2.000000	22.713026
7.000000	22.000000	22.000000	988.000000	367.000000	28.000000	973.138570	367.189700	2.000000	23.216478
7.000000	23.000000	23.000000	1212.000000	473.000000	40.000000	1198.473393	480.508417	2.000000	24.010144
7.000000	24.000000	24.000000	1014.000000	553.000000	48.000000	1002.039856	548.410547	2.000000	25.169129
7.000000	25.000000	25.000000	1186.000000	778.000000	70.000000	1191.282157	783.285601	2.000000	26.200400
7.000000	26.000000	26.000000	1089.000000	806.000000	69.000000	1072.829197	812.944251	2.000000	26.944674
7.000000	27.000000	27.000000	1176.000000	920.000000	80.000000	1172.724861	925.686910	1.000000	28.008152
7.000000	28.000000	28.000000	996.000000	914.000000	78.000000	984.113540	914.552985	2.000000	28.937458
7.000000	29.000000	29.000000	866.000000	778.000000	67.000000	852.669054	787.862090	2.000000	29.730373
7.000000	30.000000	30.000000	851.000000	691.000000	57.000000	842.350013	679.482937	2.000000	30.328677
7.000000	31.000000	31.000000	742.000000	802.000000	66.000000	748.430505	809.992548	2.000000	30.921008
7.000000	32.000000	32.000000	678.000000	649.000000	55.000000	669.253022	656.383711	2.000000	31.929771
7.000000	33.000000	33.000000	737.000000	466.000000	36.000000	738.111516	470.857812	2.000000	32.888888
7.000000	34.000000	34.000000	547.000000	864.000000	74.000000	552.322952	866.894054	2.000000	34.464415
7.000000	35.000000	35.000000	504.000000	647.000000	54.000000	509.415537	656.087372	2.000000	35.440715
7.000000	36.000000	36.000000	313.000000	760.000000	62.000000	321.105054	758.893074	2.000000	37.321734
7.000000	37.000000	37.000000	393.000000	492.000000	33.000000	399.811623	487.408974	2.000000	38.208288
7.000000	38.000000	38.000000	522.000000	485.000000	34.000000	525.254384	477.339685	2.000000	39.081889
7.000000	39.000000	0.000000	286.000000	284.000000	11.000000	225.128370	257.203006	2.000000	40.098265
7.000000	40.000000	39.000000	224.000000	124.000000	1.000000	219.689544	133.379808	2.000000	42.312897
7.000000	41.000000	40.000000	225.000000	265.000000	11.000000	225.128370	257.203006	2.000000	43.584405
8.000000	1.000000	1.000000	338.000000	170.000000	2.000000	331.729310	161.399522	1.000000	1.406984
8.000000	2.000000	2.000000	187.000000	243.000000	11.000000	185.618616	259.768017	1.000000	2.133556
8.000000	3.000000	3.000000	670.000000	142.000000	5.000000	660.922579	135.625251	1.000000	3.542805
8.000000	4.000000	4.000000	759.000000	138.000000	6.000000	762.878852	131.657301	1.000000	4.213650
8.000000	5.000000	5.000000	1090.000000	282.000000	19.000000	1093.290715	285.669939	1.000000	5.605088
8.000000	6.000000	6.000000	1186.000000	152.000000	10.000000	1201.453090	147.667933	1.000000	6.439088
8.000000	7.000000	7.000000	676.000000	373.000000	25.000000	664.702297	376.148881	1.000000	7.910485
8.000000	8.000000	8.000000	753.000000	455.000000	36.000000	744.525061	462.897009	1.000000	8.590092
8.000000	9.000000	9.000000	870.000000	502.000000	37.000000	874.236588	505.021365	1.000000	9.462779
8.000000	10.000000	10.000000	732.000000	563.000000	46.000000	729.500691	563.159259	1.000000	10.140799
8.000000	11.000000	11.000000	755.000000	647.000000	56.000000	752.579921	661.646554	1.000000	10.679032
8.000000	12.000000	12.000000	1012.000000	651.000000	58.000000	993.998454	659.389750	1.000000	11.621088
8.000000	13.000000	13.000000	1203.000000	582.000000	50.000000	1207.311849	578.042995	1.000000	12.557200
8.000000	14.000000	14.000000	1104.000000	714.000000	59.000000	1099.311527	707.485989	1.000000	13.397100
8.000000	15.000000	15.000000	1198.000000	715.000000	60.000000	1185.092903	716.720328	1.000000	13.868855
8.000000	16.000000	16.000000	1196.000000	800.000000	70.000000	1185.956290	812.304068	1.000000	14.574049
8.000000	17.000000	17.000000	541.000000	709.000000	54.000000	549.307267	699.995101	1.000000	15.949643
8.000000	18.000000	18.000000	191.000000	599.000000	41.000000	195.285859	596.908910	1.000000	16.717139
8.000000	19.000000	19.000000	293.000000	511.000000	32.000000	299.115213	500.909718	1.000000	17.549963
8.000000	20.000000	20.000000	283.000000	255.000000	12.000000	287.841386	262.512072	2.000000	19.023065
8.000000	21.000000	21.000000	200.000000	324.000000	21.000000	204.492023	331.647423	2.000000	19.749536
8.000000	22.000000	22.000000	546.000000	179.000000	4.000000	542.876473	170.214923	2.000000	21.430606
8.000000	23.000000	23.000000	542.000000	268.000000	14.000000	532.471924	271.143626	2.000000	22.141714
8.000000	24.000000	24.000000	773.000000	288.000000	16.000000	768.192355	291.531644	2.000000	23.150030
8.000000	25.000000	25.000000	883.000000	293.000000	17.000000	885.933876	293.152853	2.000000	23.670852
8.000000	26.000000	26.000000	878.000000	374.000000	27.000000	866.994120	373.212727	2.000000	24.942345
8.000000	27.000000	27.000000	961.000000	441.000000	38.000000	952.692895	438.209775	2.000000	25.702508
8.000000	28.000000	28.000000	1086.000000	478.000000	39.000000	1079.779179	480.795487	2.000000	26.351049
8.000000	29.000000	29.000000	1172.000000	465.000000	40.000000	1167.726032	469.993105	2.000000	26.869336
8.000000	30.000000	30.000000	634.000000	451.000000	35.000000	618.716659	449.963544	2.000000	28.045046
8.000000	31.000000	31.000000	552.000000	558.000000	44.000000	549.274192	545.560429	2.000000	29.005631
8.000000	32.000000	32.000000	637.000000	657.000000	55.000000	637.400432	652.259192	2.000000	29.701509
8.000000	33.000000	33.000000	441.000000	703.000000	53.000000	423.601386	713.495560	2.000000	30.622647
8.000000	34.000000	34.000000	454.000000	910.000000	73.000000	448.242734	920.212932	2.000000	32.013122
8.000000	35.000000	35.000000	627.000000	826.000000	65.000000	631.967942	823.244943	2.000000	33.262376
8.000000	36.000000	36.000000	743.000000	761.000000	66.000000	748.317328	757.803051	2.000000	34.197141
8.000000	37.000000	37.000000	870.000000	761.000000	67.000000	870.076809	759.377448	2.000000	34.933189
8.000000	38.000000	38.000000	957.000000	793.000000	68.000000	965.056516	798.430609	2.000000	35.717633
8.000000	39.000000	39.000000	961.000000	909.000000	78.000000	963.725132	924.108860	2.000000	36.726156
8.000000	40.000000	40.000000	230.000000	894.000000	71.000000	228.226966	902.599097	1.000000	43.838688
9.000000	1.000000	1.000000	509.000000	136.000000	4.000000	511.493710	127.355081	1.000000	1.975943
9.000000	2.000000	2.000000	1074.000000	134.000000	9.000000	1077.489330	128.507077	1.000000	3.840142
9.000000	3.000000	3.000000	1202.000000	266.000000	20.000000	1211.060138	266.110651	1.000000	4.744825
9.000000	4.000000	4.000000	1224.000000	364.000000	30.000000	1216.543500	375.808421	1.000000	5.518970
9.000000	5.000000	5.000000	1099.000000	467.000000	39.000000	1095.611385	454.659886	1.000000	6.360847
9.000000	6.000000	6.000000	638.000000	343.000000	25.000000	636.577279	343.582478	1.000000	7.383113
9.000000	7.000000	7.000000	645.000000	437.000000	35.000000	650.363627	439.714610	1.000000	8.031918
9.000000	8.000000	8.000000	780.000000	439.000000	36.000000	761.552553	444.331594	1.000000	8.560307
9.000000	9.000000	9.000000	517.000000	375.000000	24.000000	515.640533	374.117792	1.000000	9.176845
9.000000	10.000000	10.000000	240.000000	372.000000	21.000000	221.248019	369.920578	1.000000	9.950934
9.000000	11.000000	11.000000	547.000000	574.000000	44.000000	553.344282	574.609079	1.000000	10.999018
9.000000	12.000000	12.000000	991.000000	614.000000	48.000000	992.546842	608.318302	1.000000	11.992834
9.000000	13.000000	13.000000	878.000000	684.000000	57.000000	876.479206	687.918736	1.000000	12.624718
9.000000	14.000000	14.000000	646.000000	689.000000	55.000000	636.034194	689.673989	1.000000	13.344776
9.000000	15.000000	15.000000	732.000000	806.000000	66.000000	728.062887	812.659355	1.000000	14.064677
9.000000	16.000000	16.000000	1111.000000	710.000000	59.000000	1103.838060	701.199203	1.000000	14.975461
9.000000	17.000000	17.000000	1175.000000	680.000000	60.000000	1174.350317	675.010221	1.000000	15.535583
9.000000	18.000000	18.000000	1111.000000	819.000000	69.000000	1106.832424	813.492731	1.000000	16.352376
9.000000	19.000000	19.000000	526.000000	870.000000	74.000000	527.369837	873.405462	1.000000	17.391578
9.000000	20.000000	20.000000	204.000000	828.000000	61.000000	196.808789	819.074083	1.000000	18.352005
9.000000	21.000000	21.000000	209.000000	281.000000	11.000000	216.702368	274.615004	2.000000	19.254679
9.000000	22.000000	22.000000	319.000000	115.000000	2.000000	320.391150	126.119530	2.000000	20.423801
9.000000	23.000000	23.000000	449.000000	169.000000	3.000000	440.982726	171.633529	2.000000	21.112538
9.000000	24.000000	24.000000	413.000000	254.000000	13.000000	418.273479	259.221070	2.000000	21.720417
9.000000	25.000000	25.000000	429.000000	339.000000	23.000000	432.149635	346.641275	2.000000	22.583746
9.000000	26.000000	26.000000	309.000000	451.000000	32.000000	305.678098	459.788941	2.000000	23.560458
9.000000	27.000000	27.000000	391.000000	476.000000	33.000000	398.159727	481.474917	2.000000	24.232915
9.000000	28.000000	28.000000	415.000000	537.000000	43.000000	419.887310	546.622539	2.000000	24.950684
9.000000	29.000000	29.000000	429.000000	665.000000	53.000000	438.085313	677.300851	2.000000	25.928283
9.000000	30.000000	30.000000	516.000000	682.000000	54.000000	509.516993	684.113624	2.000000	26.496301
9.000000	31.000000	31.000000	302.000000	809.000000	62.000000	294.477119	822.100108	2.000000	27.391176
9.000000	32.000000	32.000000	216.000000	879.000000	71.000000	213.792305	883.546468	2.000000	28.232173
9.000000	33.000000	33.000000	218.000000	675.000000	51.000000	221.206098	677.436946	2.000000	29.207733
9.000000	34.000000	34.000000	187.000000	561.000000	41.000000	197.273669	550.507156	2.000000	29.912705
9.000000	35.000000	35.000000	650.000000	243.000000	15.000000	645.542780	248.003810	2.000000	31.111500
9.000000	36.000000	36.000000	754.000000	361.000000	26.000000	751.012747	363.658285	2.000000	31.935685
9.000000	37.000000	37.000000	625.000000	892.000000	75.000000	623.489592	883.195307	2.000000	33.687752
9.000000	38.000000	38.000000	955.000000	664.000000	58.000000	953.628589	675.664018	2.000000	35.215987
9.000000	39.000000	39.000000	1069.000000	286.000000	19.000000	1069.933882	288.965585	2.000000	36.726987
9.000000	40.000000	40.000000	1222.000000	812.000000	70.000000	1207.508124	812.932488	2.000000	38.302635
10.000000	1.000000	1.000000	223.000000	152.000000	1.000000	216.355025	149.435074	1.000000	2.118829
10.000000	2.000000	2.000000	423.000000	259.000000	13.000000	420.579600	270.340145	1.000000	3.359759
10.000000	3.000000	3.000000	525.000000	228.000000	14.000000	513.199731	228.417113	1.000000	3.982989
10.000000	4.000000	4.000000	416.000000	331.000000	23.000000	400.626488	338.062511	1.000000	4.638523
10.000000	5.000000	5.000000	635.000000	183.000000	5.000000	629.952805	175.929714	1.000000	5.422568
10.000000	6.000000	6.000000	851.000000	235.000000	17.000000	864.039328	235.138427	1.000000	6.359212
10.000000	7.000000	7.000000	1071.000000	228.000000	19.000000	1075.004760	224.451114	1.000000	7.222713
10.000000	8.000000	8.000000	1170.000000	121.000000	10.000000	1171.076701	123.762919	1.000000	8.032378
10.000000	9.000000	9.000000	1179.000000	223.000000	20.000000	1170.467315	229.744460	2.000000	8.664001
10.000000	10.000000	10.000000	845.000000	147.000000	7.000000	838.167893	146.379471	2.000000	9.735839
10.000000	11.000000	11.000000	748.000000	390.000000	26.000000	750.137445	393.276274	1.000000	11.159975
10.000000	12.000000	12.000000	1101.000000	434.000000	39.000000	1092.145069	438.994470	1.000000	12.022430
10.000000	13.000000	13.000000	1182.000000	476.000000	40.000000	1191.202242	486.217943	2.000000	12.790600
10.000000	14.000000	14.000000	993.000000	441.000000	38.000000	984.101327	439.423920	2.000000	13.536339
10.000000	15.000000	15.000000	1084.000000	567.000000	49.000000	1079.926840	562.179137	2.000000	14.687303
10.000000	16.000000	16.000000	1198.000000	577.000000	50.000000	1188.156176	583.406723	2.000000	15.319103
10.000000	17.000000	17.000000	1116.000000	646.000000	59.000000	1103.096758	650.115739	2.000000	16.215142
10.000000	18.000000	18.000000	1192.000000	750.000000	70.000000	1185.720592	761.619948	2.000000	16.847411
10.000000	19.000000	19.000000	1221.000000	891.000000	80.000000	1219.405389	892.098824	2.000000	17.511074
10.000000	20.000000	20.000000	979.000000	914.000000	78.000000	967.849043	908.520709	2.000000	18.400409
10.000000	21.000000	21.000000	833.000000	678.000000	57.000000	837.638810	671.408852	1.000000	19.368243
10.000000	22.000000	22.000000	839.000000	490.000000	37.000000	847.056122	491.626576	1.000000	20.519067
10.000000	23.000000	23.000000	953.000000	678.000000	58.000000	955.060906	672.411120	2.000000	21.935993
10.000000	24.000000	24.000000	859.000000	774.000000	67.000000	861.817208	779.309438	2.000000	22.671313
10.000000	25.000000	25.000000	767.000000	888.000000	76.000000	769.141494	893.310508	1.000000	23.702859
10.000000	26.000000	26.000000	661.000000	921.000000	75.000000	644.687499	927.478942	2.000000	24.639168
10.000000	27.000000	27.000000	648.000000	707.000000	55.000000	653.838824	718.096111	1.000000	25.736151
10.000000	28.000000	28.000000	725.000000	569.000000	46.000000	727.721941	578.438317	1.000000	26.343441
10.000000	29.000000	29.000000	651.000000	555.000000	45.000000	657.553650	559.376736	1.000000	26.959317
10.000000	30.000000	30.000000	613.000000	273.000000	15.000000	620.311452	270.933815	2.000000	28.207986
10.000000	31.000000	31.000000	318.000000	476.000000	32.000000	315.417246	466.198069	2.000000	30.783168
10.000000	32.000000	32.000000	513.000000	342.000000	24.000000	514.603429	334.071403	2.000000	31.776667
10.000000	33.000000	33.000000	436.000000	568.000000	43.000000	438.287453	556.364893	2.000000	33.070691
10.000000	34.000000	34.000000	514.000000	496.000000	34.000000	514.805762	488.782602	2.000000	34.063174
10.000000	35.000000	35.000000	314.000000	567.000000	42.000000	303.725198	572.826932	1.000000	34.839693
10.000000	36.000000	36.000000	440.000000	664.000000	53.000000	439.541000	650.975112	2.000000	35.959253
10.000000	37.000000	37.000000	326.000000	831.000000	62.000000	308.021396	825.651592	1.000000	37.966919
10.000000	38.000000	38.000000	320.000000	856.000000	72.000000	308.017643	863.341949	1.000000	38.471916
10.000000	39.000000	39.000000	537.000000	919.000000	74.000000	531.223660	903.959626	1.000000	39.632405
10.000000	40.000000	40.000000	211.000000	769.000000	61.000000	204.764251	781.364645	2.000000	51.767546
11.000000	1.000000	1.000000	180.000000	268.000000	11.000000	178.060791	269.890316	1.000000	1.704012
11.000000	2.000000	2.000000	217.000000	378.000000	21.000000	215.618749	382.496594	1.000000	2.623992
11.000000	3.000000	0.000000	459.000000	378.000000	23.000000	441.013826	342.038123	2.000000	3.278523
11.000000	4.000000	3.000000	508.000000	375.000000	24.000000	514.800088	373.635991	1.000000	4.133984
11.000000	5.000000	4.000000	550.000000	173.000000	4.000000	539.529415	161.669874	1.000000	5.031760
11.000000	6.000000	5.000000	640.000000	162.000000	5.000000	649.232223	154.783711	1.000000	5.686917
11.000000	7.000000	6.000000	869.000000	141.000000	7.000000	861.608219	138.106969	1.000000	6.391336
11.000000	8.000000	7.000000	1159.000000	142.000000	10.000000	1170.715236	138.320358	1.000000	7.453772
11.000000	9.000000	8.000000	1214.000000	468.000000	40.000000	1206.584363	455.637444	1.000000	8.509975
11.000000	10.000000	9.000000	1078.000000	475.000000	39.000000	1085.674008	468.198203	1.000000	9.207820
11.000000	11.000000	10.000000	1096.000000	570.000000	49.000000	1091.587640	573.189704	1.000000	9.813824
11.000000	12.000000	11.000000	1117.000000	647.000000	59.000000	1104.200013	655.089320	1.000000	10.478095
11.000000	13.000000	12.000000	897.000000	659.000000	57.000000	882.290171	657.828139	1.000000	11.270547
11.000000	14.000000	13.000000	871.000000	466.000000	37.000000	864.361929	456.923769	1.000000	11.958744
11.000000	15.000000	14.000000	860.000000	347.000000	27.000000	849.257477	345.557860	1.000000	12.463784
11.000000	16.000000	15.000000	537.000000	607.000000	44.000000	546.124660	606.281737	1.000000	13.846325
11.000000	17.000000	16.000000	643.000000	767.000000	65.000000	647.231067	772.854676	1.000000	14.622118
11.000000	18.000000	17.000000	897.000000	868.000000	77.000000	877.929207	868.259205	1.000000	15.333804
11.000000	19.000000	18.000000	1073.000000	861.000000	79.000000	1077.612118	863.065011	1.000000	16.175022
11.000000	20.000000	19.000000	408.000000	812.000000	63.000000	406.849838	820.069376	1.000000	17.670359
11.000000	21.000000	20.000000	331.000000	804.000000	62.000000	315.186945	808.319186	1.000000	18.343944
11.000000	22.000000	21.000000	237.000000	805.000000	61.000000	224.001853	811.893887	2.000000	19.054220
11.000000	23.000000	22.000000	526.000000	818.000000	64.000000	510.269183	818.211301	2.000000	19.855489
11.000000	24.000000	23.000000	426.000000	715.000000	53.000000	420.857456	700.698591	2.000000	20.703682
11.000000	25.000000	24.000000	331.000000	667.000000	52.000000	327.901410	668.652064	2.000000	21.150584
11.000000	26.000000	25.000000	439.000000	555.000000	43.000000	440.505656	551.592249	2.000000	22.247428
11.000000	27.000000	26.000000	541.000000	673.000000	54.000000	549.779644	677.115753	2.000000	23.111353
11.000000	28.000000	27.000000	617.000000	585.000000	45.000000	620.862160	578.933547	2.000000	23.862183
11.000000	29.000000	28.000000	338.000000	354.000000	22.000000	327.500725	363.388718	2.000000	24.646512
11.000000	30.000000	29.000000	436.000000	341.000000	23.000000	441.013826	342.038123	2.000000	25.302453
11.000000	31.000000	0.000000	440.000000	297.000000	13.000000	450.299426	272.750459	2.000000	25.783529
11.000000	32.000000	30.000000	453.000000	276.000000	13.000000	450.299426	272.750459	2.000000	26.661780
11.000000	33.000000	31.000000	426.000000	138.000000	3.000000	418.612383	140.898951	2.000000	27.246365
11.000000	34.000000	32.000000	760.000000	221.000000	16.000000	756.163869	224.019161	2.000000	28.343621
11.000000	35.000000	33.000000	776.000000	190.000000	6.000000	782.133087	184.227016	2.000000	29.102918
11.000000	36.000000	34.000000	628.000000	293.000000	15.000000	621.523344	290.999260	2.000000	30.046343
11.000000	37.000000	35.000000	659.000000	364.000000	25.000000	665.921210	371.622361	2.000000	30.647657
11.000000	38.000000	36.000000	754.000000	685.000000	56.000000	746.483667	681.143409	2.000000	32.415559
11.000000	39.000000	37.000000	944.000000	602.000000	48.000000	948.077532	602.038951	2.000000	33.815882
11.000000	40.000000	38.000000	1090.000000	769.000000	69.000000	1078.401818	777.347904	2.000000	34.831459
11.000000	41.000000	39.000000	1193.000000	859.000000	80.000000	1185.953327	866.265813	2.000000	35.750767
11.000000	42.000000	40.000000	1109.000000	288.000000	19.000000	1110.370375	288.071907	2.000000	37.038014
12.000000	1.000000	1.000000	318.000000	178.000000	2.000000	306.739238	169.460451	1.000000	1.881993
12.000000	2.000000	2.000000	332.000000	246.000000	12.000000	332.701129	253.407702	1.000000	2.505160
12.000000	3.000000	3.000000	436.000000	286.000000	13.000000	430.457737	277.544169	1.000000	3.130585
12.000000	4.000000	4.000000	624.000000	241.000000	15.000000	627.852876	232.321123	1.000000	3.921816
12.000000	5.000000	5.000000	864.000000	177.000000	7.000000	849.576475	170.772239	1.000000	5.113938
12.000000	6.000000	6.000000	1089.000000	350.000000	29.000000	1094.640953	345.067611	1.000000	5.872823
12.000000	7.000000	7.000000	1176.000000	367.000000	30.000000	1172.267981	367.244275	1.000000	6.322109
12.000000	8.000000	8.000000	1110.000000	495.000000	39.000000	1090.850990	493.945625	1.000000	7.218861
12.000000	9.000000	9.000000	674.000000	386.000000	25.000000	663.046253	389.779848	1.000000	8.202639
12.000000	10.000000	10.000000	571.000000	442.000000	34.000000	558.906113	448.471548	1.000000	8.721129
12.000000	11.000000	11.000000	325.000000	366.000000	22.000000	322.434679	370.206471	1.000000	9.537307
12.000000	12.000000	12.000000	431.000000	550.000000	43.000000	438.198253	555.086645	1.000000	10.441564
12.000000	13.000000	13.000000	303.000000	597.000000	42.000000	304.361325	600.385844	1.000000	11.056979
12.000000	14.000000	14.000000	623.000000	715.000000	55.000000	630.324482	717.007160	1.000000	12.138883
12.000000	15.000000	15.000000	619.000000	749.000000	65.000000	620.173398	761.489832	1.000000	12.618169
12.000000	16.000000	16.000000	863.000000	777.000000	67.000000	855.564602	781.752205	1.000000	13.777924
12.000000	17.000000	17.000000	883.000000	719.000000	57.000000	883.525654	705.186388	1.000000	14.522779
12.000000	18.000000	18.000000	966.000000	919.000000	78.000000	957.981692	909.364691	1.000000	15.464941
12.000000	19.000000	19.000000	1182.000000	759.000000	70.000000	1180.709094	760.020323	1.000000	16.616862
12.000000	20.000000	20.000000	1204.000000	684.000000	60.000000	1203.816810	679.626493	1.000000	17.809504
12.000000	21.000000	21.000000	883.000000	913.000000	77.000000	882.229069	898.112583	2.000000	19.529407
12.000000	22.000000	22.000000	960.000000	252.000000	18.000000	952.385016	246.331347	2.000000	21.393398
12.000000	23.000000	23.000000	1062.000000	147.000000	9.000000	1064.994129	143.564837	2.000000	22.545745
12.000000	24.000000	24.000000	839.000000	275.000000	17.000000	842.762029	271.691104	2.000000	23.514242
12.000000	25.000000	25.000000	760.000000	250.000000	16.000000	754.165653	236.125639	2.000000	24.065045
12.000000	26.000000	26.000000	754.000000	180.000000	6.000000	754.910387	173.992850	2.000000	24.545241
12.000000	27.000000	27.000000	636.000000	173.000000	5.000000	621.104141	164.193505	2.000000	25.218136
12.000000	28.000000	28.000000	521.000000	243.000000	14.000000	518.816699	237.842413	2.000000	26.042953
12.000000	29.000000	29.000000	516.000000	378.000000	24.000000	515.298097	393.176532	2.000000	26.585167
12.000000	30.000000	30.000000	434.000000	404.000000	23.000000	437.922352	396.217657	2.000000	27.177755
12.000000	31.000000	31.000000	639.000000	444.000000	35.000000	643.982405	448.950716	2.000000	27.729490
12.000000	32.000000	32.000000	534.000000	561.000000	44.000000	536.788876	581.985113	2.000000	28.280897
12.000000	33.000000	33.000000	731.000000	580.000000	46.000000	732.397718	581.464479	2.000000	29.577643
12.000000	34.000000	34.000000	554.000000	792.000000	64.000000	551.438080	791.031598	2.000000	30.617053
12.000000	35.000000	35.000000	333.000000	749.000000	62.000000	330.510346	758.166253	2.000000	31.641845
12.000000	36.000000	36.000000	332.000000	681.000000	52.000000	328.687107	661.183122	2.000000	32.346818
12.000000	37.000000	37.000000	223.000000	778.000000	61.000000	202.415846	786.662761	2.000000	32.953946
12.000000	38.000000	38.000000	188.000000	903.000000	71.000000	182.164857	901.139121	2.000000	33.698081
12.000000	39.000000	39.000000	201.000000	301.000000	11.000000	200.099359	290.881382	2.000000	34.985235
12.000000	40.000000	40.000000	197.000000	148.000000	1.000000	198.169894	154.638702	2.000000	35.538041
13.000000	1.000000	1.000000	208.000000	245.000000	11.000000	196.332076	238.293891	1.000000	1.878114
13.000000	2.000000	2.000000	413.000000	384.000000	23.000000	410.666420	388.810354	1.000000	3.143930
13.000000	3.000000	3.000000	233.000000	387.000000	21.000000	224.754965	389.979561	1.000000	4.309941
13.000000	4.000000	4.000000	420.000000	453.000000	33.000000	423.606390	455.580449	1.000000	4.927044
13.000000	5.000000	5.000000	518.000000	475.000000	34.000000	519.813845	478.562632	1.000000	5.430818
13.000000	6.000000	6.000000	426.000000	582.000000	43.000000	424.900070	578.731184	1.000000	6.110405
13.000000	7.000000	7.000000	517.000000	708.000000	54.000000	511.018523	706.052072	1.000000	6.839011
13.000000	8.000000	8.000000	448.000000	792.000000	63.000000	445.179681	794.751421	1.000000	7.478668
13.000000	9.000000	9.000000	753.000000	803.000000	66.000000	758.378284	793.685501	1.000000	8.527274
13.000000	10.000000	10.000000	866.000000	468.000000	37.000000	866.382648	462.209418	1.000000	9.974556
13.000000	11.000000	11.000000	882.000000	256.000000	17.000000	889.916073	248.747527	1.000000	11.966741
13.000000	12.000000	12.000000	979.000000	292.000000	18.000000	968.181988	288.967417	1.000000	12.830354
13.000000	13.000000	13.000000	968.000000	360.000000	28.000000	961.975407	366.760918	1.000000	13.615726
13.000000	14.000000	14.000000	1109.000000	442.000000	39.000000	1099.060738	436.589729	1.000000	14.741853
13.000000	15.000000	15.000000	1156.000000	456.000000	40.000000	1168.313896	458.163898	1.000000	15.526044
13.000000	16.000000	16.000000	1065.000000	703.000000	59.000000	1068.827015	699.163548	1.000000	16.686188
13.000000	17.000000	17.000000	1181.000000	762.000000	70.000000	1177.990930	767.989324	1.000000	17.502533
13.000000	18.000000	18.000000	1213.000000	350.000000	30.000000	1220.774673	349.711080	1.000000	19.759391
13.000000	19.000000	19.000000	1218.000000	137.000000	10.000000	1218.259375	139.478066	1.000000	21.078409
13.000000	20.000000	20.000000	1108.000000	170.000000	9.000000	1105.800296	159.091299	2.000000	21.655622
13.000000	21.000000	21.000000	1114.000000	341.000000	29.000000	1106.752510	347.553222	2.000000	22.510956
13.000000	22.000000	22.000000	1220.000000	577.000000	50.000000	1216.330861	562.788245	2.000000	23.607409
13.000000	23.000000	23.000000	1165.000000	686.000000	60.000000	1170.573971	683.685453	2.000000	24.614990
13.000000	24.000000	24.000000	975.000000	674.000000	58.000000	982.972525	666.610753	2.000000	25.471912
13.000000	25.000000	25.000000	963.000000	443.000000	38.000000	967.216047	440.690647	2.000000	26.414394
13.000000	26.000000	26.000000	885.000000	359.000000	27.000000	891.556658	356.126655	2.000000	28.135712
13.000000	27.000000	27.000000	734.000000	248.000000	16.000000	743.060564	250.895201	2.000000	29.310301
13.000000	28.000000	28.000000	760.000000	331.000000	26.000000	742.074076	344.282483	2.000000	30.215818
13.000000	29.000000	29.000000	622.000000	143.000000	5.000000	623.179515	134.540643	2.000000	32.166147
13.000000	30.000000	30.000000	754.000000	554.000000	46.000000	750.923597	544.562348	2.000000	34.887577
13.000000	31.000000	31.000000	642.000000	573.000000	45.000000	622.789088	576.355933	2.000000	35.535280
13.000000	32.000000	0.000000	539.000000	590.000000	44.000000	512.554020	590.466494	2.000000	36.127040
13.000000	33.000000	32.000000	321.000000	568.000000	42.000000	308.527434	574.286644	2.000000	36.893973
13.000000	34.000000	33.000000	326.000000	488.000000	32.000000	319.515703	488.383461	2.000000	37.766267
13.000000	35.000000	34.000000	298.000000	403.000000	22.000000	295.004236	394.946133	2.000000	38.896041
13.000000	36.000000	35.000000	525.000000	599.000000	44.000000	512.554020	590.466494	2.000000	40.935408
13.000000	37.000000	36.000000	662.000000	826.000000	65.000000	641.020711	823.922535	2.000000	42.871628
13.000000	38.000000	37.000000	432.000000	862.000000	73.000000	430.760854	870.099345	2.000000	43.766935
13.000000	39.000000	38.000000	184.000000	469.000000	31.000000	190.104141	456.841758	2.000000	45.718252
13.000000	40.000000	39.000000	298.000000	915.000000	72.000000	292.659000	914.092800	2.000000	46.967171
13.000000	41.000000	40.000000	218.000000	912.000000	71.000000	217.730027	911.761649	1.000000	58.559957
14.000000	1.000000	1.000000	467.000000	254.000000	13.000000	451.857756	237.273148	1.000000	1.080103
14.000000	2.000000	2.000000	847.000000	184.000000	7.000000	856.130919	178.380641	1.000000	2.041729
14.000000	3.000000	3.000000	979.000000	176.000000	8.000000	964.203027	177.420395	1.000000	2.735434
14.000000	4.000000	4.000000	959.000000	283.000000	18.000000	956.568150	286.908726	1.000000	3.248907
14.000000	5.000000	5.000000	982.000000	351.000000	28.000000	980.597905	357.839582	1.000000	3.856240
14.000000	6.000000	6.000000	738.000000	375.000000	26.000000	751.445614	373.544204	1.000000	4.617477
14.000000	7.000000	0.000000	555.000000	382.000000	24.000000	530.049172	371.770718	1.000000	5.465184
14.000000	8.000000	7.000000	534.000000	383.000000	24.000000	530.049172	371.770718	1.000000	6.321343
14.000000	9.000000	8.000000	325.000000	474.000000	32.000000	318.946836	480.223283	1.000000	7.048666
14.000000	10.000000	9.000000	436.000000	474.000000	33.000000	420.464216	470.332377	1.000000	7.601756
14.000000	11.000000	10.000000	333.000000	547.000000	42.000000	331.897392	546.766366	1.000000	8.248326
14.000000	12.000000	11.000000	294.000000	646.000000	52.000000	298.089739	653.513775	1.000000	8.848167
14.000000	13.000000	12.000000	330.000000	780.000000	62.000000	339.202786	784.591844	1.000000	9.553146
14.000000	14.000000	13.000000	434.000000	802.000000	63.000000	426.652092	807.960574	1.000000	10.537030
14.000000	15.000000	14.000000	517.000000	848.000000	74.000000	513.922916	861.830839	1.000000	11.273749
14.000000	16.000000	15.000000	548.000000	781.000000	64.000000	555.386976	777.817949	1.000000	12.121672
14.000000	17.000000	16.000000	522.000000	590.000000	44.000000	518.052460	591.756423	1.000000	12.760629
14.000000	18.000000	17.000000	643.000000	652.000000	55.000000	639.381492	660.544361	1.000000	13.537729
14.000000	19.000000	18.000000	833.000000	494.000000	37.000000	837.728297	498.728779	1.000000	14.369229
14.000000	20.000000	19.000000	957.000000	893.000000	78.000000	954.428430	908.367717	1.000000	15.448074
14.000000	21.000000	20.000000	1197.000000	793.000000	70.000000	1199.843617	796.480692	1.000000	16.553730
14.000000	22.000000	21.000000	299.000000	242.000000	12.000000	298.414934	242.751798	2.000000	17.929389
14.000000	23.000000	22.000000	412.000000	140.000000	3.000000	423.339691	135.317270	2.000000	18.648369
14.000000	24.000000	23.000000	222.000000	277.000000	11.000000	227.640728	271.928326	2.000000	19.368646
14.000000	25.000000	24.000000	185.000000	351.000000	21.000000	181.508033	354.509423	2.000000	19.888754
14.000000	26.000000	25.000000	362.000000	356.000000	22.000000	340.758235	358.860771	2.000000	20.496036
14.000000	27.000000	26.000000	556.000000	177.000000	4.000000	551.985924	176.284788	2.000000	21.849281
14.000000	28.000000	27.000000	651.000000	262.000000	15.000000	656.295007	268.326699	2.000000	22.545634
14.000000	29.000000	28.000000	1090.000000	270.000000	19.000000	1091.344770	274.044857	2.000000	23.880661
14.000000	30.000000	29.000000	1204.000000	262.000000	20.000000	1206.515980	264.479187	2.000000	24.688668
14.000000	31.000000	30.000000	1100.000000	551.000000	49.000000	1088.290998	544.369111	2.000000	26.129634
14.000000	32.000000	31.000000	1203.000000	572.000000	50.000000	1188.347922	579.241936	2.000000	26.504497
14.000000	33.000000	32.000000	1206.000000	722.000000	60.000000	1199.125629	713.044922	2.000000	27.273350
14.000000	34.000000	33.000000	1062.000000	932.000000	79.000000	1060.615128	922.448384	2.000000	28.649756
14.000000	35.000000	34.000000	849.000000	559.000000	47.000000	854.377924	565.779785	2.000000	30.327764
14.000000	36.000000	35.000000	663.000000	543.000000	45.000000	661.441847	548.389584	2.000000	31.080452
14.000000	37.000000	36.000000	653.000000	511.000000	35.000000	643.153897	498.616621	2.000000	31.881686
14.000000	38.000000	0.000000	569.000000	488.000000	34.000000	546.619912	469.096386	2.000000	32.560375
14.000000	39.000000	37.000000	452.000000	392.000000	23.000000	435.562359	377.301906	2.000000	33.481274
14.000000	40.000000	38.000000	545.000000	460.000000	34.000000	546.619912	469.096386	2.000000	34.248674
14.000000	41.000000	39.000000	234.000000	573.000000	41.000000	229.057958	575.066649	2.000000	35.377063
14.000000	42.000000	40.000000	425.000000	706.000000	53.000000	414.563363	707.875782	2.000000	36.536944
15.000000	1.000000	1.000000	292.000000	232.000000	12.000000	294.802330	237.166984	1.000000	1.645299
15.000000	2.000000	2.000000	223.000000	152.000000	1.000000	215.800853	144.263889	1.000000	2.478410
15.000000	3.000000	3.000000	405.000000	149.000000	3.000000	405.880897	134.239481	1.000000	3.140964
15.000000	4.000000	4.000000	438.000000	272.000000	13.000000	449.543362	277.354747	1.000000	3.805126
15.000000	5.000000	5.000000	759.000000	290.000000	16.000000	762.390413	284.248584	1.000000	4.548748
15.000000	6.000000	6.000000	882.000000	237.000000	17.000000	885.227697	231.094261	1.000000	5.269699
15.000000	7.000000	7.000000	997.000000	229.000000	18.000000	998.408448	225.250515	1.000000	6.268837
15.000000	8.000000	8.000000	1095.000000	194.000000	9.000000	1099.384254	186.164281	1.000000	7.358249
15.000000	9.000000	9.000000	1082.000000	270.000000	19.000000	1074.729148	275.715777	1.000000	8.117703
15.000000	10.000000	10.000000	1190.000000	183.000000	10.000000	1176.018229	175.939396	1.000000	9.006094
15.000000	11.000000	11.000000	1104.000000	354.000000	29.000000	1097.046224	356.851321	1.000000	10.126728
15.000000	12.000000	12.000000	1172.000000	286.000000	20.000000	1172.653668	286.687121	2.000000	11.358642
15.000000	13.000000	13.000000	1115.000000	620.000000	49.000000	1111.528381	613.073769	1.000000	12.788860
15.000000	14.000000	14.000000	855.000000	817.000000	67.000000	845.901969	810.307974	1.000000	14.054741
15.000000	15.000000	15.000000	887.000000	669.000000	57.000000	887.306380	657.059253	1.000000	14.574431
15.000000	16.000000	16.000000	877.000000	466.000000	37.000000	883.577777	466.375526	1.000000	15.189382
15.000000	17.000000	17.000000	636.000000	590.000000	45.000000	633.961496	595.138591	1.000000	15.958509
15.000000	18.000000	18.000000	512.000000	549.000000	44.000000	515.178309	555.750218	1.000000	16.501467
15.000000	19.000000	19.000000	287.000000	584.000000	42.000000	290.502663	587.943728	1.000000	17.485509
15.000000	20.000000	20.000000	321.000000	768.000000	62.000000	306.942562	756.248739	1.000000	18.453646
15.000000	21.000000	21.000000	431.000000	725.000000	53.000000	418.907630	717.290594	1.000000	19.094243
15.000000	22.000000	22.000000	404.000000	401.000000	23.000000	400.236243	392.780584	2.000000	20.540726
15.000000	23.000000	23.000000	517.000000	243.000000	14.000000	523.665622	233.896081	2.000000	21.028835
15.000000	24.000000	24.000000	550.000000	144.000000	4.000000	553.136488	139.483392	2.000000	21.701401
15.000000	25.000000	25.000000	862.000000	156.000000	7.000000	863.823015	153.023479	2.000000	22.765740
15.000000	26.000000	26.000000	766.000000	384.000000	26.000000	775.127796	383.193425	2.000000	23.925806
15.000000	27.000000	0.000000	697.000000	374.000000	25.000000	667.954406	371.750551	2.000000	24.582643
15.000000	28.000000	27.000000	681.000000	373.000000	25.000000	667.954406	371.750551	2.000000	25.221177
15.000000	29.000000	28.000000	650.000000	480.000000	35.000000	632.381132	479.882027	2.000000	25.781869
15.000000	30.000000	29.000000	554.000000	479.000000	34.000000	538.739571	478.032675	2.000000	26.429070
15.000000	31.000000	30.000000	419.000000	771.000000	63.000000	399.530116	778.597066	2.000000	27.326060
15.000000	32.000000	31.000000	203.000000	591.000000	41.000000	206.956256	591.232345	2.000000	28.428913
15.000000	33.000000	32.000000	294.000000	933.000000	72.000000	297.348567	923.228688	2.000000	30.134706
15.000000	34.000000	33.000000	618.000000	725.000000	55.000000	624.132624	717.629510	2.000000	31.357229
15.000000	35.000000	34.000000	765.000000	765.000000	66.000000	771.352549	761.824831	2.000000	32.157431
15.000000	36.000000	35.000000	851.000000	628.000000	47.000000	846.919549	610.752636	2.000000	32.980913
15.000000	37.000000	36.000000	996.000000	791.000000	68.000000	981.646750	798.879633	2.000000	34.702295
15.000000	38.000000	37.000000	1113.000000	679.000000	59.000000	1111.333957	673.883387	2.000000	35.518712
15.000000	39.000000	38.000000	1167.000000	696.000000	60.000000	1168.860460	695.232613	2.000000	36.324865
15.000000	40.000000	39.000000	1211.000000	581.000000	50.000000	1211.517120	572.605038	2.000000	37.677757
15.000000	41.000000	40.000000	1198.000000	487.000000	40.000000	1196.591076	489.803912	2.000000	40.677357
16.000000	1.000000	1.000000	446.000000	137.000000	3.000000	442.379123	127.020405	1.000000	1.340713
16.000000	2.000000	2.000000	232.000000	317.000000	21.000000	229.511987	330.422586	1.000000	2.668771
16.000000	3.000000	3.000000	244.000000	186.000000	1.000000	229.155579	175.849129	2.000000	3.523973
16.000000	4.000000	4.000000	414.000000	239.000000	13.000000	418.335596	232.371153	2.000000	4.301549
16.000000	5.000000	5.000000	531.000000	267.000000	14.000000	528.229959	255.541556	2.000000	4.891776
16.000000	6.000000	6.000000	630.000000	237.000000	15.000000	631.721820	227.989643	1.000000	5.557610
16.000000	7.000000	7.000000	761.000000	243.000000	16.000000	771.582476	238.337764	1.000000	6.324634
16.000000	8.000000	8.000000	867.000000	285.000000	17.000000	869.688589	279.796934	2.000000	7.148259
16.000000	9.000000	9.000000	766.000000	133.000000	6.000000	761.658583	127.303585	1.000000	10.381667
16.000000	10.000000	10.000000	945.000000	126.000000	8.000000	949.537503	128.167490	2.000000	10.949838
16.000000	11.000000	11.000000	1069.000000	166.000000	9.000000	1080.545335	163.252741	2.000000	12.029199
16.000000	12.000000	12.000000	1225.000000	150.000000	10.000000	1219.008572	159.695435	2.000000	13.925436
16.000000	13.000000	13.000000	1182.000000	370.000000	30.000000	1178.456955	374.036495	1.000000	15.485404
16.000000	14.000000	14.000000	1237.000000	444.000000	40.000000	1218.875567	451.613714	1.000000	16.204320
16.000000	15.000000	15.000000	749.000000	396.000000	26.000000	736.563920	391.826136	1.000000	17.428634
16.000000	16.000000	16.000000	884.000000	472.000000	37.000000	887.002423	471.721204	1.000000	18.196979
16.000000	17.000000	17.000000	629.000000	466.000000	35.000000	628.324706	456.332898	1.000000	18.909796
16.000000	18.000000	18.000000	995.000000	546.000000	48.000000	982.757602	552.308826	1.000000	19.741095
16.000000	19.000000	19.000000	869.000000	384.000000	27.000000	854.293180	371.329884	2.000000	20.965078
16.000000	20.000000	20.000000	676.000000	382.000000	25.000000	670.276569	384.292553	2.000000	21.700286
16.000000	21.000000	21.000000	515.000000	493.000000	34.000000	518.209366	485.744882	1.000000	22.596777
16.000000	22.000000	22.000000	413.000000	393.000000	23.000000	405.680849	389.758303	1.000000	23.419940
16.000000	23.000000	23.000000	351.000000	393.000000	22.000000	337.837367	392.947262	2.000000	24.228895
16.000000	24.000000	24.000000	223.000000	485.000000	31.000000	211.825296	494.259834	1.000000	25.045366
16.000000	25.000000	25.000000	220.000000	553.000000	41.000000	214.861060	560.033901	2.000000	25.925400
16.000000	26.000000	26.000000	521.000000	589.000000	44.000000	526.080718	587.989526	2.000000	27.867651
16.000000	27.000000	27.000000	1222.000000	659.000000	60.000000	1205.820735	649.778221	1.000000	30.028401
16.000000	28.000000	28.000000	1091.000000	707.000000	59.000000	1075.828292	711.693748	1.000000	30.661219
16.000000	29.000000	29.000000	1210.000000	753.000000	70.000000	1214.031642	759.006078	2.000000	31.556831
16.000000	30.000000	30.000000	1097.000000	770.000000	69.000000	1088.193664	770.791236	1.000000	32.341331
16.000000	31.000000	31.000000	1087.000000	890.000000	79.000000	1084.614450	900.212402	1.000000	33.124228
16.000000	32.000000	32.000000	1005.000000	896.000000	78.000000	989.955638	901.850155	2.000000	34.069197
16.000000	33.000000	0.000000	1009.000000	757.000000	68.000000	983.097109	759.073274	2.000000	34.709703
16.000000	34.000000	33.000000	994.000000	756.000000	68.000000	983.097109	759.073274	2.000000	35.221854
16.000000	35.000000	34.000000	846.000000	870.000000	77.000000	844.110823	877.245845	2.000000	36.139844
16.000000	36.000000	35.000000	798.000000	786.000000	66.000000	780.529549	782.318534	2.000000	37.100835
16.000000	37.000000	36.000000	853.000000	584.000000	47.000000	857.499076	586.712196	2.000000	38.652158
16.000000	38.000000	37.000000	421.000000	819.000000	63.000000	422.238030	813.616742	1.000000	40.141150
16.000000	39.000000	38.000000	569.000000	702.000000	54.000000	556.531681	704.646355	2.000000	41.869137
16.000000	40.000000	39.000000	291.000000	870.000000	72.000000	292.149299	867.938279	2.000000	43.131707
16.000000	41.000000	40.000000	183.000000	793.000000	61.000000	183.830940	795.692360	1.000000	44.021540
17.000000	1.000000	1.000000	303.000000	252.000000	12.000000	307.730977	255.572734	1.000000	1.741274
17.000000	2.000000	2.000000	321.000000	174.000000	2.000000	310.524101	175.538598	2.000000	2.942486
17.000000	3.000000	3.000000	446.000000	221.000000	13.000000	440.905235	225.101889	2.000000	4.101566
17.000000	4.000000	4.000000	645.000000	147.000000	5.000000	641.429797	135.854157	1.000000	5.279046
17.000000	5.000000	5.000000	660.000000	290.000000	15.000000	657.426596	285.338560	2.000000	6.158208
17.000000	6.000000	6.000000	885.000000	243.000000	17.000000	881.875221	247.686775	1.000000	6.965976
17.000000	7.000000	7.000000	986.000000	188.000000	8.000000	994.691652	184.141381	1.000000	7.509418
17.000000	8.000000	8.000000	409.000000	389.000000	23.000000	410.166094	375.029529	2.000000	12.165410
17.000000	9.000000	9.000000	493.000000	384.000000	24.000000	509.201417	377.815055	2.000000	12.718921
17.000000	10.000000	10.000000	338.000000	383.000000	22.000000	314.936750	386.113681	2.000000	13.359133
17.000000	11.000000	11.000000	214.000000	468.000000	31.000000	192.804014	472.370395	2.000000	14.261500
17.000000	12.000000	12.000000	434.000000	501.000000	33.000000	426.680313	490.183651	1.000000	15.389887
17.000000	13.000000	13.000000	535.000000	447.000000	34.000000	525.882535	438.348155	1.000000	16.013632
17.000000	14.000000	14.000000	749.000000	344.000000	26.000000	747.185488	348.340229	1.000000	17.117371
17.000000	15.000000	15.000000	727.000000	452.000000	36.000000	727.732260	437.381310	1.000000	17.862353
17.000000	16.000000	16.000000	999.000000	353.000000	28.000000	1002.013122	346.941597	1.000000	18.798898
17.000000	17.000000	17.000000	992.000000	277.000000	18.000000	986.577393	282.538044	1.000000	19.221896
17.000000	18.000000	18.000000	1081.000000	472.000000	39.000000	1070.576280	468.500397	2.000000	20.461424
17.000000	19.000000	19.000000	1009.000000	599.000000	48.000000	991.565772	596.793035	2.000000	21.214994
17.000000	20.000000	20.000000	881.000000	503.000000	37.000000	873.129243	499.453662	2.000000	22.070472
17.000000	21.000000	21.000000	964.000000	684.000000	58.000000	972.731603	686.443282	2.000000	22.981193
17.000000	22.000000	22.000000	1102.000000	715.000000	59.000000	1109.958324	710.641797	1.000000	23.917374
17.000000	23.000000	23.000000	1208.000000	782.000000	70.000000	1201.486252	790.922067	2.000000	24.543239
17.000000	24.000000	24.000000	1217.000000	701.000000	60.000000	1207.178684	691.756212	2.000000	25.206440
17.000000	25.000000	25.000000	969.000000	796.000000	68.000000	957.891937	802.705103	2.000000	26.142053
17.000000	26.000000	26.000000	968.000000	871.000000	78.000000	967.686136	876.483356	1.000000	26.717381
17.000000	27.000000	27.000000	1107.000000	906.000000	79.000000	1103.601222	902.061254	1.000000	27.335101
17.000000	28.000000	28.000000	848.000000	916.000000	77.000000	847.323474	923.266341	1.000000	28.054863
17.000000	29.000000	29.000000	848.000000	799.000000	67.000000	843.711397	793.785142	2.000000	28.741298
17.000000	30.000000	30.000000	863.000000	676.000000	57.000000	860.259302	669.675208	1.000000	29.533615
17.000000	31.000000	31.000000	648.000000	940.000000	75.000000	631.920799	930.973186	2.000000	31.029221
17.000000	32.000000	32.000000	530.000000	758.000000	64.000000	520.799371	760.542335	2.000000	32.213526
17.000000	33.000000	33.000000	534.000000	606.000000	44.000000	531.323583	611.563883	2.000000	33.438576
17.000000	34.000000	34.000000	631.000000	600.000000	45.000000	639.146844	594.059732	2.000000	34.558506
17.000000	35.000000	35.000000	425.000000	678.000000	53.000000	415.860076	683.418373	1.000000	35.613709
17.000000	36.000000	36.000000	302.000000	689.000000	52.000000	298.516342	696.242748	2.000000	36.286483
17.000000	37.000000	37.000000	432.000000	913.000000	73.000000	423.112155	913.995786	1.000000	38.005131
17.000000	38.000000	38.000000	345.000000	783.000000	62.000000	333.870407	785.727347	1.000000	39.110963
17.000000	39.000000	39.000000	309.000000	892.000000	72.000000	301.659978	906.558249	1.000000	39.838727
17.000000	40.000000	40.000000	189.000000	706.000000	51.000000	194.518276	703.458181	1.000000	41.359105
18.000000	1.000000	1.000000	427.000000	267.000000	13.000000	430.848520	270.137313	1.000000	1.897612
18.000000	2.000000	2.000000	780.000000	343.000000	26.000000	768.674689	343.240526	1.000000	3.377726
18.000000	3.000000	0.000000	947.000000	268.000000	18.000000	956.177419	243.986731	1.000000	4.161930
18.000000	4.000000	3.000000	964.000000	250.000000	18.000000	956.177419	243.986731	1.000000	5.089699
18.000000	5.000000	4.000000	1103.000000	135.000000	9.000000	1094.565274	136.619871	1.000000	5.898526
18.000000	6.000000	5.000000	1194.000000	149.000000	10.000000	1184.819040	152.690468	2.000000	6.571140
18.000000	7.000000	6.000000	1191.000000	282.000000	20.000000	1181.350216	294.054771	2.000000	7.314362
18.000000	8.000000	7.000000	1184.000000	353.000000	30.000000	1184.579422	336.736249	1.000000	7.906397
18.000000	9.000000	8.000000	876.000000	270.000000	17.000000	880.757835	263.227584	2.000000	9.338477
18.000000	10.000000	9.000000	869.000000	344.000000	27.000000	871.182214	346.255484	2.000000	9.994105
18.000000	11.000000	10.000000	460.000000	192.000000	3.000000	449.368800	183.507914	2.000000	12.321977
18.000000	12.000000	11.000000	221.000000	247.000000	11.000000	204.277240	248.660790	2.000000	13.259061
18.000000	13.000000	12.000000	227.000000	395.000000	21.000000	231.026058	391.414742	1.000000	14.138407
18.000000	14.000000	13.000000	432.000000	386.000000	23.000000	417.837631	373.860289	2.000000	15.114712
18.000000	15.000000	14.000000	569.000000	404.000000	24.000000	557.503843	400.151638	2.000000	15.866282
18.000000	16.000000	15.000000	1075.000000	489.000000	39.000000	1080.325813	475.274035	1.000000	18.371596
18.000000	17.000000	16.000000	1098.000000	394.000000	29.000000	1099.603913	381.215023	1.000000	19.145805
18.000000	18.000000	17.000000	1073.000000	541.000000	49.000000	1070.191881	546.048608	1.000000	19.722119
18.000000	19.000000	18.000000	1197.000000	560.000000	50.000000	1199.215647	554.260435	2.000000	20.466431
18.000000	20.000000	19.000000	988.000000	484.000000	38.000000	982.011998	473.970172	2.000000	21.250053
18.000000	21.000000	20.000000	979.000000	608.000000	48.000000	975.365992	600.741404	1.000000	22.538416
18.000000	22.000000	21.000000	1104.000000	668.000000	59.000000	1103.800339	673.774437	1.000000	23.275629
18.000000	23.000000	22.000000	1228.000000	704.000000	60.000000	1218.663125	714.770610	1.000000	23.946652
18.000000	24.000000	23.000000	1184.000000	763.000000	70.000000	1168.706076	755.273610	1.000000	24.954796
18.000000	25.000000	24.000000	1100.000000	767.000000	69.000000	1099.563965	772.512804	2.000000	25.818475
18.000000	26.000000	25.000000	1088.000000	912.000000	79.000000	1075.997274	904.759823	1.000000	26.547128
18.000000	27.000000	26.000000	970.000000	931.000000	78.000000	958.666332	929.485063	2.000000	27.066307
18.000000	28.000000	27.000000	866.000000	875.000000	77.000000	862.533760	862.147076	2.000000	27.970459
18.000000	29.000000	0.000000	876.000000	716.000000	57.000000	877.560260	686.450836	2.000000	28.859272
18.000000	30.000000	28.000000	879.000000	702.000000	57.000000	877.560260	686.450836	2.000000	30.091641
18.000000	31.000000	29.000000	792.000000	494.000000	36.000000	782.233301	480.675197	2.000000	31.762426
18.000000	32.000000	30.000000	665.000000	502.000000	35.000000	660.121762	506.903418	2.000000	32.482961
18.000000	33.000000	31.000000	535.000000	890.000000	74.000000	533.820455	889.460332	2.000000	33.994993
18.000000	34.000000	32.000000	645.000000	877.000000	75.000000	635.715015	863.933691	2.000000	34.898069
18.000000	35.000000	33.000000	766.000000	889.000000	76.000000	770.186189	891.053753	1.000000	35.531678
18.000000	36.000000	34.000000	536.000000	800.000000	64.000000	525.900698	795.096974	1.000000	36.515252
18.000000	37.000000	35.000000	216.000000	670.000000	51.000000	203.351387	666.732539	2.000000	39.579062
18.000000	38.000000	36.000000	206.000000	762.000000	61.000000	204.000638	769.956223	1.000000	40.241932
18.000000	39.000000	37.000000	318.000000	864.000000	72.000000	319.992679	868.044499	1.000000	41.113570
18.000000	40.000000	38.000000	461.000000	614.000000	43.000000	447.834674	594.768886	1.000000	42.114663
18.000000	41.000000	39.000000	193.000000	499.000000	31.000000	181.610116	497.239080	1.000000	43.866508
18.000000	42.000000	40.000000	422.000000	689.000000	53.000000	428.138020	683.317076	2.000000	44.955712
19.000000	1.000000	1.000000	358.000000	197.000000	2.000000	342.457698	183.755957	1.000000	0.919773
19.000000	2.000000	2.000000	571.000000	152.000000	4.000000	560.650003	146.531142	1.000000	1.902035
19.000000	3.000000	3.000000	438.000000	151.000000	3.000000	435.174391	144.226937	2.000000	3.446305
19.000000	4.000000	4.000000	340.000000	215.000000	12.000000	335.089341	235.064108	2.000000	3.999130
19.000000	5.000000	5.000000	208.000000	238.000000	11.000000	211.021058	236.757488	2.000000	4.911460
19.000000	6.000000	6.000000	202.000000	129.000000	1.000000	193.712790	129.780948	2.000000	5.494465
19.000000	7.000000	7.000000	186.000000	360.000000	21.000000	186.238558	359.899652	1.000000	6.094340
19.000000	8.000000	8.000000	404.000000	383.000000	23.000000	407.544455	378.578712	1.000000	6.958806
19.000000	9.000000	9.000000	429.000000	555.000000	43.000000	415.895177	557.501664	1.000000	8.015565
19.000000	10.000000	10.000000	238.000000	471.000000	31.000000	225.694976	469.784466	2.000000	9.094672
19.000000	11.000000	11.000000	296.000000	929.000000	72.000000	298.758101	932.308519	1.000000	11.311352
19.000000	12.000000	12.000000	550.000000	685.000000	54.000000	547.260548	673.876292	1.000000	13.118784
19.000000	13.000000	13.000000	658.000000	755.000000	65.000000	663.948814	760.783680	1.000000	13.830041
19.000000	14.000000	14.000000	875.000000	570.000000	47.000000	866.038084	563.125576	1.000000	14.910562
19.000000	15.000000	15.000000	950.000000	666.000000	58.000000	960.472341	669.481846	1.000000	15.781845
19.000000	16.000000	16.000000	976.000000	806.000000	68.000000	973.223967	819.214001	1.000000	16.550082
19.000000	17.000000	17.000000	1067.000000	787.000000	69.000000	1067.852388	781.427172	1.000000	17.301783
19.000000	18.000000	18.000000	1080.000000	720.000000	59.000000	1081.645977	714.599626	1.000000	17.855004
19.000000	19.000000	19.000000	1077.000000	881.000000	79.000000	1072.774429	886.840396	2.000000	18.510817
19.000000	20.000000	20.000000	1239.000000	912.000000	80.000000	1220.726102	911.662023	2.000000	19.030120
19.000000	21.000000	21.000000	972.000000	871.000000	78.000000	970.176371	863.635161	2.000000	20.135314
19.000000	22.000000	22.000000	900.000000	893.000000	77.000000	882.690896	900.685912	2.000000	20.541795
19.000000	23.000000	23.000000	867.000000	815.000000	67.000000	856.830401	804.994757	2.000000	21.486376
19.000000	24.000000	24.000000	755.000000	766.000000	66.000000	756.460544	767.801626	2.000000	22.287022
19.000000	25.000000	0.000000	679.000000	897.000000	75.000000	654.493318	916.365331	2.000000	22.837909
19.000000	26.000000	25.000000	653.000000	906.000000	75.000000	654.493318	916.365331	2.000000	23.613944
19.000000	27.000000	26.000000	888.000000	667.000000	57.000000	889.312300	668.032210	2.000000	24.911727
19.000000	28.000000	27.000000	634.000000	597.000000	45.000000	632.732165	589.287694	2.000000	25.662455
19.000000	29.000000	28.000000	863.000000	483.000000	37.000000	858.403432	473.768350	2.000000	27.446423
19.000000	30.000000	29.000000	950.000000	496.000000	38.000000	952.332260	490.935798	2.000000	28.287330
19.000000	31.000000	30.000000	635.000000	457.000000	35.000000	624.793874	449.568383	2.000000	29.351328
19.000000	32.000000	31.000000	561.000000	286.000000	14.000000	557.940129	279.970530	2.000000	30.966063
19.000000	33.000000	32.000000	976.000000	275.000000	18.000000	970.504809	264.884390	1.000000	32.990238
19.000000	34.000000	33.000000	977.000000	335.000000	28.000000	979.524968	340.362223	1.000000	33.686555
19.000000	35.000000	34.000000	1071.000000	243.000000	19.000000	1074.131913	235.263220	1.000000	34.262608
19.000000	36.000000	35.000000	1104.000000	122.000000	9.000000	1098.103649	124.736982	1.000000	34.813610
19.000000	37.000000	36.000000	849.000000	140.000000	7.000000	846.770949	145.574442	2.000000	36.166926
19.000000	38.000000	37.000000	773.000000	148.000000	6.000000	759.514169	156.566468	2.000000	36.799333
19.000000	39.000000	38.000000	852.000000	388.000000	27.000000	860.119093	384.079000	1.000000	37.919776
19.000000	40.000000	39.000000	1178.000000	477.000000	40.000000	1171.126097	472.169837	1.000000	39.478499
19.000000	41.000000	40.000000	1108.000000	489.000000	39.000000	1097.957302	487.870026	1.000000	40.405610
20.000000	1.000000	1.000000	197.000000	125.000000	1.000000	197.434942	124.911428	1.000000	2.165321
20.000000	2.000000	2.000000	530.000000	139.000000	4.000000	530.134647	130.048048	1.000000	3.211952
20.000000	3.000000	3.000000	976.000000	175.000000	8.000000	984.833832	168.436204	1.000000	4.580931
20.000000	4.000000	4.000000	1071.000000	248.000000	19.000000	1073.090367	247.171287	1.000000	5.283131
20.000000	5.000000	5.000000	1183.000000	255.000000	20.000000	1198.082989	251.836557	2.000000	6.188646
20.000000	6.000000	6.000000	1170.000000	130.000000	10.000000	1167.817870	123.200167	2.000000	7.101161
20.000000	7.000000	7.000000	650.000000	274.000000	15.000000	646.615259	276.207074	1.000000	8.259812
20.000000	8.000000	8.000000	734.000000	285.000000	16.000000	741.001529	288.081575	2.000000	8.763922
20.000000	9.000000	9.000000	746.000000	354.000000	26.000000	740.399426	352.440287	2.000000	9.348583
20.000000	10.000000	10.000000	527.000000	241.000000	14.000000	520.791010	231.306430	1.000000	10.237459
20.000000	11.000000	11.000000	217.000000	254.000000	11.000000	201.676484	258.916950	2.000000	11.348718
20.000000	12.000000	12.000000	201.000000	372.000000	21.000000	197.609431	367.960119	1.000000	12.012769
20.000000	13.000000	13.000000	324.000000	376.000000	22.000000	321.002716	371.057326	1.000000	12.628515
20.000000	14.000000	14.000000	423.000000	346.000000	23.000000	424.819964	341.199050	1.000000	13.347900
20.000000	15.000000	15.000000	623.000000	461.000000	35.000000	618.716840	457.894820	2.000000	14.453179
20.000000	16.000000	16.000000	644.000000	394.000000	25.000000	653.217578	385.464532	1.000000	15.029209
20.000000	17.000000	17.000000	861.000000	370.000000	27.000000	861.968772	363.360237	2.000000	15.828330
20.000000	18.000000	18.000000	1114.000000	455.000000	39.000000	1104.150931	459.059573	1.000000	17.548367
20.000000	19.000000	19.000000	1224.000000	449.000000	40.000000	1213.013014	451.197875	2.000000	18.533324
20.000000	20.000000	20.000000	768.000000	490.000000	36.000000	746.510025	487.214983	1.000000	19.651839
20.000000	21.000000	21.000000	872.000000	579.000000	47.000000	866.576689	576.387419	1.000000	20.803642
20.000000	22.000000	22.000000	1076.000000	592.000000	49.000000	1083.393213	591.698672	2.000000	21.356414
20.000000	23.000000	23.000000	1122.000000	715.000000	59.000000	1112.085756	713.743049	2.000000	22.075599
20.000000	24.000000	24.000000	1217.000000	708.000000	60.000000	1219.141925	710.997775	2.000000	22.660758
20.000000	25.000000	25.000000	1093.000000	884.000000	79.000000	1078.745019	881.840905	2.000000	23.900455
20.000000	26.000000	26.000000	904.000000	706.000000	57.000000	891.011791	693.298834	2.000000	25.548478
20.000000	27.000000	27.000000	967.000000	785.000000	68.000000	964.724971	786.780048	1.000000	26.661241
20.000000	28.000000	28.000000	962.000000	883.000000	78.000000	960.624556	889.958607	1.000000	27.403779
20.000000	29.000000	29.000000	756.000000	859.000000	76.000000	734.729772	862.023547	2.000000	28.589259
20.000000	30.000000	30.000000	737.000000	766.000000	66.000000	728.116175	759.664000	2.000000	29.324663
20.000000	31.000000	31.000000	678.000000	879.000000	75.000000	671.554763	879.936795	1.000000	30.012237
20.000000	32.000000	32.000000	572.000000	874.000000	74.000000	552.550365	879.920102	1.000000	30.531776
20.000000	33.000000	33.000000	526.000000	802.000000	64.000000	525.280025	806.009257	1.000000	31.635795
20.000000	34.000000	34.000000	442.000000	553.000000	43.000000	436.189387	554.979388	1.000000	32.404277
20.000000	35.000000	35.000000	332.000000	758.000000	62.000000	328.125714	758.117662	1.000000	33.884538
20.000000	36.000000	36.000000	341.000000	907.000000	72.000000	341.315627	905.805067	2.000000	35.789296
20.000000	37.000000	37.000000	438.000000	884.000000	73.000000	435.671860	880.832431	2.000000	36.627754
20.000000	38.000000	38.000000	433.000000	764.000000	63.000000	429.004816	757.976651	2.000000	37.381362
20.000000	39.000000	39.000000	427.000000	719.000000	53.000000	423.176613	705.297848	2.000000	37.972090
20.000000	40.000000	40.000000	534.000000	683.000000	54.000000	535.761192	674.803582	2.000000	38.971597
21.000000	1.000000	1.000000	212.000000	127.000000	1.000000	201.052932	118.847655	1.000000	2.133682
21.000000	2.000000	2.000000	215.000000	246.000000	11.000000	213.629921	250.278373	2.000000	3.524606
21.000000	3.000000	3.000000	361.000000	235.000000	12.000000	339.197207	233.706912	2.000000	4.421128
21.000000	4.000000	4.000000	422.000000	271.000000	13.000000	434.715934	277.646240	2.000000	5.156738
21.000000	5.000000	5.000000	528.000000	243.000000	14.000000	525.400289	239.209756	1.000000	5.661330
21.000000	6.000000	6.000000	532.000000	183.000000	4.000000	529.808025	168.519900	1.000000	6.661290
21.000000	7.000000	7.000000	612.000000	256.000000	15.000000	621.579306	262.210009	2.000000	7.372855
21.000000	8.000000	8.000000	754.000000	222.000000	16.000000	757.721877	229.313647	1.000000	8.446622
21.000000	9.000000	9.000000	863.000000	235.000000	17.000000	866.129094	236.084596	1.000000	9.038240
21.000000	10.000000	10.000000	987.000000	249.000000	18.000000	991.036470	250.464640	2.000000	9.765055
21.000000	11.000000	11.000000	990.000000	191.000000	8.000000	991.385561	185.464453	2.000000	10.260929
21.000000	12.000000	12.000000	1056.000000	252.000000	19.000000	1058.324703	256.150030	1.000000	10.909932
21.000000	13.000000	13.000000	1215.000000	231.000000	20.000000	1207.360821	232.591290	2.000000	11.653092
21.000000	14.000000	14.000000	1184.000000	370.000000	30.000000	1187.424110	373.026945	1.000000	12.596439
21.000000	15.000000	15.000000	1066.000000	373.000000	29.000000	1058.931899	373.386159	1.000000	13.261387
21.000000	16.000000	16.000000	886.000000	382.000000	27.000000	876.262602	385.262037	1.000000	14.077967
21.000000	17.000000	17.000000	292.000000	380.000000	22.000000	293.658578	383.115363	2.000000	15.668718
21.000000	18.000000	18.000000	345.000000	448.000000	32.000000	336.997594	446.037207	2.000000	17.110617
21.000000	19.000000	19.000000	200.000000	444.000000	31.000000	195.703251	453.296277	1.000000	17.598417
21.000000	20.000000	20.000000	427.000000	473.000000	33.000000	414.921622	476.552559	1.000000	18.244902
21.000000	21.000000	0.000000	403.000000	539.000000	43.000000	400.438667	567.344911	1.000000	18.741349
21.000000	22.000000	21.000000	400.000000	568.000000	43.000000	400.438667	567.344911	1.000000	19.454348
21.000000	23.000000	22.000000	231.000000	757.000000	61.000000	227.805127	763.139235	1.000000	20.861581
21.000000	24.000000	23.000000	336.000000	911.000000	72.000000	338.574080	917.393225	2.000000	22.069101
21.000000	25.000000	24.000000	450.000000	758.000000	63.000000	451.697158	756.360349	2.000000	23.053356
21.000000	26.000000	25.000000	445.000000	677.000000	53.000000	445.119880	669.491577	2.000000	23.885704
21.000000	27.000000	26.000000	624.000000	502.000000	35.000000	617.629248	505.635350	2.000000	25.100777
21.000000	28.000000	27.000000	759.000000	470.000000	36.000000	751.373998	472.410133	1.000000	26.270183
21.000000	29.000000	28.000000	879.000000	488.000000	37.000000	879.126109	478.425905	2.000000	26.956436
21.000000	30.000000	29.000000	959.000000	510.000000	38.000000	962.667038	501.573361	2.000000	27.758496
21.000000	31.000000	30.000000	859.000000	611.000000	47.000000	862.123426	602.745062	2.000000	28.405516
21.000000	32.000000	31.000000	948.000000	597.000000	48.000000	960.106672	593.079211	1.000000	28.861154
21.000000	33.000000	32.000000	1060.000000	594.000000	49.000000	1077.070138	587.474821	1.000000	29.637025
21.000000	34.000000	33.000000	1184.000000	708.000000	60.000000	1189.896769	705.113345	2.000000	30.686702
21.000000	35.000000	34.000000	1211.000000	492.000000	40.000000	1219.160018	497.107426	1.000000	31.733409
21.000000	36.000000	35.000000	885.000000	690.000000	57.000000	887.494444	688.849182	2.000000	33.405799
21.000000	37.000000	36.000000	748.000000	665.000000	56.000000	733.316197	659.604342	2.000000	34.005312
21.000000	38.000000	37.000000	642.000000	616.000000	45.000000	641.673392	612.377490	2.000000	34.678624
21.000000	39.000000	38.000000	653.000000	671.000000	55.000000	657.795370	677.029020	1.000000	35.797325
21.000000	40.000000	39.000000	1182.000000	796.000000	70.000000	1186.217725	795.855194	1.000000	38.078076
21.000000	41.000000	40.000000	427.000000	874.000000	73.000000	426.140731	877.625199	1.000000	41.860600
