MultiTargForag_2	Participant_Code = 60
Search_Type = 1	CB_Targets = 1
Trial	Click_Num	Target_Click_Order	Click_X	Click_y	Item_selected	Item_X	Item_Y	Target_Set	RT
1.000000	1.000000	1.000000	210.000000	176.000000	1.000000	204.107390	166.662319	1.000000	1.532427
1.000000	2.000000	2.000000	433.000000	179.000000	3.000000	418.219701	179.370875	2.000000	2.202495
1.000000	3.000000	3.000000	677.000000	133.000000	5.000000	667.489805	127.997902	2.000000	3.106571
1.000000	4.000000	4.000000	739.000000	131.000000	6.000000	727.584273	127.009847	2.000000	3.610326
1.000000	5.000000	5.000000	571.000000	185.000000	4.000000	554.043906	185.704653	1.000000	4.554202
1.000000	6.000000	6.000000	881.000000	145.000000	7.000000	858.700134	136.082478	2.000000	5.601843
1.000000	7.000000	7.000000	1094.000000	185.000000	9.000000	1105.379958	181.253031	1.000000	6.490182
1.000000	8.000000	8.000000	1201.000000	247.000000	20.000000	1179.553457	244.990954	2.000000	7.042735
1.000000	9.000000	9.000000	1180.000000	387.000000	30.000000	1183.589720	375.912265	2.000000	7.907458
1.000000	10.000000	10.000000	1211.000000	460.000000	40.000000	1213.586246	470.940137	1.000000	8.811506
1.000000	11.000000	0.000000	1096.000000	480.000000	39.000000	1065.809575	475.188654	1.000000	9.466979
1.000000	12.000000	11.000000	1075.000000	475.000000	39.000000	1065.809575	475.188654	1.000000	10.147658
1.000000	13.000000	12.000000	1003.000000	460.000000	38.000000	991.586477	459.179948	2.000000	10.786461
1.000000	14.000000	13.000000	1208.000000	566.000000	50.000000	1213.059782	572.690780	2.000000	11.537431
1.000000	15.000000	14.000000	683.000000	384.000000	25.000000	667.165117	376.645666	2.000000	12.883161
1.000000	16.000000	15.000000	754.000000	342.000000	26.000000	772.198589	334.615156	1.000000	13.484057
1.000000	17.000000	16.000000	660.000000	447.000000	35.000000	671.661905	437.602570	1.000000	14.363595
1.000000	18.000000	17.000000	729.000000	469.000000	36.000000	730.936058	466.986954	1.000000	14.907810
1.000000	19.000000	18.000000	890.000000	593.000000	47.000000	877.884730	594.809068	1.000000	15.610340
1.000000	20.000000	19.000000	1071.000000	692.000000	59.000000	1087.137391	697.424880	1.000000	16.347957
1.000000	21.000000	20.000000	1084.000000	623.000000	49.000000	1075.407998	607.995290	2.000000	17.004023
1.000000	22.000000	21.000000	1014.000000	703.000000	58.000000	993.366938	695.424075	2.000000	17.753980
1.000000	23.000000	22.000000	861.000000	764.000000	67.000000	848.555052	772.105583	1.000000	18.482878
1.000000	24.000000	23.000000	775.000000	770.000000	66.000000	764.285959	777.164357	2.000000	18.955728
1.000000	25.000000	24.000000	645.000000	933.000000	75.000000	635.760827	930.216600	2.000000	19.795764
1.000000	26.000000	25.000000	431.000000	875.000000	73.000000	412.804282	871.829291	2.000000	20.787787
1.000000	27.000000	26.000000	508.000000	790.000000	64.000000	512.453882	778.766109	1.000000	21.586586
1.000000	28.000000	27.000000	432.000000	792.000000	63.000000	422.571927	787.795521	1.000000	22.298004
1.000000	29.000000	28.000000	328.000000	893.000000	72.000000	307.793425	901.643282	2.000000	23.043190
1.000000	30.000000	29.000000	178.000000	772.000000	61.000000	179.427453	776.043109	1.000000	24.227341
1.000000	31.000000	30.000000	302.000000	611.000000	42.000000	299.381838	611.242091	2.000000	25.755051
1.000000	32.000000	31.000000	306.000000	665.000000	52.000000	302.801019	652.743137	1.000000	26.483693
1.000000	33.000000	32.000000	206.000000	691.000000	51.000000	190.529986	699.661386	2.000000	27.147137
1.000000	34.000000	33.000000	396.000000	478.000000	33.000000	397.533987	465.797643	2.000000	28.283928
1.000000	35.000000	34.000000	251.000000	488.000000	31.000000	228.576699	489.876836	1.000000	28.882174
1.000000	36.000000	35.000000	528.000000	500.000000	34.000000	536.902600	494.924684	1.000000	30.570892
1.000000	37.000000	36.000000	548.000000	594.000000	44.000000	557.616446	604.162001	1.000000	31.283508
1.000000	38.000000	37.000000	657.000000	597.000000	45.000000	637.910344	593.122531	1.000000	31.810983
1.000000	39.000000	38.000000	537.000000	343.000000	24.000000	524.790907	334.256734	1.000000	33.563543
1.000000	40.000000	39.000000	436.000000	342.000000	23.000000	427.055333	339.406573	2.000000	34.179224
1.000000	41.000000	40.000000	650.000000	278.000000	15.000000	643.763008	260.951247	2.000000	35.507260
1.000000	1.000000	1.000000	201.000000	179.000000	1.000000	196.714929	179.925702	2.000000	2.242994
1.000000	2.000000	2.000000	321.000000	179.000000	2.000000	320.859168	184.547175	2.000000	3.236723
1.000000	3.000000	0.000000	237.000000	229.000000	11.000000	223.368783	260.294324	2.000000	3.892070
1.000000	4.000000	3.000000	232.000000	240.000000	11.000000	223.368783	260.294324	2.000000	4.475459
1.000000	5.000000	4.000000	424.000000	263.000000	13.000000	431.782740	266.578140	2.000000	5.266975
1.000000	6.000000	5.000000	518.000000	278.000000	14.000000	510.667689	285.619534	1.000000	5.747969
1.000000	7.000000	6.000000	567.000000	160.000000	4.000000	552.213689	151.836006	1.000000	6.355113
1.000000	8.000000	7.000000	619.000000	219.000000	15.000000	628.696691	227.549114	1.000000	6.900714
1.000000	9.000000	8.000000	673.000000	158.000000	5.000000	651.836120	168.358183	2.000000	7.322561
1.000000	10.000000	9.000000	748.000000	225.000000	16.000000	764.847228	233.711168	2.000000	7.995430
1.000000	11.000000	10.000000	771.000000	149.000000	6.000000	756.337296	135.839495	1.000000	8.556699
1.000000	12.000000	0.000000	542.000000	304.000000	24.000000	534.534960	334.837704	1.000000	9.356198
1.000000	13.000000	11.000000	744.000000	352.000000	26.000000	749.607058	360.018999	2.000000	10.138590
1.000000	14.000000	12.000000	868.000000	277.000000	17.000000	853.664951	280.719312	1.000000	10.660686
1.000000	15.000000	13.000000	1004.000000	284.000000	18.000000	1001.887871	289.512433	1.000000	11.427647
1.000000	16.000000	14.000000	1107.000000	368.000000	29.000000	1112.214765	387.245371	2.000000	12.044318
1.000000	17.000000	15.000000	1199.000000	362.000000	30.000000	1192.901065	367.895983	2.000000	12.603561
1.000000	18.000000	0.000000	1203.000000	417.000000	40.000000	1202.720759	461.684979	2.000000	13.115116
1.000000	19.000000	16.000000	1217.000000	453.000000	40.000000	1202.720759	461.684979	2.000000	13.724284
1.000000	20.000000	17.000000	1221.000000	571.000000	50.000000	1214.277074	586.269764	2.000000	14.258781
1.000000	21.000000	18.000000	1229.000000	671.000000	60.000000	1222.250957	693.535925	1.000000	14.803702
1.000000	22.000000	19.000000	1200.000000	914.000000	80.000000	1192.594920	903.143498	1.000000	15.948323
1.000000	23.000000	20.000000	1083.000000	933.000000	79.000000	1066.647583	928.315198	1.000000	16.539296
1.000000	24.000000	0.000000	1124.000000	701.000000	59.000000	1096.806961	684.928544	1.000000	17.316297
1.000000	25.000000	21.000000	1103.000000	677.000000	59.000000	1096.806961	684.928544	1.000000	18.131482
1.000000	26.000000	22.000000	970.000000	605.000000	48.000000	958.532464	604.833692	2.000000	18.715700
1.000000	27.000000	23.000000	879.000000	551.000000	47.000000	870.538004	551.480334	2.000000	19.315323
1.000000	28.000000	24.000000	786.000000	554.000000	46.000000	772.890518	569.423635	2.000000	19.819606
1.000000	29.000000	25.000000	845.000000	657.000000	57.000000	840.763323	657.987368	1.000000	20.403569
1.000000	30.000000	26.000000	964.000000	401.000000	28.000000	955.807819	399.318990	1.000000	21.338776
1.000000	31.000000	0.000000	768.000000	422.000000	36.000000	745.826053	440.286643	1.000000	22.068657
1.000000	32.000000	27.000000	756.000000	429.000000	36.000000	745.826053	440.286643	1.000000	22.860452
1.000000	33.000000	28.000000	771.000000	786.000000	66.000000	773.191412	799.945738	2.000000	24.074682
1.000000	34.000000	0.000000	672.000000	765.000000	65.000000	650.183039	779.710387	2.000000	24.731600
1.000000	35.000000	29.000000	659.000000	769.000000	65.000000	650.183039	779.710387	2.000000	25.444016
1.000000	36.000000	30.000000	667.000000	928.000000	75.000000	662.841043	927.513190	1.000000	26.356109
1.000000	37.000000	31.000000	523.000000	923.000000	74.000000	513.744745	924.615237	1.000000	27.347191
1.000000	38.000000	32.000000	442.000000	912.000000	73.000000	444.038334	918.058585	1.000000	27.962898
1.000000	39.000000	33.000000	317.000000	892.000000	72.000000	312.859668	912.464526	2.000000	29.163989
1.000000	40.000000	34.000000	331.000000	816.000000	62.000000	326.835259	825.694073	2.000000	30.027020
1.000000	41.000000	35.000000	668.000000	553.000000	45.000000	660.829933	563.461458	2.000000	31.555546
1.000000	42.000000	36.000000	534.000000	322.000000	24.000000	534.534960	334.837704	1.000000	33.467810
1.000000	43.000000	37.000000	566.000000	441.000000	34.000000	558.691380	451.394643	1.000000	34.348624
1.000000	44.000000	0.000000	345.000000	456.000000	32.000000	331.935528	483.325517	2.000000	35.347803
1.000000	45.000000	38.000000	342.000000	473.000000	32.000000	331.935528	483.325517	2.000000	36.018661
1.000000	46.000000	39.000000	178.000000	693.000000	51.000000	183.656699	694.824300	1.000000	37.963093
1.000000	47.000000	40.000000	204.000000	756.000000	61.000000	212.267544	762.502851	1.000000	38.676594
2.000000	1.000000	1.000000	311.000000	174.000000	2.000000	296.868722	174.238407	1.000000	1.338818
2.000000	2.000000	2.000000	333.000000	239.000000	12.000000	322.144715	252.739419	1.000000	1.827630
2.000000	3.000000	3.000000	466.000000	153.000000	3.000000	446.408189	140.360971	1.000000	2.899347
2.000000	4.000000	4.000000	447.000000	270.000000	13.000000	428.215508	264.219826	2.000000	3.346470
2.000000	5.000000	5.000000	359.000000	371.000000	22.000000	341.310596	361.288808	2.000000	4.123118
2.000000	6.000000	6.000000	183.000000	352.000000	21.000000	187.892157	353.653682	1.000000	5.010630
2.000000	7.000000	7.000000	291.000000	519.000000	32.000000	288.906785	498.892500	2.000000	6.274555
2.000000	8.000000	8.000000	534.000000	404.000000	24.000000	526.187070	396.199076	2.000000	7.770371
2.000000	9.000000	9.000000	757.000000	276.000000	16.000000	736.128628	268.237816	2.000000	8.715614
2.000000	10.000000	10.000000	874.000000	275.000000	17.000000	861.264357	265.208659	1.000000	9.570707
2.000000	11.000000	11.000000	854.000000	189.000000	7.000000	843.436771	176.740138	1.000000	10.498448
2.000000	12.000000	0.000000	1003.000000	289.000000	18.000000	978.096707	271.739497	1.000000	11.155737
2.000000	13.000000	12.000000	1084.000000	220.000000	19.000000	1090.174456	226.470668	1.000000	12.227438
2.000000	14.000000	13.000000	1082.000000	176.000000	9.000000	1073.614360	156.704930	1.000000	12.811698
2.000000	15.000000	14.000000	982.000000	267.000000	18.000000	978.096707	271.739497	1.000000	13.578504
2.000000	16.000000	15.000000	981.000000	362.000000	28.000000	977.847834	353.559758	2.000000	14.251180
2.000000	17.000000	16.000000	895.000000	389.000000	27.000000	887.870668	391.857839	1.000000	14.866563
2.000000	18.000000	17.000000	856.000000	444.000000	37.000000	843.972514	443.154292	2.000000	15.395877
2.000000	19.000000	18.000000	969.000000	154.000000	8.000000	978.633256	144.296394	2.000000	16.194318
2.000000	20.000000	19.000000	1186.000000	185.000000	10.000000	1195.702037	184.820391	2.000000	17.090045
2.000000	21.000000	20.000000	1205.000000	352.000000	30.000000	1195.466510	344.653994	2.000000	17.691129
2.000000	22.000000	21.000000	1071.000000	564.000000	49.000000	1070.305827	561.315053	2.000000	20.098835
2.000000	23.000000	0.000000	1010.000000	565.000000	48.000000	984.654420	566.223651	2.000000	20.482826
2.000000	24.000000	22.000000	995.000000	571.000000	48.000000	984.654420	566.223651	2.000000	21.523052
2.000000	25.000000	23.000000	1216.000000	589.000000	50.000000	1217.365965	592.523501	1.000000	22.499515
2.000000	26.000000	24.000000	1077.000000	670.000000	59.000000	1065.385367	675.804670	2.000000	23.130633
2.000000	27.000000	25.000000	1194.000000	815.000000	70.000000	1203.253700	825.794055	2.000000	23.971854
2.000000	28.000000	26.000000	1107.000000	891.000000	79.000000	1094.279277	901.990782	1.000000	25.146587
2.000000	29.000000	27.000000	985.000000	794.000000	68.000000	974.444395	786.048904	2.000000	26.235395
2.000000	30.000000	28.000000	843.000000	796.000000	67.000000	839.460421	802.047736	2.000000	26.843929
2.000000	31.000000	29.000000	877.000000	661.000000	57.000000	870.319757	650.843150	2.000000	27.508003
2.000000	32.000000	30.000000	857.000000	578.000000	47.000000	856.259056	594.692586	2.000000	28.019293
2.000000	33.000000	31.000000	762.000000	605.000000	46.000000	765.615378	607.118231	1.000000	28.882973
2.000000	34.000000	32.000000	678.000000	578.000000	45.000000	661.196814	585.459526	1.000000	29.353919
2.000000	35.000000	33.000000	742.000000	493.000000	36.000000	734.829648	487.045085	1.000000	30.162146
2.000000	36.000000	34.000000	527.000000	705.000000	54.000000	515.039584	702.181803	1.000000	31.083613
2.000000	37.000000	35.000000	654.000000	700.000000	55.000000	659.135154	688.816827	2.000000	31.723794
2.000000	38.000000	36.000000	506.000000	866.000000	74.000000	510.413124	867.018090	1.000000	32.539778
2.000000	39.000000	37.000000	441.000000	770.000000	63.000000	428.673401	774.741105	1.000000	33.050699
2.000000	40.000000	38.000000	297.000000	882.000000	72.000000	297.956075	891.077561	1.000000	34.146282
2.000000	41.000000	39.000000	306.000000	765.000000	62.000000	301.329280	765.789126	1.000000	34.730060
2.000000	42.000000	40.000000	292.000000	682.000000	52.000000	295.838428	689.672887	2.000000	35.283716
3.000000	1.000000	1.000000	203.000000	177.000000	1.000000	202.346842	186.684461	1.000000	0.992141
3.000000	2.000000	2.000000	311.000000	237.000000	12.000000	304.270333	245.367799	1.000000	1.607071
3.000000	3.000000	3.000000	436.000000	183.000000	3.000000	450.000508	178.343372	2.000000	2.846756
3.000000	4.000000	4.000000	616.000000	288.000000	15.000000	628.199160	294.473288	1.000000	3.726953
3.000000	5.000000	5.000000	658.000000	172.000000	5.000000	662.010612	169.393084	1.000000	4.694930
3.000000	6.000000	6.000000	765.000000	226.000000	16.000000	768.309522	228.820429	1.000000	5.438283
3.000000	7.000000	7.000000	989.000000	140.000000	8.000000	999.374053	136.230525	2.000000	6.296163
3.000000	8.000000	8.000000	1072.000000	141.000000	9.000000	1067.919840	133.189755	1.000000	6.854882
3.000000	9.000000	9.000000	1200.000000	254.000000	20.000000	1179.498504	250.002221	1.000000	7.808146
3.000000	10.000000	10.000000	1200.000000	358.000000	30.000000	1178.479446	360.497649	2.000000	8.607505
3.000000	11.000000	11.000000	1099.000000	355.000000	29.000000	1100.335812	352.770539	2.000000	9.391633
3.000000	12.000000	12.000000	1125.000000	461.000000	39.000000	1108.007531	462.289428	2.000000	9.975740
3.000000	13.000000	13.000000	1182.000000	493.000000	40.000000	1174.521317	500.095807	1.000000	10.431463
3.000000	14.000000	14.000000	1238.000000	582.000000	50.000000	1222.365060	589.842359	1.000000	10.871283
3.000000	15.000000	15.000000	1209.000000	669.000000	60.000000	1195.114476	663.620211	2.000000	11.623669
3.000000	16.000000	16.000000	1118.000000	610.000000	49.000000	1102.639341	593.809870	1.000000	12.430279
3.000000	17.000000	17.000000	984.000000	548.000000	48.000000	977.833463	546.938305	2.000000	13.318515
3.000000	18.000000	18.000000	972.000000	461.000000	38.000000	965.749444	459.937701	2.000000	14.183056
3.000000	19.000000	19.000000	957.000000	403.000000	28.000000	950.905466	384.807989	1.000000	14.926268
3.000000	20.000000	20.000000	1102.000000	719.000000	59.000000	1092.746848	713.239662	1.000000	16.032182
3.000000	21.000000	21.000000	1207.000000	778.000000	70.000000	1206.737212	776.761526	1.000000	16.639219
3.000000	22.000000	22.000000	1180.000000	902.000000	80.000000	1168.507377	895.717742	2.000000	17.471020
3.000000	23.000000	23.000000	968.000000	764.000000	68.000000	972.677341	760.264753	2.000000	19.710819
3.000000	24.000000	0.000000	904.000000	755.000000	67.000000	874.556467	755.801703	2.000000	20.126410
3.000000	25.000000	24.000000	885.000000	742.000000	67.000000	874.556467	755.801703	2.000000	20.575663
3.000000	26.000000	25.000000	865.000000	664.000000	57.000000	844.946591	656.008192	2.000000	21.182194
3.000000	27.000000	26.000000	778.000000	694.000000	56.000000	760.671882	708.285286	1.000000	21.678242
3.000000	28.000000	27.000000	973.000000	925.000000	78.000000	975.431285	932.146389	1.000000	22.775548
3.000000	29.000000	28.000000	637.000000	666.000000	55.000000	631.875041	674.439857	1.000000	23.582506
3.000000	30.000000	29.000000	650.000000	758.000000	65.000000	650.018139	775.512186	2.000000	24.078119
3.000000	31.000000	30.000000	556.000000	700.000000	54.000000	540.999058	702.870183	1.000000	24.742724
3.000000	32.000000	31.000000	506.000000	863.000000	74.000000	514.341167	875.089427	2.000000	25.527855
3.000000	33.000000	32.000000	332.000000	772.000000	62.000000	328.326983	789.332202	1.000000	26.416324
3.000000	34.000000	0.000000	289.000000	865.000000	72.000000	300.098419	888.137676	2.000000	26.839161
3.000000	35.000000	33.000000	302.000000	898.000000	72.000000	300.098419	888.137676	2.000000	27.702987
3.000000	36.000000	34.000000	236.000000	790.000000	61.000000	217.788170	794.093648	2.000000	28.302099
3.000000	37.000000	35.000000	411.000000	657.000000	53.000000	401.131839	663.934066	2.000000	29.406469
3.000000	38.000000	36.000000	319.000000	653.000000	52.000000	307.609441	660.962858	1.000000	29.864017
3.000000	39.000000	37.000000	452.000000	560.000000	43.000000	448.013311	563.124066	1.000000	30.582900
3.000000	40.000000	38.000000	300.000000	491.000000	32.000000	289.182726	495.346030	2.000000	31.367044
3.000000	41.000000	39.000000	543.000000	453.000000	34.000000	537.511915	437.484360	2.000000	33.910931
3.000000	42.000000	40.000000	642.000000	392.000000	25.000000	629.588426	380.990871	2.000000	35.072314
4.000000	1.000000	1.000000	237.000000	235.000000	11.000000	230.576621	236.166314	1.000000	1.919951
4.000000	2.000000	2.000000	303.000000	247.000000	12.000000	291.701959	252.979790	2.000000	3.102399
4.000000	3.000000	3.000000	421.000000	285.000000	13.000000	432.395155	292.085328	1.000000	3.687276
4.000000	4.000000	4.000000	438.000000	315.000000	23.000000	438.552067	332.777476	2.000000	4.382441
4.000000	5.000000	5.000000	560.000000	156.000000	4.000000	550.712478	165.631973	1.000000	5.064006
4.000000	6.000000	6.000000	738.000000	238.000000	16.000000	742.062234	235.920569	2.000000	6.512188
4.000000	7.000000	7.000000	895.000000	252.000000	17.000000	888.574961	257.402020	1.000000	7.448077
4.000000	8.000000	8.000000	1059.000000	139.000000	9.000000	1063.469888	147.674318	2.000000	8.767705
4.000000	9.000000	9.000000	1186.000000	189.000000	10.000000	1192.478957	188.640314	2.000000	9.374343
4.000000	10.000000	10.000000	1197.000000	215.000000	20.000000	1197.449286	237.688030	2.000000	9.767283
4.000000	11.000000	11.000000	1207.000000	361.000000	30.000000	1196.251608	362.273840	2.000000	10.405862
4.000000	12.000000	0.000000	1208.000000	464.000000	40.000000	1194.216684	497.792526	2.000000	11.142649
4.000000	13.000000	12.000000	1200.000000	482.000000	40.000000	1194.216684	497.792526	2.000000	11.831154
4.000000	14.000000	13.000000	1094.000000	383.000000	29.000000	1088.553033	392.010194	1.000000	12.791032
4.000000	15.000000	14.000000	1013.000000	453.000000	38.000000	1001.867857	469.146936	1.000000	13.326457
4.000000	16.000000	15.000000	868.000000	377.000000	27.000000	847.049911	375.641528	1.000000	14.311429
4.000000	17.000000	16.000000	678.000000	355.000000	25.000000	665.584813	356.336389	2.000000	14.933940
4.000000	18.000000	17.000000	427.000000	422.000000	33.000000	429.656756	442.179900	2.000000	15.910190
4.000000	19.000000	0.000000	226.000000	414.000000	31.000000	228.242952	439.667697	1.000000	16.517852
4.000000	20.000000	18.000000	241.000000	434.000000	31.000000	228.242952	439.667697	1.000000	17.758249
4.000000	21.000000	19.000000	504.000000	474.000000	34.000000	511.962273	478.308823	1.000000	18.806522
4.000000	22.000000	20.000000	749.000000	553.000000	46.000000	729.318281	554.517978	2.000000	19.495049
4.000000	23.000000	21.000000	774.000000	497.000000	36.000000	764.967772	491.509932	1.000000	20.390951
4.000000	24.000000	22.000000	864.000000	552.000000	47.000000	853.543592	559.785505	1.000000	22.503632
4.000000	25.000000	23.000000	996.000000	591.000000	48.000000	996.609318	600.530903	1.000000	23.208017
4.000000	26.000000	24.000000	1094.000000	594.000000	49.000000	1094.937406	596.696598	2.000000	23.751859
4.000000	27.000000	25.000000	1207.000000	792.000000	70.000000	1201.193769	790.497960	2.000000	24.606546
4.000000	28.000000	26.000000	1203.000000	898.000000	80.000000	1192.595432	911.637378	2.000000	25.382834
4.000000	29.000000	27.000000	1071.000000	714.000000	59.000000	1060.980187	719.234982	1.000000	26.639395
4.000000	30.000000	28.000000	863.000000	809.000000	67.000000	855.143483	817.822776	2.000000	27.438354
4.000000	31.000000	29.000000	855.000000	890.000000	77.000000	853.128666	895.081120	1.000000	28.061911
4.000000	32.000000	30.000000	755.000000	894.000000	76.000000	742.761460	903.852664	2.000000	28.599930
4.000000	33.000000	31.000000	639.000000	859.000000	75.000000	640.810471	865.114842	1.000000	29.943164
4.000000	34.000000	32.000000	564.000000	829.000000	64.000000	550.083405	819.674721	1.000000	30.558204
4.000000	35.000000	33.000000	754.000000	653.000000	56.000000	749.507635	649.674621	2.000000	31.671674
4.000000	36.000000	34.000000	636.000000	647.000000	55.000000	630.355857	652.352800	2.000000	32.846668
4.000000	37.000000	0.000000	548.000000	649.000000	54.000000	520.940352	663.844772	1.000000	33.447120
4.000000	38.000000	35.000000	526.000000	660.000000	54.000000	520.940352	663.844772	1.000000	34.309909
4.000000	39.000000	0.000000	448.000000	677.000000	53.000000	429.262229	699.473181	2.000000	34.823567
4.000000	40.000000	36.000000	432.000000	696.000000	53.000000	429.262229	699.473181	2.000000	35.455416
4.000000	41.000000	37.000000	339.000000	700.000000	52.000000	340.571666	708.230292	1.000000	36.149800
4.000000	42.000000	38.000000	337.000000	780.000000	62.000000	341.481736	795.793514	2.000000	37.109908
4.000000	43.000000	39.000000	227.000000	860.000000	71.000000	220.288349	867.887721	1.000000	37.896091
4.000000	44.000000	40.000000	428.000000	919.000000	73.000000	427.665679	921.918870	1.000000	39.367995
5.000000	1.000000	1.000000	339.000000	264.000000	12.000000	326.130218	275.005834	1.000000	1.431879
5.000000	2.000000	2.000000	350.000000	193.000000	2.000000	333.791476	182.811239	2.000000	2.441317
5.000000	3.000000	3.000000	431.000000	171.000000	3.000000	421.628801	153.479905	2.000000	3.488786
5.000000	4.000000	4.000000	535.000000	268.000000	14.000000	530.582127	258.450101	2.000000	4.455166
5.000000	5.000000	5.000000	743.000000	149.000000	6.000000	748.006219	142.419019	1.000000	5.895552
5.000000	6.000000	6.000000	836.000000	153.000000	7.000000	848.232349	146.262723	1.000000	6.480170
5.000000	7.000000	7.000000	932.000000	139.000000	8.000000	956.145879	133.202550	2.000000	7.135712
5.000000	8.000000	8.000000	1116.000000	172.000000	9.000000	1100.468004	182.766395	2.000000	7.655107
5.000000	9.000000	9.000000	1085.000000	225.000000	19.000000	1076.210309	227.946917	1.000000	8.441347
5.000000	10.000000	10.000000	1178.000000	238.000000	20.000000	1175.982654	241.138444	1.000000	8.968985
5.000000	11.000000	11.000000	1215.000000	185.000000	10.000000	1217.995781	187.242582	2.000000	9.457275
5.000000	12.000000	12.000000	886.000000	341.000000	27.000000	888.997190	346.047387	1.000000	10.824599
5.000000	13.000000	13.000000	668.000000	265.000000	15.000000	656.749723	260.098773	1.000000	11.648757
5.000000	14.000000	14.000000	654.000000	353.000000	25.000000	639.849389	357.171034	1.000000	12.103955
5.000000	15.000000	15.000000	523.000000	341.000000	24.000000	509.230870	340.376885	2.000000	12.927304
5.000000	16.000000	16.000000	191.000000	392.000000	21.000000	195.924257	397.537899	2.000000	14.095192
5.000000	17.000000	17.000000	205.000000	508.000000	31.000000	193.739068	506.578355	2.000000	14.808714
5.000000	18.000000	18.000000	315.000000	507.000000	32.000000	309.806869	488.138370	2.000000	15.783511
5.000000	19.000000	19.000000	316.000000	566.000000	42.000000	307.425339	573.281986	2.000000	16.438932
5.000000	20.000000	20.000000	309.000000	779.000000	62.000000	304.952475	768.280882	2.000000	17.504215
5.000000	21.000000	21.000000	441.000000	804.000000	63.000000	436.682358	792.276281	2.000000	18.816927
5.000000	22.000000	22.000000	428.000000	619.000000	43.000000	416.860521	605.183843	2.000000	21.032592
5.000000	23.000000	23.000000	431.000000	655.000000	53.000000	426.258143	650.703079	2.000000	21.984345
5.000000	24.000000	24.000000	522.000000	664.000000	54.000000	513.524070	662.701340	2.000000	22.815473
5.000000	25.000000	25.000000	521.000000	624.000000	44.000000	519.037548	611.988666	1.000000	23.839369
5.000000	26.000000	26.000000	515.000000	911.000000	74.000000	509.126010	910.266500	2.000000	24.840514
5.000000	27.000000	27.000000	633.000000	770.000000	65.000000	639.733662	767.836139	2.000000	25.769454
5.000000	28.000000	28.000000	870.000000	890.000000	77.000000	875.693391	884.594467	1.000000	26.904267
5.000000	29.000000	29.000000	975.000000	924.000000	78.000000	977.551767	921.790820	1.000000	27.777202
5.000000	30.000000	30.000000	668.000000	642.000000	55.000000	662.172882	660.284384	1.000000	28.976326
5.000000	31.000000	31.000000	670.000000	565.000000	45.000000	665.141191	555.355513	1.000000	30.247083
5.000000	32.000000	32.000000	556.000000	490.000000	34.000000	547.840110	481.198789	1.000000	31.488081
5.000000	33.000000	33.000000	760.000000	688.000000	56.000000	760.540333	689.843675	1.000000	32.616484
5.000000	34.000000	34.000000	747.000000	475.000000	36.000000	747.924225	459.351919	2.000000	33.535726
5.000000	35.000000	35.000000	961.000000	470.000000	38.000000	955.714155	471.174961	1.000000	34.432923
5.000000	36.000000	36.000000	1084.000000	495.000000	39.000000	1075.091694	499.263142	1.000000	35.001247
5.000000	37.000000	37.000000	1238.000000	497.000000	40.000000	1222.072525	496.295819	1.000000	35.785281
5.000000	38.000000	38.000000	1200.000000	658.000000	60.000000	1180.599386	654.845859	1.000000	36.640018
5.000000	39.000000	39.000000	1081.000000	790.000000	69.000000	1079.375508	775.809332	1.000000	37.592851
5.000000	40.000000	40.000000	1198.000000	912.000000	80.000000	1196.124982	910.318847	2.000000	38.121341
6.000000	1.000000	1.000000	325.000000	195.000000	2.000000	315.735487	182.083939	1.000000	1.480616
6.000000	2.000000	2.000000	404.000000	177.000000	3.000000	413.195979	162.676199	1.000000	2.584238
6.000000	3.000000	3.000000	315.000000	260.000000	12.000000	311.343134	259.108619	2.000000	3.481229
6.000000	4.000000	4.000000	238.000000	243.000000	11.000000	226.787608	243.548153	2.000000	4.057626
6.000000	5.000000	5.000000	408.000000	328.000000	23.000000	399.472771	334.796476	2.000000	4.847419
6.000000	6.000000	6.000000	551.000000	329.000000	24.000000	537.154242	330.000079	2.000000	5.336417
6.000000	7.000000	7.000000	637.000000	358.000000	25.000000	641.216989	348.601505	2.000000	6.023650
6.000000	8.000000	0.000000	653.000000	269.000000	15.000000	652.305603	241.405531	2.000000	6.535552
6.000000	9.000000	8.000000	663.000000	125.000000	5.000000	658.803204	119.626984	1.000000	7.129271
6.000000	10.000000	9.000000	554.000000	134.000000	4.000000	555.853180	138.258958	1.000000	7.617337
6.000000	11.000000	10.000000	650.000000	244.000000	15.000000	652.305603	241.405531	2.000000	8.215344
6.000000	12.000000	11.000000	780.000000	276.000000	16.000000	777.988157	279.128168	1.000000	8.840985
6.000000	13.000000	12.000000	976.000000	165.000000	8.000000	993.067467	154.659784	1.000000	10.247676
6.000000	14.000000	13.000000	550.000000	490.000000	34.000000	559.425592	481.955264	1.000000	11.593225
6.000000	15.000000	14.000000	630.000000	449.000000	35.000000	639.130368	439.490047	2.000000	12.240901
6.000000	16.000000	15.000000	291.000000	465.000000	32.000000	295.517316	464.267165	2.000000	14.113257
6.000000	17.000000	16.000000	225.000000	465.000000	31.000000	225.560656	471.121020	2.000000	14.553260
6.000000	18.000000	0.000000	204.000000	532.000000	41.000000	199.809675	559.453064	2.000000	15.159494
6.000000	19.000000	17.000000	203.000000	550.000000	41.000000	199.809675	559.453064	2.000000	15.599518
6.000000	20.000000	0.000000	286.000000	683.000000	52.000000	296.468700	707.773510	1.000000	16.232904
6.000000	21.000000	18.000000	296.000000	708.000000	52.000000	296.468700	707.773510	1.000000	16.911755
6.000000	22.000000	19.000000	193.000000	817.000000	61.000000	185.800939	803.165884	2.000000	17.536789
6.000000	23.000000	20.000000	192.000000	868.000000	71.000000	189.637010	871.004967	2.000000	18.593242
6.000000	24.000000	21.000000	415.000000	815.000000	63.000000	414.319112	812.121709	1.000000	19.703369
6.000000	25.000000	22.000000	456.000000	590.000000	43.000000	443.248722	595.108489	1.000000	20.848979
6.000000	26.000000	23.000000	626.000000	769.000000	65.000000	631.521854	760.573522	2.000000	21.879604
6.000000	27.000000	24.000000	642.000000	930.000000	75.000000	641.120679	924.246418	2.000000	22.729131
6.000000	28.000000	25.000000	738.000000	803.000000	66.000000	737.403784	794.886910	2.000000	23.591934
6.000000	29.000000	26.000000	1001.000000	918.000000	78.000000	984.838945	909.279177	2.000000	26.039960
6.000000	30.000000	27.000000	1198.000000	874.000000	80.000000	1181.705444	870.430534	1.000000	27.136395
6.000000	31.000000	28.000000	1207.000000	826.000000	70.000000	1196.603372	819.584264	1.000000	27.839419
6.000000	32.000000	0.000000	1092.000000	799.000000	69.000000	1069.646881	785.956071	2.000000	28.672879
6.000000	33.000000	0.000000	1007.000000	684.000000	58.000000	981.462690	672.274891	1.000000	29.472485
6.000000	34.000000	29.000000	995.000000	677.000000	58.000000	981.462690	672.274891	1.000000	29.911835
6.000000	35.000000	30.000000	1226.000000	707.000000	60.000000	1220.828175	697.417686	1.000000	30.687871
6.000000	36.000000	31.000000	962.000000	573.000000	48.000000	955.837724	561.375575	1.000000	31.569415
6.000000	37.000000	32.000000	892.000000	652.000000	57.000000	871.566895	657.295635	2.000000	32.256812
6.000000	38.000000	33.000000	1080.000000	783.000000	69.000000	1069.646881	785.956071	2.000000	32.903680
6.000000	39.000000	34.000000	752.000000	583.000000	46.000000	738.333398	583.864426	1.000000	34.097465
6.000000	40.000000	35.000000	963.000000	450.000000	38.000000	959.886575	438.964546	1.000000	35.088991
6.000000	41.000000	36.000000	1070.000000	496.000000	39.000000	1074.992655	483.617553	2.000000	35.695636
6.000000	42.000000	37.000000	1110.000000	569.000000	49.000000	1101.863751	557.315152	1.000000	36.289483
6.000000	43.000000	38.000000	1214.000000	569.000000	50.000000	1193.867835	560.613094	1.000000	36.865700
6.000000	44.000000	39.000000	1209.000000	497.000000	40.000000	1203.610186	485.845953	1.000000	37.400130
6.000000	45.000000	40.000000	1197.000000	128.000000	10.000000	1198.692954	139.259641	2.000000	38.544861
7.000000	1.000000	1.000000	237.000000	182.000000	1.000000	226.610783	175.172844	2.000000	1.330323
7.000000	2.000000	2.000000	213.000000	229.000000	11.000000	198.636535	228.605470	2.000000	2.248477
7.000000	3.000000	3.000000	351.000000	244.000000	12.000000	336.115683	255.154302	2.000000	2.810139
7.000000	4.000000	4.000000	323.000000	170.000000	2.000000	313.393138	165.060439	1.000000	3.393481
7.000000	5.000000	5.000000	425.000000	235.000000	13.000000	424.338035	237.774172	1.000000	4.041089
7.000000	6.000000	6.000000	425.000000	165.000000	3.000000	431.973071	152.052191	1.000000	4.609113
7.000000	7.000000	7.000000	516.000000	126.000000	4.000000	524.330125	118.714758	1.000000	5.297156
7.000000	8.000000	8.000000	527.000000	255.000000	14.000000	526.036765	262.821190	1.000000	5.922036
7.000000	9.000000	9.000000	842.000000	179.000000	7.000000	838.120919	173.422191	2.000000	6.672928
7.000000	10.000000	10.000000	768.000000	132.000000	6.000000	771.819718	127.525516	1.000000	7.264052
7.000000	11.000000	11.000000	1001.000000	151.000000	8.000000	991.066936	149.214666	1.000000	7.809994
7.000000	12.000000	12.000000	1081.000000	173.000000	9.000000	1070.218046	171.120507	1.000000	8.248954
7.000000	13.000000	13.000000	1165.000000	159.000000	10.000000	1168.236638	153.335064	1.000000	8.793274
7.000000	14.000000	14.000000	665.000000	361.000000	25.000000	665.012773	366.898269	1.000000	10.272024
7.000000	15.000000	15.000000	564.000000	343.000000	24.000000	546.559614	343.045490	1.000000	10.992525
7.000000	16.000000	0.000000	569.000000	435.000000	34.000000	543.070868	445.389997	2.000000	11.690149
7.000000	17.000000	16.000000	557.000000	439.000000	34.000000	543.070868	445.389997	2.000000	12.209080
7.000000	18.000000	17.000000	202.000000	458.000000	31.000000	202.872857	457.438654	2.000000	13.498359
7.000000	19.000000	18.000000	207.000000	546.000000	41.000000	208.311303	543.240140	2.000000	14.049034
7.000000	20.000000	19.000000	313.000000	720.000000	52.000000	309.822522	710.068436	2.000000	15.033787
7.000000	21.000000	20.000000	344.000000	788.000000	62.000000	340.527542	786.468060	2.000000	15.641735
7.000000	22.000000	21.000000	198.000000	820.000000	61.000000	201.290139	821.867848	2.000000	16.561679
7.000000	23.000000	22.000000	446.000000	904.000000	73.000000	445.541249	900.429203	2.000000	17.593092
7.000000	24.000000	23.000000	419.000000	828.000000	63.000000	409.381120	822.250427	1.000000	18.442427
7.000000	25.000000	24.000000	295.000000	573.000000	42.000000	308.358849	565.396605	1.000000	19.330312
7.000000	26.000000	25.000000	567.000000	555.000000	44.000000	545.507297	551.862456	1.000000	20.240699
7.000000	27.000000	26.000000	634.000000	868.000000	75.000000	626.193658	875.469465	2.000000	21.258150
7.000000	28.000000	27.000000	687.000000	652.000000	55.000000	672.356491	649.409190	2.000000	22.224175
7.000000	29.000000	28.000000	681.000000	590.000000	45.000000	670.264094	577.456342	2.000000	22.833557
7.000000	30.000000	29.000000	769.000000	614.000000	46.000000	770.845886	608.731454	2.000000	23.368556
7.000000	31.000000	30.000000	983.000000	863.000000	78.000000	989.917987	870.978536	2.000000	24.497947
7.000000	32.000000	31.000000	870.000000	891.000000	77.000000	862.214885	884.648553	1.000000	25.184806
7.000000	33.000000	32.000000	775.000000	687.000000	56.000000	772.360174	676.653765	1.000000	26.153230
7.000000	34.000000	33.000000	972.000000	778.000000	68.000000	977.478872	774.869444	1.000000	26.993175
7.000000	35.000000	34.000000	1112.000000	908.000000	79.000000	1103.693021	908.354477	1.000000	27.833349
7.000000	36.000000	35.000000	1195.000000	930.000000	80.000000	1197.184934	932.379818	1.000000	28.601763
7.000000	37.000000	36.000000	883.000000	500.000000	37.000000	870.214707	502.958232	2.000000	31.530060
7.000000	38.000000	37.000000	1177.000000	499.000000	40.000000	1174.624544	499.844650	2.000000	32.008166
7.000000	39.000000	38.000000	1211.000000	583.000000	50.000000	1206.911205	596.019765	1.000000	32.585884
7.000000	40.000000	39.000000	1198.000000	691.000000	60.000000	1200.479093	701.576368	2.000000	33.192431
7.000000	41.000000	40.000000	1194.000000	777.000000	70.000000	1179.185666	764.015582	2.000000	33.937266
8.000000	1.000000	1.000000	298.000000	223.000000	12.000000	287.554089	225.399462	2.000000	2.038291
8.000000	2.000000	0.000000	221.000000	230.000000	11.000000	192.061931	249.660483	1.000000	2.429266
8.000000	3.000000	2.000000	201.000000	238.000000	11.000000	192.061931	249.660483	1.000000	3.023141
8.000000	4.000000	3.000000	446.000000	131.000000	3.000000	432.134033	129.147000	2.000000	3.918736
8.000000	5.000000	4.000000	648.000000	150.000000	5.000000	650.594260	153.544632	2.000000	4.663229
8.000000	6.000000	5.000000	638.000000	251.000000	15.000000	625.414453	258.937782	1.000000	5.221938
8.000000	7.000000	6.000000	774.000000	131.000000	6.000000	758.785613	139.881150	1.000000	6.029576
8.000000	8.000000	7.000000	875.000000	152.000000	7.000000	866.899902	169.770179	2.000000	6.486881
8.000000	9.000000	8.000000	948.000000	145.000000	8.000000	956.900434	150.912670	2.000000	7.205405
8.000000	10.000000	9.000000	1009.000000	239.000000	18.000000	996.074355	235.965794	2.000000	7.831559
8.000000	11.000000	10.000000	1089.000000	184.000000	9.000000	1086.595529	184.249635	1.000000	8.701345
8.000000	12.000000	11.000000	1231.000000	150.000000	10.000000	1214.739560	148.198816	2.000000	9.495175
8.000000	13.000000	12.000000	1081.000000	373.000000	29.000000	1062.775284	380.528441	2.000000	10.590341
8.000000	14.000000	13.000000	1001.000000	381.000000	28.000000	997.040541	391.029872	1.000000	11.077707
8.000000	15.000000	14.000000	1003.000000	442.000000	38.000000	992.209334	452.892679	1.000000	12.110741
8.000000	16.000000	15.000000	864.000000	478.000000	37.000000	845.031774	486.696716	2.000000	12.951540
8.000000	17.000000	16.000000	876.000000	523.000000	47.000000	867.973468	545.377160	2.000000	13.510817
8.000000	18.000000	0.000000	947.000000	572.000000	48.000000	954.334816	597.079566	1.000000	14.055368
8.000000	19.000000	17.000000	966.000000	589.000000	48.000000	954.334816	597.079566	1.000000	15.639236
8.000000	20.000000	18.000000	979.000000	641.000000	58.000000	984.078312	663.534868	2.000000	16.109864
8.000000	21.000000	0.000000	1125.000000	767.000000	69.000000	1096.463669	763.766004	1.000000	16.862268
8.000000	22.000000	19.000000	1170.000000	769.000000	70.000000	1168.588880	775.837857	1.000000	17.934043
8.000000	23.000000	20.000000	1181.000000	698.000000	60.000000	1173.676830	711.044835	1.000000	18.477412
8.000000	24.000000	21.000000	1097.000000	756.000000	69.000000	1096.463669	763.766004	1.000000	19.357389
8.000000	25.000000	22.000000	1011.000000	876.000000	78.000000	992.389040	874.410457	1.000000	20.014506
8.000000	26.000000	23.000000	795.000000	797.000000	66.000000	781.377047	808.968143	1.000000	21.269545
8.000000	27.000000	24.000000	855.000000	708.000000	57.000000	844.547266	706.351603	2.000000	21.941509
8.000000	28.000000	25.000000	758.000000	655.000000	56.000000	757.837041	669.179355	2.000000	22.846913
8.000000	29.000000	26.000000	748.000000	593.000000	46.000000	740.001048	590.763901	2.000000	23.447408
8.000000	30.000000	27.000000	637.000000	750.000000	65.000000	635.104936	768.575259	2.000000	24.189238
8.000000	31.000000	28.000000	564.000000	636.000000	54.000000	550.883893	652.719821	2.000000	24.814714
8.000000	32.000000	29.000000	635.000000	574.000000	45.000000	633.093195	565.915757	1.000000	25.621967
8.000000	33.000000	30.000000	547.000000	795.000000	64.000000	538.865930	799.991195	1.000000	26.167445
8.000000	34.000000	31.000000	442.000000	883.000000	73.000000	423.550595	891.795000	1.000000	26.758880
8.000000	35.000000	32.000000	203.000000	897.000000	71.000000	213.588805	919.389205	2.000000	27.485446
8.000000	36.000000	33.000000	226.000000	692.000000	51.000000	214.040360	689.970571	2.000000	28.462666
8.000000	37.000000	34.000000	428.000000	674.000000	53.000000	428.076379	669.238189	2.000000	29.199609
8.000000	38.000000	35.000000	454.000000	576.000000	43.000000	449.121951	567.959726	1.000000	29.799296
8.000000	39.000000	36.000000	509.000000	569.000000	44.000000	508.815182	561.449132	1.000000	30.470482
8.000000	40.000000	37.000000	419.000000	460.000000	33.000000	411.439620	455.494096	1.000000	31.309519
8.000000	41.000000	38.000000	527.000000	401.000000	24.000000	527.221135	393.237425	2.000000	32.447132
8.000000	42.000000	39.000000	649.000000	402.000000	25.000000	640.556300	397.842478	1.000000	33.527458
8.000000	43.000000	0.000000	713.000000	427.000000	36.000000	746.053877	447.326273	1.000000	33.999374
8.000000	44.000000	40.000000	750.000000	443.000000	36.000000	746.053877	447.326273	1.000000	34.575547
9.000000	1.000000	1.000000	183.000000	123.000000	1.000000	178.676704	119.780604	1.000000	1.280452
9.000000	2.000000	2.000000	409.000000	168.000000	3.000000	416.801734	169.128995	1.000000	2.216680
9.000000	3.000000	3.000000	506.000000	151.000000	4.000000	514.493024	150.320647	1.000000	3.640993
9.000000	4.000000	4.000000	342.000000	279.000000	12.000000	332.929965	282.859549	2.000000	4.489375
9.000000	5.000000	5.000000	309.000000	356.000000	22.000000	299.396523	353.201619	1.000000	4.983509
9.000000	6.000000	6.000000	232.000000	440.000000	31.000000	231.591382	437.365817	1.000000	5.689102
9.000000	7.000000	7.000000	192.000000	597.000000	41.000000	183.046969	601.722277	2.000000	6.249287
9.000000	8.000000	8.000000	187.000000	660.000000	51.000000	179.800693	658.824328	1.000000	6.959633
9.000000	9.000000	9.000000	318.000000	675.000000	52.000000	329.762087	675.132521	2.000000	7.609421
9.000000	10.000000	10.000000	339.000000	565.000000	42.000000	336.362562	566.811456	2.000000	8.232161
9.000000	11.000000	11.000000	411.000000	705.000000	53.000000	408.422332	696.415958	2.000000	8.776858
9.000000	12.000000	12.000000	243.000000	938.000000	71.000000	225.291185	924.991659	2.000000	9.743503
9.000000	13.000000	13.000000	528.000000	814.000000	64.000000	528.446678	820.047669	2.000000	10.617624
9.000000	14.000000	14.000000	563.000000	714.000000	54.000000	556.065459	712.943784	2.000000	11.167391
9.000000	15.000000	15.000000	665.000000	828.000000	65.000000	671.222712	820.619204	1.000000	11.801113
9.000000	16.000000	16.000000	678.000000	901.000000	75.000000	664.187015	893.178819	2.000000	13.328773
9.000000	17.000000	17.000000	793.000000	916.000000	76.000000	775.380982	917.015366	2.000000	13.736579
9.000000	18.000000	18.000000	838.000000	815.000000	67.000000	838.063573	804.143379	2.000000	14.281176
9.000000	19.000000	19.000000	983.000000	899.000000	78.000000	967.174936	891.237343	2.000000	15.168288
9.000000	20.000000	20.000000	974.000000	804.000000	68.000000	963.719799	790.606100	1.000000	15.673345
9.000000	21.000000	21.000000	1175.000000	787.000000	70.000000	1167.751175	776.505673	1.000000	16.352542
9.000000	22.000000	22.000000	1202.000000	907.000000	80.000000	1198.693768	896.691131	1.000000	17.144998
9.000000	23.000000	23.000000	1097.000000	614.000000	49.000000	1091.968581	605.169984	2.000000	18.448633
9.000000	24.000000	24.000000	1191.000000	602.000000	50.000000	1198.423533	589.945645	2.000000	19.449274
9.000000	25.000000	25.000000	742.000000	546.000000	46.000000	736.253314	547.167694	2.000000	21.183880
9.000000	26.000000	26.000000	626.000000	666.000000	55.000000	619.535831	665.900168	1.000000	22.681682
9.000000	27.000000	27.000000	509.000000	595.000000	44.000000	508.327679	595.886987	1.000000	23.633117
9.000000	28.000000	28.000000	547.000000	488.000000	34.000000	536.064160	484.789670	1.000000	24.456735
9.000000	29.000000	29.000000	666.000000	494.000000	35.000000	665.385764	494.836383	1.000000	26.544106
9.000000	30.000000	30.000000	659.000000	410.000000	25.000000	658.421251	399.339594	1.000000	27.472516
9.000000	31.000000	31.000000	768.000000	356.000000	26.000000	751.125170	349.710130	1.000000	28.969597
9.000000	32.000000	32.000000	903.000000	354.000000	27.000000	891.387230	356.477840	2.000000	30.008946
9.000000	33.000000	33.000000	895.000000	499.000000	37.000000	885.568656	506.786777	1.000000	30.823859
9.000000	34.000000	34.000000	1002.000000	454.000000	38.000000	1001.151215	454.445536	2.000000	31.401621
9.000000	35.000000	35.000000	1195.000000	440.000000	40.000000	1188.072373	446.617529	1.000000	33.376263
9.000000	36.000000	36.000000	1221.000000	394.000000	30.000000	1216.969747	386.100146	2.000000	34.080063
9.000000	37.000000	37.000000	1212.000000	232.000000	20.000000	1219.202805	225.291512	1.000000	34.775785
9.000000	38.000000	38.000000	1090.000000	238.000000	19.000000	1084.105905	242.280189	2.000000	35.512943
9.000000	39.000000	39.000000	1079.000000	137.000000	9.000000	1082.302164	138.167081	2.000000	36.192512
9.000000	40.000000	40.000000	972.000000	143.000000	8.000000	975.626376	147.515494	1.000000	36.960317
10.000000	1.000000	1.000000	297.000000	160.000000	2.000000	290.243237	163.924412	1.000000	0.868752
10.000000	2.000000	2.000000	438.000000	178.000000	3.000000	448.165311	178.914655	2.000000	1.566452
10.000000	3.000000	3.000000	531.000000	177.000000	4.000000	522.112339	176.147538	2.000000	2.166876
10.000000	4.000000	4.000000	532.000000	253.000000	14.000000	530.556401	262.361651	2.000000	2.668620
10.000000	5.000000	5.000000	506.000000	362.000000	24.000000	512.079818	351.617941	2.000000	3.492752
10.000000	6.000000	6.000000	457.000000	354.000000	23.000000	448.545792	346.702118	2.000000	4.309504
10.000000	7.000000	7.000000	625.000000	373.000000	25.000000	619.702025	377.034698	2.000000	4.844624
10.000000	8.000000	8.000000	516.000000	491.000000	34.000000	524.869408	483.457690	2.000000	5.430558
10.000000	9.000000	9.000000	437.000000	493.000000	33.000000	427.998773	495.084304	2.000000	5.908665
10.000000	10.000000	10.000000	345.000000	598.000000	42.000000	332.707967	604.022557	2.000000	6.581230
10.000000	11.000000	11.000000	212.000000	658.000000	51.000000	213.609762	655.961163	2.000000	7.102045
10.000000	12.000000	12.000000	303.000000	758.000000	62.000000	307.290117	768.523521	2.000000	7.710607
10.000000	13.000000	13.000000	188.000000	816.000000	61.000000	186.937286	821.164540	2.000000	9.125682
10.000000	14.000000	14.000000	201.000000	868.000000	71.000000	196.976521	869.856764	2.000000	9.789158
10.000000	15.000000	15.000000	332.000000	917.000000	72.000000	335.014643	913.346288	1.000000	10.388673
10.000000	16.000000	16.000000	430.000000	776.000000	63.000000	431.223506	772.510233	1.000000	11.253437
10.000000	17.000000	17.000000	422.000000	712.000000	53.000000	419.141820	713.290315	2.000000	11.702741
10.000000	18.000000	18.000000	522.000000	924.000000	74.000000	516.438139	916.645592	1.000000	12.397804
10.000000	19.000000	19.000000	184.000000	572.000000	41.000000	192.868630	569.391628	1.000000	13.414871
10.000000	20.000000	20.000000	217.000000	388.000000	21.000000	210.031057	385.484533	1.000000	14.086091
10.000000	21.000000	21.000000	286.000000	356.000000	22.000000	295.175292	351.538534	1.000000	14.829473
10.000000	22.000000	22.000000	544.000000	670.000000	54.000000	546.719392	671.429587	1.000000	15.988728
10.000000	23.000000	23.000000	646.000000	658.000000	55.000000	630.385332	651.863296	1.000000	16.508955
10.000000	24.000000	24.000000	646.000000	762.000000	65.000000	647.581604	778.817414	1.000000	17.165153
10.000000	25.000000	25.000000	628.000000	434.000000	35.000000	618.385304	442.044526	1.000000	18.437840
10.000000	26.000000	26.000000	848.000000	879.000000	77.000000	843.833983	880.795167	2.000000	19.582684
10.000000	27.000000	27.000000	999.000000	883.000000	78.000000	989.181184	884.468970	2.000000	20.260878
10.000000	28.000000	28.000000	1063.000000	915.000000	79.000000	1059.344900	918.854038	1.000000	21.772852
10.000000	29.000000	29.000000	872.000000	778.000000	67.000000	860.874060	782.363120	1.000000	23.070256
10.000000	30.000000	30.000000	883.000000	661.000000	57.000000	878.907083	673.672528	1.000000	23.710824
10.000000	31.000000	31.000000	851.000000	444.000000	37.000000	837.509524	438.096663	1.000000	24.357840
10.000000	32.000000	32.000000	755.000000	300.000000	16.000000	761.122978	293.322874	1.000000	25.597582
10.000000	33.000000	33.000000	981.000000	473.000000	38.000000	968.279301	474.358769	2.000000	26.486335
10.000000	34.000000	34.000000	1106.000000	473.000000	39.000000	1107.087118	467.677539	2.000000	27.269003
10.000000	35.000000	35.000000	1124.000000	561.000000	49.000000	1110.913697	544.480375	1.000000	28.109463
10.000000	36.000000	36.000000	1001.000000	377.000000	28.000000	997.506391	381.637832	1.000000	30.541454
10.000000	37.000000	37.000000	1090.000000	366.000000	29.000000	1090.729563	360.913576	2.000000	31.197335
10.000000	38.000000	38.000000	1203.000000	464.000000	40.000000	1192.855108	466.071956	2.000000	31.998783
10.000000	39.000000	39.000000	1096.000000	168.000000	9.000000	1095.320778	157.596274	1.000000	33.453733
10.000000	40.000000	40.000000	993.000000	175.000000	8.000000	979.760978	176.466779	1.000000	34.246630
11.000000	1.000000	1.000000	288.000000	186.000000	2.000000	297.630371	184.823774	1.000000	0.616215
11.000000	2.000000	2.000000	330.000000	257.000000	12.000000	318.873217	274.042173	2.000000	1.176745
11.000000	3.000000	3.000000	420.000000	241.000000	13.000000	399.609642	242.739268	2.000000	1.889906
11.000000	4.000000	4.000000	487.000000	174.000000	4.000000	508.262612	165.742632	1.000000	2.602062
11.000000	5.000000	5.000000	309.000000	330.000000	22.000000	296.013000	334.872119	1.000000	3.570287
11.000000	6.000000	6.000000	227.000000	426.000000	31.000000	211.869308	442.100237	2.000000	4.400904
11.000000	7.000000	7.000000	184.000000	589.000000	41.000000	179.503898	603.009566	2.000000	5.058192
11.000000	8.000000	8.000000	182.000000	671.000000	51.000000	178.618892	678.765374	1.000000	5.570165
11.000000	9.000000	9.000000	204.000000	756.000000	61.000000	214.443251	766.169763	1.000000	6.152939
11.000000	10.000000	10.000000	227.000000	879.000000	71.000000	227.081110	888.385052	2.000000	6.776288
11.000000	11.000000	11.000000	291.000000	923.000000	72.000000	291.780239	929.324758	1.000000	7.306184
11.000000	12.000000	12.000000	322.000000	782.000000	62.000000	321.240677	767.557508	2.000000	7.952546
11.000000	13.000000	13.000000	330.000000	661.000000	52.000000	329.339284	661.052146	2.000000	8.512210
11.000000	14.000000	14.000000	338.000000	602.000000	42.000000	327.265837	604.869940	1.000000	9.753962
11.000000	15.000000	15.000000	421.000000	598.000000	43.000000	424.804427	595.114806	1.000000	10.250129
11.000000	16.000000	16.000000	450.000000	509.000000	33.000000	443.207235	505.745353	1.000000	11.001039
11.000000	17.000000	17.000000	666.000000	563.000000	45.000000	665.676924	559.267937	1.000000	12.097288
11.000000	18.000000	18.000000	558.000000	583.000000	44.000000	544.356216	586.207510	2.000000	12.601201
11.000000	19.000000	19.000000	530.000000	810.000000	64.000000	520.448534	802.883557	2.000000	13.577545
11.000000	20.000000	20.000000	542.000000	869.000000	74.000000	535.374621	871.144098	2.000000	14.385236
11.000000	21.000000	21.000000	768.000000	919.000000	76.000000	778.344019	931.437045	1.000000	14.960811
11.000000	22.000000	22.000000	879.000000	875.000000	77.000000	880.843528	870.818073	2.000000	15.993406
11.000000	23.000000	23.000000	754.000000	673.000000	56.000000	754.545440	674.304592	1.000000	17.464993
11.000000	24.000000	24.000000	518.000000	453.000000	34.000000	518.440928	445.783171	2.000000	19.881950
11.000000	25.000000	25.000000	531.000000	337.000000	24.000000	529.983742	339.013579	2.000000	21.609732
11.000000	26.000000	26.000000	650.000000	321.000000	25.000000	633.161496	330.205798	2.000000	22.794279
11.000000	27.000000	27.000000	851.000000	272.000000	17.000000	839.225469	274.939941	1.000000	23.537179
11.000000	28.000000	28.000000	763.000000	478.000000	36.000000	755.037375	484.963088	2.000000	24.793499
11.000000	29.000000	29.000000	900.000000	479.000000	37.000000	885.293776	478.331896	2.000000	25.258135
11.000000	30.000000	30.000000	874.000000	673.000000	57.000000	864.542222	685.319497	2.000000	26.058192
11.000000	31.000000	31.000000	1006.000000	695.000000	58.000000	997.658721	705.346547	1.000000	26.513936
11.000000	32.000000	32.000000	1115.000000	777.000000	69.000000	1101.274130	776.218587	1.000000	27.217870
11.000000	33.000000	33.000000	1192.000000	757.000000	70.000000	1203.315328	766.655952	1.000000	27.688369
11.000000	34.000000	0.000000	1211.000000	955.000000	80.000000	1194.779523	929.598346	1.000000	28.226117
11.000000	35.000000	34.000000	1204.000000	941.000000	80.000000	1194.779523	929.598346	1.000000	28.721889
11.000000	36.000000	0.000000	1197.000000	517.000000	40.000000	1178.346823	490.866289	1.000000	30.376050
11.000000	37.000000	35.000000	1211.000000	582.000000	50.000000	1207.377600	579.103019	2.000000	30.921452
11.000000	38.000000	36.000000	1181.000000	485.000000	40.000000	1178.346823	490.866289	1.000000	31.673648
11.000000	39.000000	37.000000	1108.000000	459.000000	39.000000	1109.920122	458.321264	1.000000	32.392637
11.000000	40.000000	38.000000	1077.000000	596.000000	49.000000	1066.408108	604.023468	2.000000	33.169913
11.000000	41.000000	39.000000	1010.000000	151.000000	8.000000	998.858262	148.354444	1.000000	34.305457
11.000000	42.000000	40.000000	1184.000000	229.000000	20.000000	1175.776263	232.203372	2.000000	35.152566
12.000000	1.000000	1.000000	316.000000	271.000000	12.000000	311.919398	266.843968	1.000000	1.931240
12.000000	2.000000	2.000000	389.000000	250.000000	13.000000	402.837060	246.450680	1.000000	2.930816
12.000000	3.000000	3.000000	443.000000	168.000000	3.000000	444.528464	178.159492	2.000000	3.521648
12.000000	4.000000	4.000000	401.000000	431.000000	33.000000	402.376504	441.158794	2.000000	4.449986
12.000000	5.000000	5.000000	344.000000	458.000000	32.000000	327.668161	456.197219	2.000000	5.139293
12.000000	6.000000	6.000000	195.000000	725.000000	51.000000	190.727779	713.954704	2.000000	6.258340
12.000000	7.000000	7.000000	214.000000	804.000000	61.000000	217.770449	800.169419	2.000000	6.922984
12.000000	8.000000	8.000000	193.000000	870.000000	71.000000	190.971235	867.408292	2.000000	7.394986
12.000000	9.000000	9.000000	289.000000	926.000000	72.000000	287.575757	923.969437	1.000000	8.025738
12.000000	10.000000	10.000000	300.000000	772.000000	62.000000	303.066355	763.473245	2.000000	8.802735
12.000000	11.000000	11.000000	432.000000	879.000000	73.000000	433.853071	877.625161	2.000000	10.081845
12.000000	12.000000	12.000000	520.000000	916.000000	74.000000	526.910803	905.441512	2.000000	10.714695
12.000000	13.000000	13.000000	525.000000	832.000000	64.000000	526.887221	820.473857	1.000000	11.219580
12.000000	14.000000	14.000000	513.000000	716.000000	54.000000	512.809038	709.179761	1.000000	11.946147
12.000000	15.000000	15.000000	455.000000	614.000000	43.000000	442.385790	613.020076	1.000000	12.554766
12.000000	16.000000	16.000000	629.000000	791.000000	65.000000	635.063054	804.164369	1.000000	13.250590
12.000000	17.000000	17.000000	656.000000	870.000000	75.000000	669.527341	883.964666	1.000000	13.762263
12.000000	18.000000	18.000000	773.000000	817.000000	66.000000	773.820842	811.406943	1.000000	15.338132
12.000000	19.000000	19.000000	784.000000	904.000000	76.000000	774.048752	918.094417	2.000000	15.754848
12.000000	20.000000	20.000000	862.000000	928.000000	77.000000	854.260822	921.932608	1.000000	18.049950
12.000000	21.000000	21.000000	844.000000	818.000000	67.000000	839.296931	815.966231	2.000000	19.994559
12.000000	22.000000	22.000000	1002.000000	770.000000	68.000000	992.659392	776.950830	2.000000	20.739450
12.000000	23.000000	23.000000	1113.000000	673.000000	59.000000	1099.467484	676.598448	2.000000	21.594382
12.000000	24.000000	24.000000	759.000000	599.000000	46.000000	740.700507	599.735028	2.000000	22.763158
12.000000	25.000000	25.000000	976.000000	577.000000	48.000000	976.023791	563.858512	1.000000	23.913846
12.000000	26.000000	26.000000	1184.000000	567.000000	50.000000	1191.047968	561.529933	1.000000	25.226828
12.000000	27.000000	27.000000	632.000000	459.000000	35.000000	625.265300	467.752505	1.000000	26.402417
12.000000	28.000000	28.000000	544.000000	177.000000	4.000000	544.724010	180.059355	1.000000	27.450405
12.000000	29.000000	29.000000	650.000000	229.000000	15.000000	650.354193	231.469538	2.000000	28.202849
12.000000	30.000000	30.000000	726.000000	142.000000	6.000000	735.148659	142.194540	2.000000	28.883501
12.000000	31.000000	31.000000	839.000000	233.000000	17.000000	839.229427	235.476436	1.000000	29.842154
12.000000	32.000000	32.000000	848.000000	143.000000	7.000000	848.265792	134.431175	1.000000	30.475102
12.000000	33.000000	33.000000	768.000000	391.000000	26.000000	766.904119	391.513953	2.000000	31.450045
12.000000	34.000000	34.000000	876.000000	364.000000	27.000000	862.703819	368.391204	1.000000	31.939557
12.000000	35.000000	35.000000	1097.000000	350.000000	29.000000	1089.646333	344.780170	1.000000	32.490683
12.000000	36.000000	36.000000	986.000000	239.000000	18.000000	989.715068	232.501139	2.000000	33.275545
12.000000	37.000000	37.000000	1072.000000	122.000000	9.000000	1063.634225	126.611967	2.000000	34.275220
12.000000	38.000000	38.000000	1211.000000	163.000000	10.000000	1203.891387	168.877072	2.000000	35.018257
12.000000	39.000000	39.000000	1222.000000	223.000000	20.000000	1214.131844	232.401751	1.000000	37.074231
12.000000	40.000000	40.000000	1238.000000	323.000000	30.000000	1220.265167	338.367194	1.000000	37.802303
13.000000	1.000000	1.000000	202.000000	262.000000	11.000000	194.012376	259.985103	1.000000	1.152949
13.000000	2.000000	2.000000	644.000000	186.000000	5.000000	647.983778	178.809067	2.000000	2.281268
13.000000	3.000000	3.000000	554.000000	235.000000	14.000000	560.090660	235.034394	1.000000	2.785223
13.000000	4.000000	4.000000	739.000000	267.000000	16.000000	741.976325	256.614709	2.000000	3.425362
13.000000	5.000000	5.000000	768.000000	168.000000	6.000000	777.537322	158.621271	1.000000	4.065548
13.000000	6.000000	6.000000	952.000000	154.000000	8.000000	957.034614	149.060813	2.000000	4.800309
13.000000	7.000000	7.000000	964.000000	239.000000	18.000000	954.111946	231.275686	2.000000	5.376991
13.000000	8.000000	8.000000	1061.000000	185.000000	9.000000	1061.021528	185.872500	2.000000	6.144849
13.000000	9.000000	9.000000	1205.000000	181.000000	10.000000	1196.008870	176.108071	1.000000	7.696220
13.000000	10.000000	10.000000	1214.000000	269.000000	20.000000	1201.087037	270.132109	1.000000	8.473177
13.000000	11.000000	11.000000	1095.000000	379.000000	29.000000	1076.999028	389.945390	1.000000	9.145078
13.000000	12.000000	12.000000	1205.000000	459.000000	40.000000	1190.487021	465.993655	2.000000	9.937609
13.000000	13.000000	13.000000	1235.000000	672.000000	60.000000	1220.134272	666.554644	2.000000	10.840965
13.000000	14.000000	14.000000	1191.000000	777.000000	70.000000	1177.164058	780.628355	2.000000	11.752071
13.000000	15.000000	15.000000	1107.000000	786.000000	69.000000	1105.325505	787.476259	2.000000	12.455659
13.000000	16.000000	16.000000	1083.000000	922.000000	79.000000	1064.092798	924.440916	1.000000	13.039529
13.000000	17.000000	17.000000	1222.000000	924.000000	80.000000	1207.657622	930.030877	1.000000	13.552365
13.000000	18.000000	0.000000	987.000000	883.000000	78.000000	960.913771	868.714303	1.000000	14.376236
13.000000	19.000000	18.000000	965.000000	873.000000	78.000000	960.913771	868.714303	1.000000	15.712298
13.000000	20.000000	19.000000	855.000000	873.000000	77.000000	848.319872	871.540044	1.000000	16.328236
13.000000	21.000000	20.000000	994.000000	765.000000	68.000000	993.692514	765.154583	2.000000	17.905071
13.000000	22.000000	21.000000	972.000000	691.000000	58.000000	963.410139	686.120738	1.000000	18.568468
13.000000	23.000000	22.000000	874.000000	603.000000	47.000000	863.142266	599.655653	1.000000	19.705704
13.000000	24.000000	23.000000	984.000000	596.000000	48.000000	990.777815	587.416634	1.000000	20.665333
13.000000	25.000000	24.000000	982.000000	465.000000	38.000000	975.356474	464.927450	2.000000	21.601736
13.000000	26.000000	25.000000	1091.000000	482.000000	39.000000	1094.566673	477.183593	1.000000	22.576569
13.000000	27.000000	26.000000	982.000000	325.000000	28.000000	985.182817	330.778674	2.000000	23.231646
13.000000	28.000000	27.000000	765.000000	560.000000	46.000000	746.631283	568.274702	2.000000	24.111880
13.000000	29.000000	28.000000	753.000000	389.000000	26.000000	751.252128	378.648190	1.000000	24.840135
13.000000	30.000000	29.000000	667.000000	341.000000	25.000000	672.324301	353.144275	1.000000	25.312274
13.000000	31.000000	30.000000	554.000000	425.000000	34.000000	550.536100	436.949129	2.000000	25.969261
13.000000	32.000000	31.000000	545.000000	396.000000	24.000000	528.669166	393.674752	1.000000	26.585596
13.000000	33.000000	32.000000	219.000000	463.000000	31.000000	223.074475	466.703628	1.000000	27.544714
13.000000	34.000000	33.000000	215.000000	586.000000	41.000000	204.015080	586.224969	1.000000	28.343989
13.000000	35.000000	34.000000	339.000000	569.000000	42.000000	329.227520	568.114957	1.000000	29.184950
13.000000	36.000000	35.000000	434.000000	671.000000	53.000000	441.979684	672.256489	2.000000	30.081300
13.000000	37.000000	36.000000	452.000000	764.000000	63.000000	450.657282	765.361227	2.000000	31.657108
13.000000	38.000000	37.000000	539.000000	873.000000	74.000000	532.083536	874.703632	2.000000	32.319639
13.000000	39.000000	38.000000	320.000000	901.000000	72.000000	310.254115	903.002613	2.000000	33.273389
13.000000	40.000000	39.000000	218.000000	903.000000	71.000000	202.840426	911.738531	2.000000	33.744923
13.000000	41.000000	40.000000	175.000000	769.000000	61.000000	180.507698	785.323438	2.000000	34.487692
14.000000	1.000000	1.000000	323.000000	186.000000	2.000000	318.241229	181.176218	1.000000	1.900751
14.000000	2.000000	2.000000	562.000000	144.000000	4.000000	550.934440	134.486203	2.000000	2.708175
14.000000	3.000000	3.000000	614.000000	226.000000	15.000000	621.111346	225.481134	1.000000	3.500498
14.000000	4.000000	4.000000	713.000000	259.000000	16.000000	729.231503	254.989891	2.000000	4.061820
14.000000	5.000000	5.000000	853.000000	238.000000	17.000000	857.904092	236.358212	2.000000	4.683798
14.000000	6.000000	6.000000	975.000000	234.000000	18.000000	989.354111	224.278875	2.000000	5.388301
14.000000	7.000000	7.000000	1055.000000	177.000000	9.000000	1060.978180	172.732352	2.000000	6.219707
14.000000	8.000000	8.000000	1101.000000	245.000000	19.000000	1110.422735	253.674822	1.000000	6.835989
14.000000	9.000000	9.000000	1206.000000	163.000000	10.000000	1205.938756	167.556254	2.000000	7.803708
14.000000	10.000000	10.000000	1189.000000	384.000000	30.000000	1186.945304	386.059030	1.000000	8.701926
14.000000	11.000000	11.000000	1220.000000	441.000000	40.000000	1219.147533	464.500895	1.000000	9.229441
14.000000	12.000000	12.000000	1205.000000	544.000000	50.000000	1203.411421	545.914088	1.000000	10.029184
14.000000	13.000000	13.000000	1099.000000	449.000000	39.000000	1093.773082	443.320207	1.000000	10.692191
14.000000	14.000000	14.000000	1103.000000	575.000000	49.000000	1100.289729	596.950059	2.000000	11.299565
14.000000	15.000000	0.000000	1014.000000	464.000000	38.000000	989.157395	457.324098	2.000000	12.036509
14.000000	16.000000	15.000000	998.000000	456.000000	38.000000	989.157395	457.324098	2.000000	12.500944
14.000000	17.000000	16.000000	893.000000	504.000000	37.000000	877.869972	506.190198	2.000000	12.979944
14.000000	18.000000	17.000000	636.000000	475.000000	35.000000	642.469004	473.317106	2.000000	13.795928
14.000000	19.000000	18.000000	659.000000	377.000000	25.000000	649.032330	374.326538	2.000000	14.462087
14.000000	20.000000	19.000000	794.000000	560.000000	46.000000	781.030926	555.703851	1.000000	15.052578
14.000000	21.000000	20.000000	832.000000	545.000000	47.000000	845.707902	542.665429	1.000000	15.860566
14.000000	22.000000	21.000000	547.000000	338.000000	24.000000	539.722898	343.152580	1.000000	16.643897
14.000000	23.000000	22.000000	327.000000	355.000000	22.000000	305.189042	356.300673	2.000000	17.564022
14.000000	24.000000	23.000000	224.000000	353.000000	21.000000	204.269546	351.196561	1.000000	18.324953
14.000000	25.000000	24.000000	207.000000	605.000000	41.000000	198.180880	603.287516	2.000000	19.612933
14.000000	26.000000	25.000000	303.000000	696.000000	52.000000	307.182803	697.585287	2.000000	20.332460
14.000000	27.000000	0.000000	433.000000	688.000000	53.000000	402.129457	682.526408	2.000000	20.796202
14.000000	28.000000	26.000000	420.000000	676.000000	53.000000	402.129457	682.526408	2.000000	21.660906
14.000000	29.000000	27.000000	442.000000	597.000000	43.000000	436.364536	581.647483	1.000000	22.284593
14.000000	30.000000	28.000000	507.000000	604.000000	44.000000	510.259567	599.352365	1.000000	23.132294
14.000000	31.000000	29.000000	554.000000	705.000000	54.000000	557.564174	708.650167	1.000000	23.909964
14.000000	32.000000	30.000000	525.000000	753.000000	64.000000	533.034781	755.788195	1.000000	24.772644
14.000000	33.000000	31.000000	311.000000	791.000000	62.000000	310.877385	815.487815	1.000000	25.516539
14.000000	34.000000	32.000000	208.000000	810.000000	61.000000	210.279858	821.558351	2.000000	26.083814
14.000000	35.000000	33.000000	291.000000	878.000000	72.000000	291.828820	887.841962	2.000000	26.836127
14.000000	36.000000	34.000000	521.000000	874.000000	74.000000	525.866747	871.790606	2.000000	27.788456
14.000000	37.000000	35.000000	630.000000	886.000000	75.000000	622.272363	883.519051	2.000000	28.259899
14.000000	38.000000	36.000000	733.000000	872.000000	76.000000	746.371472	872.743923	1.000000	28.821921
14.000000	39.000000	37.000000	859.000000	749.000000	67.000000	864.179594	758.157750	1.000000	29.429583
14.000000	40.000000	38.000000	991.000000	808.000000	68.000000	998.494645	818.334735	1.000000	30.132627
14.000000	41.000000	39.000000	1207.000000	802.000000	70.000000	1197.251868	793.888915	2.000000	31.148487
14.000000	42.000000	40.000000	1215.000000	899.000000	80.000000	1215.108963	908.512643	1.000000	31.669369
15.000000	1.000000	1.000000	211.000000	168.000000	1.000000	193.120582	159.859443	2.000000	1.537608
15.000000	2.000000	2.000000	327.000000	147.000000	2.000000	303.609483	139.631364	2.000000	2.000188
15.000000	3.000000	3.000000	298.000000	261.000000	12.000000	295.598350	261.167146	1.000000	3.120977
15.000000	4.000000	4.000000	250.000000	272.000000	11.000000	230.457278	281.557647	2.000000	3.730021
15.000000	5.000000	5.000000	228.000000	342.000000	21.000000	224.767651	333.972041	1.000000	4.232508
15.000000	6.000000	6.000000	185.000000	458.000000	31.000000	180.134496	450.514267	2.000000	4.952188
15.000000	7.000000	7.000000	183.000000	673.000000	51.000000	183.627074	663.139342	2.000000	5.719945
15.000000	8.000000	8.000000	234.000000	773.000000	61.000000	229.286931	775.840478	2.000000	6.288915
15.000000	9.000000	9.000000	406.000000	829.000000	63.000000	401.459538	817.920609	2.000000	7.511877
15.000000	10.000000	10.000000	183.000000	923.000000	71.000000	189.198918	924.324810	1.000000	8.408422
15.000000	11.000000	11.000000	328.000000	493.000000	32.000000	315.663185	490.709054	1.000000	9.328138
15.000000	12.000000	12.000000	435.000000	470.000000	33.000000	444.948626	466.965401	1.000000	10.033377
15.000000	13.000000	13.000000	502.000000	505.000000	34.000000	512.830233	503.835522	2.000000	10.888728
15.000000	14.000000	14.000000	537.000000	541.000000	44.000000	546.307408	547.214468	1.000000	11.328238
15.000000	15.000000	15.000000	537.000000	646.000000	54.000000	530.587976	658.619440	2.000000	11.857193
15.000000	16.000000	16.000000	519.000000	243.000000	14.000000	512.848704	240.764948	1.000000	12.984230
15.000000	17.000000	17.000000	534.000000	164.000000	4.000000	534.753361	180.553366	2.000000	13.433472
15.000000	18.000000	18.000000	628.000000	474.000000	35.000000	627.335144	471.372497	1.000000	14.528893
15.000000	19.000000	19.000000	644.000000	389.000000	25.000000	659.085750	388.207901	1.000000	15.025228
15.000000	20.000000	20.000000	652.000000	175.000000	5.000000	648.576475	179.667937	1.000000	15.856708
15.000000	21.000000	21.000000	739.000000	226.000000	16.000000	733.262543	234.920255	1.000000	16.575937
15.000000	22.000000	22.000000	769.000000	164.000000	6.000000	776.966946	151.119318	2.000000	17.175767
15.000000	23.000000	23.000000	771.000000	341.000000	26.000000	770.507197	343.831205	1.000000	18.041890
15.000000	24.000000	24.000000	744.000000	463.000000	36.000000	736.401018	476.804347	2.000000	18.946036
15.000000	25.000000	25.000000	744.000000	534.000000	46.000000	737.616412	542.659177	2.000000	19.512638
15.000000	26.000000	26.000000	677.000000	609.000000	45.000000	666.288310	612.876655	2.000000	20.409015
15.000000	27.000000	27.000000	648.000000	794.000000	65.000000	645.331411	810.032407	1.000000	21.385705
15.000000	28.000000	28.000000	631.000000	880.000000	75.000000	629.411526	900.858841	1.000000	21.961964
15.000000	29.000000	29.000000	756.000000	796.000000	66.000000	753.379741	802.053046	1.000000	22.880316
15.000000	30.000000	30.000000	1091.000000	789.000000	69.000000	1088.019530	781.150405	2.000000	24.080734
15.000000	31.000000	31.000000	1198.000000	907.000000	80.000000	1183.307115	908.739271	1.000000	24.632940
15.000000	32.000000	32.000000	1002.000000	663.000000	58.000000	1001.792590	661.242860	2.000000	25.440438
15.000000	33.000000	33.000000	1104.000000	581.000000	49.000000	1101.610293	568.939790	2.000000	26.065667
15.000000	34.000000	34.000000	1201.000000	555.000000	50.000000	1208.583305	547.193998	2.000000	27.009234
15.000000	35.000000	35.000000	876.000000	494.000000	37.000000	879.702415	493.256187	2.000000	28.017571
15.000000	36.000000	36.000000	884.000000	400.000000	27.000000	888.758414	396.390170	1.000000	29.624311
15.000000	37.000000	37.000000	976.000000	438.000000	38.000000	972.787569	441.793832	1.000000	30.320359
15.000000	38.000000	38.000000	1229.000000	145.000000	10.000000	1222.417707	143.391291	1.000000	32.530090
15.000000	39.000000	39.000000	1187.000000	365.000000	30.000000	1175.416500	374.577475	1.000000	33.329718
15.000000	40.000000	40.000000	1004.000000	233.000000	18.000000	1000.498910	233.277071	2.000000	34.249924
16.000000	1.000000	1.000000	542.000000	248.000000	14.000000	542.841531	262.509189	1.000000	1.625814
16.000000	2.000000	2.000000	438.000000	182.000000	3.000000	418.490115	175.625548	2.000000	2.529616
16.000000	3.000000	3.000000	688.000000	176.000000	5.000000	669.358855	167.387642	1.000000	3.424259
16.000000	4.000000	4.000000	677.000000	266.000000	15.000000	664.388962	276.558399	1.000000	3.961048
16.000000	5.000000	5.000000	853.000000	288.000000	17.000000	858.740481	273.640801	1.000000	4.663672
16.000000	6.000000	6.000000	878.000000	331.000000	27.000000	882.550196	331.640624	2.000000	5.072236
16.000000	7.000000	7.000000	981.000000	241.000000	18.000000	975.585864	235.559459	2.000000	5.583752
16.000000	8.000000	8.000000	1105.000000	118.000000	9.000000	1108.801012	133.100999	2.000000	6.200878
16.000000	9.000000	9.000000	1171.000000	189.000000	10.000000	1171.396177	187.335343	2.000000	6.657455
16.000000	10.000000	10.000000	1203.000000	248.000000	20.000000	1205.653197	254.687939	2.000000	7.017282
16.000000	11.000000	11.000000	1180.000000	361.000000	30.000000	1181.223114	362.212434	1.000000	7.551376
16.000000	12.000000	12.000000	1204.000000	446.000000	40.000000	1215.774474	463.220271	1.000000	7.993181
16.000000	13.000000	13.000000	1212.000000	674.000000	60.000000	1217.644692	676.086668	2.000000	9.447388
16.000000	14.000000	14.000000	1108.000000	662.000000	59.000000	1095.976508	650.958551	1.000000	9.889442
16.000000	15.000000	0.000000	1143.000000	729.000000	70.000000	1169.387332	787.581336	2.000000	10.329057
16.000000	16.000000	15.000000	1170.000000	787.000000	70.000000	1169.387332	787.581336	2.000000	10.879849
16.000000	17.000000	16.000000	1196.000000	908.000000	80.000000	1195.983752	905.886996	2.000000	11.359461
16.000000	18.000000	17.000000	1013.000000	660.000000	58.000000	995.767462	659.511531	1.000000	12.160723
16.000000	19.000000	18.000000	976.000000	807.000000	68.000000	969.798972	805.953934	1.000000	12.655592
16.000000	20.000000	19.000000	893.000000	704.000000	57.000000	887.931802	712.349852	2.000000	13.345335
16.000000	21.000000	20.000000	870.000000	621.000000	47.000000	862.418285	611.359150	2.000000	14.087931
16.000000	22.000000	0.000000	794.000000	664.000000	56.000000	775.421467	686.729624	2.000000	14.583814
16.000000	23.000000	21.000000	772.000000	760.000000	66.000000	765.747141	764.475317	2.000000	15.161621
16.000000	24.000000	22.000000	778.000000	683.000000	56.000000	775.421467	686.729624	2.000000	15.561493
16.000000	25.000000	23.000000	777.000000	558.000000	46.000000	764.901382	552.460502	1.000000	16.184375
16.000000	26.000000	24.000000	748.000000	902.000000	76.000000	733.648685	905.977446	2.000000	16.840930
16.000000	27.000000	25.000000	851.000000	888.000000	77.000000	846.028003	884.611932	1.000000	17.623910
16.000000	28.000000	26.000000	674.000000	914.000000	75.000000	653.238237	927.650115	1.000000	18.112109
16.000000	29.000000	0.000000	600.000000	914.000000	74.000000	558.028557	923.727988	1.000000	18.575440
16.000000	30.000000	27.000000	574.000000	910.000000	74.000000	558.028557	923.727988	1.000000	19.369513
16.000000	31.000000	28.000000	685.000000	789.000000	65.000000	671.344341	797.840502	1.000000	20.009558
16.000000	32.000000	0.000000	697.000000	563.000000	45.000000	663.408151	571.910792	2.000000	20.945647
16.000000	33.000000	29.000000	682.000000	563.000000	45.000000	663.408151	571.910792	2.000000	21.321564
16.000000	34.000000	0.000000	566.000000	570.000000	44.000000	554.311683	601.323964	2.000000	21.848158
16.000000	35.000000	30.000000	568.000000	584.000000	44.000000	554.311683	601.323964	2.000000	22.904151
16.000000	36.000000	31.000000	513.000000	689.000000	54.000000	513.223305	696.408726	2.000000	24.097372
16.000000	37.000000	32.000000	433.000000	686.000000	53.000000	424.196537	699.438843	2.000000	24.568080
16.000000	38.000000	33.000000	556.000000	442.000000	34.000000	542.422434	453.721027	2.000000	25.473554
16.000000	39.000000	0.000000	677.000000	381.000000	25.000000	639.574104	387.366091	2.000000	25.975504
16.000000	40.000000	34.000000	645.000000	374.000000	25.000000	639.574104	387.366091	2.000000	26.664805
16.000000	41.000000	35.000000	414.000000	585.000000	43.000000	413.938610	595.244317	1.000000	27.392854
16.000000	42.000000	36.000000	348.000000	492.000000	32.000000	325.424517	501.355836	1.000000	27.928660
16.000000	43.000000	37.000000	301.000000	404.000000	22.000000	289.053111	398.044951	1.000000	28.744839
16.000000	44.000000	38.000000	203.000000	460.000000	31.000000	205.436033	466.034322	1.000000	30.329477
16.000000	45.000000	39.000000	187.000000	568.000000	41.000000	191.554223	578.649862	1.000000	31.296823
16.000000	46.000000	0.000000	163.000000	778.000000	61.000000	185.399297	801.986217	1.000000	32.368939
16.000000	47.000000	40.000000	177.000000	783.000000	61.000000	185.399297	801.986217	1.000000	32.993048
17.000000	1.000000	1.000000	315.000000	169.000000	2.000000	312.625627	169.408398	2.000000	1.650357
17.000000	2.000000	2.000000	231.000000	148.000000	1.000000	220.372906	154.735609	2.000000	2.179390
17.000000	3.000000	3.000000	196.000000	383.000000	21.000000	197.718907	372.516929	1.000000	3.275581
17.000000	4.000000	4.000000	312.000000	504.000000	32.000000	296.109313	492.989861	2.000000	4.201789
17.000000	5.000000	5.000000	419.000000	387.000000	23.000000	406.308691	369.743209	2.000000	5.283153
17.000000	6.000000	0.000000	206.000000	579.000000	41.000000	180.034192	593.273785	1.000000	5.986271
17.000000	7.000000	6.000000	190.000000	602.000000	41.000000	180.034192	593.273785	1.000000	6.449923
17.000000	8.000000	7.000000	290.000000	681.000000	52.000000	288.718785	665.599153	2.000000	7.241806
17.000000	9.000000	8.000000	208.000000	750.000000	61.000000	216.924697	768.195640	1.000000	7.657987
17.000000	10.000000	9.000000	344.000000	790.000000	62.000000	339.909273	783.578362	1.000000	8.883940
17.000000	11.000000	10.000000	305.000000	934.000000	72.000000	312.137018	923.060127	2.000000	9.601865
17.000000	12.000000	11.000000	437.000000	789.000000	63.000000	448.302007	782.292695	2.000000	10.609981
17.000000	13.000000	12.000000	441.000000	689.000000	53.000000	446.041479	675.622485	2.000000	11.193993
17.000000	14.000000	13.000000	547.000000	766.000000	64.000000	535.523996	756.699951	1.000000	11.874633
17.000000	15.000000	14.000000	539.000000	698.000000	54.000000	534.037242	682.068092	1.000000	12.313990
17.000000	16.000000	15.000000	550.000000	564.000000	44.000000	537.337623	551.463333	1.000000	12.825846
17.000000	17.000000	0.000000	558.000000	492.000000	34.000000	561.101335	462.025041	1.000000	13.313804
17.000000	18.000000	0.000000	549.000000	369.000000	24.000000	547.573360	394.689929	1.000000	14.163247
17.000000	19.000000	16.000000	557.000000	465.000000	34.000000	561.101335	462.025041	1.000000	14.785810
17.000000	20.000000	17.000000	553.000000	412.000000	24.000000	547.573360	394.689929	1.000000	15.307451
17.000000	21.000000	18.000000	532.000000	268.000000	14.000000	526.570936	266.172670	1.000000	16.050150
17.000000	22.000000	19.000000	655.000000	438.000000	35.000000	657.877436	441.138776	2.000000	16.834541
17.000000	23.000000	20.000000	648.000000	566.000000	45.000000	642.707612	551.850405	2.000000	17.363380
17.000000	24.000000	21.000000	653.000000	774.000000	65.000000	654.186090	767.934224	2.000000	18.251356
17.000000	25.000000	22.000000	781.000000	672.000000	56.000000	772.067270	663.841325	2.000000	19.723019
17.000000	26.000000	23.000000	865.000000	679.000000	57.000000	849.666167	669.178320	1.000000	20.170708
17.000000	27.000000	24.000000	984.000000	786.000000	68.000000	967.732416	773.209105	2.000000	20.881921
17.000000	28.000000	25.000000	975.000000	907.000000	78.000000	963.953317	900.914326	1.000000	21.699766
17.000000	29.000000	26.000000	1114.000000	783.000000	69.000000	1108.418234	782.491356	2.000000	23.147684
17.000000	30.000000	27.000000	1100.000000	679.000000	59.000000	1090.188794	660.246752	1.000000	23.971205
17.000000	31.000000	28.000000	850.000000	569.000000	47.000000	847.707683	561.348085	1.000000	25.393681
17.000000	32.000000	29.000000	1095.000000	459.000000	39.000000	1094.899202	460.978796	2.000000	27.395355
17.000000	33.000000	30.000000	973.000000	394.000000	28.000000	963.145043	385.924080	2.000000	28.395869
17.000000	34.000000	31.000000	964.000000	446.000000	38.000000	963.200577	451.178159	1.000000	28.977871
17.000000	35.000000	32.000000	847.000000	468.000000	37.000000	845.459020	472.109515	2.000000	29.929915
17.000000	36.000000	33.000000	1171.000000	385.000000	30.000000	1176.796730	378.759997	2.000000	31.026817
17.000000	37.000000	34.000000	1206.000000	282.000000	20.000000	1206.128069	286.047809	1.000000	32.027842
17.000000	38.000000	35.000000	977.000000	240.000000	18.000000	968.644414	238.257322	1.000000	33.147303
17.000000	39.000000	36.000000	995.000000	144.000000	8.000000	992.128286	146.747213	1.000000	33.891960
17.000000	40.000000	37.000000	854.000000	250.000000	17.000000	841.581754	255.777319	1.000000	34.505940
17.000000	41.000000	38.000000	636.000000	280.000000	15.000000	637.906117	284.350125	1.000000	35.051572
17.000000	42.000000	39.000000	710.000000	161.000000	6.000000	729.485881	169.192757	2.000000	35.587659
17.000000	43.000000	40.000000	836.000000	124.000000	7.000000	841.989887	119.664440	2.000000	36.826358
18.000000	1.000000	1.000000	208.000000	235.000000	11.000000	197.765911	242.452495	2.000000	1.490313
18.000000	2.000000	2.000000	335.000000	336.000000	22.000000	328.953468	345.519114	2.000000	2.385510
18.000000	3.000000	3.000000	409.000000	196.000000	3.000000	400.979254	187.122931	1.000000	3.322607
18.000000	4.000000	4.000000	524.000000	253.000000	14.000000	525.344870	250.613890	1.000000	3.881460
18.000000	5.000000	5.000000	658.000000	286.000000	15.000000	649.772561	287.373807	2.000000	4.585812
18.000000	6.000000	6.000000	723.000000	162.000000	6.000000	732.492056	147.296782	1.000000	5.353029
18.000000	7.000000	7.000000	889.000000	296.000000	17.000000	886.950907	292.858085	1.000000	6.168763
18.000000	8.000000	8.000000	985.000000	293.000000	18.000000	982.597757	290.799849	2.000000	6.666878
18.000000	9.000000	9.000000	1091.000000	149.000000	9.000000	1101.080057	143.963036	2.000000	7.914468
18.000000	10.000000	10.000000	1088.000000	267.000000	19.000000	1084.995122	261.887496	1.000000	8.753693
18.000000	11.000000	11.000000	1102.000000	319.000000	29.000000	1106.825051	338.309545	1.000000	9.154914
18.000000	12.000000	12.000000	1198.000000	365.000000	30.000000	1179.884222	374.844641	1.000000	9.984652
18.000000	13.000000	13.000000	1207.000000	501.000000	40.000000	1200.868875	502.531888	2.000000	10.994648
18.000000	14.000000	14.000000	963.000000	372.000000	28.000000	961.239599	366.990748	2.000000	11.954858
18.000000	15.000000	15.000000	741.000000	443.000000	36.000000	728.179165	452.826450	2.000000	12.770746
18.000000	16.000000	16.000000	662.000000	469.000000	35.000000	665.091444	471.154556	1.000000	13.496709
18.000000	17.000000	17.000000	208.000000	554.000000	41.000000	207.017503	560.724582	1.000000	14.554931
18.000000	18.000000	18.000000	314.000000	609.000000	42.000000	314.396675	612.658511	2.000000	15.394501
18.000000	19.000000	19.000000	520.000000	664.000000	54.000000	514.878478	664.063073	2.000000	16.145420
18.000000	20.000000	20.000000	664.000000	597.000000	45.000000	670.826179	589.029680	2.000000	17.289943
18.000000	21.000000	21.000000	557.000000	607.000000	44.000000	549.861704	602.421306	1.000000	17.928766
18.000000	22.000000	22.000000	635.000000	656.000000	55.000000	630.752721	653.956056	1.000000	18.434471
18.000000	23.000000	23.000000	760.000000	556.000000	46.000000	759.854234	556.782132	2.000000	19.801050
18.000000	24.000000	0.000000	739.000000	667.000000	56.000000	763.719460	687.301465	2.000000	20.194475
18.000000	25.000000	24.000000	758.000000	685.000000	56.000000	763.719460	687.301465	2.000000	20.946767
18.000000	26.000000	25.000000	881.000000	505.000000	37.000000	885.072725	500.968375	1.000000	22.657819
18.000000	27.000000	26.000000	867.000000	560.000000	47.000000	860.180513	561.920106	1.000000	23.297384
18.000000	28.000000	27.000000	972.000000	504.000000	38.000000	961.988276	504.277608	2.000000	25.449315
18.000000	29.000000	28.000000	1093.000000	616.000000	49.000000	1074.767613	607.873844	1.000000	26.801866
18.000000	30.000000	29.000000	1212.000000	614.000000	50.000000	1205.335987	610.913522	1.000000	27.425403
18.000000	31.000000	30.000000	1174.000000	709.000000	60.000000	1169.211083	712.258216	2.000000	28.096974
18.000000	32.000000	31.000000	981.000000	705.000000	58.000000	974.396708	708.932807	1.000000	29.209408
18.000000	33.000000	32.000000	986.000000	769.000000	68.000000	986.773439	772.056213	1.000000	29.754591
18.000000	34.000000	33.000000	1191.000000	881.000000	80.000000	1182.049702	889.677528	2.000000	30.545788
18.000000	35.000000	34.000000	846.000000	807.000000	67.000000	842.987362	809.946397	2.000000	32.137437
18.000000	36.000000	35.000000	864.000000	883.000000	77.000000	857.928896	886.062396	2.000000	33.057874
18.000000	37.000000	36.000000	776.000000	819.000000	66.000000	766.762593	815.461268	2.000000	34.330651
18.000000	38.000000	37.000000	626.000000	800.000000	65.000000	621.207609	803.713494	2.000000	35.168814
18.000000	39.000000	38.000000	414.000000	922.000000	73.000000	414.034803	931.118081	1.000000	36.322864
18.000000	40.000000	39.000000	412.000000	706.000000	53.000000	406.745062	702.889805	1.000000	37.338603
18.000000	41.000000	40.000000	233.000000	889.000000	71.000000	229.272549	892.343248	1.000000	38.530447
19.000000	1.000000	1.000000	193.000000	156.000000	1.000000	185.290990	145.370328	2.000000	1.130604
19.000000	2.000000	2.000000	198.000000	254.000000	11.000000	190.213800	268.723079	2.000000	1.642228
19.000000	3.000000	3.000000	320.000000	277.000000	12.000000	306.046481	269.385007	2.000000	2.961520
19.000000	4.000000	4.000000	300.000000	353.000000	22.000000	289.838643	351.628473	2.000000	3.971346
19.000000	5.000000	5.000000	235.000000	354.000000	21.000000	218.351194	365.878098	1.000000	4.362721
19.000000	6.000000	6.000000	304.000000	479.000000	32.000000	312.409975	473.218693	1.000000	5.065596
19.000000	7.000000	7.000000	318.000000	597.000000	42.000000	318.398260	600.510938	2.000000	5.827349
19.000000	8.000000	8.000000	340.000000	681.000000	52.000000	339.337571	671.251274	2.000000	6.322300
19.000000	9.000000	0.000000	318.000000	732.000000	62.000000	293.679461	767.304443	2.000000	6.787205
19.000000	10.000000	9.000000	300.000000	776.000000	62.000000	293.679461	767.304443	2.000000	7.594615
19.000000	11.000000	10.000000	309.000000	890.000000	72.000000	309.341258	886.369288	2.000000	8.306401
19.000000	12.000000	11.000000	251.000000	887.000000	71.000000	227.096558	881.861344	2.000000	8.697871
19.000000	13.000000	12.000000	436.000000	540.000000	43.000000	446.521486	555.561821	1.000000	9.673376
19.000000	14.000000	13.000000	429.000000	474.000000	33.000000	418.632891	475.186554	1.000000	10.241390
19.000000	15.000000	14.000000	535.000000	545.000000	44.000000	544.875786	548.628965	1.000000	10.849985
19.000000	16.000000	15.000000	504.000000	636.000000	54.000000	510.226240	651.722003	1.000000	11.313369
19.000000	17.000000	16.000000	645.000000	686.000000	55.000000	648.237536	695.299901	2.000000	12.339059
19.000000	18.000000	17.000000	765.000000	685.000000	56.000000	766.473927	680.119306	2.000000	12.953482
19.000000	19.000000	18.000000	766.000000	861.000000	76.000000	765.926655	879.411807	2.000000	13.570474
19.000000	20.000000	19.000000	741.000000	548.000000	46.000000	741.391368	567.744619	1.000000	14.321426
19.000000	21.000000	20.000000	760.000000	453.000000	36.000000	754.648250	446.283424	1.000000	14.977475
19.000000	22.000000	21.000000	865.000000	496.000000	37.000000	871.202039	491.722009	1.000000	15.594560
19.000000	23.000000	22.000000	541.000000	347.000000	24.000000	531.140104	351.734473	1.000000	16.395332
19.000000	24.000000	23.000000	557.000000	141.000000	4.000000	542.126517	153.128073	1.000000	17.242742
19.000000	25.000000	24.000000	533.000000	280.000000	14.000000	535.334524	277.373442	2.000000	17.915327
19.000000	26.000000	25.000000	724.000000	279.000000	16.000000	735.297568	274.312229	1.000000	18.915323
19.000000	27.000000	26.000000	946.000000	383.000000	28.000000	950.407629	385.247481	1.000000	19.642604
19.000000	28.000000	27.000000	1092.000000	392.000000	29.000000	1082.963157	388.448440	2.000000	20.306153
19.000000	29.000000	28.000000	1002.000000	136.000000	8.000000	992.842488	130.602994	1.000000	21.145685
19.000000	30.000000	29.000000	1071.000000	123.000000	9.000000	1069.310335	117.639721	1.000000	21.786339
19.000000	31.000000	30.000000	1231.000000	154.000000	10.000000	1220.379527	164.221351	1.000000	22.241765
19.000000	32.000000	31.000000	1184.000000	258.000000	20.000000	1186.813503	258.462086	2.000000	22.954073
19.000000	33.000000	32.000000	1213.000000	333.000000	30.000000	1216.863878	343.510196	2.000000	23.675219
19.000000	34.000000	33.000000	1130.000000	494.000000	39.000000	1107.514002	498.937225	1.000000	24.465580
19.000000	35.000000	34.000000	1077.000000	613.000000	49.000000	1081.847648	613.267560	2.000000	25.298313
19.000000	36.000000	0.000000	1007.000000	639.000000	58.000000	983.226436	649.220745	2.000000	25.779572
19.000000	37.000000	35.000000	991.000000	645.000000	58.000000	983.226436	649.220745	2.000000	27.027202
19.000000	38.000000	36.000000	1096.000000	767.000000	69.000000	1104.185905	782.202986	2.000000	27.841824
19.000000	39.000000	0.000000	1263.000000	768.000000	70.000000	1220.159594	772.715905	1.000000	28.337614
19.000000	40.000000	37.000000	1231.000000	766.000000	70.000000	1220.159594	772.715905	1.000000	29.217169
19.000000	41.000000	38.000000	1220.000000	923.000000	80.000000	1206.747078	929.815831	2.000000	30.033884
19.000000	42.000000	39.000000	1074.000000	860.000000	79.000000	1072.400807	864.234963	1.000000	31.137305
19.000000	43.000000	40.000000	869.000000	712.000000	57.000000	859.256301	717.821239	1.000000	32.051347
20.000000	1.000000	1.000000	223.000000	165.000000	1.000000	208.456469	165.161603	2.000000	1.256952
20.000000	2.000000	2.000000	196.000000	259.000000	11.000000	184.430831	271.521272	1.000000	2.219265
20.000000	3.000000	3.000000	305.000000	273.000000	12.000000	303.455700	266.805782	2.000000	3.203111
20.000000	4.000000	4.000000	198.000000	452.000000	31.000000	195.631664	444.338761	2.000000	4.114652
20.000000	5.000000	5.000000	283.000000	570.000000	42.000000	287.732140	564.387743	2.000000	5.329548
20.000000	6.000000	6.000000	214.000000	594.000000	41.000000	192.636233	598.743980	2.000000	5.970605
20.000000	7.000000	7.000000	309.000000	827.000000	62.000000	308.892393	813.262116	1.000000	7.321076
20.000000	8.000000	8.000000	311.000000	727.000000	52.000000	309.375481	712.111073	1.000000	7.945982
20.000000	9.000000	9.000000	311.000000	472.000000	32.000000	306.492506	476.877920	1.000000	8.579290
20.000000	10.000000	10.000000	354.000000	380.000000	22.000000	330.852063	377.387498	1.000000	9.059208
20.000000	11.000000	11.000000	457.000000	154.000000	3.000000	443.394852	161.496390	1.000000	10.057644
20.000000	12.000000	12.000000	561.000000	181.000000	4.000000	560.939129	174.493685	2.000000	10.817541
20.000000	13.000000	13.000000	644.000000	270.000000	15.000000	632.262829	257.717895	1.000000	11.538211
20.000000	14.000000	14.000000	867.000000	244.000000	17.000000	862.679229	233.678417	1.000000	12.555073
20.000000	15.000000	15.000000	978.000000	254.000000	18.000000	993.175188	252.025744	1.000000	13.128992
20.000000	16.000000	16.000000	1083.000000	234.000000	19.000000	1076.886334	230.041684	1.000000	13.569103
20.000000	17.000000	17.000000	1081.000000	155.000000	9.000000	1078.778199	135.709261	1.000000	14.075028
20.000000	18.000000	18.000000	1187.000000	272.000000	20.000000	1184.978591	272.654201	2.000000	14.689003
20.000000	19.000000	19.000000	1178.000000	394.000000	30.000000	1179.211737	395.102830	2.000000	15.450036
20.000000	20.000000	20.000000	1108.000000	374.000000	29.000000	1088.959978	366.504702	2.000000	16.025291
20.000000	21.000000	21.000000	780.000000	340.000000	26.000000	765.517611	347.806917	2.000000	16.930482
20.000000	22.000000	22.000000	827.000000	370.000000	27.000000	838.363409	381.636845	1.000000	17.672999
20.000000	23.000000	23.000000	754.000000	427.000000	36.000000	754.206720	436.473047	2.000000	18.232803
20.000000	24.000000	24.000000	856.000000	489.000000	37.000000	862.328696	494.019749	2.000000	18.841477
20.000000	25.000000	25.000000	1180.000000	486.000000	40.000000	1180.531970	482.916055	1.000000	19.650639
20.000000	26.000000	26.000000	966.000000	576.000000	48.000000	951.504484	580.371867	4.000000	20.331156
21.000000	1.000000	1.000000	308.000000	172.000000	2.000000	300.176011	165.738673	1.000000	2.632586
21.000000	2.000000	2.000000	199.000000	216.000000	11.000000	205.798803	224.665818	1.000000	3.184724
21.000000	3.000000	3.000000	307.000000	241.000000	12.000000	310.468816	252.900919	2.000000	4.096203
21.000000	4.000000	4.000000	449.000000	153.000000	3.000000	451.293845	151.647868	1.000000	5.176881
21.000000	5.000000	5.000000	673.000000	178.000000	5.000000	672.040372	179.128448	2.000000	6.424937
21.000000	6.000000	6.000000	854.000000	159.000000	7.000000	858.046837	159.563825	2.000000	7.415167
21.000000	7.000000	7.000000	969.000000	161.000000	8.000000	964.001771	162.402356	2.000000	8.167933
21.000000	8.000000	8.000000	1105.000000	226.000000	19.000000	1107.601374	231.718058	1.000000	9.032812
21.000000	9.000000	9.000000	867.000000	275.000000	17.000000	848.042531	282.539635	2.000000	10.033128
21.000000	10.000000	10.000000	789.000000	248.000000	16.000000	769.255684	245.897387	1.000000	10.631294
21.000000	11.000000	11.000000	782.000000	361.000000	26.000000	776.316396	384.100026	1.000000	11.183254
21.000000	12.000000	12.000000	863.000000	363.000000	27.000000	867.377878	369.236167	2.000000	11.719701
21.000000	13.000000	13.000000	1005.000000	367.000000	28.000000	994.086573	365.971304	1.000000	12.288573
21.000000	14.000000	14.000000	993.000000	431.000000	38.000000	982.917201	448.243477	1.000000	12.887610
21.000000	15.000000	15.000000	657.000000	367.000000	25.000000	653.084035	370.592577	1.000000	13.840535
21.000000	16.000000	16.000000	555.000000	341.000000	24.000000	560.928311	353.759888	1.000000	14.296673
21.000000	17.000000	0.000000	456.000000	433.000000	33.000000	438.655505	462.150804	2.000000	14.864092
21.000000	18.000000	17.000000	439.000000	454.000000	33.000000	438.655505	462.150804	2.000000	15.431438
21.000000	19.000000	18.000000	545.000000	553.000000	44.000000	550.639597	564.837723	2.000000	16.065521
21.000000	20.000000	19.000000	618.000000	589.000000	45.000000	620.343041	608.792134	1.000000	16.631824
21.000000	21.000000	20.000000	456.000000	649.000000	53.000000	443.020860	666.500074	1.000000	17.344039
21.000000	22.000000	21.000000	548.000000	675.000000	54.000000	547.993707	674.747976	2.000000	17.960367
21.000000	23.000000	22.000000	224.000000	797.000000	61.000000	222.813074	810.260120	2.000000	20.049304
21.000000	24.000000	23.000000	232.000000	857.000000	71.000000	229.218806	872.328721	2.000000	20.816480
21.000000	25.000000	24.000000	313.000000	888.000000	72.000000	319.981507	901.291824	1.000000	21.584928
21.000000	26.000000	25.000000	434.000000	921.000000	73.000000	446.549186	922.730567	1.000000	22.312034
21.000000	27.000000	26.000000	413.000000	825.000000	63.000000	415.410939	826.160365	1.000000	23.456577
21.000000	28.000000	27.000000	639.000000	870.000000	75.000000	639.129888	866.645242	2.000000	24.352276
21.000000	29.000000	28.000000	781.000000	763.000000	66.000000	772.763126	759.491335	1.000000	25.256707
21.000000	30.000000	29.000000	845.000000	936.000000	77.000000	845.211373	931.285275	1.000000	25.985509
21.000000	31.000000	30.000000	876.000000	790.000000	67.000000	873.735470	795.728670	1.000000	26.568395
21.000000	32.000000	31.000000	786.000000	594.000000	46.000000	768.816053	592.307865	2.000000	27.489369
21.000000	33.000000	0.000000	890.000000	591.000000	47.000000	861.325675	589.560464	2.000000	27.944354
21.000000	34.000000	32.000000	980.000000	589.000000	48.000000	966.903702	587.193831	2.000000	28.481304
21.000000	35.000000	33.000000	880.000000	578.000000	47.000000	861.325675	589.560464	2.000000	29.473318
21.000000	36.000000	34.000000	970.000000	693.000000	58.000000	963.205233	710.505664	2.000000	30.217413
21.000000	37.000000	0.000000	1065.000000	777.000000	69.000000	1066.215248	805.237839	1.000000	30.968175
21.000000	38.000000	35.000000	1078.000000	659.000000	59.000000	1061.770494	661.458923	1.000000	33.648864
21.000000	39.000000	36.000000	1182.000000	702.000000	60.000000	1178.533640	708.304260	2.000000	34.127852
21.000000	40.000000	37.000000	1176.000000	807.000000	70.000000	1170.197771	821.555655	2.000000	34.656625
21.000000	41.000000	38.000000	1222.000000	880.000000	80.000000	1211.513556	895.988662	2.000000	35.439581
21.000000	42.000000	39.000000	1082.000000	813.000000	69.000000	1066.215248	805.237839	1.000000	36.209314
21.000000	43.000000	40.000000	1074.000000	516.000000	39.000000	1061.101303	505.292515	2.000000	37.097427
