MultiTargForag_2	Participant_Code = 69
Search_Type = 1	CB_Targets = 1
Trial	Click_Num	Target_Click_Order	Click_X	Click_y	Item_selected	Item_X	Item_Y	Target_Set	RT
1.000000	1.000000	1.000000	678.000000	475.000000	35.000000	668.232195	482.895270	1.000000	2.830645
1.000000	2.000000	2.000000	401.000000	451.000000	33.000000	409.698087	440.598267	1.000000	4.034856
1.000000	3.000000	3.000000	221.000000	388.000000	21.000000	206.918555	382.113360	1.000000	4.915050
1.000000	4.000000	4.000000	424.000000	241.000000	13.000000	421.053219	235.234231	2.000000	5.884045
1.000000	5.000000	5.000000	551.000000	174.000000	4.000000	557.848700	170.353007	2.000000	6.538407
1.000000	6.000000	6.000000	544.000000	251.000000	14.000000	555.161305	254.417735	2.000000	7.106420
1.000000	7.000000	0.000000	533.000000	348.000000	24.000000	526.835052	380.592096	2.000000	7.892251
1.000000	8.000000	7.000000	532.000000	358.000000	24.000000	526.835052	380.592096	2.000000	8.354986
1.000000	9.000000	8.000000	429.000000	557.000000	43.000000	418.340748	573.617528	2.000000	9.154698
1.000000	10.000000	0.000000	540.000000	581.000000	44.000000	538.640081	607.586948	2.000000	9.786323
1.000000	11.000000	9.000000	541.000000	609.000000	44.000000	538.640081	607.586948	2.000000	10.467874
1.000000	12.000000	10.000000	545.000000	653.000000	54.000000	537.436752	661.984152	2.000000	11.091577
1.000000	13.000000	11.000000	552.000000	798.000000	64.000000	543.669285	783.993231	2.000000	11.802722
1.000000	14.000000	0.000000	327.000000	800.000000	62.000000	302.100273	789.476246	2.000000	12.644105
1.000000	15.000000	12.000000	312.000000	797.000000	62.000000	302.100273	789.476246	2.000000	13.442835
1.000000	16.000000	13.000000	180.000000	785.000000	61.000000	195.608848	782.041614	2.000000	14.260343
1.000000	17.000000	14.000000	201.000000	679.000000	51.000000	195.975069	679.370830	2.000000	14.962374
1.000000	18.000000	15.000000	174.000000	891.000000	71.000000	190.994760	883.402802	2.000000	15.771983
1.000000	19.000000	16.000000	333.000000	891.000000	72.000000	323.413853	884.517640	2.000000	16.635095
1.000000	20.000000	17.000000	860.000000	148.000000	7.000000	840.318761	149.729995	1.000000	18.427432
1.000000	21.000000	18.000000	987.000000	148.000000	8.000000	977.281103	157.747646	1.000000	19.027293
1.000000	22.000000	19.000000	1159.000000	242.000000	20.000000	1167.939782	251.901920	2.000000	20.068185
1.000000	23.000000	20.000000	985.000000	413.000000	28.000000	981.542729	398.903844	2.000000	20.908241
1.000000	24.000000	21.000000	963.000000	451.000000	38.000000	954.676224	472.549274	2.000000	21.580085
1.000000	25.000000	22.000000	747.000000	458.000000	36.000000	763.146894	453.854297	2.000000	22.347695
1.000000	26.000000	23.000000	653.000000	713.000000	55.000000	660.311706	697.942249	1.000000	23.139253
1.000000	27.000000	24.000000	736.000000	674.000000	56.000000	735.638830	652.663520	1.000000	23.835217
1.000000	28.000000	0.000000	455.000000	901.000000	73.000000	447.901374	928.594959	1.000000	24.691570
1.000000	29.000000	25.000000	448.000000	915.000000	73.000000	447.901374	928.594959	1.000000	25.378749
1.000000	30.000000	26.000000	859.000000	900.000000	77.000000	853.704699	917.908461	2.000000	26.618561
1.000000	31.000000	0.000000	786.000000	807.000000	66.000000	745.284287	778.944733	2.000000	27.410901
1.000000	32.000000	27.000000	761.000000	789.000000	66.000000	745.284287	778.944733	2.000000	28.252041
1.000000	33.000000	28.000000	847.000000	683.000000	57.000000	839.200730	680.806857	2.000000	29.090816
1.000000	34.000000	29.000000	951.000000	760.000000	68.000000	952.417943	772.934501	1.000000	29.834906
1.000000	35.000000	0.000000	732.000000	892.000000	76.000000	756.018069	907.152356	1.000000	31.492337
1.000000	36.000000	30.000000	754.000000	896.000000	76.000000	756.018069	907.152356	1.000000	31.922583
1.000000	37.000000	0.000000	996.000000	893.000000	78.000000	972.160109	908.468704	1.000000	32.700140
1.000000	38.000000	31.000000	964.000000	894.000000	78.000000	972.160109	908.468704	1.000000	33.435995
1.000000	39.000000	32.000000	1093.000000	875.000000	79.000000	1100.696009	874.811653	1.000000	34.243556
1.000000	40.000000	33.000000	1192.000000	915.000000	80.000000	1181.152547	914.702323	1.000000	35.572150
1.000000	41.000000	34.000000	1102.000000	806.000000	69.000000	1091.761425	795.661863	1.000000	36.635675
1.000000	42.000000	35.000000	975.000000	692.000000	58.000000	967.772065	689.367184	1.000000	37.442220
1.000000	43.000000	36.000000	1093.000000	689.000000	59.000000	1088.983884	692.101659	1.000000	38.188201
1.000000	44.000000	37.000000	1099.000000	607.000000	49.000000	1089.854795	603.682649	1.000000	38.827893
1.000000	45.000000	38.000000	1190.000000	704.000000	60.000000	1173.089328	703.835392	1.000000	39.634252
1.000000	46.000000	39.000000	1062.000000	457.000000	39.000000	1058.162400	468.258222	1.000000	40.682963
1.000000	47.000000	40.000000	1178.000000	454.000000	40.000000	1177.409618	476.609687	1.000000	42.740297
1.000000	1.000000	1.000000	171.000000	355.000000	21.000000	178.645981	362.326713	1.000000	4.004587
1.000000	2.000000	2.000000	195.000000	459.000000	31.000000	183.035849	471.717581	2.000000	4.757269
1.000000	3.000000	3.000000	223.000000	777.000000	61.000000	222.248107	782.959242	2.000000	5.989281
1.000000	4.000000	4.000000	392.000000	735.000000	53.000000	403.149755	714.956570	2.000000	7.301217
1.000000	5.000000	5.000000	327.000000	932.000000	72.000000	325.999011	919.197642	1.000000	8.315623
1.000000	6.000000	6.000000	443.000000	934.000000	73.000000	431.831796	923.994529	2.000000	9.235909
1.000000	7.000000	7.000000	528.000000	896.000000	74.000000	519.036812	887.245533	2.000000	9.979261
1.000000	8.000000	8.000000	561.000000	779.000000	64.000000	557.744828	775.356346	1.000000	10.596793
1.000000	9.000000	9.000000	645.000000	783.000000	65.000000	656.292271	771.541346	1.000000	11.323988
1.000000	10.000000	0.000000	544.000000	729.000000	54.000000	540.765410	701.355064	2.000000	12.092408
1.000000	11.000000	10.000000	545.000000	723.000000	54.000000	540.765410	701.355064	2.000000	12.581226
1.000000	12.000000	11.000000	527.000000	409.000000	24.000000	523.595576	390.830822	2.000000	13.613447
1.000000	13.000000	12.000000	614.000000	500.000000	35.000000	620.327642	484.075668	2.000000	14.771440
1.000000	14.000000	13.000000	632.000000	380.000000	25.000000	630.587189	385.172061	1.000000	16.005094
1.000000	15.000000	0.000000	539.000000	297.000000	14.000000	527.786755	273.455229	2.000000	16.779970
1.000000	16.000000	14.000000	530.000000	284.000000	14.000000	527.786755	273.455229	2.000000	18.212696
1.000000	17.000000	15.000000	546.000000	160.000000	4.000000	544.616565	139.690684	1.000000	19.115453
1.000000	18.000000	16.000000	666.000000	157.000000	5.000000	653.142657	144.347803	1.000000	19.875577
1.000000	19.000000	17.000000	641.000000	260.000000	15.000000	641.518175	259.200945	1.000000	20.779982
1.000000	20.000000	18.000000	767.000000	169.000000	6.000000	774.696400	167.911305	2.000000	21.604905
1.000000	21.000000	0.000000	762.000000	397.000000	26.000000	756.498128	367.183644	2.000000	22.468117
1.000000	22.000000	19.000000	761.000000	386.000000	26.000000	756.498128	367.183644	2.000000	23.091416
1.000000	23.000000	0.000000	751.000000	317.000000	16.000000	748.732890	290.046509	1.000000	23.908087
1.000000	24.000000	20.000000	753.000000	304.000000	16.000000	748.732890	290.046509	1.000000	24.603433
1.000000	25.000000	21.000000	842.000000	248.000000	17.000000	837.742664	225.078353	1.000000	26.740252
1.000000	26.000000	22.000000	849.000000	385.000000	27.000000	844.850737	375.916344	2.000000	27.492630
1.000000	27.000000	23.000000	849.000000	822.000000	67.000000	847.306985	800.543992	2.000000	28.524627
1.000000	28.000000	24.000000	885.000000	700.000000	57.000000	884.470364	687.486133	2.000000	29.133146
1.000000	29.000000	25.000000	957.000000	617.000000	48.000000	949.771920	612.977886	1.000000	29.827305
1.000000	30.000000	26.000000	989.000000	709.000000	58.000000	985.943442	710.308617	1.000000	30.811167
1.000000	31.000000	27.000000	870.000000	923.000000	77.000000	889.113431	919.806509	1.000000	32.277293
1.000000	32.000000	28.000000	1082.000000	884.000000	79.000000	1087.645844	873.516997	2.000000	33.172967
1.000000	33.000000	29.000000	1086.000000	831.000000	69.000000	1084.735647	817.206234	1.000000	33.685199
1.000000	34.000000	30.000000	1168.000000	877.000000	80.000000	1169.343493	866.708038	2.000000	34.444329
1.000000	35.000000	31.000000	1164.000000	788.000000	70.000000	1170.071008	783.517328	2.000000	35.219499
1.000000	36.000000	32.000000	1063.000000	657.000000	59.000000	1062.963737	662.318369	2.000000	36.124837
1.000000	37.000000	33.000000	1073.000000	561.000000	49.000000	1068.300136	545.509778	2.000000	36.906906
1.000000	38.000000	34.000000	1180.000000	390.000000	30.000000	1184.002660	370.847502	1.000000	38.549281
1.000000	39.000000	35.000000	1174.000000	465.000000	40.000000	1172.276048	470.858218	1.000000	39.237270
1.000000	40.000000	36.000000	1092.000000	470.000000	39.000000	1088.267417	459.945992	1.000000	39.844299
1.000000	41.000000	37.000000	969.000000	256.000000	18.000000	959.677518	251.647913	1.000000	40.741049
1.000000	42.000000	38.000000	1102.000000	166.000000	9.000000	1104.226050	145.677870	1.000000	41.803515
1.000000	43.000000	39.000000	1231.000000	176.000000	10.000000	1217.230254	173.118053	1.000000	42.476850
1.000000	44.000000	40.000000	1216.000000	232.000000	20.000000	1210.897508	237.903011	2.000000	43.139839
2.000000	1.000000	1.000000	215.000000	169.000000	1.000000	199.350970	167.046442	2.000000	2.855704
2.000000	2.000000	2.000000	296.000000	156.000000	2.000000	293.489453	135.740711	1.000000	3.696936
2.000000	3.000000	3.000000	229.000000	275.000000	11.000000	222.367683	281.117784	1.000000	4.480551
2.000000	4.000000	4.000000	435.000000	183.000000	3.000000	437.681908	175.437008	1.000000	5.361345
2.000000	5.000000	5.000000	448.000000	225.000000	13.000000	447.699991	232.535328	2.000000	6.055447
2.000000	6.000000	6.000000	538.000000	188.000000	4.000000	544.215149	177.944779	2.000000	6.679967
2.000000	7.000000	7.000000	614.000000	244.000000	15.000000	626.034344	228.589746	1.000000	7.295093
2.000000	8.000000	8.000000	648.000000	194.000000	5.000000	651.347920	185.954229	1.000000	7.823060
2.000000	9.000000	9.000000	747.000000	148.000000	6.000000	733.895141	135.964477	2.000000	8.519345
2.000000	10.000000	0.000000	559.000000	305.000000	14.000000	555.886912	274.830481	2.000000	9.455430
2.000000	11.000000	10.000000	562.000000	294.000000	14.000000	555.886912	274.830481	2.000000	10.407412
2.000000	12.000000	11.000000	517.000000	367.000000	24.000000	512.155014	346.744698	2.000000	11.055273
2.000000	13.000000	12.000000	408.000000	386.000000	23.000000	426.344798	378.333380	2.000000	11.624150
2.000000	14.000000	13.000000	204.000000	459.000000	31.000000	204.143263	450.839428	1.000000	13.296418
2.000000	15.000000	14.000000	189.000000	686.000000	51.000000	179.643123	693.618787	2.000000	14.856274
2.000000	16.000000	15.000000	232.000000	776.000000	61.000000	226.043217	783.316017	1.000000	15.472356
2.000000	17.000000	16.000000	330.000000	658.000000	52.000000	328.840525	661.267502	1.000000	16.137004
2.000000	18.000000	17.000000	434.000000	476.000000	33.000000	434.931248	480.486836	1.000000	16.848719
2.000000	19.000000	18.000000	548.000000	457.000000	34.000000	557.799205	455.221240	1.000000	17.422916
2.000000	20.000000	19.000000	642.000000	329.000000	25.000000	639.032009	342.682397	2.000000	18.271556
2.000000	21.000000	0.000000	516.000000	678.000000	54.000000	521.631613	652.119291	2.000000	19.656579
2.000000	22.000000	20.000000	524.000000	664.000000	54.000000	521.631613	652.119291	2.000000	20.265114
2.000000	23.000000	21.000000	329.000000	780.000000	62.000000	332.887877	777.807349	2.000000	20.960706
2.000000	24.000000	22.000000	639.000000	585.000000	45.000000	623.396491	581.275910	2.000000	21.992569
2.000000	25.000000	23.000000	870.000000	348.000000	27.000000	864.289208	342.473327	2.000000	23.943693
2.000000	26.000000	24.000000	886.000000	270.000000	17.000000	881.473862	270.838891	2.000000	24.791907
2.000000	27.000000	25.000000	765.000000	725.000000	56.000000	750.802686	712.009060	1.000000	25.911218
2.000000	28.000000	26.000000	858.000000	764.000000	67.000000	865.412393	763.693777	2.000000	26.679260
2.000000	29.000000	27.000000	983.000000	781.000000	68.000000	965.255146	768.388319	2.000000	27.584606
2.000000	30.000000	28.000000	1093.000000	659.000000	59.000000	1097.973299	657.994331	1.000000	28.239230
2.000000	31.000000	0.000000	1103.000000	626.000000	49.000000	1107.874475	600.747792	1.000000	29.064620
2.000000	32.000000	29.000000	1008.000000	901.000000	78.000000	996.387973	891.945954	1.000000	30.463583
2.000000	33.000000	30.000000	1202.000000	901.000000	80.000000	1189.134257	894.004239	2.000000	31.161180
2.000000	34.000000	31.000000	1216.000000	666.000000	60.000000	1210.214174	664.597054	1.000000	32.007166
2.000000	35.000000	32.000000	1109.000000	617.000000	49.000000	1107.874475	600.747792	1.000000	32.753137
2.000000	36.000000	33.000000	1179.000000	578.000000	50.000000	1177.422601	573.484003	1.000000	33.695459
2.000000	37.000000	34.000000	1175.000000	149.000000	10.000000	1173.916252	153.457483	1.000000	35.951808
2.000000	38.000000	35.000000	1067.000000	282.000000	19.000000	1076.275975	272.457096	2.000000	36.832451
2.000000	39.000000	36.000000	1194.000000	270.000000	20.000000	1180.108692	253.936828	1.000000	37.543615
2.000000	40.000000	37.000000	1113.000000	348.000000	29.000000	1103.771017	347.793343	2.000000	38.463370
2.000000	41.000000	38.000000	1190.000000	352.000000	30.000000	1195.198322	346.196637	1.000000	39.079178
2.000000	42.000000	39.000000	1196.000000	494.000000	40.000000	1183.822994	479.741875	1.000000	39.920292
2.000000	43.000000	40.000000	970.000000	464.000000	38.000000	975.667685	451.299928	2.000000	40.807572
3.000000	1.000000	1.000000	203.000000	125.000000	1.000000	191.243991	131.408078	1.000000	1.773587
3.000000	2.000000	2.000000	227.000000	339.000000	21.000000	219.569318	349.035766	2.000000	2.646612
3.000000	3.000000	0.000000	329.000000	360.000000	22.000000	302.104233	350.181879	2.000000	3.358123
3.000000	4.000000	3.000000	308.000000	365.000000	22.000000	302.104233	350.181879	2.000000	4.093258
3.000000	5.000000	4.000000	314.000000	717.000000	52.000000	316.743785	710.870171	2.000000	5.244973
3.000000	6.000000	5.000000	300.000000	773.000000	62.000000	292.921589	783.212216	1.000000	6.244865
3.000000	7.000000	6.000000	325.000000	593.000000	42.000000	326.567940	588.082211	1.000000	7.150222
3.000000	8.000000	7.000000	310.000000	249.000000	12.000000	312.977973	240.388404	1.000000	7.854775
3.000000	9.000000	8.000000	410.000000	255.000000	13.000000	410.992753	250.253149	1.000000	8.646377
3.000000	10.000000	9.000000	350.000000	203.000000	2.000000	342.329557	185.982942	2.000000	9.549820
3.000000	11.000000	10.000000	520.000000	192.000000	4.000000	510.215040	182.230650	2.000000	10.293034
3.000000	12.000000	11.000000	525.000000	280.000000	14.000000	530.020265	280.041214	2.000000	11.020735
3.000000	13.000000	12.000000	532.000000	371.000000	24.000000	533.553515	377.369066	1.000000	11.862862
3.000000	14.000000	13.000000	406.000000	699.000000	53.000000	411.340366	682.800491	1.000000	13.421446
3.000000	15.000000	14.000000	395.000000	884.000000	73.000000	404.244548	877.114382	1.000000	14.157539
3.000000	16.000000	15.000000	336.000000	915.000000	72.000000	334.929742	918.978938	1.000000	14.909061
3.000000	17.000000	16.000000	570.000000	593.000000	44.000000	558.405565	578.446981	1.000000	16.493784
3.000000	18.000000	17.000000	534.000000	938.000000	74.000000	538.183546	927.989919	2.000000	17.589552
3.000000	19.000000	18.000000	658.000000	358.000000	25.000000	639.615237	353.220554	2.000000	18.876952
3.000000	20.000000	19.000000	629.000000	619.000000	45.000000	629.085867	605.578060	2.000000	19.693231
3.000000	21.000000	20.000000	679.000000	682.000000	55.000000	670.519564	677.424456	4.000000	20.205808
4.000000	1.000000	1.000000	222.000000	159.000000	1.000000	219.478532	171.683526	2.000000	2.278606
4.000000	2.000000	2.000000	216.000000	211.000000	11.000000	214.189822	228.218675	2.000000	3.045232
4.000000	3.000000	3.000000	194.000000	452.000000	31.000000	197.325685	462.913904	2.000000	3.942142
4.000000	4.000000	4.000000	205.000000	715.000000	51.000000	199.111889	716.080237	2.000000	5.046893
4.000000	5.000000	5.000000	193.000000	886.000000	71.000000	194.783695	907.394030	2.000000	5.926259
4.000000	6.000000	6.000000	328.000000	235.000000	12.000000	329.984258	252.556560	2.000000	7.085633
4.000000	7.000000	7.000000	316.000000	387.000000	22.000000	318.688905	377.697078	1.000000	7.964943
4.000000	8.000000	0.000000	196.000000	544.000000	41.000000	196.702028	569.665874	1.000000	8.814072
4.000000	9.000000	8.000000	205.000000	585.000000	41.000000	196.702028	569.665874	1.000000	9.940654
4.000000	10.000000	9.000000	320.000000	785.000000	62.000000	326.782208	787.845619	2.000000	11.453682
4.000000	11.000000	10.000000	292.000000	936.000000	72.000000	292.755225	922.034074	1.000000	15.213774
4.000000	12.000000	11.000000	523.000000	235.000000	14.000000	517.442383	256.840440	2.000000	16.870619
4.000000	13.000000	12.000000	423.000000	244.000000	13.000000	427.546745	264.086445	1.000000	17.820835
4.000000	14.000000	13.000000	450.000000	345.000000	23.000000	447.526175	354.618483	1.000000	18.477266
4.000000	15.000000	14.000000	440.000000	444.000000	33.000000	437.676296	461.038846	1.000000	19.294048
4.000000	16.000000	15.000000	548.000000	356.000000	24.000000	530.998493	360.002336	1.000000	20.182768
4.000000	17.000000	16.000000	519.000000	495.000000	34.000000	524.490805	495.806082	2.000000	21.021447
4.000000	18.000000	17.000000	525.000000	864.000000	74.000000	526.726066	867.854543	1.000000	23.198482
4.000000	19.000000	0.000000	667.000000	106.000000	5.000000	639.393196	122.417985	2.000000	24.406615
4.000000	20.000000	18.000000	644.000000	110.000000	5.000000	639.393196	122.417985	2.000000	25.045904
4.000000	21.000000	19.000000	646.000000	291.000000	15.000000	642.268505	276.585548	2.000000	25.781364
4.000000	22.000000	20.000000	737.000000	319.000000	26.000000	741.509371	330.140166	1.000000	26.934559
4.000000	23.000000	21.000000	619.000000	670.000000	55.000000	630.775460	669.639241	1.000000	27.876587
4.000000	24.000000	22.000000	751.000000	600.000000	46.000000	739.806515	601.444429	1.000000	28.894608
4.000000	25.000000	23.000000	862.000000	697.000000	57.000000	851.730748	696.879864	1.000000	30.044880
4.000000	26.000000	24.000000	763.000000	922.000000	76.000000	742.706629	925.044182	2.000000	31.326613
4.000000	27.000000	25.000000	860.000000	544.000000	47.000000	875.245930	550.540657	2.000000	32.310007
4.000000	28.000000	26.000000	897.000000	419.000000	37.000000	883.990381	440.313666	1.000000	33.044715
4.000000	29.000000	27.000000	899.000000	355.000000	27.000000	888.358686	347.088676	1.000000	33.622506
4.000000	30.000000	28.000000	892.000000	248.000000	17.000000	880.163400	243.543265	2.000000	34.270254
4.000000	31.000000	29.000000	1013.000000	131.000000	8.000000	997.715345	140.153775	2.000000	35.166541
4.000000	32.000000	30.000000	1081.000000	139.000000	9.000000	1081.212315	154.024717	1.000000	35.789162
4.000000	33.000000	31.000000	1165.000000	131.000000	10.000000	1167.780142	134.806621	1.000000	36.598079
4.000000	34.000000	32.000000	963.000000	221.000000	18.000000	985.671334	226.622018	2.000000	37.317165
4.000000	35.000000	33.000000	1091.000000	253.000000	19.000000	1087.321287	271.670805	2.000000	37.942387
4.000000	36.000000	34.000000	1229.000000	274.000000	20.000000	1215.399578	292.081117	1.000000	38.676466
4.000000	37.000000	0.000000	980.000000	362.000000	28.000000	969.262992	390.823328	2.000000	39.574371
4.000000	38.000000	35.000000	963.000000	403.000000	28.000000	969.262992	390.823328	2.000000	40.356773
4.000000	39.000000	36.000000	986.000000	464.000000	38.000000	983.907745	481.644604	2.000000	41.085775
4.000000	40.000000	37.000000	1106.000000	611.000000	49.000000	1104.433698	596.454835	1.000000	42.132388
4.000000	41.000000	38.000000	851.000000	913.000000	77.000000	838.742842	924.833782	1.000000	43.549339
4.000000	42.000000	39.000000	1226.000000	902.000000	80.000000	1218.045087	915.283239	1.000000	44.430496
4.000000	43.000000	40.000000	1222.000000	779.000000	70.000000	1212.801443	788.349468	2.000000	45.142492
5.000000	1.000000	1.000000	200.000000	165.000000	1.000000	201.185702	155.511517	1.000000	1.673667
5.000000	2.000000	2.000000	218.000000	258.000000	11.000000	223.807333	268.930724	1.000000	2.514267
5.000000	3.000000	3.000000	199.000000	386.000000	21.000000	207.342454	388.410651	2.000000	6.368488
5.000000	4.000000	0.000000	321.000000	482.000000	32.000000	302.100061	465.049125	2.000000	7.288894
5.000000	5.000000	4.000000	305.000000	486.000000	32.000000	302.100061	465.049125	2.000000	8.016322
5.000000	6.000000	5.000000	201.000000	617.000000	41.000000	202.050339	602.443690	2.000000	8.953379
5.000000	7.000000	6.000000	212.000000	719.000000	51.000000	220.839942	715.475046	2.000000	9.770038
5.000000	8.000000	7.000000	318.000000	785.000000	62.000000	303.245142	786.852469	2.000000	10.448733
5.000000	9.000000	8.000000	314.000000	890.000000	72.000000	316.776311	892.920706	2.000000	11.432877
5.000000	10.000000	9.000000	435.000000	916.000000	73.000000	417.144716	918.347776	2.000000	11.977048
5.000000	11.000000	10.000000	538.000000	879.000000	74.000000	544.284560	862.644140	2.000000	12.896677
5.000000	12.000000	11.000000	642.000000	931.000000	75.000000	626.723255	915.704840	1.000000	13.744784
5.000000	13.000000	12.000000	760.000000	893.000000	76.000000	769.869458	893.005468	1.000000	14.464650
5.000000	14.000000	13.000000	864.000000	791.000000	67.000000	849.099347	786.336826	1.000000	15.290295
5.000000	15.000000	14.000000	859.000000	720.000000	57.000000	857.478211	700.486483	2.000000	16.072352
5.000000	16.000000	0.000000	759.000000	615.000000	46.000000	749.847122	581.715076	2.000000	16.929678
5.000000	17.000000	0.000000	756.000000	607.000000	46.000000	749.847122	581.715076	2.000000	17.457109
5.000000	18.000000	15.000000	753.000000	574.000000	46.000000	749.847122	581.715076	2.000000	19.737499
5.000000	19.000000	16.000000	756.000000	465.000000	36.000000	750.996775	450.731018	2.000000	20.521730
5.000000	20.000000	17.000000	738.000000	380.000000	26.000000	739.003869	374.282659	1.000000	21.074214
5.000000	21.000000	18.000000	777.000000	265.000000	16.000000	772.630102	255.161661	1.000000	21.824081
5.000000	22.000000	19.000000	887.000000	170.000000	7.000000	873.481651	171.133189	1.000000	22.650205
5.000000	23.000000	20.000000	990.000000	178.000000	8.000000	983.049497	186.885881	1.000000	23.321688
5.000000	24.000000	21.000000	878.000000	384.000000	27.000000	877.742356	392.069519	1.000000	24.320710
5.000000	25.000000	22.000000	673.000000	337.000000	25.000000	667.297718	336.341410	2.000000	24.928270
5.000000	26.000000	23.000000	557.000000	288.000000	14.000000	554.191793	287.292744	2.000000	25.632898
5.000000	27.000000	24.000000	431.000000	180.000000	3.000000	427.488002	179.653215	1.000000	26.546215
5.000000	28.000000	25.000000	413.000000	219.000000	13.000000	405.810106	225.906394	1.000000	27.136963
5.000000	29.000000	26.000000	406.000000	366.000000	23.000000	414.210804	347.976112	1.000000	27.898146
5.000000	30.000000	27.000000	545.000000	543.000000	44.000000	560.590147	542.842844	1.000000	28.721332
5.000000	31.000000	28.000000	647.000000	481.000000	35.000000	636.139198	468.183976	1.000000	29.401708
5.000000	32.000000	29.000000	635.000000	628.000000	45.000000	632.007435	613.680224	1.000000	30.849851
5.000000	33.000000	30.000000	956.000000	603.000000	48.000000	950.902265	599.619676	1.000000	32.048494
5.000000	34.000000	31.000000	955.000000	514.000000	38.000000	950.983490	504.849685	2.000000	32.634353
5.000000	35.000000	32.000000	1110.000000	366.000000	29.000000	1107.145393	355.108694	2.000000	33.674192
5.000000	36.000000	33.000000	1195.000000	360.000000	30.000000	1198.842271	351.845650	2.000000	35.280985
5.000000	37.000000	34.000000	1203.000000	307.000000	20.000000	1195.396420	293.226469	1.000000	36.249584
5.000000	38.000000	35.000000	1108.000000	541.000000	49.000000	1105.624655	545.892441	2.000000	37.290088
5.000000	39.000000	36.000000	1098.000000	720.000000	59.000000	1102.850620	703.071820	1.000000	38.185929
5.000000	40.000000	37.000000	1192.000000	822.000000	70.000000	1172.961236	809.256063	2.000000	39.041160
5.000000	41.000000	38.000000	996.000000	910.000000	78.000000	997.412537	896.325515	2.000000	40.137542
5.000000	42.000000	39.000000	1111.000000	926.000000	79.000000	1110.236214	923.402409	2.000000	40.888461
5.000000	43.000000	40.000000	1236.000000	937.000000	80.000000	1221.565148	923.324447	1.000000	41.681684
6.000000	1.000000	1.000000	222.000000	145.000000	1.000000	216.708072	128.074579	1.000000	1.079933
6.000000	2.000000	2.000000	288.000000	169.000000	2.000000	293.327586	167.561264	1.000000	1.623648
6.000000	3.000000	3.000000	300.000000	234.000000	12.000000	297.808940	254.278279	1.000000	2.215977
6.000000	4.000000	4.000000	203.000000	441.000000	31.000000	210.070007	437.990226	1.000000	3.296627
6.000000	5.000000	5.000000	224.000000	587.000000	41.000000	221.640805	573.959071	2.000000	4.232299
6.000000	6.000000	6.000000	197.000000	725.000000	51.000000	193.331509	702.921749	1.000000	5.112534
6.000000	7.000000	7.000000	182.000000	802.000000	61.000000	180.701685	815.858889	2.000000	5.727670
6.000000	8.000000	8.000000	218.000000	915.000000	71.000000	229.940590	918.584278	2.000000	6.551149
6.000000	9.000000	9.000000	303.000000	901.000000	72.000000	300.868428	899.022821	2.000000	7.136521
6.000000	10.000000	10.000000	409.000000	896.000000	73.000000	402.968254	893.343995	1.000000	7.951802
6.000000	11.000000	11.000000	520.000000	877.000000	74.000000	509.088592	865.066126	1.000000	8.719559
6.000000	12.000000	12.000000	517.000000	815.000000	64.000000	520.528605	813.830509	1.000000	9.295088
6.000000	13.000000	13.000000	457.000000	813.000000	63.000000	449.044814	806.211763	2.000000	9.990929
6.000000	14.000000	14.000000	517.000000	704.000000	54.000000	521.813844	686.909336	1.000000	10.703539
6.000000	15.000000	15.000000	451.000000	620.000000	43.000000	440.739606	611.932717	2.000000	11.480882
6.000000	16.000000	16.000000	436.000000	141.000000	3.000000	434.503672	122.833155	1.000000	13.553080
6.000000	17.000000	17.000000	534.000000	141.000000	4.000000	531.721279	133.725674	2.000000	14.335553
6.000000	18.000000	18.000000	515.000000	265.000000	14.000000	512.363127	264.873881	1.000000	15.129061
6.000000	19.000000	19.000000	524.000000	374.000000	24.000000	522.280487	384.747921	2.000000	15.776196
6.000000	20.000000	20.000000	526.000000	451.000000	34.000000	524.918866	448.666972	1.000000	16.376245
6.000000	21.000000	21.000000	749.000000	148.000000	6.000000	738.582247	152.888333	2.000000	18.311219
6.000000	22.000000	22.000000	659.000000	321.000000	25.000000	659.675130	333.381722	2.000000	18.959776
6.000000	23.000000	23.000000	660.000000	425.000000	35.000000	667.370691	442.843508	2.000000	19.855390
6.000000	24.000000	24.000000	734.000000	491.000000	36.000000	744.233199	496.603864	2.000000	21.087916
6.000000	25.000000	25.000000	829.000000	920.000000	77.000000	848.988959	923.627238	2.000000	22.496060
6.000000	26.000000	26.000000	854.000000	664.000000	57.000000	868.581910	673.819181	1.000000	23.304482
6.000000	27.000000	27.000000	842.000000	542.000000	47.000000	852.889212	548.145988	1.000000	24.167859
6.000000	28.000000	28.000000	742.000000	384.000000	26.000000	748.914733	391.285662	1.000000	25.232941
6.000000	29.000000	29.000000	881.000000	344.000000	27.000000	864.248991	346.187184	1.000000	26.097069
6.000000	30.000000	30.000000	877.000000	179.000000	7.000000	875.490304	181.660013	2.000000	26.872053
6.000000	31.000000	31.000000	976.000000	320.000000	28.000000	980.257339	340.014693	1.000000	27.608765
6.000000	32.000000	32.000000	973.000000	456.000000	38.000000	969.678272	465.725914	2.000000	28.255588
6.000000	33.000000	33.000000	981.000000	654.000000	58.000000	961.948499	660.468260	2.000000	29.494999
6.000000	34.000000	34.000000	980.000000	761.000000	68.000000	965.165539	762.995896	2.000000	30.353086
6.000000	35.000000	35.000000	1065.000000	688.000000	59.000000	1069.585634	666.779302	1.000000	31.167186
6.000000	36.000000	36.000000	1192.000000	784.000000	70.000000	1188.102914	763.360325	1.000000	32.504157
6.000000	37.000000	37.000000	1080.000000	165.000000	9.000000	1086.129275	155.081054	2.000000	34.512361
6.000000	38.000000	38.000000	1206.000000	177.000000	10.000000	1208.674096	176.586245	2.000000	35.015048
6.000000	39.000000	39.000000	1082.000000	245.000000	19.000000	1106.274798	245.410531	2.000000	35.759940
6.000000	40.000000	40.000000	1197.000000	501.000000	40.000000	1190.459299	491.815044	1.000000	36.967421
7.000000	1.000000	1.000000	1169.000000	901.000000	80.000000	1169.218465	908.632682	1.000000	2.657218
7.000000	2.000000	2.000000	1196.000000	504.000000	40.000000	1184.034505	487.717119	2.000000	4.296864
7.000000	3.000000	3.000000	1186.000000	563.000000	50.000000	1183.470341	577.967886	1.000000	5.026544
7.000000	4.000000	4.000000	1220.000000	339.000000	30.000000	1220.400489	342.138896	2.000000	5.858216
7.000000	5.000000	5.000000	1193.000000	132.000000	10.000000	1180.800332	131.064346	2.000000	6.784817
7.000000	6.000000	0.000000	1061.000000	511.000000	39.000000	1062.213534	483.453956	1.000000	7.921597
7.000000	7.000000	6.000000	1058.000000	687.000000	59.000000	1058.499959	681.997629	1.000000	8.640877
7.000000	8.000000	7.000000	1061.000000	489.000000	39.000000	1062.213534	483.453956	1.000000	9.474526
7.000000	9.000000	8.000000	963.000000	827.000000	68.000000	963.662717	820.118794	1.000000	11.617674
7.000000	10.000000	9.000000	895.000000	726.000000	57.000000	889.241918	717.203468	1.000000	12.906229
7.000000	11.000000	10.000000	978.000000	571.000000	48.000000	968.517568	569.305185	2.000000	14.802626
7.000000	12.000000	11.000000	873.000000	476.000000	37.000000	869.236606	473.781888	2.000000	15.674607
7.000000	13.000000	12.000000	874.000000	396.000000	27.000000	864.041537	396.719321	2.000000	16.240694
7.000000	14.000000	13.000000	974.000000	193.000000	8.000000	968.385765	175.860572	1.000000	16.978604
7.000000	15.000000	14.000000	903.000000	195.000000	7.000000	890.366175	181.284628	1.000000	17.641296
7.000000	16.000000	0.000000	793.000000	189.000000	6.000000	774.492555	171.135805	2.000000	18.346737
7.000000	17.000000	15.000000	790.000000	185.000000	6.000000	774.492555	171.135805	2.000000	18.986254
7.000000	18.000000	16.000000	782.000000	267.000000	16.000000	768.418278	284.952652	2.000000	19.737559
7.000000	19.000000	17.000000	746.000000	373.000000	26.000000	737.376157	353.775899	2.000000	20.640572
7.000000	20.000000	18.000000	636.000000	394.000000	25.000000	629.196610	384.017831	2.000000	21.593723
7.000000	21.000000	19.000000	663.000000	496.000000	35.000000	666.233946	478.835290	2.000000	22.394716
7.000000	22.000000	20.000000	647.000000	552.000000	45.000000	633.559422	558.207178	1.000000	23.008772
7.000000	23.000000	21.000000	650.000000	658.000000	55.000000	650.748495	658.780293	2.000000	23.593954
7.000000	24.000000	22.000000	656.000000	772.000000	65.000000	656.591990	786.694120	1.000000	24.530676
7.000000	25.000000	23.000000	854.000000	597.000000	47.000000	838.882244	586.803470	2.000000	25.400786
7.000000	26.000000	24.000000	752.000000	477.000000	36.000000	746.458542	477.804642	1.000000	26.161803
7.000000	27.000000	25.000000	564.000000	813.000000	64.000000	560.586886	823.055222	1.000000	26.969274
7.000000	28.000000	26.000000	413.000000	883.000000	73.000000	407.191685	888.388440	1.000000	28.056984
7.000000	29.000000	27.000000	416.000000	831.000000	63.000000	408.153142	812.645041	2.000000	28.785416
7.000000	30.000000	28.000000	343.000000	813.000000	62.000000	335.455176	804.822874	1.000000	29.554795
7.000000	31.000000	29.000000	450.000000	607.000000	43.000000	448.889756	596.919195	2.000000	30.322642
7.000000	32.000000	30.000000	437.000000	511.000000	33.000000	443.343641	495.579493	1.000000	30.906457
7.000000	33.000000	31.000000	542.000000	364.000000	24.000000	541.592250	353.726249	1.000000	31.962681
7.000000	34.000000	32.000000	519.000000	188.000000	4.000000	513.017855	176.636387	1.000000	33.346926
7.000000	35.000000	33.000000	537.000000	227.000000	14.000000	538.387017	225.005006	2.000000	33.874251
7.000000	36.000000	34.000000	442.000000	234.000000	13.000000	450.229166	242.672579	1.000000	34.418499
7.000000	37.000000	35.000000	420.000000	370.000000	23.000000	413.799876	368.694057	1.000000	35.458259
7.000000	38.000000	36.000000	329.000000	456.000000	32.000000	338.180399	464.042749	1.000000	36.256706
7.000000	39.000000	37.000000	320.000000	586.000000	42.000000	313.145330	568.729797	2.000000	36.954230
7.000000	40.000000	38.000000	206.000000	522.000000	31.000000	195.259965	504.097061	2.000000	37.738482
7.000000	41.000000	39.000000	192.000000	302.000000	11.000000	193.883874	293.678839	2.000000	38.337601
7.000000	42.000000	40.000000	334.000000	146.000000	2.000000	325.054321	144.933617	2.000000	38.970841
8.000000	1.000000	1.000000	209.000000	167.000000	1.000000	214.580634	164.685798	2.000000	1.658345
8.000000	2.000000	2.000000	329.000000	171.000000	2.000000	319.892619	174.143026	1.000000	2.321913
8.000000	3.000000	0.000000	328.000000	330.000000	22.000000	316.780496	358.322457	1.000000	3.139760
8.000000	4.000000	0.000000	348.000000	356.000000	22.000000	316.780496	358.322457	1.000000	3.763568
8.000000	5.000000	3.000000	328.000000	356.000000	22.000000	316.780496	358.322457	1.000000	4.194011
8.000000	6.000000	4.000000	185.000000	380.000000	21.000000	191.369781	395.358851	2.000000	5.137983
8.000000	7.000000	5.000000	420.000000	151.000000	3.000000	423.786724	145.329341	2.000000	6.099899
8.000000	8.000000	6.000000	674.000000	160.000000	5.000000	655.920773	169.794927	2.000000	7.194833
8.000000	9.000000	7.000000	836.000000	125.000000	7.000000	842.762028	132.010603	2.000000	8.362305
8.000000	10.000000	8.000000	453.000000	229.000000	13.000000	450.826646	240.764629	2.000000	9.275221
8.000000	11.000000	9.000000	846.000000	280.000000	17.000000	842.895150	292.821707	1.000000	10.306259
8.000000	12.000000	10.000000	1125.000000	261.000000	19.000000	1107.972119	255.164599	2.000000	11.195280
8.000000	13.000000	11.000000	767.000000	350.000000	26.000000	771.292570	350.641421	2.000000	11.883382
8.000000	14.000000	12.000000	631.000000	361.000000	25.000000	630.862693	373.219062	2.000000	12.387589
8.000000	15.000000	13.000000	550.000000	474.000000	34.000000	553.777345	468.643905	2.000000	13.138288
8.000000	16.000000	14.000000	652.000000	572.000000	45.000000	642.207826	576.247948	2.000000	13.947469
8.000000	17.000000	15.000000	315.000000	558.000000	42.000000	293.775308	554.276936	1.000000	14.915891
8.000000	18.000000	16.000000	331.000000	481.000000	32.000000	327.989902	465.537569	2.000000	15.435099
8.000000	19.000000	17.000000	190.000000	874.000000	71.000000	191.661480	879.094213	1.000000	16.315817
8.000000	20.000000	18.000000	199.000000	738.000000	61.000000	186.479728	758.474741	1.000000	16.819154
8.000000	21.000000	19.000000	202.000000	712.000000	51.000000	195.847410	708.033054	1.000000	17.307775
8.000000	22.000000	20.000000	325.000000	707.000000	52.000000	315.788397	704.422334	1.000000	17.786859
8.000000	23.000000	21.000000	425.000000	717.000000	53.000000	417.823234	719.952948	1.000000	18.257867
8.000000	24.000000	22.000000	456.000000	782.000000	63.000000	448.261061	777.076531	1.000000	18.770733
8.000000	25.000000	23.000000	335.000000	777.000000	62.000000	341.731213	770.155203	2.000000	19.299839
8.000000	26.000000	0.000000	306.000000	836.000000	72.000000	300.075053	863.776762	1.000000	19.819092
8.000000	27.000000	24.000000	408.000000	909.000000	73.000000	410.143992	926.747093	1.000000	20.506364
8.000000	28.000000	25.000000	279.000000	851.000000	72.000000	300.075053	863.776762	1.000000	21.313897
8.000000	29.000000	26.000000	412.000000	598.000000	43.000000	413.898339	608.972940	2.000000	22.330721
8.000000	30.000000	27.000000	554.000000	597.000000	44.000000	558.782442	600.764455	2.000000	22.859228
8.000000	31.000000	28.000000	640.000000	763.000000	65.000000	644.477949	775.750108	2.000000	23.619611
8.000000	32.000000	29.000000	618.000000	941.000000	75.000000	622.923639	928.558481	2.000000	24.449953
8.000000	33.000000	30.000000	876.000000	637.000000	57.000000	874.738011	650.555635	2.000000	26.450055
8.000000	34.000000	31.000000	763.000000	599.000000	46.000000	760.130586	584.652716	1.000000	27.273970
8.000000	35.000000	32.000000	784.000000	496.000000	36.000000	762.797320	501.412618	1.000000	27.819484
8.000000	36.000000	33.000000	875.000000	439.000000	37.000000	859.991856	440.190135	1.000000	28.323874
8.000000	37.000000	34.000000	853.000000	406.000000	27.000000	848.196750	385.771451	1.000000	28.746821
8.000000	38.000000	35.000000	990.000000	802.000000	68.000000	984.358025	802.140156	2.000000	30.690419
8.000000	39.000000	36.000000	976.000000	692.000000	58.000000	977.235886	708.341467	1.000000	31.227400
8.000000	40.000000	37.000000	1092.000000	877.000000	79.000000	1090.058706	867.338069	1.000000	32.123278
8.000000	41.000000	38.000000	1195.000000	700.000000	60.000000	1196.543620	715.125614	2.000000	32.834545
8.000000	42.000000	39.000000	1084.000000	447.000000	39.000000	1088.151676	449.082086	1.000000	33.570148
8.000000	43.000000	40.000000	1226.000000	231.000000	20.000000	1215.348578	244.291839	1.000000	34.747660
9.000000	1.000000	1.000000	176.000000	248.000000	11.000000	193.073123	239.452449	1.000000	1.771257
9.000000	2.000000	2.000000	213.000000	172.000000	1.000000	224.077130	154.531134	1.000000	2.491741
9.000000	3.000000	0.000000	341.000000	158.000000	2.000000	303.506361	143.290987	1.000000	3.405275
9.000000	4.000000	3.000000	314.000000	165.000000	2.000000	303.506361	143.290987	1.000000	4.059881
9.000000	5.000000	0.000000	338.000000	273.000000	12.000000	319.198519	255.606218	1.000000	4.733328
9.000000	6.000000	4.000000	335.000000	261.000000	12.000000	319.198519	255.606218	1.000000	5.548138
9.000000	7.000000	5.000000	417.000000	253.000000	13.000000	428.584452	232.418246	1.000000	6.324110
9.000000	8.000000	6.000000	304.000000	362.000000	22.000000	307.618641	372.676055	2.000000	7.100316
9.000000	9.000000	7.000000	171.000000	445.000000	31.000000	183.567716	446.025519	2.000000	7.821420
9.000000	10.000000	8.000000	214.000000	598.000000	41.000000	210.339395	596.474630	1.000000	8.421048
9.000000	11.000000	9.000000	337.000000	920.000000	72.000000	341.198320	928.781547	2.000000	9.852344
9.000000	12.000000	10.000000	400.000000	885.000000	73.000000	409.029734	865.014681	2.000000	10.589429
9.000000	13.000000	11.000000	457.000000	778.000000	63.000000	444.103410	761.842897	2.000000	11.437160
9.000000	14.000000	12.000000	429.000000	625.000000	43.000000	430.493603	610.092562	2.000000	12.451319
9.000000	15.000000	13.000000	424.000000	489.000000	33.000000	413.750304	496.177343	1.000000	13.149177
9.000000	16.000000	14.000000	445.000000	341.000000	23.000000	452.302094	339.237286	1.000000	14.012517
9.000000	17.000000	15.000000	564.000000	280.000000	14.000000	549.324074	272.139495	1.000000	14.765241
9.000000	18.000000	16.000000	634.000000	256.000000	15.000000	639.470990	235.712729	1.000000	15.292566
9.000000	19.000000	17.000000	736.000000	163.000000	6.000000	729.875082	141.535943	1.000000	16.485182
9.000000	20.000000	18.000000	877.000000	115.000000	7.000000	862.982431	121.291833	1.000000	17.533317
9.000000	21.000000	19.000000	834.000000	268.000000	17.000000	844.137420	249.067410	2.000000	18.189071
9.000000	22.000000	0.000000	672.000000	377.000000	25.000000	648.720262	357.399007	2.000000	19.067607
9.000000	23.000000	20.000000	662.000000	376.000000	25.000000	648.720262	357.399007	2.000000	19.556643
9.000000	24.000000	21.000000	528.000000	439.000000	34.000000	510.237642	436.742534	2.000000	20.307995
9.000000	25.000000	22.000000	740.000000	401.000000	26.000000	739.268231	396.486527	1.000000	21.956739
9.000000	26.000000	23.000000	744.000000	580.000000	46.000000	742.416154	574.413838	2.000000	22.861193
9.000000	27.000000	24.000000	742.000000	720.000000	56.000000	731.728396	698.975184	2.000000	23.669231
9.000000	28.000000	25.000000	560.000000	777.000000	64.000000	546.583223	771.403172	1.000000	24.308490
9.000000	29.000000	26.000000	615.000000	858.000000	75.000000	633.803621	871.725826	1.000000	25.148934
9.000000	30.000000	27.000000	834.000000	799.000000	67.000000	838.498819	794.540529	1.000000	25.965072
9.000000	31.000000	28.000000	881.000000	702.000000	57.000000	878.989238	689.114653	1.000000	26.555631
9.000000	32.000000	0.000000	1129.000000	150.000000	9.000000	1092.866721	152.311801	2.000000	28.301006
9.000000	33.000000	29.000000	1110.000000	152.000000	9.000000	1092.866721	152.311801	2.000000	28.845271
9.000000	34.000000	30.000000	1194.000000	153.000000	10.000000	1189.799503	154.186755	1.000000	29.380995
9.000000	35.000000	31.000000	985.000000	476.000000	38.000000	964.118312	469.192396	2.000000	30.532852
9.000000	36.000000	0.000000	1085.000000	497.000000	39.000000	1057.790778	494.665506	2.000000	30.988917
9.000000	37.000000	32.000000	1053.000000	509.000000	39.000000	1057.790778	494.665506	2.000000	31.803800
9.000000	38.000000	33.000000	1006.000000	600.000000	48.000000	1000.645317	577.283884	2.000000	32.371271
9.000000	39.000000	34.000000	1068.000000	601.000000	49.000000	1072.933988	593.718443	1.000000	33.036130
9.000000	40.000000	35.000000	1198.000000	580.000000	50.000000	1195.951064	571.969571	2.000000	34.388141
9.000000	41.000000	36.000000	1098.000000	709.000000	59.000000	1097.800816	706.912818	2.000000	35.059663
9.000000	42.000000	37.000000	1100.000000	748.000000	69.000000	1101.382066	755.576999	1.000000	35.797243
9.000000	43.000000	38.000000	1198.000000	883.000000	80.000000	1183.733125	874.125615	2.000000	36.803219
9.000000	44.000000	39.000000	981.000000	877.000000	78.000000	964.918434	874.891096	2.000000	37.765382
9.000000	45.000000	40.000000	897.000000	892.000000	77.000000	889.193045	896.186618	2.000000	38.755307
10.000000	1.000000	1.000000	228.000000	189.000000	1.000000	222.476500	183.332390	1.000000	1.513906
10.000000	2.000000	2.000000	296.000000	153.000000	2.000000	295.653584	152.156040	1.000000	2.050152
10.000000	3.000000	3.000000	216.000000	294.000000	11.000000	226.475738	287.322487	2.000000	2.897044
10.000000	4.000000	4.000000	306.000000	241.000000	12.000000	299.894128	232.203062	2.000000	3.457681
10.000000	5.000000	5.000000	391.000000	276.000000	13.000000	405.085792	279.155661	1.000000	4.417831
10.000000	6.000000	6.000000	401.000000	329.000000	23.000000	399.028575	330.963744	2.000000	5.105318
10.000000	7.000000	7.000000	342.000000	572.000000	42.000000	341.962931	556.577018	2.000000	6.617567
10.000000	8.000000	8.000000	204.000000	811.000000	61.000000	216.029029	799.106444	1.000000	7.480673
10.000000	9.000000	9.000000	226.000000	926.000000	71.000000	223.200428	923.136295	2.000000	8.216311
10.000000	10.000000	10.000000	532.000000	595.000000	44.000000	524.499300	591.297217	2.000000	9.449005
10.000000	11.000000	11.000000	440.000000	830.000000	63.000000	440.380913	813.223413	2.000000	10.282306
10.000000	12.000000	0.000000	570.000000	789.000000	64.000000	528.157827	800.716956	2.000000	10.930117
10.000000	13.000000	12.000000	539.000000	793.000000	64.000000	528.157827	800.716956	2.000000	11.505198
10.000000	14.000000	13.000000	407.000000	878.000000	73.000000	405.637111	901.895959	2.000000	12.297879
10.000000	15.000000	14.000000	545.000000	654.000000	54.000000	546.590393	673.223973	1.000000	13.584468
10.000000	16.000000	15.000000	629.000000	571.000000	45.000000	642.983606	585.231568	1.000000	14.145312
10.000000	17.000000	16.000000	784.000000	530.000000	46.000000	776.147049	548.427614	1.000000	14.704306
10.000000	18.000000	17.000000	841.000000	442.000000	37.000000	839.833065	443.742489	1.000000	15.296399
10.000000	19.000000	18.000000	873.000000	335.000000	27.000000	863.997694	341.410681	1.000000	16.304735
10.000000	20.000000	19.000000	643.000000	138.000000	5.000000	646.989752	139.945477	2.000000	17.609609
10.000000	21.000000	20.000000	749.000000	260.000000	16.000000	761.551324	255.598974	1.000000	18.297492
10.000000	22.000000	0.000000	855.000000	270.000000	17.000000	839.381861	292.233752	2.000000	18.954308
10.000000	23.000000	21.000000	845.000000	277.000000	17.000000	839.381861	292.233752	2.000000	20.338053
10.000000	24.000000	22.000000	883.000000	120.000000	7.000000	871.214534	140.503570	2.000000	21.177812
10.000000	25.000000	23.000000	1071.000000	111.000000	9.000000	1066.079366	118.125259	2.000000	22.040583
10.000000	26.000000	24.000000	1191.000000	242.000000	20.000000	1197.954273	260.862537	2.000000	22.753034
10.000000	27.000000	25.000000	1245.000000	356.000000	30.000000	1222.346328	364.086852	2.000000	24.040522
10.000000	28.000000	26.000000	1215.000000	466.000000	40.000000	1208.655635	467.057919	2.000000	24.769012
10.000000	29.000000	27.000000	1114.000000	691.000000	59.000000	1106.100960	699.789551	2.000000	25.890091
10.000000	30.000000	28.000000	1212.000000	705.000000	60.000000	1189.241178	714.993932	1.000000	26.594008
10.000000	31.000000	29.000000	1076.000000	551.000000	49.000000	1083.762842	557.023019	1.000000	27.433519
10.000000	32.000000	30.000000	1011.000000	508.000000	38.000000	993.076214	492.751061	1.000000	28.000596
10.000000	33.000000	31.000000	898.000000	586.000000	47.000000	891.423505	576.712091	1.000000	28.808824
10.000000	34.000000	32.000000	1006.000000	599.000000	48.000000	989.228930	597.200284	1.000000	29.497519
10.000000	35.000000	33.000000	967.000000	645.000000	58.000000	953.988033	661.744776	1.000000	30.209055
10.000000	36.000000	34.000000	783.000000	765.000000	66.000000	767.962434	762.040452	1.000000	31.314327
10.000000	37.000000	35.000000	675.000000	941.000000	75.000000	660.186384	927.314318	1.000000	32.481523
10.000000	38.000000	36.000000	860.000000	915.000000	77.000000	843.527407	898.371624	1.000000	33.240589
10.000000	39.000000	37.000000	1073.000000	800.000000	69.000000	1066.735487	798.346139	2.000000	34.273693
10.000000	40.000000	38.000000	1003.000000	784.000000	68.000000	997.599566	778.718480	1.000000	34.936373
10.000000	41.000000	39.000000	1075.000000	913.000000	79.000000	1065.802094	905.762740	2.000000	35.642163
10.000000	42.000000	40.000000	1190.000000	884.000000	80.000000	1176.095273	886.245653	2.000000	36.505538
11.000000	1.000000	1.000000	229.000000	126.000000	1.000000	207.191178	135.324624	2.000000	1.466634
11.000000	2.000000	2.000000	282.000000	169.000000	2.000000	301.960182	179.686681	2.000000	2.266565
11.000000	3.000000	3.000000	421.000000	123.000000	3.000000	417.902303	126.759749	1.000000	3.009014
11.000000	4.000000	4.000000	312.000000	238.000000	12.000000	314.983169	246.893956	1.000000	3.769277
11.000000	5.000000	5.000000	228.000000	262.000000	11.000000	230.164819	278.604667	1.000000	4.474638
11.000000	6.000000	0.000000	169.000000	486.000000	31.000000	197.914622	495.128954	1.000000	5.290553
11.000000	7.000000	6.000000	193.000000	494.000000	31.000000	197.914622	495.128954	1.000000	5.898400
11.000000	8.000000	7.000000	452.000000	402.000000	23.000000	445.582813	393.408359	2.000000	6.930509
11.000000	9.000000	8.000000	645.000000	287.000000	15.000000	643.410767	283.401586	1.000000	7.850821
11.000000	10.000000	9.000000	656.000000	373.000000	25.000000	653.820793	355.547581	2.000000	8.457836
11.000000	11.000000	10.000000	554.000000	373.000000	24.000000	560.314000	360.293921	1.000000	9.153231
11.000000	12.000000	11.000000	775.000000	343.000000	26.000000	774.845649	335.482733	2.000000	9.960690
11.000000	13.000000	12.000000	444.000000	475.000000	33.000000	432.839817	475.028962	2.000000	11.226049
11.000000	14.000000	13.000000	294.000000	596.000000	42.000000	295.197534	584.993483	2.000000	12.385557
11.000000	15.000000	14.000000	397.000000	787.000000	63.000000	403.869621	773.037951	2.000000	13.768529
11.000000	16.000000	15.000000	340.000000	816.000000	62.000000	327.989786	813.098895	2.000000	14.330650
11.000000	17.000000	16.000000	337.000000	920.000000	72.000000	327.356655	901.134083	2.000000	15.050639
11.000000	18.000000	17.000000	572.000000	574.000000	44.000000	551.646851	568.772598	2.000000	16.216703
11.000000	19.000000	18.000000	525.000000	679.000000	54.000000	540.695508	671.636493	1.000000	16.921064
11.000000	20.000000	19.000000	554.000000	902.000000	74.000000	543.252442	891.287495	2.000000	17.890647
11.000000	21.000000	20.000000	650.000000	670.000000	55.000000	665.747296	664.685181	2.000000	18.736701
11.000000	22.000000	21.000000	790.000000	660.000000	56.000000	773.865634	656.557286	2.000000	19.289242
11.000000	23.000000	22.000000	745.000000	563.000000	46.000000	736.472803	555.951782	2.000000	19.810123
11.000000	24.000000	23.000000	771.000000	523.000000	36.000000	763.665875	502.234185	1.000000	20.408564
11.000000	25.000000	24.000000	667.000000	514.000000	35.000000	661.778987	496.488541	1.000000	20.961662
11.000000	26.000000	25.000000	772.000000	181.000000	6.000000	759.289864	187.764334	2.000000	21.818584
11.000000	27.000000	26.000000	883.000000	165.000000	7.000000	890.766052	152.376312	2.000000	22.448612
11.000000	28.000000	27.000000	1093.000000	133.000000	9.000000	1085.080033	120.052172	2.000000	23.505157
11.000000	29.000000	28.000000	878.000000	250.000000	17.000000	870.893058	259.880931	1.000000	24.329573
11.000000	30.000000	29.000000	968.000000	246.000000	18.000000	967.012639	236.639547	1.000000	25.017482
11.000000	31.000000	30.000000	1192.000000	246.000000	20.000000	1199.424189	236.176322	1.000000	25.849845
11.000000	32.000000	31.000000	1000.000000	560.000000	48.000000	980.439317	552.573076	2.000000	27.682274
11.000000	33.000000	32.000000	1211.000000	494.000000	40.000000	1215.342372	473.264676	1.000000	28.698304
11.000000	34.000000	33.000000	881.000000	614.000000	47.000000	867.904948	612.390019	1.000000	30.617575
11.000000	35.000000	34.000000	751.000000	813.000000	66.000000	771.608510	814.843063	1.000000	31.242610
11.000000	36.000000	35.000000	873.000000	824.000000	67.000000	883.655917	820.565730	1.000000	31.906762
11.000000	37.000000	36.000000	896.000000	898.000000	77.000000	881.268714	886.125401	1.000000	32.681771
11.000000	38.000000	37.000000	968.000000	758.000000	68.000000	961.928287	763.957838	1.000000	33.393962
11.000000	39.000000	38.000000	1090.000000	883.000000	79.000000	1081.567094	874.374607	1.000000	34.601497
11.000000	40.000000	39.000000	1191.000000	928.000000	80.000000	1191.634661	926.779261	2.000000	35.144715
11.000000	41.000000	40.000000	1168.000000	769.000000	70.000000	1170.497083	774.405836	1.000000	35.928621
12.000000	1.000000	1.000000	207.000000	111.000000	1.000000	206.442512	134.230096	1.000000	2.338894
12.000000	2.000000	2.000000	292.000000	142.000000	2.000000	296.553287	146.515792	2.000000	2.913466
12.000000	3.000000	0.000000	214.000000	275.000000	11.000000	191.053192	264.891837	2.000000	3.681233
12.000000	4.000000	3.000000	199.000000	273.000000	11.000000	191.053192	264.891837	2.000000	4.393645
12.000000	5.000000	4.000000	288.000000	271.000000	12.000000	287.561391	253.428403	2.000000	4.890506
12.000000	6.000000	5.000000	308.000000	352.000000	22.000000	303.376492	351.430214	2.000000	5.385997
12.000000	7.000000	6.000000	416.000000	304.000000	13.000000	406.012038	290.397397	2.000000	6.281637
12.000000	8.000000	7.000000	194.000000	453.000000	31.000000	190.040188	463.047434	2.000000	7.210418
12.000000	9.000000	8.000000	196.000000	656.000000	51.000000	201.087515	649.319529	2.000000	8.019284
12.000000	10.000000	9.000000	233.000000	785.000000	61.000000	223.431748	784.100487	2.000000	8.595282
12.000000	11.000000	10.000000	310.000000	900.000000	72.000000	307.031606	895.725741	1.000000	9.578666
12.000000	12.000000	11.000000	401.000000	803.000000	63.000000	402.755973	788.225480	1.000000	10.579098
12.000000	13.000000	12.000000	453.000000	951.000000	73.000000	451.886133	927.442857	2.000000	11.449323
12.000000	14.000000	13.000000	538.000000	816.000000	64.000000	536.744826	811.420279	2.000000	12.489884
12.000000	15.000000	14.000000	539.000000	736.000000	54.000000	542.964591	714.504289	2.000000	13.337001
12.000000	16.000000	15.000000	549.000000	561.000000	44.000000	551.718613	566.368426	2.000000	14.273132
12.000000	17.000000	16.000000	447.000000	585.000000	43.000000	451.704291	593.264511	2.000000	14.897879
12.000000	18.000000	17.000000	329.000000	539.000000	42.000000	335.962680	552.888538	1.000000	15.418837
12.000000	19.000000	0.000000	402.000000	315.000000	23.000000	402.202461	343.777312	1.000000	16.401919
12.000000	20.000000	18.000000	392.000000	336.000000	23.000000	402.202461	343.777312	1.000000	16.921900
12.000000	21.000000	19.000000	518.000000	145.000000	4.000000	510.146915	136.999242	1.000000	17.730873
12.000000	22.000000	20.000000	755.000000	160.000000	6.000000	745.752742	157.932412	2.000000	18.539576
12.000000	23.000000	21.000000	636.000000	493.000000	35.000000	630.762255	479.390357	1.000000	19.458292
12.000000	24.000000	22.000000	618.000000	575.000000	45.000000	621.864083	559.563220	1.000000	20.353515
12.000000	25.000000	23.000000	634.000000	819.000000	65.000000	634.321707	812.752706	1.000000	21.290447
12.000000	26.000000	24.000000	791.000000	834.000000	66.000000	778.958141	813.476976	1.000000	22.050980
12.000000	27.000000	25.000000	731.000000	925.000000	76.000000	727.919721	912.191913	2.000000	23.066837
12.000000	28.000000	26.000000	778.000000	594.000000	46.000000	776.541957	578.809163	1.000000	24.002917
12.000000	29.000000	27.000000	883.000000	557.000000	47.000000	868.029135	550.369140	1.000000	25.033457
12.000000	30.000000	28.000000	884.000000	667.000000	57.000000	877.470144	657.245781	1.000000	25.769180
12.000000	31.000000	29.000000	969.000000	619.000000	48.000000	962.631066	606.118900	2.000000	26.681660
12.000000	32.000000	30.000000	1068.000000	698.000000	59.000000	1076.193828	694.062801	2.000000	27.522235
12.000000	33.000000	31.000000	993.000000	775.000000	68.000000	995.790772	762.314684	1.000000	28.137932
12.000000	34.000000	32.000000	1208.000000	910.000000	80.000000	1202.861457	907.912605	2.000000	29.001479
12.000000	35.000000	33.000000	1195.000000	570.000000	50.000000	1199.820389	577.711308	1.000000	29.986639
12.000000	36.000000	34.000000	1182.000000	496.000000	40.000000	1182.297504	475.570881	2.000000	30.698408
12.000000	37.000000	35.000000	1169.000000	346.000000	30.000000	1168.513852	344.187202	1.000000	31.497318
12.000000	38.000000	36.000000	1109.000000	352.000000	29.000000	1093.472477	354.639316	1.000000	32.097262
12.000000	39.000000	37.000000	996.000000	390.000000	28.000000	996.324410	397.086555	1.000000	32.675395
12.000000	40.000000	38.000000	882.000000	393.000000	27.000000	877.847648	388.442175	1.000000	33.217132
12.000000	41.000000	0.000000	780.000000	391.000000	26.000000	757.363717	379.852183	2.000000	33.946428
12.000000	42.000000	39.000000	762.000000	378.000000	26.000000	757.363717	379.852183	2.000000	35.153379
12.000000	43.000000	40.000000	1102.000000	161.000000	9.000000	1111.157285	144.791171	1.000000	36.515346
13.000000	1.000000	1.000000	199.000000	262.000000	11.000000	190.943170	251.035059	2.000000	2.509956
13.000000	2.000000	2.000000	318.000000	271.000000	12.000000	316.108428	256.719939	1.000000	3.151854
13.000000	3.000000	3.000000	336.000000	408.000000	22.000000	325.517276	397.636786	2.000000	4.423203
13.000000	4.000000	4.000000	274.000000	441.000000	32.000000	292.582090	442.337012	1.000000	5.165808
13.000000	5.000000	5.000000	200.000000	552.000000	41.000000	193.353298	548.315880	1.000000	6.135150
13.000000	6.000000	6.000000	211.000000	697.000000	51.000000	218.864242	701.768904	2.000000	6.799667
13.000000	7.000000	7.000000	197.000000	892.000000	71.000000	201.511212	881.642767	2.000000	8.518888
13.000000	8.000000	8.000000	327.000000	783.000000	62.000000	331.048434	767.528085	1.000000	9.206444
13.000000	9.000000	9.000000	417.000000	901.000000	73.000000	424.911786	891.150369	1.000000	10.006136
13.000000	10.000000	10.000000	552.000000	899.000000	74.000000	557.022245	883.019225	2.000000	10.629276
13.000000	11.000000	11.000000	514.000000	800.000000	64.000000	508.399969	807.073156	1.000000	11.463302
13.000000	12.000000	12.000000	536.000000	581.000000	44.000000	526.383112	574.665246	2.000000	12.901971
13.000000	13.000000	13.000000	410.000000	467.000000	33.000000	411.032587	470.989611	2.000000	13.694950
13.000000	14.000000	14.000000	549.000000	471.000000	34.000000	551.521158	469.440307	2.000000	14.294656
13.000000	15.000000	15.000000	461.000000	286.000000	13.000000	446.408460	287.314966	1.000000	15.181756
13.000000	16.000000	16.000000	652.000000	143.000000	5.000000	654.712002	123.309338	2.000000	16.175670
13.000000	17.000000	17.000000	737.000000	152.000000	6.000000	757.600341	142.623400	2.000000	16.733605
13.000000	18.000000	18.000000	846.000000	187.000000	7.000000	852.181282	173.584211	2.000000	17.255661
13.000000	19.000000	19.000000	790.000000	247.000000	16.000000	770.004691	248.784816	2.000000	17.798535
13.000000	20.000000	20.000000	778.000000	391.000000	26.000000	768.068057	373.683598	1.000000	18.550197
13.000000	21.000000	21.000000	631.000000	394.000000	25.000000	634.975725	379.736423	1.000000	19.231499
13.000000	22.000000	22.000000	754.000000	773.000000	66.000000	753.870830	764.064928	1.000000	20.175100
13.000000	23.000000	23.000000	618.000000	705.000000	55.000000	622.404024	684.078268	2.000000	20.998557
13.000000	24.000000	24.000000	626.000000	882.000000	75.000000	642.495784	888.226817	1.000000	21.902879
13.000000	25.000000	25.000000	755.000000	887.000000	76.000000	748.343104	882.034896	1.000000	22.751161
13.000000	26.000000	26.000000	848.000000	883.000000	77.000000	839.487330	881.129394	1.000000	23.317623
13.000000	27.000000	27.000000	889.000000	829.000000	67.000000	890.174446	817.111996	2.000000	23.983268
13.000000	28.000000	28.000000	948.000000	773.000000	68.000000	953.207599	769.761266	2.000000	24.390851
13.000000	29.000000	29.000000	1106.000000	824.000000	69.000000	1100.581986	806.391186	2.000000	25.151508
13.000000	30.000000	0.000000	1159.000000	909.000000	80.000000	1181.480146	898.053824	1.000000	25.638488
13.000000	31.000000	30.000000	1182.000000	905.000000	80.000000	1181.480146	898.053824	1.000000	26.126635
13.000000	32.000000	31.000000	1217.000000	775.000000	70.000000	1220.229717	770.697256	1.000000	26.711687
13.000000	33.000000	32.000000	995.000000	679.000000	58.000000	988.139267	671.496539	1.000000	27.566192
13.000000	34.000000	0.000000	1112.000000	595.000000	49.000000	1070.544476	594.162968	1.000000	28.431322
13.000000	35.000000	33.000000	1196.000000	582.000000	50.000000	1187.927785	581.203218	2.000000	29.567184
13.000000	36.000000	34.000000	1172.000000	518.000000	40.000000	1173.128311	504.359300	2.000000	30.359219
13.000000	37.000000	35.000000	1086.000000	521.000000	39.000000	1082.659815	502.455824	1.000000	30.909610
13.000000	38.000000	36.000000	1074.000000	599.000000	49.000000	1070.544476	594.162968	1.000000	31.422557
13.000000	39.000000	37.000000	952.000000	383.000000	28.000000	959.346545	373.020156	2.000000	32.471126
13.000000	40.000000	38.000000	1084.000000	249.000000	19.000000	1094.706949	250.708416	1.000000	33.407166
13.000000	41.000000	39.000000	1165.000000	251.000000	20.000000	1179.489993	250.927715	1.000000	34.582351
13.000000	42.000000	40.000000	1173.000000	378.000000	30.000000	1177.658547	362.192482	2.000000	35.637673
14.000000	1.000000	1.000000	194.000000	219.000000	11.000000	193.402003	232.514429	2.000000	2.713884
14.000000	2.000000	2.000000	201.000000	372.000000	21.000000	201.896796	375.874831	2.000000	3.553830
14.000000	3.000000	3.000000	223.000000	432.000000	31.000000	214.897730	442.723505	2.000000	4.145216
14.000000	4.000000	4.000000	333.000000	309.000000	22.000000	340.079785	330.548999	2.000000	4.866757
14.000000	5.000000	5.000000	449.000000	337.000000	23.000000	431.043577	341.522967	2.000000	5.625902
14.000000	6.000000	6.000000	418.000000	130.000000	3.000000	399.379319	126.736087	1.000000	6.377439
14.000000	7.000000	7.000000	296.000000	173.000000	2.000000	318.388959	176.427039	1.000000	7.201978
14.000000	8.000000	8.000000	297.000000	480.000000	32.000000	297.704613	500.274876	1.000000	8.145308
14.000000	9.000000	9.000000	422.000000	479.000000	33.000000	412.597294	495.816924	1.000000	8.706995
14.000000	10.000000	10.000000	318.000000	559.000000	42.000000	323.679578	569.653502	1.000000	9.506456
14.000000	11.000000	11.000000	331.000000	655.000000	52.000000	325.048712	668.874273	1.000000	10.057928
14.000000	12.000000	12.000000	207.000000	819.000000	61.000000	219.996485	814.911378	1.000000	10.913077
14.000000	13.000000	13.000000	216.000000	931.000000	71.000000	210.687300	917.453765	1.000000	11.762871
14.000000	14.000000	14.000000	301.000000	887.000000	72.000000	308.918465	881.700759	2.000000	13.418446
14.000000	15.000000	15.000000	446.000000	911.000000	73.000000	445.380631	918.955114	2.000000	14.186214
14.000000	16.000000	16.000000	548.000000	910.000000	74.000000	549.754424	916.653758	1.000000	15.018607
14.000000	17.000000	0.000000	668.000000	902.000000	75.000000	639.379136	911.182744	1.000000	15.546873
14.000000	18.000000	17.000000	639.000000	911.000000	75.000000	639.379136	911.182744	1.000000	16.514050
14.000000	19.000000	18.000000	668.000000	787.000000	65.000000	667.339513	789.521868	1.000000	17.265750
14.000000	20.000000	19.000000	559.000000	656.000000	54.000000	561.360423	668.786994	2.000000	18.018140
14.000000	21.000000	20.000000	570.000000	555.000000	44.000000	560.465872	555.491354	1.000000	18.665699
14.000000	22.000000	21.000000	631.000000	152.000000	5.000000	633.207526	155.298084	1.000000	19.825069
14.000000	23.000000	0.000000	791.000000	133.000000	6.000000	761.805316	143.272368	2.000000	20.457454
14.000000	24.000000	22.000000	771.000000	134.000000	6.000000	761.805316	143.272368	2.000000	21.025500
14.000000	25.000000	23.000000	752.000000	328.000000	26.000000	743.294200	350.823262	1.000000	21.946303
14.000000	26.000000	24.000000	667.000000	590.000000	45.000000	653.176918	576.980400	2.000000	22.882063
14.000000	27.000000	25.000000	752.000000	871.000000	76.000000	754.989513	877.082854	2.000000	23.825025
14.000000	28.000000	26.000000	852.000000	752.000000	67.000000	851.550346	762.854558	2.000000	24.810041
14.000000	29.000000	27.000000	889.000000	861.000000	77.000000	890.474476	873.118251	1.000000	25.425595
14.000000	30.000000	28.000000	994.000000	894.000000	78.000000	982.695657	915.043415	1.000000	26.010576
14.000000	31.000000	29.000000	1062.000000	881.000000	79.000000	1069.269658	898.312729	2.000000	26.537699
14.000000	32.000000	30.000000	1205.000000	868.000000	80.000000	1205.833986	885.136821	2.000000	27.322106
14.000000	33.000000	31.000000	1085.000000	767.000000	69.000000	1071.143450	770.839397	1.000000	28.001781
14.000000	34.000000	32.000000	956.000000	778.000000	68.000000	967.726717	784.004634	2.000000	28.962088
14.000000	35.000000	33.000000	958.000000	706.000000	58.000000	967.094067	695.398991	2.000000	29.504721
14.000000	36.000000	34.000000	1045.000000	571.000000	49.000000	1059.621533	556.954151	1.000000	30.433957
14.000000	37.000000	35.000000	954.000000	344.000000	28.000000	952.453703	349.496571	2.000000	31.754208
14.000000	38.000000	36.000000	1057.000000	330.000000	29.000000	1064.571209	330.488539	1.000000	32.545346
14.000000	39.000000	37.000000	1227.000000	253.000000	20.000000	1217.009250	259.452227	1.000000	33.561178
14.000000	40.000000	38.000000	1230.000000	367.000000	30.000000	1211.567975	359.663581	2.000000	34.513902
14.000000	41.000000	39.000000	1116.000000	488.000000	39.000000	1107.939474	502.016168	2.000000	35.314858
14.000000	42.000000	40.000000	1093.000000	163.000000	9.000000	1081.462800	151.412790	2.000000	36.385691
15.000000	1.000000	1.000000	240.000000	155.000000	1.000000	225.385592	166.947269	2.000000	5.191602
15.000000	2.000000	2.000000	274.000000	158.000000	2.000000	293.235866	161.630320	1.000000	5.984460
15.000000	3.000000	3.000000	175.000000	342.000000	21.000000	188.818518	330.650716	1.000000	7.184391
15.000000	4.000000	4.000000	316.000000	455.000000	32.000000	300.399505	457.722771	2.000000	8.104283
15.000000	5.000000	5.000000	208.000000	455.000000	31.000000	213.878805	456.197965	1.000000	8.647515
15.000000	6.000000	6.000000	217.000000	592.000000	41.000000	232.351413	583.294096	2.000000	9.223143
15.000000	7.000000	7.000000	295.000000	671.000000	52.000000	304.186669	677.805662	2.000000	9.944720
15.000000	8.000000	0.000000	225.000000	927.000000	71.000000	188.410500	926.259008	2.000000	11.223224
15.000000	9.000000	8.000000	173.000000	927.000000	71.000000	188.410500	926.259008	2.000000	11.615793
15.000000	10.000000	9.000000	331.000000	921.000000	72.000000	324.211838	902.765100	2.000000	12.167785
15.000000	11.000000	10.000000	412.000000	892.000000	73.000000	397.998834	892.054306	1.000000	12.783114
15.000000	12.000000	0.000000	424.000000	756.000000	63.000000	401.034252	767.250764	1.000000	13.495526
15.000000	13.000000	11.000000	412.000000	763.000000	63.000000	401.034252	767.250764	1.000000	13.936684
15.000000	14.000000	12.000000	518.000000	639.000000	54.000000	518.193899	649.779444	2.000000	14.799657
15.000000	15.000000	13.000000	606.000000	669.000000	55.000000	619.343985	671.854641	1.000000	15.367531
15.000000	16.000000	14.000000	610.000000	609.000000	45.000000	620.180907	589.146589	1.000000	15.983718
15.000000	17.000000	15.000000	461.000000	475.000000	33.000000	446.463834	481.876283	2.000000	16.807805
15.000000	18.000000	16.000000	511.000000	462.000000	34.000000	513.757326	449.620251	1.000000	17.431196
15.000000	19.000000	17.000000	453.000000	225.000000	13.000000	438.903864	243.868791	2.000000	18.191895
15.000000	20.000000	18.000000	666.000000	141.000000	5.000000	662.995434	137.497767	2.000000	19.543907
15.000000	21.000000	19.000000	735.000000	302.000000	16.000000	744.099098	293.688945	2.000000	20.168176
15.000000	22.000000	20.000000	966.000000	358.000000	28.000000	955.992626	355.534629	2.000000	21.151104
15.000000	23.000000	21.000000	885.000000	461.000000	37.000000	885.352892	441.609059	1.000000	21.846656
15.000000	24.000000	22.000000	748.000000	488.000000	36.000000	748.860003	475.976327	1.000000	23.688778
15.000000	25.000000	23.000000	771.000000	611.000000	46.000000	782.202040	600.255804	1.000000	24.656005
15.000000	26.000000	24.000000	862.000000	601.000000	47.000000	843.712421	592.754422	1.000000	25.183653
15.000000	27.000000	25.000000	752.000000	664.000000	56.000000	751.332914	653.186199	2.000000	25.808413
15.000000	28.000000	26.000000	731.000000	810.000000	66.000000	731.361683	798.547110	1.000000	26.615709
15.000000	29.000000	27.000000	735.000000	936.000000	76.000000	729.308900	928.518337	2.000000	27.495647
15.000000	30.000000	28.000000	962.000000	575.000000	48.000000	980.021706	579.485230	2.000000	28.639504
15.000000	31.000000	29.000000	1106.000000	549.000000	49.000000	1104.423326	562.854761	1.000000	29.336129
15.000000	32.000000	30.000000	1174.000000	573.000000	50.000000	1179.320380	577.665102	1.000000	30.136454
15.000000	33.000000	31.000000	1183.000000	672.000000	60.000000	1182.106831	686.660992	2.000000	31.079912
15.000000	34.000000	32.000000	999.000000	785.000000	68.000000	999.202853	775.422906	1.000000	31.744045
15.000000	35.000000	33.000000	1085.000000	803.000000	69.000000	1102.525825	797.719305	2.000000	32.470838
15.000000	36.000000	34.000000	1081.000000	881.000000	79.000000	1075.657013	878.084871	2.000000	33.343000
15.000000	37.000000	35.000000	1208.000000	926.000000	80.000000	1208.861761	912.183380	2.000000	34.256610
15.000000	38.000000	36.000000	669.000000	281.000000	15.000000	656.847732	273.130894	1.000000	35.943956
15.000000	39.000000	37.000000	1120.000000	288.000000	19.000000	1106.134153	291.808255	1.000000	37.287832
15.000000	40.000000	38.000000	1220.000000	398.000000	30.000000	1218.575919	387.577449	2.000000	38.536661
15.000000	41.000000	39.000000	1124.000000	374.000000	29.000000	1107.079043	373.822979	1.000000	39.255851
15.000000	42.000000	40.000000	989.000000	450.000000	38.000000	983.411526	452.567513	1.000000	40.048295
16.000000	1.000000	1.000000	228.000000	195.000000	1.000000	215.223044	186.625467	2.000000	2.022489
16.000000	2.000000	2.000000	193.000000	247.000000	11.000000	180.365878	261.800220	1.000000	2.798052
16.000000	3.000000	0.000000	359.000000	271.000000	12.000000	333.833001	280.242779	2.000000	3.645359
16.000000	4.000000	3.000000	348.000000	271.000000	12.000000	333.833001	280.242779	2.000000	4.237184
16.000000	5.000000	4.000000	291.000000	572.000000	42.000000	290.555641	579.858593	2.000000	5.150530
16.000000	6.000000	5.000000	167.000000	657.000000	51.000000	183.601820	662.340497	1.000000	5.862172
16.000000	7.000000	6.000000	225.000000	871.000000	71.000000	226.317055	874.869456	1.000000	6.750435
16.000000	8.000000	7.000000	222.000000	811.000000	61.000000	230.371143	802.107203	2.000000	7.407223
16.000000	9.000000	8.000000	413.000000	779.000000	63.000000	426.608101	776.717857	2.000000	8.253308
16.000000	10.000000	9.000000	540.000000	773.000000	64.000000	546.208144	775.802861	1.000000	9.054215
16.000000	11.000000	10.000000	558.000000	934.000000	74.000000	553.285904	921.187461	2.000000	9.885187
16.000000	12.000000	11.000000	617.000000	858.000000	75.000000	619.167745	865.028636	1.000000	10.382919
16.000000	13.000000	12.000000	661.000000	817.000000	65.000000	661.826750	812.235283	2.000000	10.829739
16.000000	14.000000	13.000000	550.000000	669.000000	54.000000	530.867046	673.747324	2.000000	11.726278
16.000000	15.000000	14.000000	535.000000	557.000000	44.000000	526.960086	578.354480	1.000000	12.174527
16.000000	16.000000	15.000000	529.000000	495.000000	34.000000	532.986218	498.307415	2.000000	12.814220
16.000000	17.000000	16.000000	419.000000	495.000000	33.000000	439.901343	502.799482	1.000000	13.653769
16.000000	18.000000	17.000000	452.000000	370.000000	23.000000	452.321071	370.639950	1.000000	14.533617
16.000000	19.000000	18.000000	518.000000	328.000000	24.000000	508.974479	331.827187	2.000000	15.263265
16.000000	20.000000	19.000000	652.000000	288.000000	15.000000	642.567650	280.870279	2.000000	15.878419
16.000000	21.000000	20.000000	1100.000000	331.000000	29.000000	1089.918732	337.147898	2.000000	17.717704
16.000000	22.000000	21.000000	973.000000	515.000000	38.000000	976.550832	499.222305	2.000000	18.638714
16.000000	23.000000	22.000000	758.000000	503.000000	36.000000	738.813788	504.744089	2.000000	19.518747
16.000000	24.000000	23.000000	796.000000	883.000000	76.000000	781.091214	898.310058	2.000000	20.550153
16.000000	25.000000	24.000000	958.000000	923.000000	78.000000	955.556544	924.087542	2.000000	22.037643
16.000000	26.000000	25.000000	881.000000	892.000000	77.000000	860.043075	886.587936	1.000000	22.566700
16.000000	27.000000	26.000000	645.000000	639.000000	55.000000	646.318320	650.146070	1.000000	23.581697
16.000000	28.000000	27.000000	656.000000	306.000000	25.000000	657.976854	330.830650	1.000000	24.342102
16.000000	29.000000	28.000000	672.000000	156.000000	5.000000	662.438783	155.037752	1.000000	24.957958
16.000000	30.000000	29.000000	852.000000	173.000000	7.000000	865.798405	178.409205	1.000000	26.157460
16.000000	31.000000	30.000000	884.000000	263.000000	17.000000	882.696483	278.405659	1.000000	27.021190
16.000000	32.000000	31.000000	1073.000000	267.000000	19.000000	1064.780121	279.316586	1.000000	27.605118
16.000000	33.000000	32.000000	1172.000000	128.000000	10.000000	1180.176846	124.006886	1.000000	29.013314
16.000000	34.000000	0.000000	1103.000000	902.000000	79.000000	1075.929475	882.831066	2.000000	30.935088
16.000000	35.000000	33.000000	1094.000000	879.000000	79.000000	1075.929475	882.831066	2.000000	32.438948
16.000000	36.000000	34.000000	988.000000	687.000000	58.000000	987.480545	681.015438	1.000000	33.261667
16.000000	37.000000	35.000000	1115.000000	543.000000	49.000000	1095.121191	548.979979	1.000000	34.245907
16.000000	38.000000	36.000000	1188.000000	591.000000	50.000000	1187.208737	590.804731	1.000000	34.982621
16.000000	39.000000	0.000000	1171.000000	479.000000	40.000000	1174.023204	506.558571	2.000000	35.870961
16.000000	40.000000	37.000000	1181.000000	516.000000	40.000000	1174.023204	506.558571	2.000000	36.509800
16.000000	41.000000	38.000000	1187.000000	692.000000	60.000000	1178.834440	695.541987	2.000000	37.575241
16.000000	42.000000	39.000000	1094.000000	798.000000	69.000000	1094.685923	790.640004	1.000000	38.551187
16.000000	43.000000	40.000000	1189.000000	909.000000	80.000000	1181.696845	932.311364	2.000000	39.421989
17.000000	1.000000	1.000000	222.000000	126.000000	1.000000	218.105931	134.178052	1.000000	1.736214
17.000000	2.000000	2.000000	325.000000	125.000000	2.000000	335.214374	121.659635	2.000000	2.537413
17.000000	3.000000	3.000000	302.000000	242.000000	12.000000	287.987574	245.266669	1.000000	3.311988
17.000000	4.000000	4.000000	458.000000	153.000000	3.000000	446.897609	151.757414	1.000000	4.312140
17.000000	5.000000	5.000000	518.000000	237.000000	14.000000	527.662814	227.451305	1.000000	4.945421
17.000000	6.000000	6.000000	340.000000	346.000000	22.000000	323.296168	353.221022	1.000000	6.087951
17.000000	7.000000	0.000000	334.000000	465.000000	32.000000	338.236045	440.351143	1.000000	7.007805
17.000000	8.000000	7.000000	343.000000	437.000000	32.000000	338.236045	440.351143	1.000000	7.959934
17.000000	9.000000	8.000000	223.000000	505.000000	31.000000	230.056650	501.356634	1.000000	8.743592
17.000000	10.000000	9.000000	194.000000	552.000000	41.000000	186.340636	558.079667	2.000000	9.505332
17.000000	11.000000	10.000000	187.000000	761.000000	61.000000	194.006541	756.579952	1.000000	10.280169
17.000000	12.000000	11.000000	393.000000	788.000000	63.000000	399.116069	775.291817	2.000000	11.168102
17.000000	13.000000	12.000000	336.000000	861.000000	72.000000	332.228340	877.177928	2.000000	12.199564
17.000000	14.000000	13.000000	421.000000	869.000000	73.000000	425.835036	878.962768	1.000000	13.096078
17.000000	15.000000	14.000000	530.000000	817.000000	64.000000	534.272037	822.683940	2.000000	13.792236
17.000000	16.000000	15.000000	559.000000	709.000000	54.000000	545.765673	702.633793	2.000000	14.440042
17.000000	17.000000	16.000000	643.000000	684.000000	55.000000	631.611603	673.653807	1.000000	14.992051
17.000000	18.000000	17.000000	640.000000	596.000000	45.000000	630.688647	574.122948	2.000000	15.481415
17.000000	19.000000	0.000000	451.000000	587.000000	43.000000	444.411443	557.987388	2.000000	16.025517
17.000000	20.000000	18.000000	436.000000	565.000000	43.000000	444.411443	557.987388	2.000000	16.640376
17.000000	21.000000	19.000000	522.000000	486.000000	34.000000	513.774777	478.065815	2.000000	17.512238
17.000000	22.000000	20.000000	620.000000	447.000000	35.000000	627.012498	436.483459	2.000000	18.200023
17.000000	23.000000	21.000000	651.000000	118.000000	5.000000	659.348719	126.644213	2.000000	19.471584
17.000000	24.000000	22.000000	756.000000	170.000000	6.000000	764.707534	180.277224	2.000000	20.047872
17.000000	25.000000	23.000000	850.000000	163.000000	7.000000	859.911766	176.973897	2.000000	20.575664
17.000000	26.000000	24.000000	977.000000	170.000000	8.000000	975.799423	168.698989	2.000000	21.121094
17.000000	27.000000	25.000000	1097.000000	169.000000	9.000000	1081.212329	170.417917	1.000000	22.032957
17.000000	28.000000	26.000000	852.000000	340.000000	27.000000	838.640465	331.808001	2.000000	22.872390
17.000000	29.000000	27.000000	846.000000	294.000000	17.000000	841.926976	275.319360	2.000000	23.544781
17.000000	30.000000	28.000000	733.000000	475.000000	36.000000	732.091884	460.284558	1.000000	24.416456
17.000000	31.000000	29.000000	673.000000	816.000000	65.000000	656.418932	821.477617	1.000000	25.512749
17.000000	32.000000	30.000000	734.000000	915.000000	76.000000	739.878965	911.939622	1.000000	26.232037
17.000000	33.000000	31.000000	1206.000000	871.000000	80.000000	1220.004906	869.041741	2.000000	28.247727
17.000000	34.000000	32.000000	1213.000000	836.000000	70.000000	1212.862835	823.763466	1.000000	28.704844
17.000000	35.000000	33.000000	1061.000000	690.000000	59.000000	1065.940616	675.564580	1.000000	29.736651
17.000000	36.000000	34.000000	946.000000	681.000000	58.000000	960.555720	676.800326	1.000000	30.503657
17.000000	37.000000	35.000000	965.000000	590.000000	48.000000	965.696327	588.908803	2.000000	31.096935
17.000000	38.000000	36.000000	1123.000000	553.000000	49.000000	1107.908159	553.281696	2.000000	33.224606
17.000000	39.000000	37.000000	1202.000000	586.000000	50.000000	1191.136573	587.196003	1.000000	33.832130
17.000000	40.000000	0.000000	961.000000	432.000000	38.000000	978.946399	449.674246	1.000000	34.656581
17.000000	41.000000	38.000000	969.000000	444.000000	38.000000	978.946399	449.674246	1.000000	35.113101
17.000000	42.000000	39.000000	1076.000000	396.000000	29.000000	1078.325772	382.362984	1.000000	35.943937
17.000000	43.000000	40.000000	1001.000000	253.000000	18.000000	991.464284	257.451122	2.000000	37.040237
18.000000	1.000000	1.000000	170.000000	178.000000	1.000000	189.654778	165.398399	2.000000	1.499225
18.000000	2.000000	2.000000	350.000000	178.000000	2.000000	337.478517	164.627661	1.000000	2.275395
18.000000	3.000000	0.000000	433.000000	137.000000	3.000000	406.889946	141.091990	1.000000	3.012416
18.000000	4.000000	3.000000	401.000000	142.000000	3.000000	406.889946	141.091990	1.000000	3.474856
18.000000	5.000000	4.000000	516.000000	146.000000	4.000000	518.853177	144.221933	2.000000	3.987734
18.000000	6.000000	5.000000	437.000000	261.000000	13.000000	433.822373	267.928605	2.000000	4.722510
18.000000	7.000000	6.000000	399.000000	397.000000	23.000000	406.730602	389.009316	2.000000	5.371697
18.000000	8.000000	7.000000	338.000000	358.000000	22.000000	318.144291	352.649224	2.000000	6.210724
18.000000	9.000000	8.000000	234.000000	385.000000	21.000000	223.171311	379.339410	1.000000	6.794688
18.000000	10.000000	9.000000	189.000000	475.000000	31.000000	197.187070	479.038515	2.000000	7.611077
18.000000	11.000000	10.000000	296.000000	487.000000	32.000000	301.910787	486.341009	1.000000	8.314514
18.000000	12.000000	11.000000	316.000000	788.000000	62.000000	315.021488	770.866375	2.000000	9.234635
18.000000	13.000000	12.000000	184.000000	879.000000	71.000000	190.328165	879.522949	2.000000	10.018776
18.000000	14.000000	13.000000	447.000000	589.000000	43.000000	448.212943	597.632713	2.000000	10.970996
18.000000	15.000000	14.000000	528.000000	567.000000	44.000000	541.799925	567.665537	2.000000	11.474360
18.000000	16.000000	15.000000	550.000000	487.000000	34.000000	552.690656	471.062391	1.000000	12.092394
18.000000	17.000000	16.000000	669.000000	673.000000	55.000000	657.337075	665.498708	2.000000	12.962662
18.000000	18.000000	17.000000	783.000000	672.000000	56.000000	773.774766	655.768821	1.000000	13.532126
18.000000	19.000000	18.000000	657.000000	820.000000	65.000000	666.174017	810.200606	1.000000	14.107779
18.000000	20.000000	19.000000	544.000000	899.000000	74.000000	527.205966	893.054097	1.000000	14.699073
18.000000	21.000000	20.000000	871.000000	822.000000	67.000000	871.446808	805.942391	2.000000	15.892242
18.000000	22.000000	21.000000	974.000000	775.000000	68.000000	976.042842	767.775917	1.000000	16.507225
18.000000	23.000000	22.000000	971.000000	704.000000	58.000000	971.297515	688.081418	2.000000	17.018411
18.000000	24.000000	0.000000	863.000000	714.000000	57.000000	886.690435	692.911002	1.000000	17.482500
18.000000	25.000000	23.000000	890.000000	707.000000	57.000000	886.690435	692.911002	1.000000	18.012412
18.000000	26.000000	24.000000	742.000000	510.000000	36.000000	755.758073	502.592652	1.000000	19.428448
18.000000	27.000000	25.000000	977.000000	575.000000	48.000000	966.752317	581.201383	2.000000	20.459468
18.000000	28.000000	26.000000	842.000000	439.000000	37.000000	857.194113	440.800867	2.000000	21.298910
18.000000	29.000000	27.000000	942.000000	354.000000	28.000000	948.836821	354.212791	1.000000	22.100086
18.000000	30.000000	28.000000	973.000000	253.000000	18.000000	958.150932	250.873817	1.000000	22.650783
18.000000	31.000000	29.000000	874.000000	269.000000	17.000000	864.184930	252.598584	1.000000	23.196417
18.000000	32.000000	30.000000	749.000000	256.000000	16.000000	741.764397	246.155936	2.000000	23.819060
18.000000	33.000000	31.000000	1194.000000	195.000000	10.000000	1184.754060	184.647087	2.000000	25.388054
18.000000	34.000000	32.000000	1211.000000	241.000000	20.000000	1209.755024	235.611148	1.000000	25.810860
18.000000	35.000000	0.000000	1098.000000	414.000000	29.000000	1108.194910	387.015112	1.000000	26.619696
18.000000	36.000000	33.000000	1102.000000	407.000000	29.000000	1108.194910	387.015112	1.000000	27.116491
18.000000	37.000000	34.000000	1091.000000	478.000000	39.000000	1078.675701	467.585589	2.000000	27.668158
18.000000	38.000000	35.000000	1177.000000	470.000000	40.000000	1181.125818	457.797232	1.000000	28.658599
18.000000	39.000000	36.000000	1215.000000	580.000000	50.000000	1205.397064	583.694530	1.000000	29.307251
18.000000	40.000000	37.000000	1084.000000	586.000000	49.000000	1091.586554	590.126515	1.000000	29.994905
18.000000	41.000000	38.000000	1173.000000	658.000000	60.000000	1173.389934	671.464495	1.000000	30.627647
18.000000	42.000000	39.000000	1095.000000	820.000000	69.000000	1093.617566	820.529763	2.000000	31.547565
18.000000	43.000000	40.000000	1183.000000	902.000000	80.000000	1192.970705	898.698708	2.000000	32.380114
19.000000	1.000000	1.000000	329.000000	278.000000	12.000000	333.320426	275.182928	2.000000	2.889054
19.000000	2.000000	2.000000	320.000000	347.000000	22.000000	313.872507	344.609628	1.000000	3.514352
19.000000	3.000000	3.000000	158.000000	386.000000	21.000000	177.546010	400.297663	2.000000	4.306493
19.000000	4.000000	0.000000	243.000000	470.000000	31.000000	218.892734	480.921731	1.000000	4.962339
19.000000	5.000000	4.000000	216.000000	484.000000	31.000000	218.892734	480.921731	1.000000	5.777524
19.000000	6.000000	0.000000	392.000000	390.000000	23.000000	416.357014	372.047860	1.000000	6.426558
19.000000	7.000000	5.000000	409.000000	383.000000	23.000000	416.357014	372.047860	1.000000	7.034330
19.000000	8.000000	6.000000	441.000000	280.000000	13.000000	447.350970	280.299889	2.000000	7.577701
19.000000	9.000000	7.000000	446.000000	480.000000	33.000000	444.547679	487.562094	2.000000	8.273524
19.000000	10.000000	8.000000	343.000000	549.000000	42.000000	328.383014	554.806030	2.000000	9.209465
19.000000	11.000000	9.000000	237.000000	686.000000	51.000000	220.698499	685.775149	2.000000	10.241811
19.000000	12.000000	10.000000	178.000000	913.000000	71.000000	195.596844	922.390753	2.000000	11.522400
19.000000	13.000000	11.000000	188.000000	811.000000	61.000000	197.429502	799.678343	1.000000	12.169456
19.000000	14.000000	12.000000	399.000000	891.000000	73.000000	401.879652	888.864266	1.000000	13.057638
19.000000	15.000000	13.000000	549.000000	704.000000	54.000000	530.017229	696.966859	1.000000	13.794969
19.000000	16.000000	14.000000	539.000000	583.000000	44.000000	520.166661	591.934690	2.000000	14.313046
19.000000	17.000000	15.000000	541.000000	497.000000	34.000000	535.466396	492.800070	1.000000	14.816985
19.000000	18.000000	16.000000	878.000000	134.000000	7.000000	865.933910	140.738720	2.000000	16.554501
19.000000	19.000000	17.000000	1184.000000	150.000000	10.000000	1186.961529	149.553726	1.000000	17.440941
19.000000	20.000000	18.000000	1116.000000	269.000000	19.000000	1112.253414	253.776592	2.000000	18.176667
19.000000	21.000000	19.000000	994.000000	288.000000	18.000000	998.018400	286.407420	1.000000	18.657142
19.000000	22.000000	20.000000	979.000000	371.000000	28.000000	966.685008	366.125062	2.000000	19.210843
19.000000	23.000000	21.000000	856.000000	359.000000	27.000000	860.305248	343.431124	2.000000	19.810939
19.000000	24.000000	22.000000	845.000000	454.000000	37.000000	838.277204	447.690882	1.000000	20.440940
19.000000	25.000000	23.000000	763.000000	430.000000	36.000000	763.370308	437.056673	2.000000	21.154903
19.000000	26.000000	24.000000	729.000000	688.000000	56.000000	731.018623	674.968215	1.000000	22.000980
19.000000	27.000000	25.000000	628.000000	817.000000	65.000000	627.373260	810.084041	1.000000	23.265000
19.000000	28.000000	26.000000	553.000000	864.000000	74.000000	548.613125	869.123842	1.000000	23.744813
19.000000	29.000000	27.000000	767.000000	892.000000	76.000000	765.902942	884.221279	2.000000	24.801353
19.000000	30.000000	28.000000	765.000000	823.000000	66.000000	763.265895	825.360838	2.000000	25.409427
19.000000	31.000000	29.000000	984.000000	883.000000	78.000000	994.838010	886.155456	2.000000	26.193747
19.000000	32.000000	30.000000	966.000000	807.000000	68.000000	969.543554	787.186342	2.000000	26.761448
19.000000	33.000000	31.000000	1205.000000	920.000000	80.000000	1204.126577	905.817741	2.000000	27.649235
19.000000	34.000000	32.000000	1208.000000	795.000000	70.000000	1220.210325	787.357390	1.000000	28.489037
19.000000	35.000000	33.000000	1080.000000	685.000000	59.000000	1067.503876	672.624086	1.000000	29.209854
19.000000	36.000000	0.000000	914.000000	783.000000	67.000000	887.888495	769.218595	1.000000	29.906850
19.000000	37.000000	34.000000	901.000000	766.000000	67.000000	887.888495	769.218595	1.000000	30.401802
19.000000	38.000000	35.000000	884.000000	877.000000	77.000000	879.011300	881.936139	1.000000	31.058902
19.000000	39.000000	36.000000	1063.000000	572.000000	49.000000	1078.721923	574.215792	2.000000	31.872986
19.000000	40.000000	37.000000	1177.000000	596.000000	50.000000	1174.863561	599.915479	1.000000	32.546532
19.000000	41.000000	38.000000	1190.000000	470.000000	40.000000	1177.726295	472.749608	1.000000	33.233862
19.000000	42.000000	39.000000	1172.000000	365.000000	30.000000	1167.601029	371.430024	1.000000	34.250196
19.000000	43.000000	40.000000	987.000000	447.000000	38.000000	984.130825	463.404964	2.000000	35.048739
20.000000	1.000000	1.000000	191.000000	144.000000	1.000000	180.236940	131.343432	2.000000	1.584276
20.000000	2.000000	2.000000	305.000000	149.000000	2.000000	289.311285	142.280787	2.000000	2.337000
20.000000	3.000000	3.000000	332.000000	332.000000	22.000000	317.298177	338.385993	2.000000	3.201029
20.000000	4.000000	4.000000	291.000000	294.000000	12.000000	296.954330	292.750222	1.000000	3.944562
20.000000	5.000000	5.000000	178.000000	463.000000	31.000000	178.809049	449.447721	2.000000	5.008436
20.000000	6.000000	6.000000	305.000000	600.000000	42.000000	315.725351	582.994218	1.000000	5.817308
20.000000	7.000000	7.000000	220.000000	679.000000	51.000000	232.145333	667.973193	1.000000	6.328451
20.000000	8.000000	8.000000	316.000000	676.000000	52.000000	306.630425	665.633049	1.000000	6.809212
20.000000	9.000000	0.000000	376.000000	675.000000	53.000000	403.459031	663.768643	1.000000	7.400409
20.000000	10.000000	9.000000	395.000000	672.000000	53.000000	403.459031	663.768643	1.000000	8.008618
20.000000	11.000000	10.000000	447.000000	493.000000	33.000000	450.355247	506.258808	1.000000	8.865225
20.000000	12.000000	11.000000	532.000000	454.000000	34.000000	515.407397	449.939559	1.000000	9.313805
20.000000	13.000000	12.000000	523.000000	385.000000	24.000000	514.725559	387.660312	1.000000	9.905227
20.000000	14.000000	13.000000	508.000000	274.000000	14.000000	516.163677	277.366166	1.000000	10.553071
20.000000	15.000000	14.000000	524.000000	115.000000	4.000000	511.784101	119.459986	1.000000	11.409689
20.000000	16.000000	15.000000	655.000000	116.000000	5.000000	642.914330	120.253147	1.000000	12.033744
20.000000	17.000000	16.000000	654.000000	261.000000	15.000000	643.466436	253.333367	2.000000	12.728643
20.000000	18.000000	17.000000	663.000000	384.000000	25.000000	663.253994	364.773047	1.000000	13.392450
20.000000	19.000000	18.000000	652.000000	438.000000	35.000000	649.274253	440.825353	2.000000	13.874387
20.000000	20.000000	19.000000	766.000000	361.000000	26.000000	777.826897	349.643073	2.000000	14.481505
20.000000	21.000000	0.000000	727.000000	302.000000	16.000000	744.147569	261.060831	2.000000	15.010327
20.000000	22.000000	20.000000	190.000000	862.000000	71.000000	178.345740	862.242186	2.000000	16.008744
20.000000	23.000000	21.000000	310.000000	877.000000	72.000000	314.864120	872.756518	2.000000	16.601562
20.000000	24.000000	22.000000	421.000000	794.000000	63.000000	421.609422	789.901838	2.000000	17.257992
20.000000	25.000000	23.000000	560.000000	760.000000	64.000000	546.330651	767.014885	2.000000	17.713733
20.000000	26.000000	24.000000	537.000000	905.000000	74.000000	547.697881	890.284889	2.000000	18.386205
20.000000	27.000000	25.000000	672.000000	771.000000	65.000000	669.214616	759.896265	2.000000	19.072555
20.000000	28.000000	26.000000	784.000000	790.000000	66.000000	766.636612	782.957540	2.000000	19.824390
20.000000	29.000000	27.000000	770.000000	572.000000	46.000000	768.394356	563.999641	2.000000	20.400869
20.000000	30.000000	28.000000	941.000000	667.000000	58.000000	949.586630	663.255947	2.000000	21.097830
20.000000	31.000000	29.000000	827.000000	607.000000	47.000000	845.221008	604.613418	1.000000	21.953959
20.000000	32.000000	30.000000	856.000000	703.000000	57.000000	862.258231	704.800647	1.000000	22.641208
20.000000	33.000000	31.000000	854.000000	429.000000	37.000000	867.800573	439.547699	1.000000	23.504360
20.000000	34.000000	0.000000	770.000000	259.000000	16.000000	744.147569	261.060831	2.000000	25.034346
20.000000	35.000000	32.000000	869.000000	300.000000	17.000000	851.894485	294.691228	1.000000	26.201558
20.000000	36.000000	33.000000	750.000000	268.000000	16.000000	744.147569	261.060831	2.000000	26.912364
20.000000	37.000000	34.000000	1073.000000	275.000000	19.000000	1072.797627	290.192419	2.000000	27.737833
20.000000	38.000000	35.000000	984.000000	469.000000	38.000000	989.133985	454.074863	1.000000	28.826018
20.000000	39.000000	36.000000	1052.000000	549.000000	49.000000	1065.893777	544.242775	2.000000	29.464145
20.000000	40.000000	37.000000	1069.000000	683.000000	59.000000	1070.170752	680.863523	1.000000	30.216491
20.000000	41.000000	38.000000	1236.000000	675.000000	60.000000	1212.668032	672.762909	2.000000	31.248220
20.000000	42.000000	39.000000	1059.000000	820.000000	69.000000	1060.752513	818.497353	1.000000	33.008701
20.000000	43.000000	40.000000	968.000000	907.000000	78.000000	964.899153	889.278268	1.000000	33.648885
21.000000	1.000000	1.000000	306.000000	165.000000	2.000000	306.123588	175.282869	2.000000	2.512221
21.000000	2.000000	2.000000	332.000000	264.000000	12.000000	334.483981	258.616689	1.000000	3.264915
21.000000	3.000000	0.000000	203.000000	344.000000	21.000000	232.321430	337.762586	1.000000	3.968972
21.000000	4.000000	3.000000	238.000000	353.000000	21.000000	232.321430	337.762586	1.000000	5.288653
21.000000	5.000000	4.000000	429.000000	482.000000	33.000000	426.044323	485.381018	2.000000	6.368192
21.000000	6.000000	5.000000	186.000000	591.000000	41.000000	187.009275	596.572231	1.000000	7.935987
21.000000	7.000000	6.000000	241.000000	796.000000	61.000000	227.826182	787.478290	1.000000	8.945756
21.000000	8.000000	7.000000	217.000000	911.000000	71.000000	214.157883	922.230821	1.000000	9.498000
21.000000	9.000000	8.000000	415.000000	915.000000	73.000000	415.304226	907.911910	1.000000	10.160463
21.000000	10.000000	9.000000	532.000000	923.000000	74.000000	526.919180	927.069535	2.000000	10.722095
21.000000	11.000000	10.000000	502.000000	713.000000	54.000000	523.923507	707.984413	2.000000	11.464323
21.000000	12.000000	11.000000	444.000000	677.000000	53.000000	434.070515	662.373457	2.000000	12.160539
21.000000	13.000000	12.000000	323.000000	689.000000	52.000000	315.104350	679.700705	2.000000	12.977203
21.000000	14.000000	13.000000	321.000000	756.000000	62.000000	331.248763	760.938157	2.000000	13.482060
21.000000	15.000000	14.000000	661.000000	797.000000	65.000000	669.442541	795.906277	2.000000	14.282063
21.000000	16.000000	15.000000	629.000000	657.000000	55.000000	641.913473	659.868666	1.000000	14.895916
21.000000	17.000000	0.000000	645.000000	632.000000	45.000000	647.596242	592.738664	2.000000	15.384087
21.000000	18.000000	16.000000	651.000000	615.000000	45.000000	647.596242	592.738664	2.000000	15.826109
21.000000	19.000000	0.000000	779.000000	678.000000	56.000000	759.501326	659.361208	1.000000	16.456580
21.000000	20.000000	17.000000	765.000000	658.000000	56.000000	759.501326	659.361208	1.000000	17.072239
21.000000	21.000000	18.000000	762.000000	782.000000	66.000000	757.125388	783.454130	1.000000	17.633145
21.000000	22.000000	19.000000	643.000000	877.000000	75.000000	645.847819	876.034415	1.000000	18.376308
21.000000	23.000000	20.000000	729.000000	904.000000	76.000000	733.928736	897.146229	1.000000	18.985984
21.000000	24.000000	21.000000	638.000000	443.000000	35.000000	627.849945	444.342111	2.000000	20.720048
21.000000	25.000000	22.000000	524.000000	306.000000	14.000000	511.273627	289.911882	1.000000	21.457628
21.000000	26.000000	23.000000	557.000000	162.000000	4.000000	555.657046	142.868631	1.000000	22.049682
21.000000	27.000000	24.000000	669.000000	262.000000	15.000000	670.746419	237.387101	1.000000	22.744291
21.000000	28.000000	25.000000	790.000000	256.000000	16.000000	773.190811	256.598501	1.000000	23.319963
21.000000	29.000000	26.000000	787.000000	370.000000	26.000000	771.602047	359.379923	1.000000	24.040308
21.000000	30.000000	27.000000	959.000000	232.000000	18.000000	964.960078	227.338140	2.000000	24.768120
21.000000	31.000000	28.000000	1083.000000	271.000000	19.000000	1087.588927	261.528766	2.000000	25.304938
21.000000	32.000000	29.000000	863.000000	515.000000	37.000000	861.156481	491.585671	2.000000	27.346026
21.000000	33.000000	30.000000	980.000000	500.000000	38.000000	958.459081	494.210087	2.000000	27.937191
21.000000	34.000000	31.000000	1080.000000	329.000000	29.000000	1069.045365	338.134656	2.000000	28.809395
21.000000	35.000000	32.000000	1190.000000	290.000000	20.000000	1174.841324	290.337233	1.000000	29.617111
21.000000	36.000000	33.000000	1179.000000	381.000000	30.000000	1174.665317	388.269809	1.000000	30.456525
21.000000	37.000000	34.000000	1195.000000	571.000000	50.000000	1185.571046	575.492497	1.000000	31.633847
21.000000	38.000000	35.000000	1194.000000	673.000000	60.000000	1194.696650	652.810000	1.000000	32.608216
21.000000	39.000000	36.000000	1010.000000	631.000000	48.000000	994.695268	612.219613	2.000000	33.560749
21.000000	40.000000	37.000000	989.000000	710.000000	58.000000	996.041848	706.989432	2.000000	34.160578
21.000000	41.000000	38.000000	1054.000000	764.000000	69.000000	1061.021727	756.515924	2.000000	34.738045
21.000000	42.000000	39.000000	1179.000000	772.000000	70.000000	1177.534441	768.496545	2.000000	35.265419
21.000000	43.000000	40.000000	975.000000	887.000000	78.000000	978.982461	898.873691	2.000000	36.080390
