MultiTargForag_2	Participant_Code = 55a
Search_Type = 1	CB_Targets = 2
Trial	Click_Num	Target_Click_Order	Click_X	Click_y	Item_selected	Item_X	Item_Y	Target_Set	RT
1.000000	1.000000	1.000000	631.000000	233.000000	15.000000	625.499447	240.577324	2.000000	2.645688
1.000000	2.000000	2.000000	557.000000	241.000000	14.000000	554.923935	249.509106	1.000000	3.681961
1.000000	3.000000	3.000000	542.000000	181.000000	4.000000	538.099431	177.290495	2.000000	4.794586
1.000000	4.000000	4.000000	736.000000	214.000000	16.000000	737.473753	228.081936	1.000000	5.753499
1.000000	5.000000	5.000000	769.000000	150.000000	6.000000	772.748344	146.044971	1.000000	6.554785
1.000000	6.000000	6.000000	774.000000	333.000000	26.000000	768.505319	344.461152	1.000000	7.395876
1.000000	7.000000	7.000000	861.000000	436.000000	37.000000	853.066040	442.415670	1.000000	8.275286
1.000000	8.000000	8.000000	972.000000	474.000000	38.000000	959.888310	492.258502	2.000000	8.954138
1.000000	9.000000	9.000000	750.000000	475.000000	36.000000	744.876102	472.973425	2.000000	9.825480
1.000000	10.000000	10.000000	750.000000	562.000000	46.000000	743.737481	576.784607	1.000000	10.450927
1.000000	11.000000	11.000000	769.000000	644.000000	56.000000	765.670816	659.815271	1.000000	11.113803
1.000000	12.000000	12.000000	848.000000	661.000000	57.000000	847.597285	669.709995	1.000000	11.786747
1.000000	13.000000	13.000000	946.000000	675.000000	58.000000	953.611136	685.714656	2.000000	12.435567
1.000000	14.000000	14.000000	1067.000000	664.000000	59.000000	1065.872924	651.766023	2.000000	13.217491
1.000000	15.000000	15.000000	1098.000000	587.000000	49.000000	1091.308251	569.870375	1.000000	13.929936
1.000000	16.000000	16.000000	960.000000	375.000000	28.000000	953.845849	367.530751	2.000000	14.955075
1.000000	17.000000	17.000000	976.000000	179.000000	8.000000	976.808653	169.451933	1.000000	15.987040
1.000000	18.000000	18.000000	1062.000000	249.000000	19.000000	1060.508480	265.900475	1.000000	16.626320
1.000000	19.000000	19.000000	1090.000000	329.000000	29.000000	1091.885828	344.657238	1.000000	17.345573
1.000000	20.000000	20.000000	1190.000000	915.000000	80.000000	1184.993892	926.715501	1.000000	18.666214
1.000000	21.000000	21.000000	1114.000000	812.000000	69.000000	1107.693510	806.497569	2.000000	19.706604
1.000000	22.000000	22.000000	976.000000	904.000000	78.000000	960.074870	910.881621	2.000000	20.522864
1.000000	23.000000	23.000000	880.000000	894.000000	77.000000	867.387102	880.723811	2.000000	21.179307
1.000000	24.000000	24.000000	647.000000	770.000000	65.000000	643.937182	764.326599	2.000000	22.154391
1.000000	25.000000	25.000000	656.000000	690.000000	55.000000	655.415209	708.882764	2.000000	22.897405
1.000000	26.000000	26.000000	555.000000	768.000000	64.000000	542.491165	761.122902	1.000000	23.603567
1.000000	27.000000	27.000000	412.000000	886.000000	73.000000	411.706309	879.571149	1.000000	24.243241
1.000000	28.000000	28.000000	336.000000	821.000000	62.000000	329.467524	814.895761	2.000000	25.018333
1.000000	29.000000	29.000000	237.000000	800.000000	61.000000	231.373334	799.143330	2.000000	25.971393
1.000000	30.000000	30.000000	188.000000	851.000000	71.000000	188.128733	863.697431	1.000000	26.745505
1.000000	31.000000	31.000000	207.000000	604.000000	41.000000	202.183182	605.067280	2.000000	27.898767
1.000000	32.000000	32.000000	407.000000	606.000000	43.000000	407.743568	608.438502	1.000000	28.937991
1.000000	33.000000	33.000000	407.000000	500.000000	33.000000	404.435146	484.987429	2.000000	29.755504
1.000000	34.000000	34.000000	328.000000	448.000000	32.000000	315.551605	443.063768	2.000000	30.466585
1.000000	35.000000	35.000000	236.000000	449.000000	31.000000	228.022962	456.213039	1.000000	31.051667
1.000000	36.000000	36.000000	198.000000	350.000000	21.000000	194.561775	340.492614	2.000000	32.361762
1.000000	37.000000	37.000000	220.000000	243.000000	11.000000	207.778550	242.613460	1.000000	34.473695
1.000000	38.000000	38.000000	197.000000	159.000000	1.000000	201.162819	179.395532	2.000000	35.298561
1.000000	39.000000	39.000000	325.000000	251.000000	12.000000	321.639283	270.757788	2.000000	36.234912
1.000000	40.000000	40.000000	316.000000	315.000000	22.000000	311.326781	333.984559	1.000000	36.889817
1.000000	1.000000	1.000000	208.000000	176.000000	1.000000	208.112945	187.078988	1.000000	1.905624
1.000000	2.000000	2.000000	214.000000	238.000000	11.000000	208.518692	258.828657	1.000000	2.688130
1.000000	3.000000	3.000000	322.000000	252.000000	12.000000	331.402713	270.526669	1.000000	3.543682
1.000000	4.000000	4.000000	437.000000	270.000000	13.000000	433.436433	280.644708	1.000000	4.112210
1.000000	5.000000	5.000000	331.000000	334.000000	22.000000	321.488118	347.601289	2.000000	5.144153
1.000000	6.000000	6.000000	314.000000	468.000000	32.000000	314.989284	486.997606	2.000000	5.720772
1.000000	7.000000	7.000000	314.000000	593.000000	42.000000	311.823530	586.634508	2.000000	6.304871
1.000000	8.000000	8.000000	215.000000	552.000000	41.000000	215.111512	558.150414	2.000000	7.249157
1.000000	9.000000	9.000000	433.000000	565.000000	43.000000	425.738676	573.841267	2.000000	8.208429
1.000000	10.000000	10.000000	434.000000	689.000000	53.000000	434.920742	697.175571	1.000000	8.881132
1.000000	11.000000	11.000000	202.000000	776.000000	61.000000	195.729864	768.664526	2.000000	9.800349
1.000000	12.000000	12.000000	205.000000	897.000000	71.000000	196.532050	910.618946	1.000000	10.417132
1.000000	13.000000	13.000000	334.000000	893.000000	72.000000	338.162539	898.436164	1.000000	11.049574
1.000000	14.000000	14.000000	334.000000	829.000000	62.000000	329.940618	820.893303	2.000000	11.688302
1.000000	15.000000	15.000000	420.000000	814.000000	63.000000	430.381808	811.197706	2.000000	12.232872
1.000000	16.000000	16.000000	517.000000	772.000000	64.000000	522.108479	772.294354	2.000000	13.104794
1.000000	17.000000	17.000000	563.000000	865.000000	74.000000	562.391968	881.369691	1.000000	13.752353
1.000000	18.000000	18.000000	623.000000	870.000000	75.000000	619.041106	878.470178	2.000000	14.191336
1.000000	19.000000	19.000000	749.000000	870.000000	76.000000	747.636644	874.375324	2.000000	14.911366
1.000000	20.000000	20.000000	637.000000	690.000000	55.000000	631.070006	686.267461	2.000000	15.681427
1.000000	21.000000	21.000000	655.000000	583.000000	45.000000	656.468707	574.173805	1.000000	16.439860
1.000000	22.000000	22.000000	618.000000	353.000000	25.000000	619.077573	345.992377	2.000000	17.343886
1.000000	23.000000	23.000000	640.000000	258.000000	15.000000	634.733114	260.032897	1.000000	17.984656
1.000000	24.000000	24.000000	768.000000	320.000000	26.000000	760.566057	337.965590	1.000000	18.793080
1.000000	25.000000	25.000000	778.000000	133.000000	6.000000	777.919136	127.636882	2.000000	19.616136
1.000000	26.000000	26.000000	841.000000	382.000000	27.000000	846.851252	400.983634	2.000000	20.360572
1.000000	27.000000	27.000000	871.000000	486.000000	37.000000	875.983947	497.541912	2.000000	20.897561
1.000000	28.000000	28.000000	886.000000	595.000000	47.000000	885.310444	610.817576	2.000000	21.607364
1.000000	29.000000	29.000000	989.000000	589.000000	48.000000	989.527639	583.826072	2.000000	22.225351
1.000000	30.000000	30.000000	888.000000	762.000000	67.000000	874.070779	776.565424	1.000000	23.464002
1.000000	31.000000	31.000000	884.000000	919.000000	77.000000	881.452690	903.076307	1.000000	24.216098
1.000000	32.000000	32.000000	998.000000	476.000000	38.000000	993.823464	489.654921	1.000000	25.303648
1.000000	33.000000	33.000000	993.000000	275.000000	18.000000	999.280530	258.922623	1.000000	26.063447
1.000000	34.000000	34.000000	1066.000000	125.000000	9.000000	1071.562062	124.393702	1.000000	26.791832
1.000000	35.000000	35.000000	1079.000000	275.000000	19.000000	1073.577535	293.822887	2.000000	27.617396
1.000000	36.000000	36.000000	1187.000000	270.000000	20.000000	1190.704875	267.614385	1.000000	28.295963
1.000000	37.000000	37.000000	1198.000000	354.000000	30.000000	1191.656015	361.233009	1.000000	28.784385
1.000000	38.000000	38.000000	1191.000000	487.000000	40.000000	1180.037790	503.200835	1.000000	29.432917
1.000000	39.000000	39.000000	1114.000000	639.000000	59.000000	1106.130975	652.790728	1.000000	30.345148
1.000000	40.000000	40.000000	1187.000000	673.000000	60.000000	1184.898279	678.651697	2.000000	30.944327
2.000000	1.000000	1.000000	210.000000	151.000000	1.000000	213.372515	153.035346	2.000000	1.642908
2.000000	2.000000	2.000000	316.000000	172.000000	2.000000	324.204778	182.474041	1.000000	2.156012
2.000000	3.000000	3.000000	396.000000	176.000000	3.000000	407.356081	182.865095	1.000000	2.754986
2.000000	4.000000	4.000000	528.000000	143.000000	4.000000	537.018051	137.812514	1.000000	3.547157
2.000000	5.000000	5.000000	628.000000	163.000000	5.000000	630.915834	176.296341	2.000000	4.332211
2.000000	6.000000	6.000000	444.000000	240.000000	13.000000	435.556072	254.734017	2.000000	5.140827
2.000000	7.000000	7.000000	328.000000	372.000000	22.000000	332.888132	384.571948	1.000000	5.733048
2.000000	8.000000	8.000000	301.000000	457.000000	32.000000	291.701970	474.964872	2.000000	6.340003
2.000000	9.000000	9.000000	185.000000	567.000000	41.000000	187.854800	562.671861	1.000000	7.026897
2.000000	10.000000	10.000000	291.000000	583.000000	42.000000	290.347021	604.026276	2.000000	7.611008
2.000000	11.000000	11.000000	227.000000	676.000000	51.000000	231.202822	691.614455	2.000000	8.235077
2.000000	12.000000	12.000000	330.000000	767.000000	62.000000	320.207008	763.773381	2.000000	9.212726
2.000000	13.000000	13.000000	201.000000	823.000000	61.000000	198.810668	825.359564	1.000000	10.053192
2.000000	14.000000	14.000000	326.000000	885.000000	72.000000	316.493639	905.806075	2.000000	10.836757
2.000000	15.000000	15.000000	437.000000	884.000000	73.000000	443.762532	888.536098	1.000000	11.483618
2.000000	16.000000	16.000000	435.000000	805.000000	63.000000	431.716595	791.840570	2.000000	12.267880
2.000000	17.000000	17.000000	451.000000	696.000000	53.000000	446.812149	682.503294	2.000000	12.915642
2.000000	18.000000	18.000000	534.000000	789.000000	64.000000	533.735995	784.738287	2.000000	13.644281
2.000000	19.000000	19.000000	645.000000	572.000000	45.000000	642.964794	566.698191	2.000000	14.499124
2.000000	20.000000	20.000000	633.000000	471.000000	35.000000	627.152256	470.668484	1.000000	14.987900
2.000000	21.000000	21.000000	776.000000	608.000000	46.000000	772.180222	608.458680	2.000000	15.701006
2.000000	22.000000	22.000000	755.000000	695.000000	56.000000	749.999117	696.074474	1.000000	16.252540
2.000000	23.000000	23.000000	763.000000	843.000000	76.000000	765.085467	866.585458	1.000000	16.997077
2.000000	24.000000	24.000000	855.000000	859.000000	77.000000	857.847683	864.573811	1.000000	17.627480
2.000000	25.000000	25.000000	899.000000	799.000000	67.000000	886.036490	791.919903	1.000000	18.444665
2.000000	26.000000	26.000000	839.000000	491.000000	37.000000	841.900320	489.356881	1.000000	19.268624
2.000000	27.000000	27.000000	865.000000	240.000000	17.000000	864.404937	233.443917	2.000000	20.098902
2.000000	28.000000	28.000000	879.000000	164.000000	7.000000	881.537748	164.921146	1.000000	20.637013
2.000000	29.000000	29.000000	951.000000	281.000000	18.000000	952.829360	279.017689	1.000000	21.187595
2.000000	30.000000	30.000000	957.000000	372.000000	28.000000	952.162532	386.442016	1.000000	21.771650
2.000000	31.000000	31.000000	975.000000	418.000000	38.000000	977.780021	439.470143	1.000000	22.330784
2.000000	32.000000	32.000000	1065.000000	443.000000	39.000000	1063.340341	459.309507	2.000000	22.947328
2.000000	33.000000	33.000000	1086.000000	322.000000	29.000000	1083.545433	335.257259	2.000000	23.515174
2.000000	34.000000	34.000000	1083.000000	247.000000	19.000000	1071.589002	240.169855	1.000000	24.011021
2.000000	35.000000	35.000000	1208.000000	274.000000	20.000000	1212.478466	270.248661	2.000000	24.669178
2.000000	36.000000	36.000000	1229.000000	148.000000	10.000000	1220.235537	143.651160	2.000000	25.315649
2.000000	37.000000	37.000000	1204.000000	657.000000	60.000000	1194.925916	667.650077	2.000000	26.620804
2.000000	38.000000	38.000000	1207.000000	766.000000	70.000000	1204.395534	762.387759	1.000000	27.091282
2.000000	39.000000	39.000000	1103.000000	779.000000	69.000000	1091.163518	789.009108	1.000000	27.692428
2.000000	40.000000	40.000000	957.000000	675.000000	58.000000	953.065508	655.746321	2.000000	28.564389
3.000000	1.000000	1.000000	233.000000	120.000000	1.000000	223.012892	133.990888	1.000000	4.431943
3.000000	2.000000	2.000000	304.000000	124.000000	2.000000	305.023274	131.072006	2.000000	5.191766
3.000000	3.000000	3.000000	339.000000	235.000000	12.000000	341.211238	258.538516	2.000000	5.871345
3.000000	4.000000	4.000000	402.000000	235.000000	13.000000	414.983828	239.412731	1.000000	6.368308
3.000000	5.000000	5.000000	443.000000	135.000000	3.000000	437.323099	132.249957	1.000000	6.999262
3.000000	6.000000	6.000000	410.000000	325.000000	23.000000	402.186798	348.713982	1.000000	7.783017
3.000000	7.000000	7.000000	306.000000	493.000000	32.000000	298.476908	505.363174	1.000000	8.504479
3.000000	8.000000	8.000000	247.000000	528.000000	41.000000	229.069872	543.725018	2.000000	9.135953
3.000000	9.000000	9.000000	170.000000	467.000000	31.000000	181.358350	461.775291	2.000000	9.968283
3.000000	10.000000	10.000000	231.000000	693.000000	51.000000	227.812764	703.185134	2.000000	10.719897
3.000000	11.000000	11.000000	230.000000	818.000000	61.000000	230.234096	824.287018	2.000000	11.336451
3.000000	12.000000	12.000000	229.000000	875.000000	71.000000	225.518974	880.031298	2.000000	11.815441
3.000000	13.000000	13.000000	301.000000	782.000000	62.000000	300.362150	778.429550	2.000000	12.415699
3.000000	14.000000	14.000000	316.000000	706.000000	52.000000	313.354491	704.371672	1.000000	12.928423
3.000000	15.000000	15.000000	411.000000	867.000000	73.000000	407.438807	874.516033	1.000000	13.535555
3.000000	16.000000	16.000000	563.000000	907.000000	74.000000	560.588891	926.400744	1.000000	14.392301
3.000000	17.000000	17.000000	561.000000	670.000000	54.000000	552.942192	658.075965	2.000000	15.128040
3.000000	18.000000	18.000000	549.000000	401.000000	24.000000	544.131483	400.210434	2.000000	16.255263
3.000000	19.000000	19.000000	550.000000	271.000000	14.000000	546.104959	274.382849	2.000000	16.831274
3.000000	20.000000	20.000000	626.000000	262.000000	15.000000	630.688603	260.642957	1.000000	17.374827
3.000000	21.000000	21.000000	642.000000	453.000000	35.000000	636.976988	441.183567	1.000000	18.120115
3.000000	22.000000	22.000000	639.000000	574.000000	45.000000	632.109064	555.534844	1.000000	18.744005
3.000000	23.000000	23.000000	665.000000	641.000000	55.000000	665.483613	651.953194	2.000000	19.215063
3.000000	24.000000	24.000000	735.000000	467.000000	36.000000	736.396166	475.913218	1.000000	19.727081
3.000000	25.000000	25.000000	844.000000	543.000000	47.000000	837.825925	546.237669	1.000000	20.406461
3.000000	26.000000	26.000000	865.000000	483.000000	37.000000	872.057900	475.496715	1.000000	20.863835
3.000000	27.000000	27.000000	874.000000	701.000000	57.000000	872.956940	702.497256	2.000000	21.686402
3.000000	28.000000	28.000000	855.000000	772.000000	67.000000	848.661347	781.187201	1.000000	22.318347
3.000000	29.000000	29.000000	955.000000	895.000000	78.000000	950.311682	903.335351	1.000000	23.102871
3.000000	30.000000	30.000000	955.000000	682.000000	58.000000	957.769873	673.160704	2.000000	23.807346
3.000000	31.000000	31.000000	956.000000	599.000000	48.000000	956.482602	598.054545	2.000000	24.423110
3.000000	32.000000	32.000000	1083.000000	641.000000	59.000000	1079.784938	649.039352	2.000000	25.048396
3.000000	33.000000	33.000000	1088.000000	622.000000	49.000000	1094.197850	606.007168	1.000000	25.440580
3.000000	34.000000	34.000000	1113.000000	485.000000	39.000000	1111.156809	467.048136	1.000000	26.071670
3.000000	35.000000	35.000000	1115.000000	378.000000	29.000000	1109.121996	371.715869	1.000000	26.735923
3.000000	36.000000	36.000000	1217.000000	397.000000	30.000000	1218.790950	399.152846	1.000000	27.438589
3.000000	37.000000	37.000000	1089.000000	175.000000	9.000000	1074.303847	162.008792	2.000000	28.222109
3.000000	38.000000	38.000000	1175.000000	680.000000	60.000000	1176.646826	662.341792	2.000000	29.375034
3.000000	39.000000	39.000000	1188.000000	760.000000	70.000000	1193.162822	760.138890	2.000000	29.976259
3.000000	40.000000	40.000000	1111.000000	788.000000	69.000000	1110.421174	799.483433	2.000000	30.567872
4.000000	1.000000	1.000000	233.000000	108.000000	1.000000	223.881978	122.577967	2.000000	1.587406
4.000000	2.000000	2.000000	282.000000	207.000000	12.000000	294.007104	225.967203	1.000000	2.234296
4.000000	3.000000	3.000000	338.000000	156.000000	2.000000	339.438916	154.282890	1.000000	2.762963
4.000000	4.000000	4.000000	174.000000	448.000000	31.000000	180.587059	457.115868	1.000000	3.531979
4.000000	5.000000	5.000000	297.000000	491.000000	32.000000	292.664172	504.506302	1.000000	4.011934
4.000000	6.000000	6.000000	223.000000	547.000000	41.000000	222.056906	562.460449	2.000000	4.811796
4.000000	7.000000	7.000000	225.000000	655.000000	51.000000	221.810299	670.190927	2.000000	5.419197
4.000000	8.000000	8.000000	314.000000	674.000000	52.000000	306.045987	679.050130	1.000000	5.922079
4.000000	9.000000	9.000000	208.000000	877.000000	71.000000	194.359424	873.353580	2.000000	6.611937
4.000000	10.000000	10.000000	447.000000	911.000000	73.000000	445.107422	918.636566	1.000000	7.419339
4.000000	11.000000	11.000000	447.000000	832.000000	63.000000	440.492802	825.267923	2.000000	7.922915
4.000000	12.000000	12.000000	427.000000	677.000000	53.000000	418.121057	670.162668	1.000000	8.546829
4.000000	13.000000	13.000000	555.000000	588.000000	44.000000	555.653713	591.671333	2.000000	9.212093
4.000000	14.000000	14.000000	636.000000	468.000000	35.000000	638.083917	470.659566	1.000000	9.962333
4.000000	15.000000	0.000000	459.000000	249.000000	13.000000	434.292813	268.031804	2.000000	10.739194
4.000000	16.000000	15.000000	442.000000	256.000000	13.000000	434.292813	268.031804	2.000000	11.164079
4.000000	17.000000	16.000000	543.000000	241.000000	14.000000	549.588386	233.935829	2.000000	11.716043
4.000000	18.000000	17.000000	664.000000	151.000000	5.000000	666.655651	166.917978	2.000000	12.282276
4.000000	19.000000	18.000000	838.000000	137.000000	7.000000	850.943646	134.555074	1.000000	13.179838
4.000000	20.000000	19.000000	893.000000	253.000000	17.000000	877.759274	248.692472	2.000000	14.011454
4.000000	21.000000	20.000000	742.000000	334.000000	26.000000	736.326281	336.759485	2.000000	14.723934
4.000000	22.000000	21.000000	669.000000	659.000000	55.000000	668.183701	668.046657	2.000000	15.500087
4.000000	23.000000	22.000000	751.000000	684.000000	56.000000	743.681368	695.083874	2.000000	16.098642
4.000000	24.000000	23.000000	667.000000	881.000000	75.000000	657.920056	868.985076	1.000000	16.803724
4.000000	25.000000	24.000000	957.000000	883.000000	78.000000	948.832314	889.047305	1.000000	17.698147
4.000000	26.000000	25.000000	997.000000	775.000000	68.000000	998.011393	765.015106	1.000000	18.403898
4.000000	27.000000	26.000000	986.000000	703.000000	58.000000	992.776991	693.606599	1.000000	19.028258
4.000000	28.000000	0.000000	865.000000	400.000000	27.000000	841.128538	379.325444	1.000000	20.123471
4.000000	29.000000	27.000000	846.000000	389.000000	27.000000	841.128538	379.325444	1.000000	20.625973
4.000000	30.000000	28.000000	965.000000	464.000000	38.000000	961.098798	478.337082	1.000000	21.212075
4.000000	31.000000	29.000000	1012.000000	325.000000	28.000000	1002.212017	337.187735	1.000000	21.923433
4.000000	32.000000	30.000000	980.000000	231.000000	18.000000	976.578745	230.391180	2.000000	22.474146
4.000000	33.000000	31.000000	1065.000000	236.000000	19.000000	1069.612617	240.105157	2.000000	22.931216
4.000000	34.000000	32.000000	1176.000000	276.000000	20.000000	1175.738369	291.844789	2.000000	23.611076
4.000000	35.000000	33.000000	1186.000000	335.000000	30.000000	1189.313553	344.200492	2.000000	24.140163
4.000000	36.000000	34.000000	1219.000000	427.000000	40.000000	1221.936404	438.196640	2.000000	24.588102
4.000000	37.000000	35.000000	1193.000000	580.000000	50.000000	1188.561899	593.694799	1.000000	25.172182
4.000000	38.000000	36.000000	1200.000000	653.000000	60.000000	1208.318081	665.416930	1.000000	25.842638
4.000000	39.000000	37.000000	1098.000000	664.000000	59.000000	1087.563973	670.217767	2.000000	26.444172
4.000000	40.000000	38.000000	1084.000000	805.000000	69.000000	1077.069268	807.710333	2.000000	27.042764
4.000000	41.000000	39.000000	1193.000000	915.000000	80.000000	1187.157912	918.674633	1.000000	27.843273
4.000000	42.000000	40.000000	1211.000000	135.000000	10.000000	1199.285486	130.217061	1.000000	28.803847
5.000000	1.000000	1.000000	222.000000	188.000000	1.000000	225.606468	183.512591	2.000000	1.524229
5.000000	2.000000	2.000000	312.000000	375.000000	22.000000	301.141248	374.805381	1.000000	2.356339
5.000000	3.000000	3.000000	343.000000	425.000000	32.000000	337.748406	441.073912	2.000000	2.874922
5.000000	4.000000	4.000000	313.000000	541.000000	42.000000	302.807950	549.896477	1.000000	3.442344
5.000000	5.000000	5.000000	192.000000	587.000000	41.000000	180.937373	604.085691	1.000000	4.131467
5.000000	6.000000	6.000000	188.000000	707.000000	51.000000	187.915614	697.401998	2.000000	4.603848
5.000000	7.000000	7.000000	215.000000	778.000000	61.000000	210.116830	789.954855	2.000000	5.227052
5.000000	8.000000	8.000000	229.000000	876.000000	71.000000	225.438845	897.511303	2.000000	6.075074
5.000000	9.000000	9.000000	304.000000	888.000000	72.000000	307.010319	892.179067	2.000000	6.708176
5.000000	10.000000	10.000000	443.000000	909.000000	73.000000	441.305816	917.171508	1.000000	7.339828
5.000000	11.000000	11.000000	410.000000	788.000000	63.000000	408.146258	781.237822	1.000000	8.052189
5.000000	12.000000	12.000000	544.000000	803.000000	64.000000	543.978656	812.621591	2.000000	8.707728
5.000000	13.000000	13.000000	530.000000	727.000000	54.000000	528.955526	715.985883	1.000000	9.194310
5.000000	14.000000	14.000000	612.000000	587.000000	45.000000	617.646394	583.603169	1.000000	9.867675
5.000000	15.000000	15.000000	639.000000	480.000000	35.000000	641.056653	485.039879	2.000000	10.395050
5.000000	16.000000	16.000000	562.000000	490.000000	34.000000	557.267608	497.822799	2.000000	10.972022
5.000000	17.000000	17.000000	546.000000	364.000000	24.000000	540.786713	356.077998	1.000000	11.620224
5.000000	18.000000	18.000000	527.000000	250.000000	14.000000	518.838759	250.699896	1.000000	12.234310
5.000000	19.000000	19.000000	434.000000	273.000000	13.000000	424.599053	277.585922	2.000000	12.914382
5.000000	20.000000	20.000000	654.000000	237.000000	15.000000	658.257007	230.353788	1.000000	13.618495
5.000000	21.000000	21.000000	833.000000	175.000000	7.000000	841.878123	177.008379	1.000000	14.203630
5.000000	22.000000	22.000000	871.000000	277.000000	17.000000	875.877711	279.407519	1.000000	14.835937
5.000000	23.000000	23.000000	965.000000	235.000000	18.000000	956.911604	229.614305	1.000000	16.009985
5.000000	24.000000	24.000000	761.000000	489.000000	36.000000	759.975194	490.557729	1.000000	16.819615
5.000000	25.000000	25.000000	955.000000	475.000000	38.000000	957.057070	474.203018	1.000000	17.666935
5.000000	26.000000	26.000000	994.000000	603.000000	48.000000	994.232601	604.561774	1.000000	18.299377
5.000000	27.000000	27.000000	764.000000	928.000000	76.000000	766.707301	919.673296	2.000000	19.283228
5.000000	28.000000	28.000000	844.000000	903.000000	77.000000	850.669676	898.223190	2.000000	19.906870
5.000000	29.000000	29.000000	953.000000	909.000000	78.000000	963.686530	915.912873	2.000000	20.779945
5.000000	30.000000	30.000000	1085.000000	867.000000	79.000000	1086.687761	871.892573	1.000000	21.547992
5.000000	31.000000	31.000000	1100.000000	831.000000	69.000000	1100.563026	821.665567	2.000000	22.100367
5.000000	32.000000	32.000000	1076.000000	666.000000	59.000000	1071.659584	654.262535	2.000000	23.491142
5.000000	33.000000	33.000000	1216.000000	688.000000	60.000000	1204.735468	690.197475	2.000000	24.098475
5.000000	34.000000	34.000000	1189.000000	756.000000	70.000000	1190.565185	765.574174	1.000000	24.650527
5.000000	35.000000	35.000000	1216.000000	468.000000	40.000000	1216.436397	468.043847	1.000000	25.426144
5.000000	36.000000	36.000000	1117.000000	472.000000	39.000000	1107.158132	480.102468	2.000000	26.002875
5.000000	37.000000	37.000000	1097.000000	388.000000	29.000000	1089.598450	389.250567	2.000000	26.403264
5.000000	38.000000	38.000000	1212.000000	389.000000	30.000000	1206.740233	392.565388	2.000000	26.850747
5.000000	39.000000	39.000000	1175.000000	237.000000	20.000000	1169.072904	237.802496	2.000000	27.507441
5.000000	40.000000	40.000000	1178.000000	144.000000	10.000000	1171.270152	151.343000	1.000000	27.955655
6.000000	1.000000	1.000000	194.000000	262.000000	11.000000	184.529757	263.241327	1.000000	1.129068
6.000000	2.000000	2.000000	295.000000	151.000000	2.000000	296.343826	145.576202	2.000000	1.947104
6.000000	3.000000	3.000000	307.000000	273.000000	12.000000	309.217635	289.930865	2.000000	2.603100
6.000000	4.000000	4.000000	201.000000	390.000000	21.000000	210.000457	396.141061	1.000000	3.242404
6.000000	5.000000	5.000000	189.000000	421.000000	31.000000	186.044717	437.105702	1.000000	3.611005
6.000000	6.000000	6.000000	284.000000	569.000000	42.000000	290.615189	577.460027	1.000000	4.233094
6.000000	7.000000	7.000000	187.000000	870.000000	71.000000	181.544588	874.300628	1.000000	5.106129
6.000000	8.000000	8.000000	417.000000	825.000000	63.000000	407.778387	819.624962	1.000000	5.937933
6.000000	9.000000	9.000000	529.000000	862.000000	74.000000	528.262491	865.345145	2.000000	6.474883
6.000000	10.000000	10.000000	634.000000	686.000000	55.000000	622.883633	702.088653	2.000000	7.209227
6.000000	11.000000	11.000000	556.000000	456.000000	34.000000	542.581102	466.127991	2.000000	7.857147
6.000000	12.000000	12.000000	425.000000	463.000000	33.000000	415.337942	472.393791	2.000000	8.658898
6.000000	13.000000	13.000000	444.000000	273.000000	13.000000	450.155250	278.608336	1.000000	9.419242
6.000000	14.000000	14.000000	413.000000	144.000000	3.000000	417.004066	151.729802	2.000000	9.923110
6.000000	15.000000	15.000000	541.000000	153.000000	4.000000	546.627618	159.548211	2.000000	10.449181
6.000000	16.000000	16.000000	652.000000	449.000000	35.000000	646.231463	457.148757	1.000000	11.305350
6.000000	17.000000	17.000000	647.000000	584.000000	45.000000	646.545744	583.859861	1.000000	11.753541
6.000000	18.000000	18.000000	629.000000	778.000000	65.000000	622.370982	791.612173	1.000000	12.466977
6.000000	19.000000	19.000000	736.000000	766.000000	66.000000	731.437115	759.430750	2.000000	13.001824
6.000000	20.000000	20.000000	779.000000	700.000000	56.000000	762.484463	702.077030	1.000000	13.433637
6.000000	21.000000	21.000000	785.000000	547.000000	46.000000	775.415329	547.034966	1.000000	13.955126
6.000000	22.000000	22.000000	782.000000	470.000000	36.000000	780.790646	459.852674	2.000000	14.402621
6.000000	23.000000	23.000000	845.000000	498.000000	37.000000	842.442227	498.964083	2.000000	14.842304
6.000000	24.000000	24.000000	790.000000	277.000000	16.000000	780.068569	280.915008	2.000000	15.434629
6.000000	25.000000	25.000000	840.000000	171.000000	7.000000	840.684337	169.967769	1.000000	16.298163
6.000000	26.000000	26.000000	974.000000	273.000000	18.000000	965.589065	287.463836	1.000000	16.786629
6.000000	27.000000	27.000000	986.000000	137.000000	8.000000	979.009703	144.426280	2.000000	17.266461
6.000000	28.000000	28.000000	1088.000000	140.000000	9.000000	1090.044905	148.103598	2.000000	17.745847
6.000000	29.000000	29.000000	1186.000000	140.000000	10.000000	1197.943697	140.010804	1.000000	18.537194
6.000000	30.000000	30.000000	966.000000	361.000000	28.000000	962.485527	371.541318	2.000000	19.576966
6.000000	31.000000	31.000000	972.000000	506.000000	38.000000	972.458597	497.808985	1.000000	20.185498
6.000000	32.000000	32.000000	1003.000000	673.000000	58.000000	1000.576741	673.849407	1.000000	20.819194
6.000000	33.000000	33.000000	999.000000	835.000000	68.000000	994.470796	819.774938	1.000000	21.569700
6.000000	34.000000	34.000000	857.000000	899.000000	77.000000	849.125791	899.094247	2.000000	22.234684
6.000000	35.000000	35.000000	1175.000000	867.000000	80.000000	1181.188241	869.815256	4.000000	23.065239
7.000000	1.000000	0.000000	236.000000	270.000000	11.000000	225.376499	292.920429	2.000000	1.284369
7.000000	2.000000	1.000000	220.000000	301.000000	11.000000	225.376499	292.920429	2.000000	2.196762
7.000000	3.000000	2.000000	189.000000	397.000000	21.000000	188.417655	400.362890	2.000000	2.757107
7.000000	4.000000	3.000000	304.000000	430.000000	32.000000	303.148495	441.486524	2.000000	3.421636
7.000000	5.000000	4.000000	195.000000	483.000000	31.000000	193.649294	493.845291	1.000000	3.989896
7.000000	6.000000	5.000000	316.000000	522.000000	42.000000	319.412290	545.219804	1.000000	4.581449
7.000000	7.000000	6.000000	230.000000	595.000000	41.000000	227.654680	599.538231	2.000000	5.340465
7.000000	8.000000	7.000000	215.000000	813.000000	61.000000	204.245374	824.267240	1.000000	6.084264
7.000000	9.000000	8.000000	332.000000	906.000000	72.000000	327.662259	918.393759	2.000000	6.756336
7.000000	10.000000	9.000000	444.000000	886.000000	73.000000	446.063092	896.632128	2.000000	7.517767
7.000000	11.000000	10.000000	452.000000	825.000000	63.000000	444.921840	810.019010	1.000000	7.956662
7.000000	12.000000	11.000000	339.000000	703.000000	52.000000	339.365930	697.216479	1.000000	8.596660
7.000000	13.000000	12.000000	444.000000	700.000000	53.000000	449.523811	687.299674	2.000000	9.116394
7.000000	14.000000	13.000000	537.000000	564.000000	44.000000	540.019034	571.288255	1.000000	9.803907
7.000000	15.000000	14.000000	419.000000	381.000000	23.000000	412.955376	400.541524	2.000000	10.621477
7.000000	16.000000	15.000000	315.000000	281.000000	12.000000	321.422249	291.419377	1.000000	11.101478
7.000000	17.000000	16.000000	335.000000	184.000000	2.000000	337.831245	179.585310	1.000000	11.652718
7.000000	18.000000	17.000000	438.000000	172.000000	3.000000	435.922538	166.597065	1.000000	12.292991
7.000000	19.000000	18.000000	428.000000	245.000000	13.000000	429.223169	243.560407	1.000000	12.717108
7.000000	20.000000	19.000000	546.000000	268.000000	14.000000	538.754065	282.197360	1.000000	13.332862
7.000000	21.000000	20.000000	559.000000	364.000000	24.000000	552.394520	380.026938	2.000000	13.973387
7.000000	22.000000	21.000000	751.000000	258.000000	16.000000	749.285106	239.148307	1.000000	14.652864
7.000000	23.000000	22.000000	769.000000	163.000000	6.000000	749.349533	166.873258	1.000000	15.323932
7.000000	24.000000	23.000000	841.000000	135.000000	7.000000	841.470565	130.692390	2.000000	15.909380
7.000000	25.000000	24.000000	988.000000	233.000000	18.000000	982.232637	249.021244	2.000000	16.596709
7.000000	26.000000	25.000000	1180.000000	160.000000	10.000000	1174.009389	153.972692	2.000000	17.261295
7.000000	27.000000	26.000000	1227.000000	296.000000	20.000000	1216.206603	293.980240	2.000000	17.868668
7.000000	28.000000	27.000000	1119.000000	472.000000	39.000000	1110.471344	488.098005	2.000000	18.541023
7.000000	29.000000	28.000000	901.000000	498.000000	37.000000	889.422560	505.979972	1.000000	19.580246
7.000000	30.000000	29.000000	744.000000	562.000000	46.000000	745.350572	573.434648	2.000000	20.293419
7.000000	31.000000	30.000000	745.000000	656.000000	56.000000	747.570766	672.629650	1.000000	20.900682
7.000000	32.000000	31.000000	633.000000	819.000000	65.000000	639.964401	820.819351	1.000000	21.604851
7.000000	33.000000	32.000000	841.000000	885.000000	77.000000	841.894298	893.719806	2.000000	22.571970
7.000000	34.000000	33.000000	944.000000	888.000000	78.000000	960.298306	893.994954	2.000000	23.324738
7.000000	35.000000	34.000000	992.000000	771.000000	68.000000	976.679834	776.523417	2.000000	24.141089
7.000000	36.000000	35.000000	965.000000	723.000000	58.000000	950.591988	713.273289	2.000000	24.556430
7.000000	37.000000	36.000000	1005.000000	546.000000	48.000000	988.144578	555.254350	1.000000	25.116240
7.000000	38.000000	37.000000	992.000000	513.000000	38.000000	981.975200	500.963332	1.000000	25.533701
7.000000	39.000000	38.000000	1076.000000	614.000000	49.000000	1074.457081	604.517335	1.000000	26.228721
7.000000	40.000000	39.000000	1193.000000	617.000000	50.000000	1192.638272	613.204790	1.000000	26.741310
7.000000	41.000000	40.000000	1218.000000	771.000000	70.000000	1214.391990	783.804437	2.000000	27.365045
8.000000	1.000000	1.000000	204.000000	147.000000	1.000000	208.005798	151.176135	1.000000	1.063863
8.000000	2.000000	2.000000	205.000000	238.000000	11.000000	206.651612	251.280835	2.000000	1.615710
8.000000	3.000000	3.000000	286.000000	182.000000	2.000000	293.648627	184.944355	2.000000	2.415593
8.000000	4.000000	4.000000	297.000000	320.000000	22.000000	298.996838	338.198396	1.000000	3.071025
8.000000	5.000000	5.000000	420.000000	270.000000	13.000000	414.799483	283.351159	2.000000	3.542996
8.000000	6.000000	6.000000	228.000000	464.000000	31.000000	216.691155	470.183806	2.000000	4.351723
8.000000	7.000000	7.000000	201.000000	591.000000	41.000000	206.012917	582.279159	1.000000	5.007971
8.000000	8.000000	8.000000	202.000000	673.000000	51.000000	207.995588	682.851450	1.000000	5.446895
8.000000	9.000000	9.000000	329.000000	600.000000	42.000000	326.974866	587.801852	2.000000	6.191963
8.000000	10.000000	10.000000	436.000000	685.000000	53.000000	439.871736	693.502231	1.000000	6.815189
8.000000	11.000000	11.000000	305.000000	891.000000	72.000000	296.319280	901.987107	2.000000	7.799584
8.000000	12.000000	12.000000	428.000000	820.000000	63.000000	429.206471	823.768816	2.000000	8.487823
8.000000	13.000000	13.000000	451.000000	873.000000	73.000000	445.302503	874.730151	2.000000	9.007153
8.000000	14.000000	14.000000	625.000000	828.000000	65.000000	622.820429	819.171142	1.000000	9.839539
8.000000	15.000000	15.000000	669.000000	850.000000	75.000000	666.861873	863.119535	2.000000	10.280444
8.000000	16.000000	16.000000	753.000000	894.000000	76.000000	745.870890	905.247395	2.000000	10.799448
8.000000	17.000000	17.000000	738.000000	786.000000	66.000000	735.549044	765.831727	1.000000	11.303048
8.000000	18.000000	18.000000	737.000000	708.000000	56.000000	731.292664	691.599421	2.000000	11.849346
8.000000	19.000000	19.000000	638.000000	465.000000	35.000000	638.600274	459.677818	2.000000	12.544158
8.000000	20.000000	20.000000	750.000000	399.000000	26.000000	756.100556	393.840026	2.000000	13.423757
8.000000	21.000000	21.000000	662.000000	253.000000	15.000000	659.267820	239.363673	1.000000	14.031104
8.000000	22.000000	22.000000	554.000000	200.000000	4.000000	556.103009	185.742507	1.000000	14.615567
8.000000	23.000000	23.000000	741.000000	289.000000	16.000000	762.159406	292.518565	1.000000	15.344200
8.000000	24.000000	24.000000	828.000000	261.000000	17.000000	837.947770	248.868496	1.000000	16.056040
8.000000	25.000000	25.000000	980.000000	391.000000	28.000000	985.426701	390.479592	1.000000	16.998984
8.000000	26.000000	26.000000	1006.000000	579.000000	48.000000	1001.620991	587.344856	2.000000	17.639614
8.000000	27.000000	27.000000	883.000000	695.000000	57.000000	871.116579	702.861641	2.000000	18.294740
8.000000	28.000000	28.000000	1006.000000	789.000000	68.000000	1000.988590	800.389131	2.000000	18.918898
8.000000	29.000000	29.000000	892.000000	800.000000	67.000000	889.261265	808.474932	1.000000	19.672139
8.000000	30.000000	30.000000	1082.000000	805.000000	69.000000	1083.385594	817.316996	2.000000	20.664880
8.000000	31.000000	31.000000	1199.000000	809.000000	70.000000	1201.528598	817.796009	1.000000	21.376905
8.000000	32.000000	32.000000	1195.000000	718.000000	60.000000	1188.775771	707.585892	2.000000	21.911790
8.000000	33.000000	33.000000	1090.000000	713.000000	59.000000	1084.429482	703.243700	1.000000	22.472981
8.000000	34.000000	34.000000	1086.000000	601.000000	49.000000	1084.624386	594.031503	1.000000	23.303066
8.000000	35.000000	35.000000	1184.000000	603.000000	50.000000	1174.037956	601.789712	2.000000	23.768975
8.000000	36.000000	36.000000	1179.000000	364.000000	30.000000	1178.062990	342.692916	1.000000	24.497122
8.000000	37.000000	37.000000	1220.000000	275.000000	20.000000	1214.945737	275.026238	1.000000	25.015106
8.000000	38.000000	38.000000	1096.000000	273.000000	19.000000	1079.001182	262.861798	1.000000	25.616811
8.000000	39.000000	39.000000	1094.000000	140.000000	9.000000	1088.199849	138.765591	1.000000	26.368293
8.000000	40.000000	40.000000	1174.000000	129.000000	10.000000	1179.138703	128.751591	2.000000	27.008166
9.000000	1.000000	1.000000	232.000000	167.000000	1.000000	231.734890	168.359192	1.000000	1.416501
9.000000	2.000000	2.000000	332.000000	291.000000	12.000000	328.898035	294.308876	2.000000	2.118612
9.000000	3.000000	3.000000	394.000000	325.000000	23.000000	399.676144	335.919682	2.000000	2.638744
9.000000	4.000000	4.000000	213.000000	454.000000	31.000000	201.180715	454.488250	2.000000	3.584096
9.000000	5.000000	5.000000	229.000000	544.000000	41.000000	228.590525	550.193403	2.000000	4.214697
9.000000	6.000000	6.000000	331.000000	541.000000	42.000000	325.652788	549.636746	2.000000	4.687994
9.000000	7.000000	7.000000	410.000000	486.000000	33.000000	400.879957	483.471473	2.000000	5.198841
9.000000	8.000000	8.000000	417.000000	549.000000	43.000000	422.066779	553.514699	1.000000	5.576240
9.000000	9.000000	9.000000	309.000000	696.000000	52.000000	310.143193	696.666290	1.000000	6.312735
9.000000	10.000000	10.000000	197.000000	697.000000	51.000000	193.062750	700.768953	1.000000	6.776386
9.000000	11.000000	11.000000	314.000000	771.000000	62.000000	309.850803	787.793557	1.000000	7.431527
9.000000	12.000000	12.000000	305.000000	870.000000	72.000000	300.949943	882.378964	2.000000	7.975215
9.000000	13.000000	13.000000	220.000000	923.000000	71.000000	223.750343	931.604763	2.000000	8.470978
9.000000	14.000000	14.000000	429.000000	869.000000	73.000000	429.936817	861.281806	1.000000	9.280702
9.000000	15.000000	15.000000	632.000000	815.000000	65.000000	628.126749	808.017678	1.000000	10.168279
9.000000	16.000000	16.000000	671.000000	894.000000	75.000000	669.500865	881.321051	1.000000	10.671266
9.000000	17.000000	17.000000	677.000000	687.000000	55.000000	671.305353	675.685747	2.000000	11.360412
9.000000	18.000000	18.000000	675.000000	492.000000	35.000000	670.703460	487.107498	2.000000	11.958966
9.000000	19.000000	19.000000	528.000000	281.000000	14.000000	520.135985	270.111716	1.000000	12.766769
9.000000	20.000000	20.000000	544.000000	145.000000	4.000000	536.506243	154.347136	1.000000	13.320180
9.000000	21.000000	21.000000	833.000000	177.000000	7.000000	842.562923	184.843126	1.000000	14.319601
9.000000	22.000000	22.000000	850.000000	277.000000	17.000000	849.887407	274.241612	1.000000	14.951535
9.000000	23.000000	23.000000	844.000000	444.000000	37.000000	845.592036	453.001158	2.000000	15.566792
9.000000	24.000000	24.000000	840.000000	675.000000	57.000000	839.843901	676.978736	2.000000	16.319354
9.000000	25.000000	25.000000	890.000000	801.000000	67.000000	879.627852	798.714694	2.000000	16.848152
9.000000	26.000000	26.000000	993.000000	644.000000	58.000000	991.290026	653.380699	2.000000	17.400767
9.000000	27.000000	27.000000	1004.000000	480.000000	38.000000	996.761524	476.405885	2.000000	18.072113
9.000000	28.000000	28.000000	1099.000000	503.000000	39.000000	1093.003667	497.249101	2.000000	18.656098
9.000000	29.000000	29.000000	1072.000000	547.000000	49.000000	1085.574766	548.357680	2.000000	19.071709
9.000000	30.000000	30.000000	979.000000	548.000000	48.000000	964.199754	553.833846	1.000000	19.863060
9.000000	31.000000	31.000000	990.000000	357.000000	28.000000	968.717539	350.297089	1.000000	20.360839
9.000000	32.000000	32.000000	974.000000	163.000000	8.000000	972.078730	153.153085	1.000000	21.071672
9.000000	33.000000	33.000000	1093.000000	140.000000	9.000000	1084.244185	134.527823	1.000000	21.647311
9.000000	34.000000	34.000000	1082.000000	287.000000	19.000000	1081.330254	293.870356	1.000000	22.127037
9.000000	35.000000	35.000000	1075.000000	387.000000	29.000000	1081.492091	384.354143	1.000000	22.694719
9.000000	36.000000	36.000000	1178.000000	460.000000	40.000000	1174.571634	470.787662	2.000000	23.240770
9.000000	37.000000	37.000000	1205.000000	557.000000	50.000000	1209.347324	562.606767	1.000000	23.720043
9.000000	38.000000	38.000000	1208.000000	662.000000	60.000000	1199.212762	666.458643	2.000000	24.318723
9.000000	39.000000	39.000000	1191.000000	786.000000	70.000000	1186.413784	803.272951	2.000000	24.879371
9.000000	40.000000	40.000000	1106.000000	811.000000	69.000000	1106.665407	817.235155	1.000000	25.408088
10.000000	1.000000	1.000000	189.000000	139.000000	1.000000	195.106336	152.725671	1.000000	2.079801
10.000000	2.000000	2.000000	207.000000	235.000000	11.000000	209.636052	259.356191	2.000000	2.582088
10.000000	3.000000	3.000000	305.000000	150.000000	2.000000	311.215502	143.348726	1.000000	3.263417
10.000000	4.000000	4.000000	330.000000	254.000000	12.000000	336.955235	241.835123	2.000000	3.718530
10.000000	5.000000	5.000000	303.000000	365.000000	22.000000	298.377088	358.364609	2.000000	4.214553
10.000000	6.000000	6.000000	406.000000	372.000000	23.000000	398.363089	377.228663	1.000000	4.758401
10.000000	7.000000	7.000000	531.000000	355.000000	24.000000	533.088858	343.276742	2.000000	5.311794
10.000000	8.000000	8.000000	536.000000	271.000000	14.000000	529.622031	280.549095	2.000000	5.815654
10.000000	9.000000	9.000000	632.000000	278.000000	15.000000	625.921118	276.683998	1.000000	6.279395
10.000000	10.000000	10.000000	728.000000	286.000000	16.000000	746.808662	289.442644	1.000000	6.767406
10.000000	11.000000	11.000000	1003.000000	131.000000	8.000000	992.498998	132.469560	2.000000	7.542516
10.000000	12.000000	12.000000	1069.000000	126.000000	9.000000	1081.960510	125.361989	1.000000	7.990465
10.000000	13.000000	0.000000	1221.000000	134.000000	10.000000	1196.740159	145.541616	1.000000	8.759682
10.000000	14.000000	13.000000	1195.000000	147.000000	10.000000	1196.740159	145.541616	1.000000	9.566604
10.000000	15.000000	14.000000	1079.000000	290.000000	19.000000	1068.343836	292.884650	1.000000	10.095091
10.000000	16.000000	15.000000	1195.000000	336.000000	30.000000	1201.208607	334.156205	1.000000	10.711107
10.000000	17.000000	16.000000	856.000000	473.000000	37.000000	860.962852	482.517870	2.000000	11.735147
10.000000	18.000000	17.000000	673.000000	389.000000	25.000000	663.719619	377.693720	2.000000	12.486112
10.000000	19.000000	18.000000	517.000000	480.000000	34.000000	513.119210	482.387415	2.000000	13.085897
10.000000	20.000000	19.000000	423.000000	483.000000	33.000000	422.815933	483.047461	2.000000	13.559154
10.000000	21.000000	20.000000	214.000000	544.000000	41.000000	211.702313	546.797721	2.000000	14.303061
10.000000	22.000000	21.000000	433.000000	571.000000	43.000000	425.658971	583.553937	2.000000	15.070693
10.000000	23.000000	22.000000	522.000000	547.000000	44.000000	521.071733	544.693006	1.000000	15.503864
10.000000	24.000000	23.000000	649.000000	547.000000	45.000000	655.343855	549.377913	1.000000	15.991292
10.000000	25.000000	24.000000	723.000000	561.000000	46.000000	735.636612	563.025563	1.000000	16.671421
10.000000	26.000000	0.000000	1104.000000	558.000000	49.000000	1078.932833	565.415879	2.000000	17.518369
10.000000	27.000000	25.000000	1081.000000	568.000000	49.000000	1078.932833	565.415879	2.000000	18.390559
10.000000	28.000000	26.000000	1188.000000	600.000000	50.000000	1177.179913	604.007190	1.000000	18.990376
10.000000	29.000000	0.000000	1201.000000	664.000000	60.000000	1200.048930	689.621489	2.000000	19.495632
10.000000	30.000000	27.000000	1200.000000	701.000000	60.000000	1200.048930	689.621489	2.000000	20.279789
10.000000	31.000000	28.000000	1114.000000	802.000000	69.000000	1105.164715	810.145730	1.000000	20.854831
10.000000	32.000000	29.000000	853.000000	715.000000	57.000000	851.618905	713.815036	2.000000	21.525855
10.000000	33.000000	30.000000	765.000000	683.000000	56.000000	761.032628	687.482722	1.000000	22.111657
10.000000	34.000000	31.000000	762.000000	779.000000	66.000000	757.008918	784.055436	1.000000	22.686160
10.000000	35.000000	32.000000	649.000000	776.000000	65.000000	643.080817	773.146443	2.000000	23.158165
10.000000	36.000000	33.000000	516.000000	666.000000	54.000000	509.789628	675.203004	2.000000	23.917897
10.000000	37.000000	34.000000	521.000000	802.000000	64.000000	518.706192	811.299769	1.000000	24.615268
10.000000	38.000000	35.000000	525.000000	859.000000	74.000000	522.929626	870.762060	2.000000	25.135115
10.000000	39.000000	36.000000	447.000000	904.000000	73.000000	439.164127	918.057973	2.000000	25.669939
10.000000	40.000000	37.000000	434.000000	832.000000	63.000000	427.939554	823.625775	2.000000	26.303869
10.000000	41.000000	38.000000	317.000000	797.000000	62.000000	304.136918	792.704071	1.000000	26.815360
10.000000	42.000000	39.000000	196.000000	782.000000	61.000000	195.561574	775.549588	1.000000	27.407895
10.000000	43.000000	40.000000	194.000000	715.000000	51.000000	187.684592	710.673871	1.000000	27.885974
11.000000	1.000000	1.000000	337.000000	135.000000	2.000000	330.500541	131.432203	1.000000	1.444021
11.000000	2.000000	2.000000	660.000000	176.000000	5.000000	643.244280	186.647529	2.000000	2.355617
11.000000	3.000000	3.000000	659.000000	228.000000	15.000000	656.210157	240.714017	1.000000	2.756805
11.000000	4.000000	4.000000	885.000000	169.000000	7.000000	889.827195	158.167928	1.000000	3.563442
11.000000	5.000000	5.000000	968.000000	261.000000	18.000000	960.738707	257.396050	1.000000	4.204533
11.000000	6.000000	6.000000	1175.000000	340.000000	30.000000	1170.212668	342.622609	2.000000	4.811778
11.000000	7.000000	7.000000	776.000000	279.000000	16.000000	769.811499	272.010886	2.000000	5.811337
11.000000	8.000000	8.000000	559.000000	285.000000	14.000000	556.406765	286.808549	1.000000	6.452884
11.000000	9.000000	9.000000	428.000000	282.000000	13.000000	425.544344	279.116463	2.000000	6.924751
11.000000	10.000000	10.000000	307.000000	277.000000	12.000000	299.836068	271.976920	2.000000	7.461073
11.000000	11.000000	11.000000	224.000000	273.000000	11.000000	213.833810	271.621899	2.000000	8.004395
11.000000	12.000000	12.000000	410.000000	380.000000	23.000000	414.508411	379.341436	2.000000	8.677005
11.000000	13.000000	13.000000	527.000000	459.000000	34.000000	519.645990	464.265506	1.000000	9.235948
11.000000	14.000000	14.000000	663.000000	454.000000	35.000000	665.049026	452.833247	2.000000	9.717367
11.000000	15.000000	15.000000	746.000000	398.000000	26.000000	734.168161	400.590184	1.000000	10.388847
11.000000	16.000000	0.000000	749.000000	442.000000	36.000000	755.681107	473.658056	2.000000	10.955063
11.000000	17.000000	16.000000	754.000000	450.000000	36.000000	755.681107	473.658056	2.000000	11.388046
11.000000	18.000000	17.000000	862.000000	454.000000	37.000000	845.200769	462.505763	2.000000	11.949385
11.000000	19.000000	18.000000	993.000000	458.000000	38.000000	988.088436	460.747541	1.000000	12.668554
11.000000	20.000000	19.000000	1092.000000	388.000000	29.000000	1079.873076	392.311026	2.000000	13.371788
11.000000	21.000000	20.000000	1192.000000	444.000000	40.000000	1178.156060	449.978750	2.000000	13.837327
11.000000	22.000000	21.000000	1001.000000	557.000000	48.000000	995.634533	573.451551	1.000000	14.716959
11.000000	23.000000	22.000000	1091.000000	672.000000	59.000000	1081.233402	669.441560	1.000000	15.453010
11.000000	24.000000	23.000000	1194.000000	661.000000	60.000000	1193.201782	655.861535	1.000000	16.140870
11.000000	25.000000	24.000000	1188.000000	787.000000	70.000000	1187.228020	784.191540	1.000000	16.676133
11.000000	26.000000	25.000000	1102.000000	801.000000	69.000000	1087.400435	804.502180	2.000000	17.221280
11.000000	27.000000	26.000000	1110.000000	853.000000	79.000000	1098.364265	867.614478	1.000000	17.764194
11.000000	28.000000	0.000000	1215.000000	857.000000	80.000000	1189.324763	875.186783	2.000000	18.244520
11.000000	29.000000	27.000000	1184.000000	871.000000	80.000000	1189.324763	875.186783	2.000000	18.573079
11.000000	30.000000	28.000000	987.000000	864.000000	78.000000	969.598195	871.450603	2.000000	19.284242
11.000000	31.000000	29.000000	849.000000	682.000000	57.000000	846.145919	681.035991	2.000000	19.971321
11.000000	32.000000	30.000000	661.000000	579.000000	45.000000	666.103493	579.843648	2.000000	20.541268
11.000000	33.000000	31.000000	307.000000	691.000000	52.000000	298.664688	694.042849	2.000000	21.645136
11.000000	34.000000	32.000000	297.000000	585.000000	42.000000	305.057451	572.963393	1.000000	22.331668
11.000000	35.000000	33.000000	173.000000	771.000000	61.000000	179.317270	758.176125	1.000000	23.356815
11.000000	36.000000	34.000000	186.000000	892.000000	71.000000	183.660451	903.656514	1.000000	23.924542
11.000000	37.000000	35.000000	422.000000	796.000000	63.000000	429.964722	781.041441	1.000000	24.900978
11.000000	38.000000	36.000000	402.000000	923.000000	73.000000	398.847672	912.038391	1.000000	25.565042
11.000000	39.000000	37.000000	522.000000	904.000000	74.000000	515.661801	890.850900	1.000000	26.172390
11.000000	40.000000	38.000000	523.000000	796.000000	64.000000	518.598368	811.789510	1.000000	26.675404
11.000000	41.000000	39.000000	653.000000	870.000000	75.000000	653.343206	884.752669	2.000000	27.301274
11.000000	42.000000	40.000000	772.000000	925.000000	76.000000	774.277455	926.211482	2.000000	27.901282
12.000000	1.000000	1.000000	184.000000	239.000000	11.000000	189.274252	246.875861	2.000000	1.285041
12.000000	2.000000	2.000000	321.000000	193.000000	2.000000	315.020630	180.207111	2.000000	1.871108
12.000000	3.000000	3.000000	414.000000	119.000000	3.000000	413.549295	120.444230	1.000000	2.487035
12.000000	4.000000	4.000000	526.000000	121.000000	4.000000	534.631599	121.577948	1.000000	3.149486
12.000000	5.000000	5.000000	759.000000	112.000000	6.000000	749.026727	119.116206	2.000000	3.878607
12.000000	6.000000	6.000000	1086.000000	172.000000	9.000000	1073.268990	176.191984	1.000000	4.974599
12.000000	7.000000	7.000000	1181.000000	116.000000	10.000000	1176.151221	118.643284	2.000000	5.686950
12.000000	8.000000	8.000000	1113.000000	233.000000	19.000000	1099.877480	245.153371	1.000000	6.214912
12.000000	9.000000	9.000000	990.000000	268.000000	18.000000	979.855622	278.684671	1.000000	6.701902
12.000000	10.000000	10.000000	980.000000	371.000000	28.000000	972.126803	363.837974	1.000000	7.238881
12.000000	11.000000	11.000000	781.000000	284.000000	16.000000	779.281541	269.709003	1.000000	7.925508
12.000000	12.000000	12.000000	775.000000	400.000000	26.000000	773.833660	389.666050	2.000000	8.533657
12.000000	13.000000	13.000000	1114.000000	351.000000	29.000000	1103.905082	336.409342	2.000000	9.366641
12.000000	14.000000	14.000000	644.000000	287.000000	15.000000	645.506519	286.395724	2.000000	10.157200
12.000000	15.000000	15.000000	436.000000	284.000000	13.000000	441.188927	292.685694	1.000000	10.854591
12.000000	16.000000	16.000000	319.000000	272.000000	12.000000	330.048842	275.860021	1.000000	11.447045
12.000000	17.000000	17.000000	408.000000	433.000000	33.000000	407.578138	440.682950	1.000000	12.054890
12.000000	18.000000	18.000000	669.000000	447.000000	35.000000	666.632588	439.569788	1.000000	12.910931
12.000000	19.000000	19.000000	763.000000	489.000000	36.000000	763.370578	496.193111	2.000000	13.557829
12.000000	20.000000	20.000000	984.000000	552.000000	48.000000	979.941501	564.251801	2.000000	14.510259
12.000000	21.000000	21.000000	776.000000	587.000000	46.000000	767.284357	600.002892	2.000000	15.253404
12.000000	22.000000	22.000000	633.000000	685.000000	55.000000	622.746175	692.614416	2.000000	15.935023
12.000000	23.000000	23.000000	508.000000	697.000000	54.000000	514.239415	707.362894	2.000000	16.573647
12.000000	24.000000	24.000000	459.000000	703.000000	53.000000	442.149847	702.421433	1.000000	17.101304
12.000000	25.000000	25.000000	318.000000	553.000000	42.000000	310.989949	560.070724	2.000000	17.879260
12.000000	26.000000	26.000000	198.000000	677.000000	51.000000	190.169868	676.220440	2.000000	18.637049
12.000000	27.000000	27.000000	199.000000	755.000000	61.000000	190.880980	755.616777	2.000000	19.103094
12.000000	28.000000	28.000000	198.000000	914.000000	71.000000	194.898033	925.231996	2.000000	19.838414
12.000000	29.000000	29.000000	304.000000	701.000000	52.000000	305.227406	714.182199	1.000000	20.422805
12.000000	30.000000	30.000000	551.000000	801.000000	64.000000	558.771808	801.671086	1.000000	21.318487
12.000000	31.000000	0.000000	543.000000	951.000000	74.000000	543.878263	922.273222	2.000000	21.821052
12.000000	32.000000	31.000000	546.000000	933.000000	74.000000	543.878263	922.273222	2.000000	22.229653
12.000000	33.000000	32.000000	674.000000	787.000000	65.000000	670.475471	800.219040	2.000000	22.943044
12.000000	34.000000	33.000000	750.000000	925.000000	76.000000	749.199781	916.591581	1.000000	23.630995
12.000000	35.000000	34.000000	769.000000	818.000000	66.000000	760.627407	819.406038	1.000000	24.317629
12.000000	36.000000	35.000000	855.000000	792.000000	67.000000	850.301784	792.753680	1.000000	24.799100
12.000000	37.000000	36.000000	950.000000	811.000000	68.000000	962.880370	823.753731	1.000000	25.294391
12.000000	38.000000	37.000000	947.000000	921.000000	78.000000	951.261777	920.579652	2.000000	25.861576
12.000000	39.000000	38.000000	1068.000000	653.000000	59.000000	1069.496630	652.643702	1.000000	26.589872
12.000000	40.000000	39.000000	1180.000000	692.000000	60.000000	1183.105320	700.727622	2.000000	27.109721
12.000000	41.000000	40.000000	1193.000000	898.000000	80.000000	1195.614134	889.320605	1.000000	27.934185
13.000000	1.000000	1.000000	180.000000	134.000000	1.000000	180.566332	126.270525	2.000000	1.492619
13.000000	2.000000	2.000000	198.000000	327.000000	21.000000	201.756634	338.880309	1.000000	2.068124
13.000000	3.000000	3.000000	222.000000	506.000000	31.000000	225.278723	502.238128	1.000000	2.708337
13.000000	4.000000	4.000000	211.000000	611.000000	41.000000	210.559074	613.416428	2.000000	3.260690
13.000000	5.000000	5.000000	198.000000	682.000000	51.000000	203.144544	692.796438	2.000000	3.781673
13.000000	6.000000	6.000000	202.000000	798.000000	61.000000	195.380228	793.348651	2.000000	4.284444
13.000000	7.000000	7.000000	203.000000	906.000000	71.000000	202.021745	916.396822	2.000000	4.876560
13.000000	8.000000	8.000000	307.000000	881.000000	72.000000	313.174982	870.008210	1.000000	5.611578
13.000000	9.000000	9.000000	431.000000	564.000000	43.000000	413.606493	570.398121	2.000000	6.548365
13.000000	10.000000	10.000000	445.000000	452.000000	33.000000	445.737618	463.788093	2.000000	7.052265
13.000000	11.000000	11.000000	408.000000	284.000000	13.000000	404.719098	286.026894	1.000000	7.603700
13.000000	12.000000	12.000000	415.000000	159.000000	3.000000	416.793294	151.596121	2.000000	8.116353
13.000000	13.000000	13.000000	645.000000	122.000000	5.000000	631.964027	123.685584	1.000000	8.900637
13.000000	14.000000	14.000000	662.000000	235.000000	15.000000	661.725659	249.012532	2.000000	9.396232
13.000000	15.000000	15.000000	660.000000	350.000000	25.000000	665.337653	355.495696	2.000000	9.973643
13.000000	16.000000	16.000000	531.000000	660.000000	54.000000	527.452313	664.563273	1.000000	10.900899
13.000000	17.000000	17.000000	564.000000	922.000000	74.000000	555.798736	907.979479	1.000000	11.668913
13.000000	18.000000	18.000000	674.000000	924.000000	75.000000	667.132725	928.855973	2.000000	12.372690
13.000000	19.000000	19.000000	675.000000	817.000000	65.000000	670.296299	814.565503	1.000000	12.916208
13.000000	20.000000	20.000000	764.000000	894.000000	76.000000	753.858099	888.879602	1.000000	13.605317
13.000000	21.000000	21.000000	860.000000	921.000000	77.000000	845.564528	923.841670	1.000000	14.277606
13.000000	22.000000	22.000000	660.000000	579.000000	45.000000	649.106609	580.836225	2.000000	15.069598
13.000000	23.000000	23.000000	741.000000	169.000000	6.000000	734.036046	164.654116	1.000000	15.909305
13.000000	24.000000	24.000000	784.000000	449.000000	36.000000	775.092448	459.345411	1.000000	16.757673
13.000000	25.000000	25.000000	855.000000	218.000000	17.000000	840.471902	234.014279	2.000000	17.509254
13.000000	26.000000	26.000000	884.000000	126.000000	7.000000	882.434626	147.480431	1.000000	17.964649
13.000000	27.000000	27.000000	881.000000	366.000000	27.000000	888.050590	375.905123	1.000000	18.565510
13.000000	28.000000	28.000000	968.000000	393.000000	28.000000	968.529479	395.618875	1.000000	19.037601
13.000000	29.000000	29.000000	866.000000	469.000000	37.000000	860.536962	471.783755	2.000000	19.596207
13.000000	30.000000	30.000000	1007.000000	265.000000	18.000000	1001.306804	264.476176	2.000000	20.259986
13.000000	31.000000	31.000000	1225.000000	166.000000	10.000000	1209.800478	176.003125	1.000000	20.980327
13.000000	32.000000	32.000000	1202.000000	268.000000	20.000000	1212.299166	250.826067	2.000000	21.397256
13.000000	33.000000	33.000000	1182.000000	341.000000	30.000000	1170.996552	355.628341	2.000000	21.861139
13.000000	34.000000	34.000000	1213.000000	442.000000	40.000000	1207.212417	436.351586	1.000000	22.332924
13.000000	35.000000	35.000000	974.000000	599.000000	48.000000	972.255864	604.850791	1.000000	23.315737
13.000000	36.000000	36.000000	1096.000000	600.000000	49.000000	1086.884756	611.128611	2.000000	23.852378
13.000000	37.000000	37.000000	1198.000000	606.000000	50.000000	1199.761614	603.402199	1.000000	24.707716
13.000000	38.000000	38.000000	1211.000000	798.000000	70.000000	1208.327067	813.020378	2.000000	25.541286
13.000000	39.000000	39.000000	1196.000000	873.000000	80.000000	1188.038191	870.656175	1.000000	25.981175
13.000000	40.000000	40.000000	1073.000000	908.000000	79.000000	1073.504349	914.175017	2.000000	26.636448
14.000000	1.000000	1.000000	297.000000	114.000000	2.000000	298.128417	122.343623	2.000000	1.072733
14.000000	2.000000	2.000000	229.000000	231.000000	11.000000	221.201774	237.469323	2.000000	1.599938
14.000000	3.000000	3.000000	204.000000	341.000000	21.000000	203.085255	347.519205	1.000000	2.145843
14.000000	4.000000	4.000000	219.000000	428.000000	31.000000	216.686123	447.961333	2.000000	2.673879
14.000000	5.000000	5.000000	206.000000	704.000000	51.000000	191.597467	712.509224	2.000000	3.433881
14.000000	6.000000	6.000000	209.000000	799.000000	61.000000	200.502832	820.442609	2.000000	4.241878
14.000000	7.000000	7.000000	311.000000	685.000000	52.000000	299.221848	695.499975	2.000000	4.937423
14.000000	8.000000	8.000000	351.000000	565.000000	42.000000	341.124048	553.755389	2.000000	5.433507
14.000000	9.000000	9.000000	308.000000	905.000000	72.000000	308.135414	905.645260	1.000000	6.183991
14.000000	10.000000	10.000000	440.000000	760.000000	63.000000	431.650189	782.774443	1.000000	6.744811
14.000000	11.000000	11.000000	505.000000	709.000000	54.000000	510.609358	691.118561	2.000000	7.281704
14.000000	12.000000	12.000000	563.000000	768.000000	64.000000	550.799178	758.906896	1.000000	7.761752
14.000000	13.000000	13.000000	542.000000	924.000000	74.000000	522.194023	932.288916	1.000000	8.471774
14.000000	14.000000	14.000000	512.000000	566.000000	44.000000	511.132236	571.113233	1.000000	9.073539
14.000000	15.000000	0.000000	412.000000	420.000000	33.000000	431.813187	447.411143	2.000000	9.568486
14.000000	16.000000	15.000000	429.000000	445.000000	33.000000	431.813187	447.411143	2.000000	9.919853
14.000000	17.000000	16.000000	406.000000	384.000000	23.000000	405.139140	384.682941	1.000000	10.319793
14.000000	18.000000	17.000000	431.000000	163.000000	3.000000	422.148834	182.755387	1.000000	11.105460
14.000000	19.000000	18.000000	513.000000	179.000000	4.000000	513.989334	187.101406	2.000000	11.632163
14.000000	20.000000	19.000000	510.000000	277.000000	14.000000	511.879960	271.029987	1.000000	12.065026
14.000000	21.000000	20.000000	512.000000	386.000000	24.000000	516.210916	396.557441	1.000000	12.608843
14.000000	22.000000	21.000000	644.000000	261.000000	15.000000	640.888366	269.601739	1.000000	13.368037
14.000000	23.000000	22.000000	756.000000	251.000000	16.000000	752.883887	244.302147	2.000000	13.897376
14.000000	24.000000	23.000000	832.000000	236.000000	17.000000	846.391076	231.106871	1.000000	14.408854
14.000000	25.000000	24.000000	863.000000	130.000000	7.000000	851.062965	118.454269	1.000000	15.073145
14.000000	26.000000	25.000000	992.000000	173.000000	8.000000	980.781601	172.139208	1.000000	15.640584
14.000000	27.000000	26.000000	1206.000000	171.000000	10.000000	1192.287673	174.135536	2.000000	16.456540
14.000000	28.000000	27.000000	1206.000000	279.000000	20.000000	1198.180674	271.268474	2.000000	17.081759
14.000000	29.000000	28.000000	1080.000000	263.000000	19.000000	1065.642318	252.604372	2.000000	17.719790
14.000000	30.000000	29.000000	1006.000000	262.000000	18.000000	996.427120	266.315076	2.000000	18.376923
14.000000	31.000000	30.000000	889.000000	336.000000	27.000000	882.506061	338.150017	1.000000	19.200417
14.000000	32.000000	31.000000	844.000000	484.000000	37.000000	847.378859	483.126996	1.000000	19.953121
14.000000	33.000000	32.000000	728.000000	857.000000	76.000000	735.106174	863.219015	1.000000	20.815914
14.000000	34.000000	33.000000	657.000000	695.000000	55.000000	650.257803	698.605894	2.000000	21.503633
14.000000	35.000000	34.000000	893.000000	790.000000	67.000000	887.395590	814.041304	2.000000	22.528190
14.000000	36.000000	35.000000	1104.000000	505.000000	39.000000	1102.383804	486.892938	2.000000	23.904270
14.000000	37.000000	36.000000	1226.000000	397.000000	30.000000	1218.779729	400.687551	1.000000	24.432026
14.000000	38.000000	37.000000	1116.000000	685.000000	59.000000	1106.406088	702.791416	1.000000	25.128650
14.000000	39.000000	38.000000	1220.000000	694.000000	60.000000	1211.219993	712.766003	2.000000	25.713780
14.000000	40.000000	39.000000	1068.000000	877.000000	79.000000	1068.645850	882.482258	1.000000	26.392290
14.000000	41.000000	40.000000	1183.000000	874.000000	80.000000	1195.094359	865.128393	2.000000	27.025750
15.000000	1.000000	1.000000	325.000000	166.000000	2.000000	323.601237	157.891238	2.000000	1.144682
15.000000	2.000000	2.000000	199.000000	329.000000	21.000000	187.412110	344.251690	2.000000	1.785503
15.000000	3.000000	3.000000	302.000000	267.000000	12.000000	300.662726	253.887963	1.000000	2.312770
15.000000	4.000000	4.000000	414.000000	268.000000	13.000000	421.284787	276.459219	1.000000	2.832165
15.000000	5.000000	5.000000	433.000000	202.000000	3.000000	436.790711	183.671291	2.000000	3.328241
15.000000	6.000000	6.000000	553.000000	193.000000	4.000000	556.529084	187.975254	2.000000	3.856541
15.000000	7.000000	7.000000	332.000000	419.000000	32.000000	321.482747	437.834284	2.000000	4.608110
15.000000	8.000000	8.000000	427.000000	457.000000	33.000000	419.164842	458.061495	1.000000	5.089859
15.000000	9.000000	9.000000	438.000000	595.000000	43.000000	430.723456	592.349069	2.000000	5.607869
15.000000	10.000000	10.000000	337.000000	673.000000	52.000000	336.030194	680.580586	2.000000	6.207881
15.000000	11.000000	11.000000	183.000000	715.000000	51.000000	189.412049	718.351646	2.000000	6.745507
15.000000	12.000000	12.000000	556.000000	890.000000	74.000000	550.044894	891.178726	1.000000	7.672107
15.000000	13.000000	13.000000	634.000000	884.000000	75.000000	635.503757	873.082620	1.000000	8.185465
15.000000	14.000000	14.000000	625.000000	806.000000	65.000000	629.581656	805.635175	1.000000	8.735676
15.000000	15.000000	15.000000	530.000000	773.000000	64.000000	532.004789	763.758925	2.000000	9.305220
15.000000	16.000000	16.000000	554.000000	614.000000	44.000000	558.910674	612.280005	1.000000	9.929645
15.000000	17.000000	17.000000	625.000000	602.000000	45.000000	618.156579	603.959884	1.000000	10.369489
15.000000	18.000000	18.000000	572.000000	400.000000	24.000000	556.501940	398.035094	2.000000	10.833833
15.000000	19.000000	19.000000	660.000000	494.000000	35.000000	647.293287	502.407353	2.000000	11.335987
15.000000	20.000000	20.000000	755.000000	274.000000	16.000000	752.906490	270.068207	1.000000	11.969145
15.000000	21.000000	21.000000	756.000000	375.000000	26.000000	761.005191	366.264916	2.000000	12.400408
15.000000	22.000000	22.000000	781.000000	480.000000	36.000000	775.999570	490.461121	1.000000	12.857259
15.000000	23.000000	23.000000	737.000000	774.000000	66.000000	732.830956	770.420160	1.000000	13.736726
15.000000	24.000000	24.000000	758.000000	896.000000	76.000000	751.571648	899.658209	2.000000	14.257372
15.000000	25.000000	25.000000	870.000000	822.000000	67.000000	859.343635	824.012106	2.000000	14.801039
15.000000	26.000000	26.000000	982.000000	787.000000	68.000000	976.287591	783.678856	2.000000	15.360671
15.000000	27.000000	27.000000	1062.000000	858.000000	79.000000	1064.998203	874.332696	2.000000	15.984891
15.000000	28.000000	28.000000	1192.000000	858.000000	80.000000	1187.403643	863.584629	1.000000	16.559895
15.000000	29.000000	29.000000	1199.000000	811.000000	70.000000	1199.068425	807.795992	2.000000	16.960259
15.000000	30.000000	30.000000	1190.000000	658.000000	60.000000	1185.227874	652.564125	1.000000	17.584716
15.000000	31.000000	31.000000	1057.000000	667.000000	59.000000	1059.100049	670.191689	2.000000	18.096143
15.000000	32.000000	32.000000	987.000000	552.000000	48.000000	984.769025	557.859259	1.000000	18.568481
15.000000	33.000000	33.000000	882.000000	498.000000	37.000000	872.911506	498.306968	2.000000	19.175877
15.000000	34.000000	34.000000	946.000000	316.000000	28.000000	952.791918	333.350310	1.000000	19.712492
15.000000	35.000000	35.000000	948.000000	268.000000	18.000000	955.610528	255.229060	2.000000	20.176641
15.000000	36.000000	36.000000	891.000000	108.000000	7.000000	891.550757	125.400676	1.000000	21.064076
15.000000	37.000000	37.000000	1203.000000	120.000000	10.000000	1194.820773	142.518193	1.000000	21.824425
15.000000	38.000000	38.000000	1107.000000	385.000000	29.000000	1105.967269	384.581558	1.000000	22.585503
15.000000	39.000000	39.000000	1089.000000	455.000000	39.000000	1092.390466	456.346625	1.000000	23.072388
15.000000	40.000000	40.000000	1190.000000	461.000000	40.000000	1186.520736	465.584847	1.000000	23.480920
16.000000	1.000000	1.000000	223.000000	158.000000	1.000000	226.173036	149.502369	2.000000	1.154080
16.000000	2.000000	2.000000	192.000000	295.000000	11.000000	199.058365	281.535164	1.000000	1.626065
16.000000	3.000000	3.000000	301.000000	377.000000	22.000000	293.592852	399.977678	1.000000	2.313185
16.000000	4.000000	4.000000	190.000000	771.000000	61.000000	182.123303	794.285452	2.000000	3.290026
16.000000	5.000000	5.000000	325.000000	775.000000	62.000000	331.332865	782.700171	2.000000	3.793952
16.000000	6.000000	6.000000	313.000000	912.000000	72.000000	309.284838	929.027599	2.000000	4.337964
16.000000	7.000000	7.000000	502.000000	924.000000	74.000000	510.316470	931.958441	2.000000	4.960522
16.000000	8.000000	8.000000	559.000000	786.000000	64.000000	553.504160	783.540265	2.000000	5.496257
16.000000	9.000000	9.000000	645.000000	660.000000	55.000000	638.826178	664.696558	2.000000	5.976644
16.000000	10.000000	10.000000	643.000000	605.000000	45.000000	636.253911	607.220036	2.000000	6.386041
16.000000	11.000000	11.000000	535.000000	486.000000	34.000000	526.363393	497.880602	2.000000	6.929200
16.000000	12.000000	12.000000	645.000000	481.000000	35.000000	654.699499	472.361436	2.000000	7.505187
16.000000	13.000000	13.000000	422.000000	293.000000	13.000000	413.818527	290.849029	2.000000	8.208085
16.000000	14.000000	14.000000	537.000000	292.000000	14.000000	551.074334	291.093175	2.000000	8.682012
16.000000	15.000000	15.000000	519.000000	189.000000	4.000000	514.893680	183.091134	1.000000	9.257386
16.000000	16.000000	16.000000	446.000000	345.000000	23.000000	438.084330	355.377323	1.000000	9.809123
16.000000	17.000000	17.000000	529.000000	546.000000	44.000000	522.420550	562.526507	1.000000	10.440142
16.000000	18.000000	18.000000	636.000000	323.000000	25.000000	622.776678	342.397173	1.000000	11.000841
16.000000	19.000000	0.000000	644.000000	303.000000	15.000000	656.439510	279.704073	1.000000	11.474097
16.000000	20.000000	19.000000	658.000000	298.000000	15.000000	656.439510	279.704073	1.000000	11.944362
16.000000	21.000000	20.000000	755.000000	297.000000	16.000000	753.650769	286.906558	1.000000	12.392579
16.000000	22.000000	21.000000	759.000000	163.000000	6.000000	752.490550	164.196321	1.000000	12.889758
16.000000	23.000000	22.000000	869.000000	284.000000	17.000000	859.916649	277.562013	2.000000	13.370019
16.000000	24.000000	23.000000	877.000000	342.000000	27.000000	873.819352	349.046384	2.000000	13.840123
16.000000	25.000000	24.000000	891.000000	488.000000	37.000000	882.104464	488.386943	1.000000	14.370041
16.000000	26.000000	25.000000	760.000000	688.000000	56.000000	756.398085	683.485764	1.000000	15.264865
16.000000	27.000000	26.000000	729.000000	766.000000	66.000000	729.941492	767.400445	2.000000	15.697954
16.000000	28.000000	27.000000	733.000000	940.000000	76.000000	733.738680	930.967596	2.000000	16.344451
16.000000	29.000000	28.000000	660.000000	812.000000	65.000000	657.994470	814.133665	1.000000	16.953526
16.000000	30.000000	29.000000	870.000000	881.000000	77.000000	853.449278	898.637737	2.000000	17.897720
16.000000	31.000000	0.000000	858.000000	728.000000	57.000000	839.264432	709.883310	2.000000	18.538006
16.000000	32.000000	30.000000	846.000000	713.000000	57.000000	839.264432	709.883310	2.000000	19.064756
16.000000	33.000000	31.000000	963.000000	588.000000	48.000000	965.207561	597.774816	2.000000	19.585424
16.000000	34.000000	0.000000	978.000000	257.000000	18.000000	988.632848	230.439114	1.000000	20.432731
16.000000	35.000000	32.000000	987.000000	238.000000	18.000000	988.632848	230.439114	1.000000	20.832557
16.000000	36.000000	33.000000	1103.000000	174.000000	9.000000	1094.269133	183.382299	1.000000	21.497511
16.000000	37.000000	34.000000	1169.000000	155.000000	10.000000	1174.059813	160.614886	2.000000	21.961621
16.000000	38.000000	35.000000	1091.000000	486.000000	39.000000	1091.868901	481.533515	1.000000	22.872363
16.000000	39.000000	36.000000	1103.000000	591.000000	49.000000	1103.914271	579.528583	1.000000	23.321561
16.000000	40.000000	37.000000	1105.000000	684.000000	59.000000	1101.129435	671.789889	1.000000	24.001587
16.000000	41.000000	38.000000	1080.000000	756.000000	69.000000	1070.691325	756.977057	1.000000	24.488780
16.000000	42.000000	39.000000	1198.000000	776.000000	70.000000	1189.257640	782.987777	1.000000	24.968277
16.000000	43.000000	40.000000	1205.000000	907.000000	80.000000	1201.068618	907.231826	1.000000	25.521071
17.000000	1.000000	1.000000	197.000000	154.000000	1.000000	212.342207	141.777774	2.000000	0.859803
17.000000	2.000000	2.000000	325.000000	148.000000	2.000000	326.458563	135.392032	2.000000	1.425865
17.000000	3.000000	3.000000	430.000000	111.000000	3.000000	429.980335	119.874747	1.000000	1.946775
17.000000	4.000000	0.000000	433.000000	263.000000	13.000000	422.315870	291.483375	1.000000	2.595142
17.000000	5.000000	4.000000	428.000000	313.000000	13.000000	422.315870	291.483375	1.000000	3.146763
17.000000	6.000000	5.000000	428.000000	372.000000	23.000000	422.033612	362.911741	2.000000	3.594643
17.000000	7.000000	6.000000	237.000000	387.000000	21.000000	221.645708	390.417980	2.000000	4.226957
17.000000	8.000000	7.000000	454.000000	470.000000	33.000000	443.841579	481.862832	2.000000	4.955801
17.000000	9.000000	8.000000	202.000000	804.000000	61.000000	188.764067	811.330605	2.000000	5.906091
17.000000	10.000000	9.000000	289.000000	787.000000	62.000000	299.214689	774.217012	1.000000	6.498953
17.000000	11.000000	10.000000	429.000000	721.000000	53.000000	439.199460	715.843877	1.000000	7.091739
17.000000	12.000000	11.000000	509.000000	692.000000	54.000000	512.694810	683.197142	1.000000	7.786835
17.000000	13.000000	12.000000	563.000000	592.000000	44.000000	556.346111	586.191452	2.000000	8.385824
17.000000	14.000000	13.000000	528.000000	281.000000	14.000000	527.925124	282.875389	2.000000	9.066791
17.000000	15.000000	14.000000	641.000000	284.000000	15.000000	636.075537	283.413747	2.000000	9.739130
17.000000	16.000000	15.000000	634.000000	141.000000	5.000000	621.121574	142.423591	1.000000	10.250165
17.000000	17.000000	16.000000	783.000000	171.000000	6.000000	776.783535	176.324778	2.000000	10.857877
17.000000	18.000000	17.000000	775.000000	288.000000	16.000000	773.247241	283.523337	1.000000	11.499661
17.000000	19.000000	18.000000	756.000000	394.000000	26.000000	747.250625	383.481366	1.000000	11.995226
17.000000	20.000000	19.000000	725.000000	454.000000	36.000000	733.090137	442.113064	1.000000	12.347048
17.000000	21.000000	20.000000	637.000000	392.000000	25.000000	628.836037	387.190150	2.000000	12.969744
17.000000	22.000000	21.000000	636.000000	450.000000	35.000000	625.304797	451.151697	1.000000	13.395604
17.000000	23.000000	22.000000	651.000000	760.000000	65.000000	643.979294	767.415840	2.000000	14.194512
17.000000	24.000000	23.000000	624.000000	879.000000	75.000000	621.868794	897.038854	1.000000	14.802342
17.000000	25.000000	24.000000	572.000000	909.000000	74.000000	559.176393	917.933898	2.000000	15.411062
17.000000	26.000000	25.000000	831.000000	907.000000	77.000000	838.940276	906.766043	1.000000	16.419519
17.000000	27.000000	26.000000	866.000000	507.000000	37.000000	868.278074	502.904666	1.000000	17.202418
17.000000	28.000000	0.000000	893.000000	134.000000	7.000000	886.484282	162.474906	1.000000	17.963124
17.000000	29.000000	27.000000	892.000000	151.000000	7.000000	886.484282	162.474906	1.000000	18.379659
17.000000	30.000000	28.000000	973.000000	167.000000	8.000000	975.817868	176.686124	1.000000	19.019654
17.000000	31.000000	29.000000	1005.000000	240.000000	18.000000	998.659875	224.001421	1.000000	19.433667
17.000000	32.000000	30.000000	1232.000000	141.000000	10.000000	1216.590971	142.569819	2.000000	20.171003
17.000000	33.000000	31.000000	1106.000000	369.000000	29.000000	1096.513013	382.608750	2.000000	20.971262
17.000000	34.000000	32.000000	1074.000000	472.000000	39.000000	1069.184727	463.171538	1.000000	21.586988
17.000000	35.000000	33.000000	988.000000	552.000000	48.000000	979.605562	550.494400	1.000000	22.163790
17.000000	36.000000	34.000000	958.000000	663.000000	58.000000	957.144364	667.802438	2.000000	22.713707
17.000000	37.000000	35.000000	1102.000000	659.000000	59.000000	1101.843469	654.322335	2.000000	23.274355
17.000000	38.000000	36.000000	1225.000000	600.000000	50.000000	1218.398314	608.264017	2.000000	24.002937
17.000000	39.000000	37.000000	1183.000000	480.000000	40.000000	1182.736452	477.079990	1.000000	24.491151
17.000000	40.000000	38.000000	1107.000000	790.000000	69.000000	1099.834594	794.361789	2.000000	25.289995
17.000000	41.000000	39.000000	1187.000000	799.000000	70.000000	1180.898359	818.794841	1.000000	25.850284
17.000000	42.000000	40.000000	1186.000000	888.000000	80.000000	1189.440172	887.921851	2.000000	26.307458
18.000000	1.000000	1.000000	327.000000	125.000000	2.000000	321.782387	122.107711	1.000000	1.008899
18.000000	2.000000	2.000000	300.000000	219.000000	12.000000	299.299499	225.633612	1.000000	1.568355
18.000000	3.000000	3.000000	337.000000	491.000000	32.000000	335.577685	505.203503	2.000000	2.529262
18.000000	4.000000	4.000000	334.000000	590.000000	42.000000	325.384690	587.354117	2.000000	3.119962
18.000000	5.000000	5.000000	324.000000	735.000000	52.000000	324.040146	713.246152	2.000000	3.735694
18.000000	6.000000	6.000000	313.000000	761.000000	62.000000	301.524994	763.565097	1.000000	4.144850
18.000000	7.000000	7.000000	194.000000	691.000000	51.000000	204.698271	688.068664	1.000000	4.767422
18.000000	8.000000	8.000000	191.000000	872.000000	71.000000	196.340615	882.916557	1.000000	5.376206
18.000000	9.000000	9.000000	294.000000	858.000000	72.000000	295.864060	861.914611	2.000000	5.856333
18.000000	10.000000	10.000000	411.000000	706.000000	53.000000	405.386367	702.954028	1.000000	6.623000
18.000000	11.000000	11.000000	406.000000	574.000000	43.000000	412.341028	585.187596	2.000000	7.048280
18.000000	12.000000	12.000000	418.000000	486.000000	33.000000	423.976714	494.653716	1.000000	7.471630
18.000000	13.000000	13.000000	450.000000	340.000000	23.000000	446.723276	343.871657	1.000000	7.992268
18.000000	14.000000	14.000000	529.000000	493.000000	34.000000	520.449071	470.414403	1.000000	8.735301
18.000000	15.000000	15.000000	544.000000	548.000000	44.000000	534.817013	552.368787	1.000000	9.104721
18.000000	16.000000	16.000000	643.000000	594.000000	45.000000	641.909601	596.887199	1.000000	9.575358
18.000000	17.000000	17.000000	549.000000	803.000000	64.000000	542.492527	799.111611	2.000000	10.312807
18.000000	18.000000	18.000000	623.000000	855.000000	75.000000	628.127435	877.152881	1.000000	10.808743
18.000000	19.000000	19.000000	743.000000	696.000000	56.000000	732.759907	701.907791	1.000000	11.512396
18.000000	20.000000	20.000000	750.000000	592.000000	46.000000	745.010106	588.202488	2.000000	11.953202
18.000000	21.000000	21.000000	646.000000	493.000000	35.000000	657.978426	494.090627	2.000000	12.687604
18.000000	22.000000	22.000000	633.000000	357.000000	25.000000	628.852461	342.324004	2.000000	13.153006
18.000000	23.000000	0.000000	617.000000	145.000000	5.000000	620.129021	186.967204	1.000000	13.687152
18.000000	24.000000	23.000000	620.000000	163.000000	5.000000	620.129021	186.967204	1.000000	14.160905
18.000000	25.000000	24.000000	544.000000	165.000000	4.000000	527.678634	170.627692	1.000000	14.824310
18.000000	26.000000	25.000000	723.000000	151.000000	6.000000	743.644624	146.030533	2.000000	15.559985
18.000000	27.000000	26.000000	853.000000	287.000000	17.000000	839.872035	294.483834	2.000000	16.287399
18.000000	28.000000	27.000000	879.000000	348.000000	27.000000	869.784489	357.505454	1.000000	16.808653
18.000000	29.000000	28.000000	986.000000	270.000000	18.000000	971.069957	286.386577	1.000000	17.319994
18.000000	30.000000	29.000000	993.000000	121.000000	8.000000	987.364301	128.066975	2.000000	17.832670
18.000000	31.000000	30.000000	1080.000000	393.000000	29.000000	1080.994862	381.215332	2.000000	18.657288
18.000000	32.000000	31.000000	1219.000000	262.000000	20.000000	1209.458836	278.506408	2.000000	19.217346
18.000000	33.000000	32.000000	1195.000000	442.000000	40.000000	1189.331009	461.075608	2.000000	19.944983
18.000000	34.000000	33.000000	1071.000000	635.000000	59.000000	1073.441856	651.828574	2.000000	20.680286
18.000000	35.000000	34.000000	881.000000	611.000000	47.000000	866.802937	599.841811	2.000000	21.359433
18.000000	36.000000	0.000000	884.000000	634.000000	57.000000	873.628900	661.201095	2.000000	21.872184
18.000000	37.000000	35.000000	880.000000	642.000000	57.000000	873.628900	661.201095	2.000000	22.191668
18.000000	38.000000	36.000000	1070.000000	769.000000	69.000000	1073.665969	785.547036	2.000000	22.969293
18.000000	39.000000	37.000000	1068.000000	938.000000	79.000000	1066.722404	924.105906	2.000000	23.711868
18.000000	40.000000	38.000000	1171.000000	890.000000	80.000000	1181.103471	879.372993	1.000000	24.439683
18.000000	41.000000	39.000000	1183.000000	769.000000	70.000000	1177.142237	782.466863	1.000000	24.983711
18.000000	42.000000	40.000000	892.000000	917.000000	77.000000	880.837382	916.919206	1.000000	26.000613
19.000000	1.000000	1.000000	283.000000	167.000000	2.000000	292.762381	166.537614	2.000000	1.239125
19.000000	2.000000	2.000000	211.000000	321.000000	21.000000	199.564983	340.970159	1.000000	1.831471
19.000000	3.000000	0.000000	238.000000	464.000000	31.000000	231.487905	490.368203	1.000000	2.424028
19.000000	4.000000	3.000000	229.000000	501.000000	31.000000	231.487905	490.368203	1.000000	3.023720
19.000000	5.000000	4.000000	306.000000	504.000000	32.000000	298.962153	502.754685	1.000000	3.430802
19.000000	6.000000	5.000000	207.000000	554.000000	41.000000	199.552268	554.735756	2.000000	4.047941
19.000000	7.000000	6.000000	221.000000	644.000000	51.000000	227.257732	654.392851	2.000000	4.550432
19.000000	8.000000	7.000000	187.000000	803.000000	61.000000	186.238575	795.953806	1.000000	5.159350
19.000000	9.000000	8.000000	320.000000	702.000000	52.000000	302.268079	704.638950	1.000000	5.968339
19.000000	10.000000	9.000000	342.000000	753.000000	62.000000	337.033534	772.148020	2.000000	6.704274
19.000000	11.000000	10.000000	444.000000	897.000000	73.000000	436.773180	900.364084	2.000000	7.400485
19.000000	12.000000	11.000000	432.000000	782.000000	63.000000	431.577073	774.538620	1.000000	7.968115
19.000000	13.000000	12.000000	441.000000	651.000000	53.000000	435.119545	658.339629	1.000000	8.503891
19.000000	14.000000	13.000000	409.000000	626.000000	43.000000	398.058923	612.502833	2.000000	8.903234
19.000000	15.000000	14.000000	427.000000	438.000000	33.000000	418.470206	445.084752	1.000000	9.624062
19.000000	16.000000	15.000000	406.000000	291.000000	13.000000	411.146395	282.265491	2.000000	10.287025
19.000000	17.000000	16.000000	358.000000	284.000000	12.000000	341.517656	273.257475	2.000000	10.726375
19.000000	18.000000	17.000000	433.000000	138.000000	3.000000	427.793414	154.326418	1.000000	11.287280
19.000000	19.000000	18.000000	542.000000	242.000000	14.000000	551.737640	241.869987	1.000000	11.927371
19.000000	20.000000	19.000000	722.000000	157.000000	6.000000	731.385426	179.070169	2.000000	12.606634
19.000000	21.000000	20.000000	771.000000	232.000000	16.000000	779.487594	235.487437	2.000000	13.230419
19.000000	22.000000	21.000000	655.000000	379.000000	25.000000	646.756910	380.105831	2.000000	13.815216
19.000000	23.000000	22.000000	673.000000	481.000000	35.000000	671.114543	483.533542	2.000000	14.295700
19.000000	24.000000	23.000000	615.000000	560.000000	45.000000	617.908434	563.588574	2.000000	14.838637
19.000000	25.000000	24.000000	759.000000	475.000000	36.000000	747.851746	468.454815	2.000000	15.592086
19.000000	26.000000	25.000000	837.000000	443.000000	37.000000	843.131613	437.664285	2.000000	16.071588
19.000000	27.000000	26.000000	772.000000	568.000000	46.000000	770.243054	554.594024	2.000000	16.719451
19.000000	28.000000	27.000000	651.000000	754.000000	65.000000	639.327859	772.659651	1.000000	17.408504
19.000000	29.000000	28.000000	755.000000	785.000000	66.000000	745.018996	802.382902	2.000000	17.990582
19.000000	30.000000	29.000000	744.000000	891.000000	76.000000	739.144162	901.405822	1.000000	18.519595
19.000000	31.000000	30.000000	984.000000	688.000000	58.000000	978.477176	686.259206	1.000000	19.278497
19.000000	32.000000	31.000000	1000.000000	579.000000	48.000000	992.554137	602.428864	1.000000	19.710645
19.000000	33.000000	32.000000	1066.000000	577.000000	49.000000	1062.981105	570.698704	2.000000	20.464322
19.000000	34.000000	33.000000	1078.000000	706.000000	59.000000	1077.208951	715.939761	2.000000	21.088534
19.000000	35.000000	34.000000	978.000000	404.000000	28.000000	975.773609	393.422035	1.000000	21.670712
19.000000	36.000000	35.000000	866.000000	279.000000	17.000000	852.225216	287.841209	1.000000	22.471999
19.000000	37.000000	36.000000	852.000000	149.000000	7.000000	847.528096	133.730831	1.000000	22.911738
19.000000	38.000000	37.000000	953.000000	172.000000	8.000000	948.562688	183.803116	1.000000	23.446506
19.000000	39.000000	38.000000	1068.000000	271.000000	19.000000	1062.887809	272.168652	1.000000	23.991413
19.000000	40.000000	0.000000	1186.000000	367.000000	30.000000	1183.729107	399.588793	1.000000	24.751837
19.000000	41.000000	39.000000	1188.000000	385.000000	30.000000	1183.729107	399.588793	1.000000	26.288336
19.000000	42.000000	40.000000	1183.000000	208.000000	10.000000	1174.721935	188.746018	2.000000	27.039278
20.000000	1.000000	1.000000	209.000000	228.000000	11.000000	199.249979	230.953566	2.000000	1.474909
20.000000	2.000000	2.000000	307.000000	159.000000	2.000000	311.221421	148.868403	2.000000	2.618916
20.000000	3.000000	3.000000	414.000000	289.000000	13.000000	415.148137	288.045327	2.000000	3.754919
20.000000	4.000000	4.000000	340.000000	344.000000	22.000000	333.097580	354.131603	1.000000	4.275962
20.000000	5.000000	5.000000	170.000000	453.000000	31.000000	178.729033	452.137405	1.000000	5.123592
20.000000	6.000000	6.000000	300.000000	672.000000	52.000000	295.078929	692.845623	1.000000	6.156559
20.000000	7.000000	7.000000	298.000000	821.000000	62.000000	297.319896	823.377427	1.000000	10.379140
20.000000	8.000000	8.000000	213.000000	922.000000	71.000000	214.256513	928.475186	1.000000	11.044072
20.000000	9.000000	9.000000	416.000000	886.000000	73.000000	420.724886	883.851920	1.000000	11.723590
20.000000	10.000000	10.000000	627.000000	807.000000	65.000000	618.128478	814.492801	1.000000	12.500243
20.000000	11.000000	11.000000	543.000000	774.000000	64.000000	538.398650	762.356536	2.000000	13.211339
20.000000	12.000000	12.000000	669.000000	870.000000	75.000000	660.255697	874.491170	2.000000	13.914685
20.000000	13.000000	13.000000	772.000000	878.000000	76.000000	773.900614	880.351343	2.000000	14.579821
20.000000	14.000000	14.000000	844.000000	864.000000	77.000000	847.582230	864.157934	2.000000	15.404877
20.000000	15.000000	15.000000	567.000000	167.000000	4.000000	554.707073	167.750276	2.000000	18.563810
20.000000	16.000000	16.000000	549.000000	302.000000	14.000000	546.134962	293.279506	1.000000	19.124285
20.000000	17.000000	17.000000	512.000000	383.000000	24.000000	513.330809	387.110002	1.000000	19.636732
20.000000	18.000000	18.000000	525.000000	466.000000	34.000000	524.556976	476.536941	2.000000	20.116044
20.000000	19.000000	19.000000	647.000000	466.000000	35.000000	646.194862	481.336979	2.000000	21.651406
20.000000	20.000000	20.000000	648.000000	575.000000	45.000000	649.364585	589.034108	2.000000	22.315495
20.000000	21.000000	21.000000	766.000000	454.000000	36.000000	763.728142	470.083422	1.000000	23.428895
20.000000	22.000000	22.000000	762.000000	362.000000	26.000000	765.405862	361.438459	2.000000	23.891513
20.000000	23.000000	23.000000	643.000000	276.000000	15.000000	656.504528	263.157410	1.000000	24.587441
20.000000	24.000000	24.000000	767.000000	240.000000	16.000000	772.635937	229.796940	1.000000	25.164595
20.000000	25.000000	25.000000	672.000000	135.000000	5.000000	663.848082	122.408141	2.000000	25.820072
20.000000	26.000000	26.000000	832.000000	123.000000	7.000000	838.123418	121.633472	1.000000	26.484571
20.000000	27.000000	27.000000	1098.000000	170.000000	9.000000	1100.722722	178.973563	1.000000	28.266890
20.000000	28.000000	28.000000	1173.000000	175.000000	10.000000	1185.744712	179.430524	1.000000	28.972306
20.000000	29.000000	29.000000	887.000000	542.000000	47.000000	877.011084	559.661002	1.000000	31.323794
20.000000	30.000000	30.000000	986.000000	501.000000	38.000000	991.101332	492.406282	2.000000	32.268814
20.000000	31.000000	31.000000	894.000000	669.000000	57.000000	883.248865	678.083448	2.000000	33.290909
20.000000	32.000000	32.000000	969.000000	693.000000	58.000000	959.890301	711.276962	2.000000	34.052485
20.000000	33.000000	33.000000	1079.000000	695.000000	59.000000	1082.424015	708.307071	2.000000	34.627933
20.000000	34.000000	34.000000	1090.000000	766.000000	69.000000	1089.070510	787.402729	2.000000	35.404221
20.000000	35.000000	35.000000	1101.000000	883.000000	79.000000	1107.746214	886.133716	1.000000	36.219436
20.000000	36.000000	36.000000	1090.000000	364.000000	29.000000	1090.412670	388.099268	2.000000	38.083713
20.000000	37.000000	37.000000	1181.000000	370.000000	30.000000	1169.463732	373.092978	2.000000	38.828367
20.000000	38.000000	38.000000	1094.000000	446.000000	39.000000	1087.297269	457.747680	1.000000	39.683121
20.000000	39.000000	39.000000	1195.000000	453.000000	40.000000	1179.041470	460.676697	1.000000	40.339990
20.000000	40.000000	40.000000	1217.000000	568.000000	50.000000	1218.540105	580.341596	1.000000	41.180455
21.000000	1.000000	1.000000	205.000000	258.000000	11.000000	205.974588	260.548220	1.000000	1.311141
21.000000	2.000000	2.000000	331.000000	189.000000	2.000000	333.577528	177.632878	1.000000	2.045873
21.000000	3.000000	3.000000	329.000000	240.000000	12.000000	326.954726	239.055590	2.000000	2.351582
21.000000	4.000000	4.000000	440.000000	108.000000	3.000000	437.674501	118.561456	2.000000	3.007582
21.000000	5.000000	5.000000	442.000000	250.000000	13.000000	440.689104	272.429164	2.000000	3.637856
21.000000	6.000000	6.000000	553.000000	389.000000	24.000000	542.588089	375.463309	2.000000	4.375179
21.000000	7.000000	7.000000	543.000000	452.000000	34.000000	542.451598	453.856371	1.000000	4.838931
21.000000	8.000000	8.000000	224.000000	490.000000	31.000000	216.372115	488.976066	1.000000	5.679324
21.000000	9.000000	9.000000	182.000000	581.000000	41.000000	184.424803	583.750492	2.000000	6.327593
21.000000	10.000000	10.000000	194.000000	808.000000	61.000000	189.003968	823.403743	1.000000	7.015349
21.000000	11.000000	11.000000	291.000000	827.000000	62.000000	293.392853	824.909222	1.000000	7.630499
21.000000	12.000000	12.000000	292.000000	901.000000	72.000000	288.589931	903.924060	1.000000	8.071139
21.000000	13.000000	13.000000	433.000000	800.000000	63.000000	438.926194	803.277678	1.000000	8.646303
21.000000	14.000000	14.000000	402.000000	695.000000	53.000000	404.600410	710.218244	1.000000	9.071017
21.000000	15.000000	15.000000	441.000000	582.000000	43.000000	439.799548	579.937233	2.000000	9.629876
21.000000	16.000000	16.000000	524.000000	708.000000	54.000000	531.506787	704.786914	2.000000	10.287158
21.000000	17.000000	17.000000	557.000000	581.000000	44.000000	553.479431	594.077570	1.000000	10.749485
21.000000	18.000000	18.000000	637.000000	659.000000	55.000000	631.902412	654.066142	1.000000	11.366279
21.000000	19.000000	19.000000	653.000000	593.000000	45.000000	661.975940	576.918186	2.000000	11.829584
21.000000	20.000000	0.000000	647.000000	479.000000	35.000000	627.944767	461.702694	1.000000	12.334305
21.000000	21.000000	20.000000	628.000000	470.000000	35.000000	627.944767	461.702694	1.000000	12.893592
21.000000	22.000000	21.000000	732.000000	447.000000	36.000000	730.741800	440.589752	2.000000	13.430491
21.000000	23.000000	22.000000	791.000000	340.000000	26.000000	777.766224	350.873186	2.000000	13.886487
21.000000	24.000000	23.000000	676.000000	288.000000	15.000000	667.434921	285.096690	2.000000	14.382565
21.000000	25.000000	24.000000	885.000000	274.000000	17.000000	881.023241	270.560649	2.000000	15.319555
21.000000	26.000000	25.000000	967.000000	140.000000	8.000000	955.286065	144.395168	1.000000	15.983608
21.000000	27.000000	26.000000	1115.000000	148.000000	9.000000	1103.319129	159.193903	2.000000	16.590926
21.000000	28.000000	27.000000	1200.000000	162.000000	10.000000	1198.183165	167.147177	1.000000	17.167328
21.000000	29.000000	28.000000	1073.000000	332.000000	29.000000	1057.957654	331.911447	1.000000	17.734334
21.000000	30.000000	29.000000	1180.000000	266.000000	20.000000	1169.325420	271.652372	2.000000	18.311594
21.000000	31.000000	30.000000	1093.000000	439.000000	39.000000	1082.687393	442.049629	2.000000	18.926826
21.000000	32.000000	31.000000	1011.000000	469.000000	38.000000	1000.211947	487.293529	1.000000	19.438808
21.000000	33.000000	32.000000	966.000000	598.000000	48.000000	961.156128	587.286096	1.000000	20.085705
21.000000	34.000000	33.000000	1074.000000	587.000000	49.000000	1069.398923	585.651671	2.000000	20.639591
21.000000	35.000000	34.000000	1103.000000	649.000000	59.000000	1104.687917	661.584105	2.000000	21.150734
21.000000	36.000000	35.000000	1108.000000	833.000000	69.000000	1109.522727	826.065262	1.000000	21.781960
21.000000	37.000000	36.000000	1071.000000	871.000000	79.000000	1070.266987	886.214585	1.000000	22.302872
21.000000	38.000000	0.000000	906.000000	876.000000	77.000000	878.474768	883.076103	1.000000	22.974446
21.000000	39.000000	37.000000	872.000000	887.000000	77.000000	878.474768	883.076103	1.000000	23.357914
21.000000	40.000000	38.000000	738.000000	871.000000	76.000000	738.193926	869.844996	2.000000	24.207131
21.000000	41.000000	39.000000	669.000000	900.000000	75.000000	670.003551	903.277716	2.000000	24.605947
21.000000	42.000000	40.000000	1226.000000	901.000000	80.000000	1219.001109	916.265564	2.000000	25.885705
