MultiTargForag_2	Participant_Code = 15
Search_Type = 1	CB_Targets = 2
Trial	Click_Num	Target_Click_Order	Click_X	Click_y	Item_selected	Item_X	Item_Y	Target_Set	RT
1.000000	1.000000	1.000000	477.000000	190.000000	3.000000	477.137312	195.730167	2.000000	6.850793
1.000000	2.000000	2.000000	477.000000	239.000000	13.000000	474.981233	253.353489	1.000000	7.825181
1.000000	3.000000	3.000000	359.000000	167.000000	2.000000	363.021571	164.878698	1.000000	8.800948
1.000000	4.000000	4.000000	179.000000	161.000000	1.000000	182.755208	165.333024	2.000000	10.695538
1.000000	5.000000	5.000000	231.000000	284.000000	11.000000	236.461993	296.544995	2.000000	11.567802
1.000000	6.000000	6.000000	206.000000	415.000000	21.000000	197.408030	408.861193	2.000000	12.800729
1.000000	7.000000	7.000000	230.000000	530.000000	31.000000	219.454343	538.600377	2.000000	13.711301
1.000000	8.000000	8.000000	329.000000	457.000000	22.000000	328.284693	454.249944	1.000000	14.616545
1.000000	9.000000	9.000000	483.000000	411.000000	23.000000	478.390183	422.144667	1.000000	15.431817
1.000000	10.000000	10.000000	504.000000	489.000000	33.000000	505.285990	498.264196	2.000000	16.215268
1.000000	11.000000	11.000000	579.000000	619.000000	44.000000	579.498391	630.176956	2.000000	18.151247
1.000000	12.000000	12.000000	356.000000	741.000000	52.000000	345.428426	743.166145	2.000000	19.271365
1.000000	13.000000	13.000000	182.000000	709.000000	41.000000	177.748563	701.639905	2.000000	20.224616
1.000000	14.000000	14.000000	182.000000	767.000000	51.000000	183.889641	769.652335	1.000000	20.857098
1.000000	15.000000	15.000000	315.000000	931.000000	62.000000	317.250370	940.049567	1.000000	21.711254
1.000000	16.000000	16.000000	329.000000	1061.000000	72.000000	320.247007	1060.311644	2.000000	22.527982
1.000000	17.000000	17.000000	204.000000	1039.000000	71.000000	194.956131	1034.832708	1.000000	23.425037
1.000000	18.000000	18.000000	639.000000	948.000000	64.000000	629.685572	953.926127	1.000000	25.056385
1.000000	19.000000	19.000000	726.000000	1046.000000	75.000000	726.959422	1057.951795	2.000000	26.041390
1.000000	20.000000	20.000000	785.000000	787.000000	55.000000	772.215362	797.407073	1.000000	26.952885
1.000000	21.000000	21.000000	886.000000	820.000000	56.000000	880.208563	831.313156	1.000000	27.784890
1.000000	22.000000	22.000000	826.000000	533.000000	36.000000	830.868217	523.894873	1.000000	28.871682
1.000000	23.000000	23.000000	777.000000	411.000000	25.000000	768.010264	415.695879	1.000000	29.695630
1.000000	24.000000	24.000000	773.000000	313.000000	15.000000	765.110434	300.878852	1.000000	30.464206
1.000000	25.000000	25.000000	715.000000	177.000000	5.000000	713.502935	177.123918	1.000000	31.119143
1.000000	26.000000	26.000000	642.000000	169.000000	4.000000	639.260750	182.070246	1.000000	31.663228
1.000000	27.000000	27.000000	885.000000	401.000000	26.000000	879.485751	414.437387	1.000000	32.847937
1.000000	28.000000	28.000000	860.000000	174.000000	6.000000	853.877280	165.116403	2.000000	33.816848
1.000000	29.000000	29.000000	966.000000	439.000000	27.000000	971.298430	447.967049	2.000000	34.641252
1.000000	30.000000	30.000000	984.000000	485.000000	37.000000	971.158127	500.238009	2.000000	35.216420
1.000000	31.000000	31.000000	1129.000000	649.000000	48.000000	1122.709535	651.660738	2.000000	36.264024
1.000000	32.000000	32.000000	1231.000000	391.000000	29.000000	1233.197286	388.030178	2.000000	37.207949
1.000000	33.000000	33.000000	1284.000000	314.000000	19.000000	1272.089555	329.005243	2.000000	37.935738
1.000000	34.000000	34.000000	1259.000000	121.000000	9.000000	1256.771046	135.848912	1.000000	38.736420
1.000000	35.000000	35.000000	1132.000000	131.000000	8.000000	1117.905520	136.320806	1.000000	39.575607
1.000000	36.000000	36.000000	1267.000000	494.000000	39.000000	1271.212616	501.554360	2.000000	40.777434
1.000000	37.000000	37.000000	1228.000000	751.000000	59.000000	1218.514937	746.942820	1.000000	41.799565
1.000000	38.000000	38.000000	1129.000000	802.000000	58.000000	1126.755887	810.503463	2.000000	43.273190
1.000000	39.000000	39.000000	1414.000000	941.000000	70.000000	1406.412192	951.467487	2.000000	44.327840
1.000000	40.000000	40.000000	1413.000000	1074.000000	80.000000	1412.824273	1071.386405	1.000000	45.407835
1.000000	1.000000	1.000000	737.000000	560.000000	35.000000	736.779928	572.730938	1.000000	0.965636
1.000000	2.000000	2.000000	847.000000	454.000000	26.000000	847.934547	454.426741	2.000000	2.117143
1.000000	3.000000	3.000000	717.000000	662.000000	45.000000	706.345761	676.487834	1.000000	3.117255
1.000000	4.000000	4.000000	648.000000	666.000000	44.000000	637.300486	666.531393	2.000000	3.701488
1.000000	5.000000	5.000000	639.000000	775.000000	54.000000	638.336413	787.976797	1.000000	4.380855
1.000000	6.000000	6.000000	714.000000	815.000000	55.000000	716.396968	822.913145	1.000000	4.940908
1.000000	7.000000	7.000000	769.000000	905.000000	65.000000	768.119986	912.458440	2.000000	5.686004
1.000000	8.000000	8.000000	733.000000	1026.000000	75.000000	722.782595	1030.830714	2.000000	6.468909
1.000000	9.000000	9.000000	650.000000	918.000000	64.000000	637.427699	923.147627	1.000000	7.293916
1.000000	10.000000	10.000000	503.000000	833.000000	53.000000	493.028058	827.569528	2.000000	8.357298
1.000000	11.000000	11.000000	468.000000	896.000000	63.000000	462.768067	912.291375	2.000000	9.422354
1.000000	12.000000	12.000000	389.000000	1012.000000	72.000000	380.254805	1013.945832	2.000000	10.221733
1.000000	13.000000	13.000000	240.000000	1003.000000	71.000000	246.351969	999.750112	1.000000	10.813415
1.000000	14.000000	14.000000	219.000000	806.000000	51.000000	212.011343	787.185204	1.000000	11.548775
1.000000	15.000000	15.000000	207.000000	679.000000	41.000000	205.339227	703.151955	1.000000	12.302147
1.000000	16.000000	16.000000	184.000000	502.000000	31.000000	178.425768	500.655955	1.000000	13.590379
1.000000	17.000000	17.000000	359.000000	564.000000	32.000000	362.057265	580.368351	1.000000	14.495019
1.000000	18.000000	18.000000	456.000000	505.000000	33.000000	467.591539	495.955267	1.000000	15.061295
1.000000	19.000000	19.000000	494.000000	416.000000	23.000000	507.007593	400.209166	2.000000	16.061484
1.000000	20.000000	20.000000	468.000000	237.000000	13.000000	468.513109	250.979603	2.000000	17.189919
1.000000	21.000000	21.000000	612.000000	203.000000	4.000000	617.590961	198.437777	2.000000	17.797586
1.000000	22.000000	22.000000	1105.000000	132.000000	8.000000	1102.422810	144.007388	2.000000	18.901114
1.000000	23.000000	23.000000	1007.000000	322.000000	17.000000	1003.475491	321.272941	2.000000	20.446527
1.000000	24.000000	24.000000	1002.000000	428.000000	27.000000	994.312011	440.742374	1.000000	21.037903
1.000000	25.000000	25.000000	1015.000000	535.000000	37.000000	1016.269239	553.505673	1.000000	21.654825
1.000000	26.000000	26.000000	1159.000000	431.000000	28.000000	1152.020189	427.888442	1.000000	22.325598
1.000000	27.000000	27.000000	1226.000000	406.000000	29.000000	1231.680402	401.575549	2.000000	22.925105
1.000000	28.000000	28.000000	1374.000000	450.000000	30.000000	1378.394316	455.994176	1.000000	23.957060
1.000000	29.000000	29.000000	1362.000000	558.000000	40.000000	1358.615456	566.037771	1.000000	24.557833
1.000000	30.000000	30.000000	1239.000000	578.000000	39.000000	1233.192424	578.703689	2.000000	25.238238
1.000000	31.000000	31.000000	1253.000000	632.000000	49.000000	1251.543218	651.587528	2.000000	25.972790
1.000000	32.000000	32.000000	1419.000000	935.000000	70.000000	1418.914860	953.810165	2.000000	27.230798
1.000000	33.000000	33.000000	1281.000000	923.000000	69.000000	1277.555946	918.380620	2.000000	28.206513
1.000000	34.000000	34.000000	1239.000000	987.000000	79.000000	1227.811415	996.807637	2.000000	28.917885
1.000000	35.000000	35.000000	1122.000000	918.000000	68.000000	1127.791775	912.287663	1.000000	29.471039
1.000000	36.000000	36.000000	1128.000000	800.000000	58.000000	1118.602731	791.126242	2.000000	30.254395
1.000000	37.000000	37.000000	993.000000	884.000000	67.000000	981.951822	895.546892	2.000000	30.950155
1.000000	38.000000	38.000000	1025.000000	1018.000000	77.000000	1010.610093	1012.183168	1.000000	31.564942
1.000000	39.000000	39.000000	1091.000000	1049.000000	78.000000	1096.251042	1058.607033	1.000000	32.061821
1.000000	40.000000	40.000000	883.000000	1035.000000	76.000000	875.200834	1025.526766	1.000000	32.653251
2.000000	1.000000	1.000000	732.000000	546.000000	35.000000	726.114702	549.896420	1.000000	0.680736
2.000000	2.000000	2.000000	726.000000	406.000000	25.000000	723.100559	402.568041	1.000000	1.385560
2.000000	3.000000	3.000000	711.000000	247.000000	15.000000	723.239251	262.045080	1.000000	2.096110
2.000000	4.000000	4.000000	643.000000	120.000000	4.000000	636.321171	127.966308	2.000000	3.424407
2.000000	5.000000	0.000000	610.000000	234.000000	14.000000	605.557001	261.108886	1.000000	4.016168
2.000000	6.000000	5.000000	610.000000	251.000000	14.000000	605.557001	261.108886	1.000000	4.375896
2.000000	7.000000	6.000000	606.000000	361.000000	24.000000	608.292269	377.005995	1.000000	4.936606
2.000000	8.000000	7.000000	590.000000	545.000000	34.000000	578.836009	536.644059	1.000000	5.536356
2.000000	9.000000	8.000000	520.000000	418.000000	23.000000	508.622296	403.375151	2.000000	6.199897
2.000000	10.000000	9.000000	448.000000	164.000000	3.000000	446.322944	175.732840	1.000000	6.952706
2.000000	11.000000	0.000000	390.000000	387.000000	22.000000	373.926640	411.978177	2.000000	7.673095
2.000000	12.000000	10.000000	384.000000	399.000000	22.000000	373.926640	411.978177	2.000000	8.009429
2.000000	13.000000	11.000000	720.000000	702.000000	45.000000	705.983030	706.588696	2.000000	9.385171
2.000000	14.000000	12.000000	468.000000	882.000000	63.000000	476.878633	879.393613	2.000000	10.233090
2.000000	15.000000	13.000000	476.000000	1008.000000	73.000000	473.501206	1003.777352	1.000000	10.913442
2.000000	16.000000	14.000000	570.000000	965.000000	64.000000	568.421727	951.770602	2.000000	11.409404
2.000000	17.000000	15.000000	602.000000	1038.000000	74.000000	612.806669	1052.578363	1.000000	11.864334
2.000000	18.000000	16.000000	230.000000	1036.000000	71.000000	211.174144	1038.868550	2.000000	12.640107
2.000000	19.000000	17.000000	996.000000	883.000000	67.000000	1002.904860	884.815730	2.000000	14.049472
2.000000	20.000000	18.000000	853.000000	1019.000000	76.000000	850.272133	1020.701206	1.000000	14.729468
2.000000	21.000000	19.000000	1160.000000	1025.000000	78.000000	1141.846016	1025.737342	2.000000	15.735909
2.000000	22.000000	20.000000	1159.000000	902.000000	68.000000	1147.816577	881.411443	2.000000	16.352485
2.000000	23.000000	21.000000	1240.000000	834.000000	59.000000	1225.831145	824.648537	1.000000	17.041368
2.000000	24.000000	0.000000	1282.000000	911.000000	69.000000	1284.460979	937.025881	1.000000	17.608367
2.000000	25.000000	22.000000	1287.000000	922.000000	69.000000	1284.460979	937.025881	1.000000	18.039447
2.000000	26.000000	23.000000	1428.000000	894.000000	70.000000	1420.651470	889.189886	2.000000	18.799819
2.000000	27.000000	24.000000	1363.000000	784.000000	60.000000	1353.335620	772.180249	2.000000	19.695776
2.000000	28.000000	25.000000	1281.000000	711.000000	49.000000	1274.930940	706.977022	1.000000	20.425665
2.000000	29.000000	26.000000	1010.000000	788.000000	57.000000	1019.213080	792.014451	1.000000	21.161126
2.000000	30.000000	27.000000	889.000000	756.000000	56.000000	899.821275	756.651629	1.000000	22.072583
2.000000	31.000000	28.000000	888.000000	712.000000	46.000000	878.686012	705.979620	1.000000	22.624410
2.000000	32.000000	29.000000	965.000000	383.000000	27.000000	972.957367	401.624301	2.000000	23.648998
2.000000	33.000000	30.000000	982.000000	498.000000	37.000000	974.729100	509.731207	2.000000	24.257534
2.000000	34.000000	31.000000	891.000000	497.000000	36.000000	893.765106	508.176891	1.000000	24.720807
2.000000	35.000000	32.000000	857.000000	427.000000	26.000000	848.838666	426.406343	1.000000	25.256601
2.000000	36.000000	33.000000	891.000000	317.000000	16.000000	898.991510	317.303399	1.000000	25.832290
2.000000	37.000000	34.000000	1113.000000	280.000000	18.000000	1109.374007	293.793225	2.000000	26.768312
2.000000	38.000000	35.000000	1150.000000	193.000000	8.000000	1149.522974	187.976152	2.000000	27.231587
2.000000	39.000000	36.000000	1231.000000	150.000000	9.000000	1234.494939	155.302861	2.000000	27.832843
2.000000	40.000000	37.000000	1360.000000	173.000000	10.000000	1365.417560	178.992759	2.000000	28.471462
2.000000	41.000000	38.000000	1401.000000	249.000000	20.000000	1398.262419	272.710352	1.000000	29.016323
2.000000	42.000000	39.000000	1380.000000	498.000000	40.000000	1386.058739	512.867304	2.000000	29.896321
2.000000	43.000000	40.000000	1273.000000	422.000000	29.000000	1258.852015	416.109956	2.000000	30.544463
3.000000	1.000000	1.000000	771.000000	464.000000	25.000000	758.665421	452.379476	1.000000	1.401548
3.000000	2.000000	2.000000	714.000000	297.000000	15.000000	729.067319	303.585924	2.000000	2.047981
3.000000	3.000000	3.000000	741.000000	143.000000	5.000000	735.308001	134.596890	1.000000	2.817441
3.000000	4.000000	4.000000	869.000000	111.000000	6.000000	872.492205	123.831669	2.000000	3.592530
3.000000	5.000000	5.000000	1003.000000	126.000000	7.000000	1003.923508	128.536372	1.000000	4.161821
3.000000	6.000000	6.000000	1087.000000	137.000000	8.000000	1088.032823	144.716506	2.000000	4.712097
3.000000	7.000000	7.000000	1156.000000	292.000000	18.000000	1160.900559	290.338158	2.000000	5.415908
3.000000	8.000000	8.000000	1130.000000	404.000000	28.000000	1114.822035	416.312442	2.000000	6.089952
3.000000	9.000000	9.000000	1249.000000	426.000000	29.000000	1241.986621	434.622236	1.000000	6.665475
3.000000	10.000000	10.000000	1423.000000	297.000000	20.000000	1413.104872	289.165343	1.000000	7.257644
3.000000	11.000000	11.000000	1252.000000	192.000000	9.000000	1257.224018	195.713112	1.000000	7.840912
3.000000	12.000000	0.000000	1372.000000	430.000000	30.000000	1377.575913	455.457581	2.000000	8.569931
3.000000	13.000000	12.000000	1387.000000	464.000000	30.000000	1377.575913	455.457581	2.000000	8.873832
3.000000	14.000000	13.000000	1408.000000	502.000000	40.000000	1409.253066	515.619527	2.000000	9.361296
3.000000	15.000000	14.000000	1351.000000	948.000000	70.000000	1356.952890	945.773536	2.000000	10.920150
3.000000	16.000000	15.000000	1225.000000	1006.000000	79.000000	1220.053639	1011.958655	2.000000	11.593581
3.000000	17.000000	16.000000	1112.000000	941.000000	68.000000	1119.405031	936.724229	2.000000	12.401159
3.000000	18.000000	17.000000	1127.000000	753.000000	58.000000	1127.611973	751.065689	2.000000	13.073972
3.000000	19.000000	18.000000	1048.000000	631.000000	47.000000	1029.916949	631.932840	2.000000	13.657991
3.000000	20.000000	19.000000	1016.000000	547.000000	37.000000	1004.304633	540.648516	1.000000	14.440492
3.000000	21.000000	20.000000	966.000000	1057.000000	77.000000	966.054950	1070.586003	1.000000	15.402016
3.000000	22.000000	21.000000	858.000000	745.000000	56.000000	852.829724	760.623290	2.000000	16.209961
3.000000	23.000000	22.000000	849.000000	718.000000	46.000000	842.504505	703.089866	1.000000	16.592815
3.000000	24.000000	23.000000	731.000000	751.000000	55.000000	718.470161	762.026024	2.000000	17.528172
3.000000	25.000000	24.000000	749.000000	921.000000	65.000000	740.653513	912.646339	1.000000	18.129071
3.000000	26.000000	25.000000	595.000000	925.000000	64.000000	588.593122	932.909629	2.000000	18.753473
3.000000	27.000000	26.000000	592.000000	672.000000	44.000000	589.352108	682.177279	2.000000	19.489230
3.000000	28.000000	27.000000	458.000000	776.000000	53.000000	454.201171	772.484948	2.000000	20.122049
3.000000	29.000000	28.000000	469.000000	651.000000	43.000000	476.494005	647.621617	1.000000	20.689686
3.000000	30.000000	0.000000	469.000000	650.000000	32.000000	371.053991	580.217587	2.000000	20.768457
3.000000	31.000000	29.000000	461.000000	993.000000	73.000000	475.055428	994.629108	1.000000	21.857694
3.000000	32.000000	30.000000	377.000000	991.000000	72.000000	363.795660	993.199295	2.000000	22.697337
3.000000	33.000000	31.000000	312.000000	903.000000	62.000000	308.430510	897.002585	1.000000	23.640071
3.000000	34.000000	32.000000	194.000000	902.000000	61.000000	185.487591	907.226875	1.000000	24.137753
3.000000	35.000000	33.000000	229.000000	834.000000	51.000000	233.945716	821.492504	1.000000	24.874047
3.000000	36.000000	34.000000	221.000000	680.000000	41.000000	225.026149	701.850342	1.000000	25.641066
3.000000	37.000000	35.000000	305.000000	627.000000	42.000000	317.649452	632.591612	1.000000	26.265102
3.000000	38.000000	36.000000	356.000000	581.000000	32.000000	371.053991	580.217587	2.000000	26.856896
3.000000	39.000000	37.000000	472.000000	257.000000	13.000000	455.818904	266.273555	1.000000	28.168404
3.000000	40.000000	38.000000	376.000000	278.000000	12.000000	364.076571	282.254790	2.000000	28.794040
3.000000	41.000000	39.000000	349.000000	398.000000	22.000000	346.048186	398.157392	1.000000	29.424019
3.000000	42.000000	40.000000	223.000000	438.000000	21.000000	211.172683	433.594711	1.000000	30.000020
4.000000	1.000000	1.000000	450.000000	521.000000	33.000000	443.384625	522.379122	2.000000	1.046553
4.000000	2.000000	2.000000	346.000000	526.000000	32.000000	340.248993	524.967362	1.000000	1.502524
4.000000	3.000000	3.000000	333.000000	433.000000	22.000000	324.963459	426.243549	1.000000	1.927474
4.000000	4.000000	4.000000	315.000000	301.000000	12.000000	312.756228	291.328223	2.000000	2.447187
4.000000	5.000000	5.000000	472.000000	283.000000	13.000000	473.113874	272.935141	2.000000	3.015336
4.000000	6.000000	6.000000	324.000000	127.000000	2.000000	321.060516	122.117989	2.000000	3.685435
4.000000	7.000000	7.000000	213.000000	552.000000	31.000000	206.610851	561.144943	2.000000	4.559353
4.000000	8.000000	8.000000	188.000000	647.000000	41.000000	187.711600	628.954230	2.000000	5.510964
4.000000	9.000000	9.000000	246.000000	953.000000	61.000000	242.298807	946.679516	1.000000	6.855652
4.000000	10.000000	10.000000	321.000000	893.000000	62.000000	334.357776	892.074752	1.000000	7.551656
4.000000	11.000000	11.000000	470.000000	792.000000	53.000000	465.878235	786.227529	1.000000	8.133870
4.000000	12.000000	12.000000	476.000000	657.000000	43.000000	472.233842	641.237706	1.000000	8.742756
4.000000	13.000000	13.000000	553.000000	911.000000	64.000000	570.565495	922.233605	2.000000	9.422858
4.000000	14.000000	14.000000	748.000000	760.000000	55.000000	759.196796	750.951239	1.000000	10.646673
4.000000	15.000000	15.000000	736.000000	1003.000000	75.000000	732.118258	1009.523739	1.000000	11.358142
4.000000	16.000000	16.000000	889.000000	1068.000000	76.000000	881.322306	1071.232795	1.000000	11.949331
4.000000	17.000000	17.000000	895.000000	925.000000	66.000000	885.212224	915.845066	2.000000	12.671399
4.000000	18.000000	18.000000	890.000000	766.000000	56.000000	889.319322	750.653491	1.000000	13.342344
4.000000	19.000000	19.000000	1028.000000	1008.000000	77.000000	1027.056653	1009.315547	2.000000	14.125862
4.000000	20.000000	20.000000	1011.000000	702.000000	47.000000	1011.190414	692.920658	2.000000	14.957502
4.000000	21.000000	21.000000	1138.000000	660.000000	48.000000	1124.424730	659.393707	1.000000	15.718647
4.000000	22.000000	22.000000	1158.000000	786.000000	58.000000	1144.237392	806.683736	2.000000	16.174569
4.000000	23.000000	23.000000	1242.000000	778.000000	59.000000	1244.063995	767.097683	2.000000	16.839103
4.000000	24.000000	24.000000	1239.000000	917.000000	69.000000	1233.570030	928.744032	2.000000	17.381330
4.000000	25.000000	25.000000	1241.000000	1055.000000	79.000000	1224.043438	1041.736057	1.000000	18.286409
4.000000	26.000000	26.000000	1390.000000	948.000000	70.000000	1394.161307	932.520518	1.000000	18.885656
4.000000	27.000000	27.000000	1369.000000	797.000000	60.000000	1363.881326	784.066814	1.000000	19.510628
4.000000	28.000000	28.000000	1371.000000	693.000000	50.000000	1373.626155	672.443185	2.000000	20.158412
4.000000	29.000000	29.000000	1384.000000	514.000000	40.000000	1381.861485	513.379587	2.000000	21.325676
4.000000	30.000000	30.000000	1239.000000	380.000000	29.000000	1243.899085	371.703597	2.000000	22.037695
4.000000	31.000000	31.000000	1286.000000	312.000000	19.000000	1286.996770	300.627839	2.000000	22.575348
4.000000	32.000000	32.000000	1382.000000	298.000000	20.000000	1394.457697	283.809747	1.000000	23.125343
4.000000	33.000000	33.000000	1410.000000	158.000000	10.000000	1411.569579	157.150237	1.000000	23.790251
4.000000	34.000000	34.000000	1126.000000	204.000000	8.000000	1105.771810	201.995415	1.000000	24.630367
4.000000	35.000000	35.000000	1101.000000	320.000000	18.000000	1098.838673	326.998972	1.000000	25.278256
4.000000	36.000000	36.000000	977.000000	130.000000	7.000000	977.904666	121.866287	1.000000	26.007487
4.000000	37.000000	37.000000	897.000000	288.000000	16.000000	886.929719	285.324681	2.000000	26.551487
4.000000	38.000000	38.000000	837.000000	374.000000	26.000000	832.447653	368.681461	1.000000	27.045504
4.000000	39.000000	39.000000	727.000000	261.000000	15.000000	724.984033	253.099750	2.000000	27.630888
4.000000	40.000000	40.000000	766.000000	224.000000	5.000000	760.790152	202.361375	2.000000	28.103283
5.000000	1.000000	1.000000	1253.000000	165.000000	9.000000	1255.259342	159.686306	1.000000	1.849985
5.000000	2.000000	2.000000	1359.000000	320.000000	20.000000	1353.819006	323.919823	1.000000	2.546879
5.000000	3.000000	3.000000	1250.000000	268.000000	19.000000	1243.984404	278.171971	1.000000	3.025175
5.000000	4.000000	4.000000	1103.000000	185.000000	8.000000	1103.754137	181.672356	1.000000	3.626644
5.000000	5.000000	5.000000	1019.000000	331.000000	17.000000	1016.502797	322.631345	1.000000	4.202324
5.000000	6.000000	6.000000	967.000000	372.000000	27.000000	964.655922	372.107538	1.000000	4.650861
5.000000	7.000000	7.000000	868.000000	377.000000	26.000000	859.702116	376.129347	2.000000	5.074808
5.000000	8.000000	8.000000	982.000000	491.000000	37.000000	979.513570	503.187333	1.000000	5.666397
5.000000	9.000000	9.000000	1093.000000	626.000000	48.000000	1095.331912	627.703263	2.000000	6.530209
5.000000	10.000000	10.000000	1277.000000	537.000000	39.000000	1279.744281	542.474109	1.000000	7.257989
5.000000	11.000000	11.000000	1369.000000	534.000000	40.000000	1374.358688	545.895669	2.000000	7.794744
5.000000	12.000000	12.000000	1384.000000	743.000000	60.000000	1388.446961	753.467494	2.000000	8.633788
5.000000	13.000000	13.000000	1389.000000	900.000000	70.000000	1390.022124	892.483189	2.000000	9.314308
5.000000	14.000000	14.000000	1263.000000	888.000000	69.000000	1273.274656	886.095716	2.000000	10.025463
5.000000	15.000000	15.000000	1106.000000	945.000000	68.000000	1101.510503	940.028686	1.000000	10.634639
5.000000	16.000000	16.000000	1127.000000	1034.000000	78.000000	1128.145630	1046.687821	2.000000	11.265498
5.000000	17.000000	17.000000	1014.000000	1040.000000	77.000000	995.909512	1052.517019	2.000000	11.802120
5.000000	18.000000	18.000000	1036.000000	895.000000	67.000000	1022.795184	889.416451	2.000000	12.504853
5.000000	19.000000	19.000000	902.000000	1022.000000	76.000000	899.359313	1016.932510	1.000000	13.185057
5.000000	20.000000	0.000000	777.000000	896.000000	65.000000	752.588476	902.200076	1.000000	13.899024
5.000000	21.000000	20.000000	767.000000	893.000000	65.000000	752.588476	902.200076	1.000000	14.362431
5.000000	22.000000	21.000000	758.000000	805.000000	55.000000	738.855747	801.177825	2.000000	15.042638
5.000000	23.000000	22.000000	765.000000	683.000000	45.000000	761.703773	685.309119	1.000000	15.561274
5.000000	24.000000	23.000000	879.000000	702.000000	46.000000	882.068363	702.630335	2.000000	16.192566
5.000000	25.000000	24.000000	695.000000	1071.000000	75.000000	702.336694	1072.286965	2.000000	17.074485
5.000000	26.000000	25.000000	578.000000	1005.000000	74.000000	575.299401	998.114445	2.000000	17.712828
5.000000	27.000000	26.000000	576.000000	929.000000	64.000000	567.518271	941.439131	2.000000	18.217609
5.000000	28.000000	27.000000	494.000000	903.000000	63.000000	490.689748	899.747282	1.000000	18.778258
5.000000	29.000000	28.000000	612.000000	761.000000	54.000000	610.549470	750.681332	1.000000	19.378985
5.000000	30.000000	29.000000	514.000000	548.000000	33.000000	498.881546	551.026724	1.000000	20.570695
5.000000	31.000000	0.000000	504.000000	608.000000	43.000000	496.609850	632.958345	1.000000	21.106889
5.000000	32.000000	30.000000	503.000000	613.000000	43.000000	496.609850	632.958345	1.000000	21.386628
5.000000	33.000000	31.000000	360.000000	626.000000	42.000000	347.444582	623.470787	2.000000	22.202414
5.000000	34.000000	32.000000	348.000000	767.000000	52.000000	347.507656	751.420145	2.000000	23.121957
5.000000	35.000000	33.000000	315.000000	876.000000	62.000000	326.667983	876.450248	1.000000	23.786506
5.000000	36.000000	34.000000	212.000000	959.000000	61.000000	213.695676	952.799586	1.000000	24.424876
5.000000	37.000000	35.000000	377.000000	320.000000	12.000000	369.243334	317.671117	2.000000	25.553295
5.000000	38.000000	36.000000	349.000000	195.000000	2.000000	346.066805	196.029476	2.000000	26.122689
5.000000	39.000000	37.000000	497.000000	120.000000	3.000000	494.022776	131.106537	1.000000	26.866599
5.000000	40.000000	38.000000	604.000000	195.000000	4.000000	598.487918	201.999488	2.000000	27.401587
5.000000	41.000000	39.000000	584.000000	289.000000	14.000000	587.997903	285.313874	2.000000	28.065123
5.000000	42.000000	40.000000	771.000000	120.000000	5.000000	754.105644	131.134293	1.000000	28.729700
6.000000	1.000000	1.000000	1413.000000	234.000000	20.000000	1406.655488	245.215320	2.000000	1.294924
6.000000	2.000000	2.000000	1284.000000	159.000000	9.000000	1285.588931	157.324922	1.000000	1.918119
6.000000	3.000000	3.000000	1140.000000	193.000000	8.000000	1141.420223	198.602324	1.000000	2.422840
6.000000	4.000000	4.000000	1028.000000	132.000000	7.000000	1022.648540	119.837190	2.000000	2.974488
6.000000	5.000000	5.000000	987.000000	243.000000	17.000000	976.508600	250.086737	2.000000	3.430864
6.000000	6.000000	6.000000	961.000000	413.000000	27.000000	962.317983	426.931832	2.000000	4.030348
6.000000	7.000000	7.000000	1260.000000	418.000000	29.000000	1254.411862	406.669613	1.000000	4.862880
6.000000	8.000000	8.000000	1357.000000	429.000000	30.000000	1357.833686	434.564726	2.000000	5.405160
6.000000	9.000000	9.000000	1306.000000	673.000000	49.000000	1285.130977	665.972959	2.000000	6.333421
6.000000	10.000000	10.000000	1174.000000	673.000000	48.000000	1151.763556	662.756840	2.000000	7.004701
6.000000	11.000000	11.000000	1345.000000	923.000000	70.000000	1350.420570	922.243648	1.000000	8.022335
6.000000	12.000000	12.000000	1412.000000	1069.000000	80.000000	1406.919566	1074.730945	2.000000	9.358020
6.000000	13.000000	13.000000	1171.000000	945.000000	68.000000	1160.242363	935.995367	2.000000	10.062870
6.000000	14.000000	14.000000	1013.000000	1009.000000	77.000000	1017.485928	1006.195067	2.000000	10.582523
6.000000	15.000000	0.000000	921.000000	1010.000000	76.000000	898.433248	1022.485749	2.000000	10.997488
6.000000	16.000000	15.000000	918.000000	1017.000000	76.000000	898.433248	1022.485749	2.000000	11.324846
6.000000	17.000000	16.000000	777.000000	1072.000000	75.000000	760.996591	1064.757482	2.000000	12.421791
6.000000	18.000000	17.000000	595.000000	1061.000000	74.000000	587.721800	1047.193922	1.000000	13.022274
6.000000	19.000000	18.000000	717.000000	909.000000	65.000000	707.481146	897.298626	1.000000	13.646800
6.000000	20.000000	19.000000	604.000000	779.000000	54.000000	611.081546	780.075624	1.000000	14.142201
6.000000	21.000000	20.000000	895.000000	914.000000	66.000000	891.869678	908.923743	1.000000	14.854647
6.000000	22.000000	21.000000	1001.000000	721.000000	47.000000	1008.467287	697.197297	1.000000	15.621562
6.000000	23.000000	22.000000	885.000000	642.000000	46.000000	878.056549	619.041984	2.000000	16.469109
6.000000	24.000000	23.000000	747.000000	632.000000	45.000000	747.735976	638.424309	1.000000	17.021637
6.000000	25.000000	24.000000	832.000000	545.000000	36.000000	835.475428	546.866737	1.000000	17.517992
6.000000	26.000000	25.000000	834.000000	446.000000	26.000000	834.160106	438.856248	1.000000	18.109605
6.000000	27.000000	26.000000	766.000000	426.000000	25.000000	762.177291	420.305307	1.000000	18.565681
6.000000	28.000000	27.000000	775.000000	303.000000	15.000000	767.647137	290.468631	1.000000	19.189668
6.000000	29.000000	28.000000	712.000000	169.000000	5.000000	709.086045	158.791511	2.000000	21.237563
6.000000	30.000000	0.000000	675.000000	260.000000	14.000000	636.024113	289.307689	2.000000	21.685076
6.000000	31.000000	29.000000	638.000000	280.000000	14.000000	636.024113	289.307689	2.000000	22.285851
6.000000	32.000000	30.000000	462.000000	392.000000	23.000000	446.102631	397.043671	1.000000	23.229681
6.000000	33.000000	31.000000	365.000000	181.000000	2.000000	363.886293	173.169690	1.000000	24.101313
6.000000	34.000000	32.000000	261.000000	162.000000	1.000000	249.137736	164.115924	2.000000	24.620907
6.000000	35.000000	33.000000	333.000000	562.000000	32.000000	336.206180	551.044180	2.000000	25.550069
6.000000	36.000000	34.000000	376.000000	647.000000	42.000000	364.636285	639.296100	1.000000	25.974756
6.000000	37.000000	35.000000	198.000000	635.000000	41.000000	218.801762	624.768080	2.000000	26.749710
6.000000	38.000000	36.000000	241.000000	832.000000	51.000000	229.058754	831.596682	2.000000	27.501319
6.000000	39.000000	37.000000	216.000000	976.000000	71.000000	207.484974	993.548989	2.000000	28.478288
6.000000	40.000000	38.000000	228.000000	956.000000	61.000000	238.869882	940.998567	1.000000	28.996770
6.000000	41.000000	39.000000	345.000000	879.000000	62.000000	340.735070	875.548965	1.000000	29.502751
6.000000	42.000000	40.000000	448.000000	906.000000	63.000000	450.866351	903.870715	1.000000	30.046701
7.000000	1.000000	1.000000	725.000000	276.000000	15.000000	723.143290	285.035968	2.000000	0.900188
7.000000	2.000000	2.000000	772.000000	414.000000	25.000000	771.215689	430.881845	2.000000	1.476753
7.000000	3.000000	3.000000	762.000000	569.000000	35.000000	753.294868	568.061054	1.000000	2.045094
7.000000	4.000000	4.000000	762.000000	623.000000	45.000000	758.025357	626.003029	2.000000	2.410948
7.000000	5.000000	5.000000	650.000000	433.000000	24.000000	635.787234	440.132663	2.000000	3.155214
7.000000	6.000000	6.000000	612.000000	518.000000	34.000000	604.386225	511.559323	1.000000	3.603900
7.000000	7.000000	7.000000	456.000000	283.000000	13.000000	456.332103	293.091527	1.000000	4.347898
7.000000	8.000000	8.000000	371.000000	401.000000	22.000000	370.010433	389.956658	2.000000	4.907283
7.000000	9.000000	9.000000	329.000000	317.000000	12.000000	311.003409	309.371567	2.000000	5.381110
7.000000	10.000000	10.000000	196.000000	206.000000	1.000000	189.856403	199.531769	2.000000	6.260151
7.000000	11.000000	11.000000	362.000000	505.000000	32.000000	349.893960	506.609026	1.000000	7.268262
7.000000	12.000000	12.000000	199.000000	634.000000	41.000000	196.086301	632.835529	2.000000	8.155668
7.000000	13.000000	13.000000	199.000000	800.000000	51.000000	191.493777	794.832396	2.000000	8.723542
7.000000	14.000000	14.000000	207.000000	935.000000	61.000000	196.875631	942.768493	1.000000	9.827552
7.000000	15.000000	15.000000	508.000000	1012.000000	73.000000	487.396717	1018.207800	2.000000	10.595017
7.000000	16.000000	16.000000	556.000000	1016.000000	74.000000	575.081324	1022.530691	1.000000	11.068340
7.000000	17.000000	17.000000	763.000000	900.000000	65.000000	744.729568	906.366405	2.000000	11.877216
7.000000	18.000000	18.000000	697.000000	796.000000	55.000000	702.393375	811.540359	1.000000	12.355046
7.000000	19.000000	19.000000	594.000000	765.000000	54.000000	608.151308	756.457902	1.000000	12.915289
7.000000	20.000000	20.000000	649.000000	683.000000	44.000000	638.460180	696.465929	1.000000	13.371396
7.000000	21.000000	21.000000	899.000000	741.000000	56.000000	895.513802	745.278011	2.000000	14.125027
7.000000	22.000000	22.000000	896.000000	943.000000	66.000000	895.325943	950.007530	2.000000	14.757298
7.000000	23.000000	23.000000	990.000000	926.000000	67.000000	991.812100	934.476832	1.000000	15.203166
7.000000	24.000000	24.000000	1032.000000	775.000000	57.000000	1030.756223	779.412495	1.000000	15.748819
7.000000	25.000000	25.000000	1139.000000	654.000000	48.000000	1144.346035	650.439393	1.000000	16.844682
7.000000	26.000000	26.000000	1247.000000	673.000000	49.000000	1236.142681	691.099045	2.000000	17.403632
7.000000	27.000000	27.000000	1354.000000	685.000000	50.000000	1357.042026	689.510995	2.000000	17.877244
7.000000	28.000000	0.000000	1251.000000	759.000000	59.000000	1268.883613	779.648580	1.000000	18.451899
7.000000	29.000000	28.000000	1263.000000	764.000000	59.000000	1268.883613	779.648580	1.000000	18.764774
7.000000	30.000000	29.000000	1370.000000	859.000000	70.000000	1373.036571	867.576197	2.000000	19.460223
7.000000	31.000000	30.000000	1155.000000	916.000000	68.000000	1145.444121	919.450692	1.000000	20.364360
7.000000	32.000000	31.000000	1303.000000	1044.000000	79.000000	1286.840699	1052.878701	2.000000	21.189153
7.000000	33.000000	32.000000	1285.000000	553.000000	39.000000	1269.741554	540.897803	1.000000	22.077298
7.000000	34.000000	33.000000	1351.000000	418.000000	30.000000	1351.858210	436.182906	2.000000	22.709292
7.000000	35.000000	34.000000	1216.000000	397.000000	29.000000	1222.441584	393.140164	1.000000	23.325208
7.000000	36.000000	35.000000	1103.000000	519.000000	38.000000	1099.162894	523.890342	2.000000	23.949188
7.000000	37.000000	36.000000	1125.000000	313.000000	18.000000	1121.271717	309.486987	1.000000	24.773246
7.000000	38.000000	37.000000	1264.000000	157.000000	9.000000	1251.862766	170.980194	2.000000	25.677210
7.000000	39.000000	38.000000	1357.000000	162.000000	10.000000	1363.377007	177.627858	1.000000	26.195423
7.000000	40.000000	39.000000	1289.000000	304.000000	19.000000	1292.408362	310.101977	1.000000	26.893014
7.000000	41.000000	40.000000	983.000000	204.000000	7.000000	970.350003	206.661206	1.000000	27.539434
8.000000	1.000000	1.000000	884.000000	245.000000	16.000000	883.626761	244.711566	2.000000	0.739462
8.000000	2.000000	2.000000	974.000000	191.000000	7.000000	983.602502	186.801593	2.000000	1.299508
8.000000	3.000000	3.000000	1272.000000	120.000000	9.000000	1275.126240	136.276994	1.000000	2.012222
8.000000	4.000000	4.000000	1358.000000	125.000000	10.000000	1353.407765	136.869917	1.000000	2.419752
8.000000	5.000000	5.000000	1225.000000	308.000000	19.000000	1227.512831	314.899714	1.000000	3.043842
8.000000	6.000000	6.000000	1237.000000	377.000000	29.000000	1231.509446	377.045972	2.000000	3.444166
8.000000	7.000000	7.000000	1366.000000	392.000000	30.000000	1356.280413	401.995616	1.000000	3.925484
8.000000	8.000000	8.000000	1396.000000	339.000000	20.000000	1393.944480	323.239015	2.000000	4.461377
8.000000	9.000000	9.000000	1267.000000	523.000000	39.000000	1269.502593	521.326615	1.000000	5.148113
8.000000	10.000000	10.000000	1128.000000	287.000000	18.000000	1120.292891	288.282231	2.000000	5.867563
8.000000	11.000000	11.000000	1002.000000	394.000000	27.000000	989.753702	400.502933	2.000000	6.461416
8.000000	12.000000	0.000000	1225.000000	661.000000	49.000000	1248.999849	683.416395	1.000000	7.341422
8.000000	13.000000	12.000000	1246.000000	679.000000	49.000000	1248.999849	683.416395	1.000000	8.236662
8.000000	14.000000	13.000000	1290.000000	797.000000	59.000000	1276.413573	796.490502	1.000000	8.971924
8.000000	15.000000	14.000000	1114.000000	702.000000	48.000000	1102.511290	701.345956	1.000000	9.869098
8.000000	16.000000	15.000000	992.000000	789.000000	57.000000	978.180218	809.156411	2.000000	10.620553
8.000000	17.000000	16.000000	1364.000000	1029.000000	80.000000	1368.299394	1031.656571	2.000000	11.811668
8.000000	18.000000	17.000000	1283.000000	1042.000000	79.000000	1274.916180	1049.960392	1.000000	12.275841
8.000000	19.000000	18.000000	1152.000000	1019.000000	78.000000	1154.439152	1012.329902	1.000000	12.749248
8.000000	20.000000	19.000000	1107.000000	952.000000	68.000000	1096.312430	949.802944	1.000000	13.429581
8.000000	21.000000	20.000000	1005.000000	1015.000000	77.000000	997.124215	1019.240399	1.000000	14.140395
8.000000	22.000000	21.000000	621.000000	1061.000000	74.000000	617.081761	1059.879030	2.000000	15.204714
8.000000	23.000000	22.000000	690.000000	661.000000	45.000000	700.384422	665.302591	2.000000	16.149413
8.000000	24.000000	23.000000	639.000000	632.000000	44.000000	626.939379	627.620943	2.000000	16.604372
8.000000	25.000000	24.000000	591.000000	569.000000	34.000000	600.943016	565.850163	1.000000	17.059948
8.000000	26.000000	25.000000	720.000000	432.000000	25.000000	715.555049	442.446509	1.000000	18.005185
8.000000	27.000000	26.000000	742.000000	546.000000	35.000000	736.811359	552.700324	2.000000	18.517066
8.000000	28.000000	27.000000	838.000000	448.000000	26.000000	843.998279	446.736258	2.000000	18.963411
8.000000	29.000000	28.000000	376.000000	650.000000	42.000000	362.955147	656.302811	1.000000	19.861362
8.000000	30.000000	29.000000	234.000000	994.000000	71.000000	222.799814	1011.347339	1.000000	20.731935
8.000000	31.000000	30.000000	174.000000	926.000000	61.000000	192.279483	918.806786	2.000000	21.244535
8.000000	32.000000	31.000000	200.000000	530.000000	31.000000	192.136677	549.623129	2.000000	22.516747
8.000000	33.000000	32.000000	240.000000	435.000000	21.000000	239.076626	433.802897	1.000000	22.988126
8.000000	34.000000	33.000000	363.000000	525.000000	32.000000	374.660485	531.126069	2.000000	23.516405
8.000000	35.000000	34.000000	341.000000	399.000000	22.000000	326.673137	393.254285	2.000000	24.131479
8.000000	36.000000	35.000000	328.000000	342.000000	12.000000	321.257756	328.745857	2.000000	24.637235
8.000000	37.000000	36.000000	174.000000	262.000000	11.000000	183.109199	246.951384	2.000000	25.516921
8.000000	38.000000	37.000000	357.000000	151.000000	2.000000	357.657216	153.756731	1.000000	26.307143
8.000000	39.000000	38.000000	462.000000	122.000000	3.000000	454.303950	126.034852	2.000000	26.820128
8.000000	40.000000	39.000000	573.000000	154.000000	4.000000	567.625601	162.875148	1.000000	27.396714
8.000000	41.000000	40.000000	590.000000	251.000000	14.000000	585.845532	255.386016	1.000000	27.917264
9.000000	1.000000	1.000000	1382.000000	121.000000	10.000000	1381.859055	121.159844	2.000000	1.172314
9.000000	2.000000	2.000000	1158.000000	128.000000	8.000000	1147.746593	130.292664	1.000000	1.708396
9.000000	3.000000	3.000000	1032.000000	132.000000	7.000000	1020.778126	144.073569	1.000000	2.133296
9.000000	4.000000	4.000000	1122.000000	272.000000	18.000000	1145.278363	274.520330	2.000000	2.620326
9.000000	5.000000	5.000000	1272.000000	420.000000	29.000000	1269.298409	406.143222	1.000000	3.260574
9.000000	6.000000	6.000000	1380.000000	407.000000	30.000000	1368.092390	406.255357	2.000000	3.749137
9.000000	7.000000	7.000000	1023.000000	410.000000	27.000000	1003.131223	400.809545	1.000000	4.411713
9.000000	8.000000	8.000000	1001.000000	528.000000	37.000000	1002.276327	530.585126	2.000000	4.917106
9.000000	9.000000	9.000000	1399.000000	868.000000	70.000000	1397.228629	872.125352	2.000000	5.860734
9.000000	10.000000	10.000000	1397.000000	1056.000000	80.000000	1400.537075	1054.129616	2.000000	6.355536
9.000000	11.000000	11.000000	1214.000000	1039.000000	79.000000	1222.248660	1057.420604	1.000000	6.844184
9.000000	12.000000	12.000000	967.000000	799.000000	57.000000	980.301037	808.138398	1.000000	7.859171
9.000000	13.000000	0.000000	977.000000	991.000000	77.000000	982.877243	1022.863654	2.000000	8.515623
9.000000	14.000000	13.000000	983.000000	1028.000000	77.000000	982.877243	1022.863654	2.000000	9.243634
9.000000	15.000000	14.000000	855.000000	1057.000000	76.000000	837.366931	1063.427778	2.000000	9.756317
9.000000	16.000000	0.000000	686.000000	1025.000000	75.000000	712.436868	1023.539701	2.000000	10.331486
9.000000	17.000000	15.000000	708.000000	1023.000000	75.000000	712.436868	1023.539701	2.000000	10.692077
9.000000	18.000000	16.000000	452.000000	1076.000000	73.000000	437.805284	1077.376655	1.000000	11.428291
9.000000	19.000000	17.000000	459.000000	947.000000	63.000000	468.562796	931.907089	2.000000	12.139174
9.000000	20.000000	18.000000	222.000000	1026.000000	71.000000	208.634451	1024.135279	1.000000	12.907958
9.000000	21.000000	19.000000	204.000000	926.000000	61.000000	200.552320	926.087989	1.000000	13.364457
9.000000	22.000000	20.000000	207.000000	744.000000	51.000000	192.782194	745.816431	1.000000	13.988738
9.000000	23.000000	21.000000	219.000000	643.000000	41.000000	225.259064	627.067247	2.000000	14.867801
9.000000	24.000000	22.000000	253.000000	541.000000	31.000000	236.955145	558.960578	1.000000	15.260656
9.000000	25.000000	23.000000	327.000000	560.000000	32.000000	336.560562	561.335905	1.000000	15.715240
9.000000	26.000000	24.000000	338.000000	701.000000	42.000000	344.798410	681.890306	1.000000	16.139764
9.000000	27.000000	25.000000	349.000000	757.000000	52.000000	357.622502	762.517793	1.000000	16.525275
9.000000	28.000000	0.000000	474.000000	631.000000	43.000000	474.377256	663.280391	1.000000	17.028402
9.000000	29.000000	26.000000	476.000000	645.000000	43.000000	474.377256	663.280391	1.000000	17.307205
9.000000	30.000000	27.000000	511.000000	578.000000	33.000000	506.231372	575.001944	1.000000	17.748120
9.000000	31.000000	28.000000	624.000000	621.000000	44.000000	637.925447	626.221141	2.000000	18.212601
9.000000	32.000000	29.000000	737.000000	714.000000	45.000000	725.699918	701.588324	2.000000	18.643188
9.000000	33.000000	30.000000	639.000000	765.000000	54.000000	633.849212	760.965940	2.000000	19.139402
9.000000	34.000000	31.000000	744.000000	814.000000	55.000000	747.219752	815.353010	1.000000	19.659227
9.000000	35.000000	32.000000	874.000000	661.000000	46.000000	854.280143	669.645732	2.000000	20.228781
9.000000	36.000000	33.000000	677.000000	538.000000	35.000000	698.728604	546.750264	1.000000	20.877176
9.000000	37.000000	34.000000	752.000000	294.000000	15.000000	751.428768	284.606197	1.000000	21.779497
9.000000	38.000000	35.000000	741.000000	172.000000	5.000000	741.921682	168.509853	2.000000	22.268064
9.000000	39.000000	36.000000	488.000000	173.000000	3.000000	479.179626	173.283798	2.000000	22.884361
9.000000	40.000000	37.000000	465.000000	296.000000	13.000000	454.128417	300.299267	1.000000	23.317067
9.000000	41.000000	38.000000	333.000000	245.000000	12.000000	326.999042	246.368638	2.000000	23.828711
9.000000	42.000000	39.000000	339.000000	415.000000	22.000000	357.247949	430.476507	2.000000	24.307827
9.000000	43.000000	40.000000	480.000000	383.000000	23.000000	459.086874	388.424368	2.000000	24.748893
10.000000	1.000000	1.000000	754.000000	155.000000	5.000000	747.760876	160.357376	1.000000	1.072230
10.000000	2.000000	2.000000	658.000000	172.000000	4.000000	636.756544	172.606989	1.000000	1.424073
10.000000	3.000000	3.000000	766.000000	251.000000	15.000000	752.826983	271.506918	2.000000	1.807294
10.000000	4.000000	4.000000	910.000000	261.000000	16.000000	889.907776	256.139955	1.000000	2.216546
10.000000	5.000000	5.000000	900.000000	392.000000	26.000000	881.142335	378.700287	1.000000	2.608716
10.000000	6.000000	6.000000	1015.000000	389.000000	27.000000	1031.674206	375.773244	1.000000	3.001214
10.000000	7.000000	0.000000	1182.000000	392.000000	28.000000	1145.047394	392.348020	2.000000	3.351836
10.000000	8.000000	7.000000	1286.000000	363.000000	29.000000	1287.478416	373.767415	2.000000	4.009186
10.000000	9.000000	8.000000	1273.000000	321.000000	19.000000	1265.555188	310.251331	2.000000	4.376265
10.000000	10.000000	0.000000	1130.000000	413.000000	28.000000	1145.047394	392.348020	2.000000	4.801108
10.000000	11.000000	9.000000	1147.000000	388.000000	28.000000	1145.047394	392.348020	2.000000	5.071942
10.000000	12.000000	10.000000	1285.000000	484.000000	39.000000	1290.173646	496.116630	2.000000	5.544890
10.000000	13.000000	11.000000	1423.000000	544.000000	40.000000	1414.281518	541.094914	2.000000	5.984328
10.000000	14.000000	12.000000	1366.000000	273.000000	20.000000	1363.505422	249.513452	1.000000	6.656484
10.000000	15.000000	13.000000	1380.000000	138.000000	10.000000	1371.117621	133.745846	1.000000	7.105323
10.000000	16.000000	14.000000	1408.000000	686.000000	50.000000	1415.139054	683.395084	1.000000	8.017008
10.000000	17.000000	15.000000	1412.000000	876.000000	70.000000	1412.877735	873.258397	2.000000	8.721152
10.000000	18.000000	16.000000	1280.000000	751.000000	59.000000	1291.895743	758.659396	2.000000	9.423148
10.000000	19.000000	17.000000	1165.000000	780.000000	58.000000	1160.522832	785.184162	2.000000	10.000501
10.000000	20.000000	18.000000	1098.000000	643.000000	48.000000	1099.925131	627.213725	1.000000	10.655227
10.000000	21.000000	19.000000	1277.000000	1033.000000	79.000000	1268.361688	1042.880067	1.000000	11.537046
10.000000	22.000000	20.000000	1124.000000	1026.000000	78.000000	1123.311523	1038.997081	1.000000	12.072736
10.000000	23.000000	21.000000	975.000000	965.000000	67.000000	977.108641	954.715777	2.000000	12.825235
10.000000	24.000000	22.000000	868.000000	945.000000	66.000000	858.183255	952.427113	1.000000	13.503634
10.000000	25.000000	23.000000	781.000000	938.000000	65.000000	768.076079	937.746842	1.000000	14.033096
10.000000	26.000000	24.000000	826.000000	845.000000	56.000000	831.917125	823.084376	1.000000	14.761335
10.000000	27.000000	25.000000	759.000000	654.000000	45.000000	747.750656	665.817768	1.000000	15.736555
10.000000	28.000000	26.000000	767.000000	556.000000	35.000000	758.433412	547.733204	1.000000	16.153280
10.000000	29.000000	27.000000	954.000000	557.000000	37.000000	964.142365	558.485656	2.000000	16.752209
10.000000	30.000000	28.000000	994.000000	653.000000	47.000000	992.140945	639.920806	1.000000	17.088149
10.000000	31.000000	29.000000	717.000000	788.000000	55.000000	701.947470	793.293020	2.000000	17.801404
10.000000	32.000000	30.000000	612.000000	717.000000	44.000000	603.327810	701.878625	2.000000	18.247597
10.000000	33.000000	0.000000	532.000000	655.000000	43.000000	508.852345	634.833202	2.000000	18.887709
10.000000	34.000000	31.000000	519.000000	649.000000	43.000000	508.852345	634.833202	2.000000	19.375855
10.000000	35.000000	32.000000	455.000000	778.000000	53.000000	457.909110	766.921016	1.000000	20.008425
10.000000	36.000000	33.000000	590.000000	968.000000	64.000000	595.194156	954.795046	1.000000	20.648802
10.000000	37.000000	0.000000	636.000000	1104.000000	74.000000	629.592776	1077.842031	2.000000	21.393053
10.000000	38.000000	34.000000	641.000000	1065.000000	74.000000	629.592776	1077.842031	2.000000	22.000479
10.000000	39.000000	35.000000	304.000000	1029.000000	72.000000	309.559989	1035.511438	2.000000	22.840704
10.000000	40.000000	36.000000	261.000000	903.000000	61.000000	247.128667	899.926437	2.000000	23.512006
10.000000	41.000000	37.000000	328.000000	583.000000	32.000000	321.914545	570.887935	2.000000	24.593518
10.000000	42.000000	38.000000	217.000000	559.000000	31.000000	220.511154	576.831372	2.000000	25.215788
10.000000	43.000000	39.000000	495.000000	265.000000	13.000000	494.546224	275.119503	2.000000	26.296408
10.000000	44.000000	0.000000	463.000000	418.000000	23.000000	450.852788	444.409906	1.000000	26.840460
10.000000	45.000000	40.000000	462.000000	425.000000	23.000000	450.852788	444.409906	1.000000	27.072572
11.000000	1.000000	1.000000	845.000000	315.000000	16.000000	828.064880	315.035396	2.000000	0.967564
11.000000	2.000000	2.000000	744.000000	121.000000	5.000000	725.612823	132.032260	2.000000	1.670780
11.000000	3.000000	3.000000	650.000000	295.000000	14.000000	639.157082	299.421694	2.000000	2.222317
11.000000	4.000000	4.000000	640.000000	156.000000	4.000000	624.843107	168.391371	1.000000	2.614727
11.000000	5.000000	5.000000	534.000000	147.000000	3.000000	510.400619	151.592619	2.000000	3.023967
11.000000	6.000000	0.000000	391.000000	147.000000	2.000000	353.935448	148.187171	1.000000	3.439121
11.000000	7.000000	6.000000	364.000000	150.000000	2.000000	353.935448	148.187171	1.000000	3.734801
11.000000	8.000000	0.000000	338.000000	251.000000	12.000000	320.637461	274.833140	2.000000	4.287188
11.000000	9.000000	7.000000	330.000000	279.000000	12.000000	320.637461	274.833140	2.000000	4.782787
11.000000	10.000000	8.000000	367.000000	451.000000	22.000000	359.913241	456.635127	2.000000	5.359170
11.000000	11.000000	9.000000	346.000000	565.000000	32.000000	346.864212	575.021887	2.000000	6.007764
11.000000	12.000000	10.000000	472.000000	511.000000	33.000000	468.151619	513.479554	1.000000	6.503189
11.000000	13.000000	11.000000	502.000000	429.000000	23.000000	498.495185	447.758867	2.000000	6.846828
11.000000	14.000000	0.000000	599.000000	427.000000	24.000000	639.328811	433.179410	1.000000	7.238179
11.000000	15.000000	12.000000	645.000000	427.000000	24.000000	639.328811	433.179410	1.000000	7.455104
11.000000	16.000000	13.000000	740.000000	442.000000	25.000000	740.540745	447.137884	1.000000	7.838094
11.000000	17.000000	14.000000	707.000000	547.000000	35.000000	704.900420	539.691520	1.000000	8.279021
11.000000	18.000000	15.000000	827.000000	576.000000	36.000000	829.436253	572.898125	2.000000	8.727250
11.000000	19.000000	16.000000	871.000000	707.000000	46.000000	874.961810	698.517761	2.000000	9.262781
11.000000	20.000000	0.000000	683.000000	696.000000	45.000000	699.215403	675.040025	1.000000	9.678532
11.000000	21.000000	17.000000	692.000000	686.000000	45.000000	699.215403	675.040025	1.000000	10.031505
11.000000	22.000000	18.000000	635.000000	681.000000	44.000000	621.798796	665.658470	2.000000	10.496350
11.000000	23.000000	19.000000	605.000000	777.000000	54.000000	598.245342	753.134680	2.000000	11.398898
11.000000	24.000000	20.000000	334.000000	761.000000	52.000000	318.533825	768.615131	1.000000	12.094775
11.000000	25.000000	21.000000	345.000000	929.000000	62.000000	355.610504	949.205652	1.000000	12.719942
11.000000	26.000000	22.000000	253.000000	1017.000000	71.000000	240.770637	1037.859591	2.000000	13.278270
11.000000	27.000000	23.000000	478.000000	1062.000000	73.000000	469.539370	1062.005340	1.000000	13.919659
11.000000	28.000000	24.000000	510.000000	910.000000	63.000000	505.778967	910.632074	1.000000	14.480026
11.000000	29.000000	25.000000	689.000000	818.000000	55.000000	698.430192	817.497409	2.000000	15.047020
11.000000	30.000000	26.000000	725.000000	1018.000000	75.000000	726.193941	1014.703360	2.000000	15.614372
11.000000	31.000000	27.000000	758.000000	930.000000	65.000000	751.544622	943.501801	1.000000	15.974756
11.000000	32.000000	28.000000	843.000000	868.000000	66.000000	864.069303	872.305064	1.000000	16.422893
11.000000	33.000000	29.000000	887.000000	813.000000	56.000000	889.436476	811.122744	1.000000	16.855890
11.000000	34.000000	30.000000	973.000000	811.000000	57.000000	963.925262	826.263045	2.000000	17.294299
11.000000	35.000000	31.000000	1125.000000	1080.000000	78.000000	1123.665901	1070.662462	1.000000	18.182395
11.000000	36.000000	32.000000	1117.000000	929.000000	68.000000	1116.660481	924.785396	1.000000	18.566381
11.000000	37.000000	33.000000	1117.000000	746.000000	58.000000	1101.277592	765.115183	1.000000	19.144311
11.000000	38.000000	34.000000	1122.000000	606.000000	48.000000	1109.915732	618.460840	1.000000	19.831023
11.000000	39.000000	0.000000	1259.000000	511.000000	39.000000	1240.390231	531.131398	2.000000	20.408308
11.000000	40.000000	35.000000	1244.000000	515.000000	39.000000	1240.390231	531.131398	2.000000	20.904314
11.000000	41.000000	36.000000	1288.000000	437.000000	29.000000	1276.354829	443.900941	2.000000	21.287258
11.000000	42.000000	37.000000	1378.000000	565.000000	40.000000	1383.247535	572.100682	1.000000	21.902813
11.000000	43.000000	38.000000	1148.000000	412.000000	28.000000	1154.490703	407.677583	2.000000	22.694818
11.000000	44.000000	39.000000	1346.000000	307.000000	20.000000	1349.219187	312.224991	2.000000	23.710279
11.000000	45.000000	40.000000	1228.000000	190.000000	9.000000	1222.556662	180.133347	1.000000	24.358517
12.000000	1.000000	1.000000	1126.000000	144.000000	8.000000	1111.638462	141.823155	1.000000	0.775480
12.000000	2.000000	2.000000	995.000000	200.000000	7.000000	973.150689	205.532922	1.000000	1.240634
12.000000	3.000000	3.000000	974.000000	302.000000	17.000000	977.920436	315.037819	2.000000	1.727558
12.000000	4.000000	4.000000	969.000000	373.000000	27.000000	961.995487	376.057313	2.000000	2.080726
12.000000	5.000000	5.000000	845.000000	336.000000	16.000000	830.784818	322.989690	1.000000	2.495565
12.000000	6.000000	6.000000	632.000000	157.000000	4.000000	607.743303	157.259080	1.000000	3.087830
12.000000	7.000000	7.000000	455.000000	150.000000	3.000000	463.763205	144.345873	2.000000	3.543409
12.000000	8.000000	8.000000	355.000000	198.000000	2.000000	338.895057	199.475375	1.000000	4.008649
12.000000	9.000000	0.000000	268.000000	411.000000	21.000000	239.117878	416.060909	2.000000	4.679085
12.000000	10.000000	9.000000	244.000000	424.000000	21.000000	239.117878	416.060909	2.000000	5.399854
12.000000	11.000000	10.000000	328.000000	537.000000	32.000000	322.440624	537.909825	2.000000	5.872204
12.000000	12.000000	11.000000	452.000000	463.000000	23.000000	454.805040	456.328815	2.000000	6.359639
12.000000	13.000000	12.000000	249.000000	689.000000	41.000000	238.738019	695.944106	1.000000	7.248656
12.000000	14.000000	13.000000	318.000000	615.000000	42.000000	317.516170	621.280710	1.000000	7.680636
12.000000	15.000000	14.000000	456.000000	523.000000	33.000000	440.269795	513.929050	1.000000	8.168171
12.000000	16.000000	15.000000	442.000000	772.000000	53.000000	441.814316	773.710151	1.000000	8.960594
12.000000	17.000000	16.000000	233.000000	1003.000000	71.000000	233.863748	992.699558	1.000000	9.809062
12.000000	18.000000	17.000000	598.000000	1064.000000	74.000000	583.997705	1065.207160	1.000000	10.880159
12.000000	19.000000	18.000000	640.000000	970.000000	64.000000	639.633769	946.122330	1.000000	11.239066
12.000000	20.000000	19.000000	732.000000	1090.000000	75.000000	708.602247	1082.249806	1.000000	11.688297
12.000000	21.000000	20.000000	899.000000	1039.000000	76.000000	882.743310	1037.041830	2.000000	12.359521
12.000000	22.000000	21.000000	877.000000	893.000000	66.000000	856.511674	882.297792	2.000000	12.806824
12.000000	23.000000	22.000000	743.000000	750.000000	55.000000	731.459039	760.469668	2.000000	13.374578
12.000000	24.000000	23.000000	759.000000	656.000000	45.000000	748.436137	641.393611	2.000000	13.840820
12.000000	25.000000	24.000000	745.000000	535.000000	35.000000	740.167242	533.128553	1.000000	14.311009
12.000000	26.000000	25.000000	609.000000	528.000000	34.000000	612.575091	518.517266	2.000000	14.800741
12.000000	27.000000	26.000000	771.000000	449.000000	25.000000	750.972465	447.313010	2.000000	15.224517
12.000000	28.000000	0.000000	813.000000	517.000000	36.000000	835.237162	531.306618	2.000000	15.600411
12.000000	29.000000	27.000000	827.000000	538.000000	36.000000	835.237162	531.306618	2.000000	15.879653
12.000000	30.000000	28.000000	852.000000	654.000000	46.000000	857.585653	643.486746	2.000000	16.319004
12.000000	31.000000	29.000000	999.000000	652.000000	47.000000	991.473845	659.992092	1.000000	16.807080
12.000000	32.000000	30.000000	994.000000	542.000000	37.000000	982.170233	546.680818	2.000000	17.263997
12.000000	33.000000	31.000000	984.000000	763.000000	57.000000	972.463564	759.709827	1.000000	17.927631
12.000000	34.000000	32.000000	1203.000000	1035.000000	79.000000	1217.652988	1033.421871	2.000000	18.600091
12.000000	35.000000	33.000000	1267.000000	870.000000	69.000000	1259.204388	869.013048	1.000000	19.176799
12.000000	36.000000	34.000000	1234.000000	676.000000	49.000000	1227.682906	660.377660	1.000000	19.783452
12.000000	37.000000	35.000000	1423.000000	713.000000	50.000000	1412.778206	699.752844	2.000000	20.287516
12.000000	38.000000	36.000000	1407.000000	537.000000	40.000000	1420.284420	532.148032	2.000000	20.896590
12.000000	39.000000	37.000000	1244.000000	463.000000	29.000000	1228.457110	448.259372	2.000000	21.584864
12.000000	40.000000	38.000000	1363.000000	417.000000	30.000000	1374.551101	401.957292	1.000000	22.120104
12.000000	41.000000	39.000000	1425.000000	310.000000	20.000000	1421.552381	294.497707	2.000000	22.951634
12.000000	42.000000	40.000000	1441.000000	205.000000	10.000000	1422.339064	200.066118	1.000000	23.335948
13.000000	1.000000	0.000000	1380.000000	161.000000	10.000000	1379.279837	132.279880	1.000000	0.648713
13.000000	2.000000	1.000000	1384.000000	141.000000	10.000000	1379.279837	132.279880	1.000000	1.367875
13.000000	3.000000	2.000000	1255.000000	141.000000	9.000000	1254.211754	129.791837	1.000000	1.768751
13.000000	4.000000	3.000000	1137.000000	136.000000	8.000000	1118.887327	134.279554	2.000000	2.174755
13.000000	5.000000	4.000000	1396.000000	308.000000	20.000000	1415.901049	307.702392	1.000000	2.910859
13.000000	6.000000	0.000000	1362.000000	450.000000	30.000000	1363.751841	400.449548	1.000000	3.303679
13.000000	7.000000	5.000000	1375.000000	417.000000	30.000000	1363.751841	400.449548	1.000000	3.648499
13.000000	8.000000	6.000000	1434.000000	575.000000	40.000000	1417.003751	567.563883	1.000000	4.119270
13.000000	9.000000	7.000000	1430.000000	682.000000	50.000000	1410.689630	691.289266	2.000000	4.694832
13.000000	10.000000	8.000000	1298.000000	435.000000	29.000000	1280.502071	417.885623	1.000000	5.376459
13.000000	11.000000	9.000000	1136.000000	394.000000	28.000000	1124.029623	372.496120	2.000000	5.872592
13.000000	12.000000	10.000000	1117.000000	566.000000	38.000000	1117.105602	565.344842	1.000000	6.336413
13.000000	13.000000	0.000000	981.000000	535.000000	37.000000	1006.531517	522.991788	2.000000	6.728805
13.000000	14.000000	11.000000	998.000000	537.000000	37.000000	1006.531517	522.991788	2.000000	7.079217
13.000000	15.000000	12.000000	1002.000000	705.000000	47.000000	997.636337	691.004475	1.000000	7.767113
13.000000	16.000000	13.000000	1404.000000	890.000000	70.000000	1405.334009	903.475988	1.000000	8.623764
13.000000	17.000000	0.000000	1390.000000	1001.000000	80.000000	1373.955299	1023.486646	2.000000	9.336211
13.000000	18.000000	14.000000	1387.000000	1014.000000	80.000000	1373.955299	1023.486646	2.000000	9.615572
13.000000	19.000000	15.000000	1122.000000	958.000000	68.000000	1103.038535	955.638965	2.000000	10.496853
13.000000	20.000000	16.000000	1013.000000	1030.000000	77.000000	1004.264922	1022.117471	2.000000	11.152779
13.000000	21.000000	17.000000	855.000000	929.000000	66.000000	843.623800	932.526085	2.000000	11.743925
13.000000	22.000000	18.000000	910.000000	1083.000000	76.000000	897.212464	1073.672315	1.000000	12.342758
13.000000	23.000000	19.000000	758.000000	1079.000000	75.000000	754.494746	1064.893509	2.000000	12.888172
13.000000	24.000000	20.000000	509.000000	1013.000000	73.000000	510.973754	1006.506822	2.000000	13.752851
13.000000	25.000000	21.000000	334.000000	926.000000	62.000000	320.512306	919.941886	1.000000	14.344000
13.000000	26.000000	0.000000	261.000000	843.000000	51.000000	221.924531	816.957704	1.000000	14.791245
13.000000	27.000000	22.000000	235.000000	822.000000	51.000000	221.924531	816.957704	1.000000	15.015034
13.000000	28.000000	0.000000	483.000000	819.000000	53.000000	476.867215	790.735545	2.000000	15.663727
13.000000	29.000000	23.000000	481.000000	802.000000	53.000000	476.867215	790.735545	2.000000	16.056286
13.000000	30.000000	0.000000	468.000000	647.000000	43.000000	452.768617	623.225014	2.000000	16.567014
13.000000	31.000000	24.000000	448.000000	635.000000	43.000000	452.768617	623.225014	2.000000	17.368769
13.000000	32.000000	25.000000	500.000000	527.000000	33.000000	480.831431	528.767811	2.000000	17.832675
13.000000	33.000000	26.000000	583.000000	657.000000	44.000000	578.744667	654.077864	2.000000	18.455682
13.000000	34.000000	27.000000	596.000000	854.000000	64.000000	586.882191	867.927088	1.000000	19.111665
13.000000	35.000000	28.000000	730.000000	772.000000	55.000000	709.663426	778.308979	1.000000	19.576329
13.000000	36.000000	29.000000	724.000000	616.000000	45.000000	706.484482	627.383134	2.000000	20.079391
13.000000	37.000000	30.000000	845.000000	645.000000	46.000000	828.674065	631.456673	2.000000	20.488384
13.000000	38.000000	31.000000	637.000000	444.000000	24.000000	618.859665	441.093274	1.000000	21.400351
13.000000	39.000000	32.000000	726.000000	306.000000	15.000000	714.005645	295.224612	2.000000	22.152505
13.000000	40.000000	33.000000	772.000000	172.000000	5.000000	772.451893	167.518761	2.000000	22.616934
13.000000	41.000000	34.000000	508.000000	308.000000	13.000000	490.460298	292.872145	2.000000	23.296262
13.000000	42.000000	35.000000	462.000000	426.000000	23.000000	455.514759	422.992972	1.000000	23.871444
13.000000	43.000000	0.000000	462.000000	427.000000	22.000000	346.409154	408.766189	2.000000	23.958940
13.000000	44.000000	36.000000	344.000000	418.000000	22.000000	346.409154	408.766189	2.000000	24.376739
13.000000	45.000000	37.000000	338.000000	305.000000	12.000000	333.148707	298.523718	1.000000	24.775583
13.000000	46.000000	38.000000	364.000000	156.000000	2.000000	359.356027	134.569178	1.000000	25.592936
13.000000	47.000000	39.000000	186.000000	322.000000	11.000000	184.785020	315.998833	1.000000	26.150961
13.000000	48.000000	40.000000	196.000000	523.000000	31.000000	201.220244	508.558053	1.000000	26.823160
14.000000	1.000000	1.000000	455.000000	258.000000	13.000000	448.247774	260.793921	2.000000	0.965350
14.000000	2.000000	0.000000	517.000000	148.000000	3.000000	503.021763	181.993520	1.000000	1.334589
14.000000	3.000000	2.000000	512.000000	167.000000	3.000000	503.021763	181.993520	1.000000	1.622664
14.000000	4.000000	3.000000	334.000000	193.000000	2.000000	334.943665	202.761426	2.000000	2.078213
14.000000	5.000000	4.000000	196.000000	135.000000	1.000000	185.484223	135.208856	2.000000	2.574667
14.000000	6.000000	5.000000	245.000000	396.000000	21.000000	239.072826	402.576963	2.000000	3.285874
14.000000	7.000000	6.000000	343.000000	410.000000	22.000000	326.556925	415.605330	2.000000	3.629047
14.000000	8.000000	7.000000	619.000000	283.000000	14.000000	608.623679	286.250488	2.000000	4.406405
14.000000	9.000000	8.000000	698.000000	191.000000	5.000000	710.304895	193.502063	1.000000	4.990314
14.000000	10.000000	9.000000	637.000000	380.000000	24.000000	629.085874	371.074294	1.000000	5.525861
14.000000	11.000000	10.000000	627.000000	477.000000	34.000000	617.332630	493.883178	1.000000	5.933135
14.000000	12.000000	11.000000	456.000000	649.000000	43.000000	449.495249	649.079689	2.000000	6.628808
14.000000	13.000000	12.000000	229.000000	683.000000	41.000000	226.895773	669.288481	2.000000	7.597310
14.000000	14.000000	13.000000	214.000000	887.000000	61.000000	213.610341	885.377487	2.000000	8.446665
14.000000	15.000000	14.000000	329.000000	873.000000	62.000000	321.765554	880.879420	1.000000	8.838267
14.000000	16.000000	15.000000	447.000000	801.000000	53.000000	453.292427	791.012349	2.000000	9.365900
14.000000	17.000000	16.000000	495.000000	893.000000	63.000000	487.431376	876.976764	1.000000	9.838627
14.000000	18.000000	17.000000	477.000000	1017.000000	73.000000	461.075803	1005.243943	2.000000	10.230294
14.000000	19.000000	18.000000	352.000000	1050.000000	72.000000	363.716184	1048.971745	2.000000	10.653520
14.000000	20.000000	19.000000	641.000000	932.000000	64.000000	626.398485	942.427034	2.000000	11.342561
14.000000	21.000000	20.000000	650.000000	677.000000	44.000000	635.793562	661.435811	1.000000	11.958046
14.000000	22.000000	21.000000	765.000000	824.000000	55.000000	752.920386	809.985231	1.000000	12.556782
14.000000	23.000000	22.000000	865.000000	814.000000	56.000000	844.625798	821.209776	1.000000	12.917675
14.000000	24.000000	0.000000	781.000000	1038.000000	75.000000	767.884853	1065.824834	1.000000	13.693841
14.000000	25.000000	23.000000	768.000000	1059.000000	75.000000	767.884853	1065.824834	1.000000	14.158272
14.000000	26.000000	24.000000	897.000000	1032.000000	76.000000	899.507159	1042.559784	1.000000	14.589813
14.000000	27.000000	25.000000	1005.000000	741.000000	57.000000	1011.361854	742.562156	1.000000	15.333580
14.000000	28.000000	26.000000	850.000000	553.000000	36.000000	843.002807	566.413662	2.000000	16.021187
14.000000	29.000000	27.000000	975.000000	428.000000	27.000000	984.940451	420.206123	1.000000	16.734589
14.000000	30.000000	28.000000	888.000000	254.000000	16.000000	876.195658	244.795122	1.000000	17.477730
14.000000	31.000000	0.000000	975.000000	129.000000	7.000000	958.407676	148.562755	2.000000	18.132973
14.000000	32.000000	29.000000	960.000000	146.000000	7.000000	958.407676	148.562755	2.000000	18.550678
14.000000	33.000000	30.000000	1117.000000	137.000000	8.000000	1109.279845	146.297671	1.000000	19.165430
14.000000	34.000000	31.000000	1144.000000	246.000000	18.000000	1142.365236	250.794366	2.000000	19.646582
14.000000	35.000000	0.000000	1233.000000	413.000000	29.000000	1225.060182	384.026522	1.000000	20.332728
14.000000	36.000000	32.000000	1230.000000	397.000000	29.000000	1225.060182	384.026522	1.000000	20.646659
14.000000	37.000000	33.000000	1367.000000	269.000000	20.000000	1351.812194	269.065059	1.000000	21.292941
14.000000	38.000000	34.000000	1382.000000	408.000000	30.000000	1394.318601	423.898567	1.000000	21.836834
14.000000	39.000000	35.000000	1379.000000	553.000000	40.000000	1378.073143	541.551341	1.000000	22.398089
14.000000	40.000000	36.000000	1401.000000	697.000000	50.000000	1401.543821	693.982094	2.000000	22.868798
14.000000	41.000000	37.000000	1259.000000	636.000000	49.000000	1250.318770	634.376628	2.000000	23.430496
14.000000	42.000000	38.000000	1344.000000	825.000000	60.000000	1348.384280	828.204508	2.000000	24.086159
14.000000	43.000000	39.000000	1290.000000	793.000000	59.000000	1287.825065	782.183506	1.000000	24.509281
14.000000	44.000000	40.000000	1230.000000	1030.000000	79.000000	1217.890433	1032.708187	2.000000	25.245186
15.000000	1.000000	1.000000	1375.000000	304.000000	20.000000	1369.190567	302.700950	2.000000	0.931950
15.000000	2.000000	2.000000	1248.000000	284.000000	19.000000	1229.481152	275.584644	2.000000	1.420545
15.000000	3.000000	3.000000	1286.000000	383.000000	29.000000	1280.770387	403.592396	2.000000	1.875762
15.000000	4.000000	4.000000	1373.000000	446.000000	30.000000	1386.380464	454.258716	1.000000	2.380387
15.000000	5.000000	5.000000	1107.000000	317.000000	18.000000	1088.604813	313.820268	2.000000	2.931932
15.000000	6.000000	6.000000	1157.000000	447.000000	28.000000	1140.406180	454.479515	1.000000	3.370839
15.000000	7.000000	7.000000	1213.000000	493.000000	39.000000	1220.585311	497.632411	1.000000	3.794977
15.000000	8.000000	0.000000	1248.000000	644.000000	49.000000	1237.856645	618.239167	1.000000	4.388804
15.000000	9.000000	8.000000	1250.000000	629.000000	49.000000	1237.856645	618.239167	1.000000	5.052737
15.000000	10.000000	9.000000	1417.000000	648.000000	50.000000	1401.809059	642.957380	2.000000	5.748270
15.000000	11.000000	10.000000	1295.000000	835.000000	59.000000	1286.329842	824.805158	1.000000	6.426853
15.000000	12.000000	11.000000	1107.000000	720.000000	48.000000	1109.263491	697.780179	1.000000	7.059328
15.000000	13.000000	12.000000	1100.000000	1040.000000	78.000000	1112.394038	1056.347807	2.000000	7.747126
15.000000	14.000000	13.000000	1114.000000	930.000000	68.000000	1102.324889	911.426051	1.000000	8.339077
15.000000	15.000000	14.000000	1009.000000	923.000000	67.000000	1010.483085	898.665838	2.000000	8.827654
15.000000	16.000000	0.000000	978.000000	1011.000000	77.000000	957.829894	1027.927062	1.000000	9.338990
15.000000	17.000000	15.000000	949.000000	1027.000000	77.000000	957.829894	1027.927062	1.000000	9.948031
15.000000	18.000000	16.000000	836.000000	1006.000000	76.000000	835.082428	997.232745	1.000000	10.428322
15.000000	19.000000	17.000000	746.000000	1002.000000	75.000000	731.423614	995.594291	1.000000	10.931886
15.000000	20.000000	0.000000	730.000000	947.000000	65.000000	725.082276	921.527832	2.000000	11.660680
15.000000	21.000000	18.000000	727.000000	928.000000	65.000000	725.082276	921.527832	2.000000	12.492025
15.000000	22.000000	19.000000	839.000000	764.000000	56.000000	829.706158	755.950622	1.000000	13.012370
15.000000	23.000000	20.000000	863.000000	634.000000	46.000000	867.885048	637.580834	2.000000	13.532295
15.000000	24.000000	21.000000	1018.000000	640.000000	47.000000	1004.058686	623.478491	2.000000	14.051798
15.000000	25.000000	0.000000	874.000000	341.000000	16.000000	861.920385	316.761710	1.000000	14.955167
15.000000	26.000000	22.000000	865.000000	325.000000	16.000000	861.920385	316.761710	1.000000	15.396424
15.000000	27.000000	23.000000	722.000000	379.000000	25.000000	725.485656	379.435253	1.000000	15.796762
15.000000	28.000000	24.000000	637.000000	382.000000	24.000000	620.004938	368.591819	2.000000	16.372867
15.000000	29.000000	25.000000	631.000000	518.000000	34.000000	637.579031	499.254783	1.000000	16.883804
15.000000	30.000000	26.000000	512.000000	271.000000	13.000000	503.172768	253.973310	2.000000	17.835354
15.000000	31.000000	27.000000	453.000000	142.000000	3.000000	440.768984	131.382046	1.000000	18.404801
15.000000	32.000000	28.000000	302.000000	174.000000	2.000000	309.964462	188.882874	2.000000	18.820806
15.000000	33.000000	29.000000	238.000000	178.000000	1.000000	235.368819	166.551699	2.000000	19.220642
15.000000	34.000000	30.000000	237.000000	399.000000	21.000000	237.769884	421.490208	2.000000	19.987435
15.000000	35.000000	31.000000	246.000000	504.000000	31.000000	247.052341	504.929087	1.000000	20.539005
15.000000	36.000000	32.000000	343.000000	497.000000	32.000000	341.443959	494.324283	2.000000	20.916600
15.000000	37.000000	33.000000	444.000000	533.000000	33.000000	452.651547	541.931906	1.000000	21.291687
15.000000	38.000000	34.000000	454.000000	647.000000	43.000000	444.700434	641.497585	2.000000	21.731740
15.000000	39.000000	35.000000	500.000000	799.000000	53.000000	496.806138	785.065236	2.000000	22.307958
15.000000	40.000000	36.000000	468.000000	920.000000	63.000000	467.148999	902.664252	1.000000	22.763244
15.000000	41.000000	37.000000	448.000000	1091.000000	73.000000	440.920364	1082.179579	2.000000	23.372649
15.000000	42.000000	38.000000	190.000000	1043.000000	71.000000	196.611797	1034.694867	2.000000	24.172630
15.000000	43.000000	39.000000	234.000000	824.000000	51.000000	250.774869	815.325576	1.000000	24.755929
15.000000	44.000000	40.000000	301.000000	784.000000	52.000000	309.548136	763.644327	1.000000	25.266725
16.000000	1.000000	1.000000	1243.000000	185.000000	9.000000	1243.729724	169.305376	1.000000	1.011449
16.000000	2.000000	0.000000	1245.000000	255.000000	19.000000	1238.165182	280.772619	2.000000	1.467469
16.000000	3.000000	2.000000	1246.000000	277.000000	19.000000	1238.165182	280.772619	2.000000	2.114186
16.000000	4.000000	3.000000	1403.000000	276.000000	20.000000	1398.692023	295.946509	2.000000	2.603297
16.000000	5.000000	4.000000	1365.000000	424.000000	30.000000	1362.524353	430.383488	1.000000	3.177721
16.000000	6.000000	5.000000	1282.000000	513.000000	39.000000	1266.583378	495.914869	2.000000	3.658137
16.000000	7.000000	6.000000	1141.000000	449.000000	28.000000	1127.872206	442.935509	1.000000	4.169912
16.000000	8.000000	7.000000	1044.000000	295.000000	17.000000	1029.055466	293.652725	1.000000	4.675434
16.000000	9.000000	8.000000	976.000000	369.000000	27.000000	975.755215	371.321661	1.000000	5.066667
16.000000	10.000000	9.000000	896.000000	324.000000	16.000000	881.129917	329.361158	1.000000	5.409243
16.000000	11.000000	10.000000	882.000000	151.000000	6.000000	864.651640	147.734476	1.000000	5.857944
16.000000	12.000000	11.000000	719.000000	143.000000	5.000000	709.736548	125.964415	2.000000	6.521790
16.000000	13.000000	0.000000	642.000000	186.000000	4.000000	624.799810	204.208731	2.000000	6.962361
16.000000	14.000000	12.000000	639.000000	192.000000	4.000000	624.799810	204.208731	2.000000	7.489938
16.000000	15.000000	0.000000	452.000000	178.000000	3.000000	477.578211	172.770575	1.000000	8.001315
16.000000	16.000000	13.000000	472.000000	170.000000	3.000000	477.578211	172.770575	1.000000	8.449733
16.000000	17.000000	14.000000	384.000000	169.000000	2.000000	376.663872	163.606918	1.000000	8.779508
16.000000	18.000000	15.000000	222.000000	373.000000	21.000000	221.154424	379.305980	1.000000	9.523441
16.000000	19.000000	16.000000	506.000000	494.000000	33.000000	493.790870	503.923596	2.000000	10.163053
16.000000	20.000000	17.000000	332.000000	645.000000	42.000000	320.187569	643.900982	1.000000	10.898092
16.000000	21.000000	0.000000	205.000000	679.000000	41.000000	234.104934	696.078708	2.000000	11.345242
16.000000	22.000000	18.000000	230.000000	681.000000	41.000000	234.104934	696.078708	2.000000	11.547000
16.000000	23.000000	0.000000	376.000000	762.000000	52.000000	378.296189	787.269617	2.000000	12.274173
16.000000	24.000000	19.000000	374.000000	793.000000	52.000000	378.296189	787.269617	2.000000	12.609764
16.000000	25.000000	20.000000	246.000000	1019.000000	71.000000	240.427368	1036.838289	1.000000	13.379350
16.000000	26.000000	0.000000	529.000000	651.000000	43.000000	499.249689	658.801432	2.000000	14.259124
16.000000	27.000000	21.000000	501.000000	656.000000	43.000000	499.249689	658.801432	2.000000	14.529500
16.000000	28.000000	22.000000	599.000000	697.000000	44.000000	587.303486	706.328132	2.000000	14.946387
16.000000	29.000000	23.000000	576.000000	802.000000	54.000000	578.819769	803.064028	2.000000	15.411019
16.000000	30.000000	24.000000	626.000000	944.000000	64.000000	625.775178	936.536812	2.000000	16.106586
16.000000	31.000000	25.000000	833.000000	932.000000	66.000000	838.021301	934.403459	1.000000	16.843358
16.000000	32.000000	26.000000	874.000000	780.000000	56.000000	861.399048	799.190919	2.000000	17.417867
16.000000	33.000000	27.000000	722.000000	666.000000	45.000000	722.732606	651.914846	1.000000	18.050360
16.000000	34.000000	28.000000	961.000000	823.000000	57.000000	966.927349	817.677740	1.000000	18.970735
16.000000	35.000000	29.000000	983.000000	955.000000	67.000000	989.763072	952.238505	1.000000	19.441276
16.000000	36.000000	30.000000	1021.000000	1063.000000	77.000000	1010.007741	1076.927636	2.000000	20.034091
16.000000	37.000000	31.000000	1128.000000	1041.000000	78.000000	1116.440468	1050.285872	2.000000	20.537672
16.000000	38.000000	32.000000	1220.000000	1079.000000	79.000000	1222.611734	1076.482269	1.000000	21.050893
16.000000	39.000000	33.000000	1396.000000	1047.000000	80.000000	1413.314412	1052.278351	2.000000	21.777553
16.000000	40.000000	34.000000	1220.000000	901.000000	69.000000	1223.880024	891.744151	2.000000	22.665459
16.000000	41.000000	35.000000	1148.000000	923.000000	68.000000	1144.698552	917.061301	1.000000	23.146826
16.000000	42.000000	36.000000	1142.000000	757.000000	58.000000	1137.106695	758.610611	2.000000	23.585597
16.000000	43.000000	37.000000	1240.000000	784.000000	59.000000	1225.413324	792.720664	2.000000	23.978348
16.000000	44.000000	38.000000	1265.000000	717.000000	49.000000	1273.969439	697.978406	2.000000	24.482943
16.000000	45.000000	39.000000	1126.000000	682.000000	48.000000	1132.638479	664.810851	1.000000	25.017245
16.000000	46.000000	40.000000	1042.000000	680.000000	47.000000	1029.374885	675.739973	1.000000	25.347101
17.000000	1.000000	1.000000	878.000000	646.000000	46.000000	859.409221	641.053102	1.000000	0.815706
17.000000	2.000000	0.000000	866.000000	706.000000	56.000000	852.312619	748.517660	2.000000	1.215822
17.000000	3.000000	2.000000	864.000000	731.000000	56.000000	852.312619	748.517660	2.000000	1.454603
17.000000	4.000000	0.000000	955.000000	766.000000	57.000000	965.922069	804.993361	1.000000	1.919645
17.000000	5.000000	0.000000	989.000000	792.000000	57.000000	965.922069	804.993361	1.000000	2.343252
17.000000	6.000000	3.000000	975.000000	789.000000	57.000000	965.922069	804.993361	1.000000	2.615855
17.000000	7.000000	4.000000	962.000000	639.000000	47.000000	958.782913	635.343798	1.000000	3.254880
17.000000	8.000000	5.000000	983.000000	563.000000	37.000000	981.485601	572.859795	1.000000	3.622422
17.000000	9.000000	6.000000	1112.000000	626.000000	48.000000	1116.576287	621.425877	2.000000	4.302903
17.000000	10.000000	7.000000	1135.000000	746.000000	58.000000	1135.600747	769.467742	2.000000	4.839078
17.000000	11.000000	8.000000	1246.000000	756.000000	59.000000	1250.674374	765.967959	1.000000	5.238900
17.000000	12.000000	9.000000	1408.000000	1051.000000	80.000000	1397.815861	1036.352690	1.000000	6.342605
17.000000	13.000000	10.000000	1156.000000	1049.000000	78.000000	1135.293457	1056.809786	1.000000	7.007537
17.000000	14.000000	11.000000	870.000000	924.000000	66.000000	857.166163	929.533935	2.000000	7.871557
17.000000	15.000000	12.000000	735.000000	1072.000000	75.000000	735.634212	1060.641741	1.000000	8.485865
17.000000	16.000000	13.000000	685.000000	710.000000	45.000000	698.231914	705.974352	1.000000	9.295526
17.000000	17.000000	14.000000	435.000000	914.000000	63.000000	437.984378	895.892947	1.000000	10.030533
17.000000	18.000000	15.000000	319.000000	883.000000	62.000000	337.395501	884.715756	1.000000	10.390503
17.000000	19.000000	0.000000	342.000000	1090.000000	72.000000	348.892653	1052.116113	1.000000	10.965852
17.000000	20.000000	16.000000	335.000000	1045.000000	72.000000	348.892653	1052.116113	1.000000	11.495558
17.000000	21.000000	17.000000	194.000000	1050.000000	71.000000	203.834823	1063.210264	2.000000	11.935824
17.000000	22.000000	18.000000	390.000000	785.000000	52.000000	373.700507	778.118684	2.000000	12.742428
17.000000	23.000000	19.000000	368.000000	605.000000	42.000000	364.415316	627.482007	1.000000	13.455190
17.000000	24.000000	20.000000	226.000000	512.000000	31.000000	209.608046	498.936059	1.000000	14.365826
17.000000	25.000000	21.000000	229.000000	173.000000	1.000000	221.012101	164.127343	2.000000	15.630181
17.000000	26.000000	22.000000	318.000000	333.000000	12.000000	332.669263	327.314774	1.000000	16.134935
17.000000	27.000000	23.000000	334.000000	417.000000	22.000000	336.222696	424.571459	1.000000	16.590499
17.000000	28.000000	24.000000	452.000000	260.000000	13.000000	444.177588	267.099950	2.000000	17.063239
17.000000	29.000000	25.000000	618.000000	279.000000	14.000000	614.037604	285.286453	2.000000	17.551108
17.000000	30.000000	26.000000	569.000000	400.000000	24.000000	587.823884	393.056512	2.000000	17.989900
17.000000	31.000000	0.000000	769.000000	393.000000	25.000000	769.533163	418.571816	1.000000	18.439742
17.000000	32.000000	27.000000	768.000000	407.000000	25.000000	769.533163	418.571816	1.000000	18.742449
17.000000	33.000000	28.000000	609.000000	632.000000	44.000000	599.077068	629.917491	2.000000	19.454817
17.000000	34.000000	29.000000	866.000000	319.000000	16.000000	879.468173	327.579067	2.000000	20.311580
17.000000	35.000000	30.000000	819.000000	130.000000	6.000000	828.903313	150.198335	2.000000	20.846812
17.000000	36.000000	31.000000	979.000000	271.000000	17.000000	986.256252	278.057089	1.000000	21.982713
17.000000	37.000000	32.000000	978.000000	463.000000	27.000000	975.362944	450.270867	2.000000	22.614807
17.000000	38.000000	33.000000	1086.000000	387.000000	28.000000	1091.505629	383.568583	2.000000	23.183305
17.000000	39.000000	34.000000	1141.000000	290.000000	18.000000	1125.118881	287.099781	2.000000	23.622658
17.000000	40.000000	35.000000	1109.000000	153.000000	8.000000	1110.611150	139.572141	2.000000	24.071616
17.000000	41.000000	36.000000	1226.000000	148.000000	9.000000	1238.147208	150.243914	2.000000	24.591995
17.000000	42.000000	37.000000	1220.000000	284.000000	19.000000	1229.832496	278.390447	2.000000	24.990170
17.000000	43.000000	38.000000	1279.000000	398.000000	29.000000	1278.066527	398.079897	2.000000	25.374057
17.000000	44.000000	39.000000	1414.000000	448.000000	30.000000	1402.916130	452.726881	1.000000	25.815846
17.000000	45.000000	40.000000	1442.000000	277.000000	20.000000	1421.514403	277.186359	1.000000	26.216121
18.000000	1.000000	1.000000	1403.000000	217.000000	10.000000	1414.054600	199.436137	1.000000	0.952084
18.000000	2.000000	2.000000	1349.000000	331.000000	20.000000	1354.641342	313.113827	1.000000	1.343357
18.000000	3.000000	3.000000	1432.000000	377.000000	30.000000	1413.941538	387.338344	1.000000	1.687098
18.000000	4.000000	0.000000	1254.000000	320.000000	19.000000	1229.661568	311.966073	2.000000	2.136282
18.000000	5.000000	4.000000	1228.000000	305.000000	19.000000	1229.661568	311.966073	2.000000	2.680875
18.000000	6.000000	5.000000	1126.000000	149.000000	8.000000	1116.296876	148.553138	2.000000	3.241224
18.000000	7.000000	6.000000	966.000000	203.000000	7.000000	979.718598	200.551959	1.000000	3.897268
18.000000	8.000000	7.000000	1092.000000	319.000000	18.000000	1098.386091	322.241968	2.000000	4.376323
18.000000	9.000000	8.000000	1135.000000	418.000000	28.000000	1144.920043	423.422214	2.000000	4.831784
18.000000	10.000000	0.000000	1217.000000	495.000000	39.000000	1249.125547	518.091960	1.000000	5.287840
18.000000	11.000000	9.000000	1244.000000	522.000000	39.000000	1249.125547	518.091960	1.000000	5.529252
18.000000	12.000000	10.000000	1361.000000	690.000000	50.000000	1348.245255	690.041889	2.000000	6.256131
18.000000	13.000000	11.000000	1274.000000	815.000000	59.000000	1269.582442	801.901636	2.000000	6.921316
18.000000	14.000000	12.000000	1225.000000	713.000000	49.000000	1224.623584	706.679244	1.000000	7.336536
18.000000	15.000000	13.000000	1407.000000	920.000000	70.000000	1411.247934	913.672617	1.000000	7.856342
18.000000	16.000000	14.000000	1054.000000	1035.000000	77.000000	1029.905779	1037.832826	1.000000	9.143471
18.000000	17.000000	15.000000	999.000000	939.000000	67.000000	993.544584	930.690664	2.000000	10.113235
18.000000	18.000000	0.000000	1116.000000	943.000000	68.000000	1106.736295	915.359744	1.000000	10.672586
18.000000	19.000000	16.000000	1116.000000	931.000000	68.000000	1106.736295	915.359744	1.000000	11.103782
18.000000	20.000000	17.000000	1128.000000	1017.000000	78.000000	1118.045055	1002.994319	2.000000	11.513319
18.000000	21.000000	18.000000	1021.000000	702.000000	47.000000	1016.938352	692.458673	1.000000	12.433532
18.000000	22.000000	19.000000	977.000000	428.000000	27.000000	986.194769	431.285668	1.000000	13.121264
18.000000	23.000000	20.000000	849.000000	626.000000	46.000000	848.888789	625.678629	2.000000	13.775610
18.000000	24.000000	21.000000	751.000000	564.000000	35.000000	764.972306	566.692824	2.000000	14.359688
18.000000	25.000000	22.000000	743.000000	386.000000	25.000000	745.262363	377.356899	2.000000	14.879175
18.000000	26.000000	23.000000	714.000000	152.000000	5.000000	709.604730	133.715222	1.000000	15.536896
18.000000	27.000000	24.000000	232.000000	277.000000	11.000000	223.390441	276.847385	2.000000	16.737062
18.000000	28.000000	25.000000	379.000000	316.000000	12.000000	379.282605	303.262377	1.000000	17.192260
18.000000	29.000000	26.000000	472.000000	319.000000	13.000000	458.462297	310.229961	1.000000	17.535973
18.000000	30.000000	27.000000	489.000000	411.000000	23.000000	493.334785	414.506632	1.000000	18.007666
18.000000	31.000000	28.000000	328.000000	423.000000	22.000000	320.910591	424.859453	2.000000	18.415957
18.000000	32.000000	29.000000	327.000000	526.000000	32.000000	336.369425	506.834116	2.000000	18.976777
18.000000	33.000000	30.000000	443.000000	530.000000	33.000000	458.371614	531.463150	2.000000	19.368645
18.000000	34.000000	31.000000	560.000000	535.000000	34.000000	575.333046	549.350677	1.000000	19.777045
18.000000	35.000000	32.000000	594.000000	454.000000	24.000000	599.967567	452.564469	1.000000	20.359186
18.000000	36.000000	33.000000	588.000000	672.000000	44.000000	591.891120	685.245573	2.000000	21.049155
18.000000	37.000000	34.000000	480.000000	697.000000	43.000000	475.004911	693.230750	1.000000	21.601438
18.000000	38.000000	35.000000	301.000000	684.000000	42.000000	315.359694	675.340238	2.000000	22.057314
18.000000	39.000000	36.000000	195.000000	779.000000	51.000000	195.045919	773.878998	2.000000	22.785217
18.000000	40.000000	37.000000	185.000000	697.000000	41.000000	184.432575	698.893685	1.000000	23.144503
18.000000	41.000000	38.000000	188.000000	986.000000	71.000000	181.192807	999.922209	1.000000	23.815885
18.000000	42.000000	39.000000	358.000000	1006.000000	72.000000	352.557358	1010.256964	2.000000	24.543389
18.000000	43.000000	40.000000	501.000000	1023.000000	73.000000	504.166138	1022.032351	2.000000	25.081001
19.000000	1.000000	0.000000	753.000000	422.000000	25.000000	743.386928	392.424940	1.000000	0.922835
19.000000	2.000000	1.000000	743.000000	414.000000	25.000000	743.386928	392.424940	1.000000	1.186564
19.000000	3.000000	2.000000	606.000000	344.000000	14.000000	599.942620	328.057440	2.000000	1.763609
19.000000	4.000000	0.000000	479.000000	302.000000	13.000000	505.083644	312.347432	1.000000	2.227840
19.000000	5.000000	3.000000	496.000000	301.000000	13.000000	505.083644	312.347432	1.000000	2.580449
19.000000	6.000000	4.000000	448.000000	140.000000	3.000000	457.214129	148.993720	2.000000	3.154175
19.000000	7.000000	5.000000	327.000000	195.000000	2.000000	328.343833	193.300628	1.000000	3.875289
19.000000	8.000000	6.000000	194.000000	258.000000	11.000000	201.086230	247.639058	1.000000	4.330733
19.000000	9.000000	7.000000	342.000000	415.000000	22.000000	358.466961	428.835725	1.000000	5.084058
19.000000	10.000000	8.000000	449.000000	535.000000	33.000000	445.764120	525.586353	1.000000	5.858965
19.000000	11.000000	9.000000	323.000000	576.000000	32.000000	339.209772	582.236391	2.000000	6.490563
19.000000	12.000000	10.000000	248.000000	694.000000	41.000000	238.539846	688.366608	1.000000	7.132571
19.000000	13.000000	11.000000	333.000000	773.000000	52.000000	316.924382	783.370618	1.000000	7.587920
19.000000	14.000000	12.000000	468.000000	663.000000	43.000000	466.232394	660.005308	2.000000	8.259962
19.000000	15.000000	13.000000	379.000000	1015.000000	72.000000	363.769437	1019.409881	2.000000	9.172087
19.000000	16.000000	0.000000	495.000000	1052.000000	73.000000	487.484169	1076.770031	2.000000	9.675451
19.000000	17.000000	14.000000	465.000000	1073.000000	73.000000	487.484169	1076.770031	2.000000	10.227055
19.000000	18.000000	15.000000	578.000000	1028.000000	74.000000	591.514457	1021.922963	2.000000	10.788392
19.000000	19.000000	16.000000	779.000000	1060.000000	75.000000	767.923101	1065.894986	2.000000	11.292009
19.000000	20.000000	17.000000	869.000000	1038.000000	76.000000	870.157647	1041.180672	1.000000	11.818969
19.000000	21.000000	18.000000	964.000000	1046.000000	77.000000	957.726547	1059.021918	1.000000	12.371872
19.000000	22.000000	19.000000	957.000000	946.000000	67.000000	957.740733	930.174575	1.000000	12.923312
19.000000	23.000000	20.000000	867.000000	920.000000	66.000000	855.743487	906.498598	1.000000	13.428400
19.000000	24.000000	21.000000	1099.000000	923.000000	68.000000	1120.745170	927.671330	1.000000	14.163503
19.000000	25.000000	22.000000	1251.000000	1018.000000	79.000000	1255.969579	1021.673528	1.000000	15.234560
19.000000	26.000000	23.000000	1359.000000	933.000000	70.000000	1354.043901	932.200871	1.000000	15.691925
19.000000	27.000000	24.000000	1401.000000	1025.000000	80.000000	1394.977152	1028.375423	2.000000	16.123942
19.000000	28.000000	25.000000	1290.000000	900.000000	69.000000	1266.245258	895.533721	2.000000	16.675442
19.000000	29.000000	26.000000	1294.000000	770.000000	59.000000	1290.391863	786.328169	2.000000	17.130478
19.000000	30.000000	27.000000	1288.000000	664.000000	49.000000	1278.236189	645.383386	2.000000	17.627718
19.000000	31.000000	28.000000	1275.000000	390.000000	29.000000	1279.017534	389.050672	2.000000	18.427022
19.000000	32.000000	0.000000	1217.000000	350.000000	19.000000	1219.662661	322.101978	2.000000	18.866669
19.000000	33.000000	29.000000	1220.000000	329.000000	19.000000	1219.662661	322.101978	2.000000	19.291789
19.000000	34.000000	30.000000	1143.000000	403.000000	28.000000	1140.453058	404.558541	2.000000	19.852357
19.000000	35.000000	31.000000	1280.000000	140.000000	9.000000	1278.782668	147.495690	1.000000	20.475111
19.000000	36.000000	32.000000	1363.000000	113.000000	10.000000	1357.997209	119.399680	1.000000	20.843087
19.000000	37.000000	33.000000	1018.000000	425.000000	27.000000	1020.830136	439.692362	1.000000	21.772094
19.000000	38.000000	34.000000	975.000000	305.000000	17.000000	969.360161	308.063474	2.000000	22.235232
19.000000	39.000000	35.000000	853.000000	299.000000	16.000000	858.451730	298.220726	1.000000	22.570925
19.000000	40.000000	0.000000	846.000000	460.000000	26.000000	832.763914	432.386440	1.000000	23.044359
19.000000	41.000000	36.000000	836.000000	432.000000	26.000000	832.763914	432.386440	1.000000	23.418435
19.000000	42.000000	37.000000	867.000000	499.000000	36.000000	868.941514	508.037645	2.000000	23.787174
19.000000	43.000000	38.000000	740.000000	556.000000	35.000000	723.677968	556.027022	2.000000	24.387113
19.000000	44.000000	39.000000	851.000000	676.000000	46.000000	842.652572	669.794914	2.000000	24.874937
19.000000	45.000000	0.000000	1015.000000	753.000000	57.000000	984.301487	755.603392	2.000000	25.466769
19.000000	46.000000	40.000000	989.000000	751.000000	57.000000	984.301487	755.603392	2.000000	25.724157
20.000000	1.000000	1.000000	1031.000000	547.000000	37.000000	1016.404833	545.921767	2.000000	0.615754
20.000000	2.000000	2.000000	1100.000000	512.000000	38.000000	1101.470795	500.117339	1.000000	1.158322
20.000000	3.000000	3.000000	1247.000000	376.000000	29.000000	1264.349188	378.702742	1.000000	2.078615
20.000000	4.000000	4.000000	1416.000000	114.000000	10.000000	1413.384672	137.282255	2.000000	2.887173
20.000000	5.000000	5.000000	1360.000000	301.000000	20.000000	1358.766975	310.112433	2.000000	3.480476
20.000000	6.000000	6.000000	1278.000000	258.000000	19.000000	1287.664318	260.737134	2.000000	4.126443
20.000000	7.000000	0.000000	1392.000000	486.000000	40.000000	1399.190857	514.039094	2.000000	4.855092
20.000000	8.000000	7.000000	1406.000000	518.000000	40.000000	1399.190857	514.039094	2.000000	5.359571
20.000000	9.000000	8.000000	1251.000000	1041.000000	79.000000	1258.606616	1034.457907	1.000000	6.366805
20.000000	10.000000	9.000000	1142.000000	1048.000000	78.000000	1140.899094	1049.509211	1.000000	6.832259
20.000000	11.000000	10.000000	901.000000	1005.000000	76.000000	882.996739	1017.474862	1.000000	7.535477
20.000000	12.000000	11.000000	855.000000	837.000000	56.000000	832.780567	827.152204	1.000000	8.120175
20.000000	13.000000	12.000000	888.000000	707.000000	46.000000	875.344284	700.300312	1.000000	8.599768
20.000000	14.000000	13.000000	981.000000	662.000000	47.000000	993.191410	650.659593	1.000000	9.104304
20.000000	15.000000	14.000000	1097.000000	792.000000	58.000000	1103.789534	804.463196	1.000000	9.574906
20.000000	16.000000	15.000000	709.000000	1054.000000	75.000000	698.922109	1073.721058	2.000000	10.336509
20.000000	17.000000	16.000000	614.000000	1032.000000	74.000000	600.799154	1031.104317	2.000000	10.727571
20.000000	18.000000	0.000000	699.000000	911.000000	65.000000	714.239246	889.886229	2.000000	11.279509
20.000000	19.000000	17.000000	722.000000	876.000000	65.000000	714.239246	889.886229	2.000000	11.638686
20.000000	20.000000	18.000000	764.000000	810.000000	55.000000	764.192367	799.624972	2.000000	12.054149
20.000000	21.000000	0.000000	748.000000	602.000000	45.000000	754.262834	639.450129	2.000000	12.631097
20.000000	22.000000	19.000000	761.000000	623.000000	45.000000	754.262834	639.450129	2.000000	12.944234
20.000000	23.000000	20.000000	713.000000	546.000000	35.000000	725.967841	547.958545	2.000000	13.342447
20.000000	24.000000	21.000000	881.000000	446.000000	26.000000	879.008638	443.334333	2.000000	14.008067
20.000000	25.000000	22.000000	870.000000	249.000000	16.000000	867.258071	261.735414	2.000000	14.575815
20.000000	26.000000	23.000000	764.000000	261.000000	15.000000	767.086414	266.836334	2.000000	14.942206
20.000000	27.000000	24.000000	705.000000	159.000000	5.000000	698.807390	150.430917	1.000000	15.519685
20.000000	28.000000	25.000000	855.000000	137.000000	6.000000	852.224879	117.991817	1.000000	16.014149
20.000000	29.000000	26.000000	1008.000000	161.000000	7.000000	1010.859232	179.461483	1.000000	16.543760
20.000000	30.000000	27.000000	617.000000	119.000000	4.000000	601.822266	122.226193	1.000000	17.536205
20.000000	31.000000	28.000000	580.000000	281.000000	14.000000	578.513013	275.169244	1.000000	17.999144
20.000000	32.000000	29.000000	599.000000	454.000000	24.000000	595.729264	438.232310	1.000000	18.576162
20.000000	33.000000	30.000000	588.000000	576.000000	34.000000	589.103387	575.439515	2.000000	19.247468
20.000000	34.000000	0.000000	595.000000	633.000000	44.000000	605.576420	657.666299	1.000000	20.015582
20.000000	35.000000	31.000000	599.000000	647.000000	44.000000	605.576420	657.666299	1.000000	20.391317
20.000000	36.000000	32.000000	483.000000	658.000000	43.000000	495.923127	660.390108	2.000000	21.230453
20.000000	37.000000	33.000000	466.000000	562.000000	33.000000	447.359308	554.715585	2.000000	21.623599
20.000000	38.000000	34.000000	472.000000	434.000000	23.000000	448.415312	429.427403	2.000000	22.063158
20.000000	39.000000	35.000000	242.000000	207.000000	1.000000	248.407074	197.618859	1.000000	22.687425
20.000000	40.000000	36.000000	236.000000	502.000000	31.000000	228.825362	497.811686	2.000000	23.288187
20.000000	41.000000	37.000000	204.000000	673.000000	41.000000	192.716641	687.351295	1.000000	23.752313
20.000000	42.000000	38.000000	223.000000	801.000000	51.000000	217.172784	799.023210	2.000000	24.200304
20.000000	43.000000	39.000000	213.000000	920.000000	61.000000	201.279197	935.194844	1.000000	24.847488
20.000000	44.000000	40.000000	350.000000	996.000000	72.000000	362.563976	1008.396204	1.000000	25.447404
