MultiTargForag_2	Participant_Code = 64a
Search_Type = 2	CB_Targets = 3
Trial	Click_Num	Target_Click_Order	Click_X	Click_y	Item_selected	Item_X	Item_Y	Target_Set	RT
1.000000	1.000000	1.000000	673.000000	387.000000	25.000000	666.360051	391.263853	1.000000	3.352293
1.000000	2.000000	2.000000	873.000000	361.000000	27.000000	871.633221	362.464979	1.000000	5.063230
1.000000	3.000000	3.000000	850.000000	231.000000	17.000000	844.806763	225.390753	1.000000	6.197796
1.000000	4.000000	4.000000	982.000000	267.000000	18.000000	995.584203	274.672040	1.000000	7.013089
1.000000	5.000000	5.000000	1083.000000	123.000000	9.000000	1085.028467	133.639661	1.000000	7.877946
1.000000	6.000000	6.000000	1085.000000	449.000000	39.000000	1079.220917	462.259000	1.000000	9.214007
1.000000	7.000000	7.000000	1080.000000	774.000000	69.000000	1075.932268	769.898221	1.000000	10.742348
1.000000	8.000000	8.000000	879.000000	862.000000	77.000000	860.778328	866.330810	1.000000	12.006363
1.000000	9.000000	9.000000	967.000000	616.000000	48.000000	963.621973	604.535765	1.000000	13.221102
1.000000	10.000000	10.000000	650.000000	861.000000	75.000000	643.451372	877.122618	1.000000	14.629473
1.000000	11.000000	11.000000	528.000000	918.000000	74.000000	519.326892	911.051809	1.000000	15.343127
1.000000	12.000000	12.000000	423.000000	612.000000	43.000000	411.329832	610.233413	1.000000	16.630948
1.000000	13.000000	13.000000	515.000000	498.000000	34.000000	515.773662	496.260880	1.000000	18.493430
1.000000	14.000000	14.000000	341.000000	487.000000	32.000000	332.607296	494.941672	1.000000	19.566282
1.000000	15.000000	15.000000	441.000000	298.000000	13.000000	444.272500	281.888891	1.000000	20.654480
1.000000	16.000000	16.000000	547.000000	282.000000	14.000000	548.428945	280.333852	1.000000	21.798441
1.000000	17.000000	17.000000	655.000000	266.000000	15.000000	656.973455	272.334545	1.000000	23.213128
1.000000	18.000000	18.000000	640.000000	152.000000	5.000000	646.185508	144.386564	1.000000	24.077775
1.000000	19.000000	19.000000	537.000000	129.000000	4.000000	525.484032	136.618347	1.000000	24.790029
1.000000	20.000000	20.000000	193.000000	122.000000	1.000000	179.037378	130.064687	1.000000	25.639047
1.000000	21.000000	21.000000	214.000000	228.000000	11.000000	210.582069	246.544644	2.000000	27.517888
1.000000	22.000000	22.000000	287.000000	248.000000	12.000000	295.000738	252.584830	2.000000	28.239129
1.000000	23.000000	23.000000	415.000000	143.000000	3.000000	420.281155	138.430739	2.000000	29.390464
1.000000	24.000000	24.000000	531.000000	365.000000	24.000000	516.042741	382.883542	2.000000	30.461676
1.000000	25.000000	25.000000	343.000000	809.000000	62.000000	336.875326	824.987324	2.000000	32.373173
1.000000	26.000000	26.000000	346.000000	888.000000	72.000000	338.370321	881.599571	2.000000	33.911071
1.000000	27.000000	27.000000	405.000000	824.000000	63.000000	402.584726	816.639560	2.000000	34.862768
1.000000	28.000000	28.000000	555.000000	704.000000	54.000000	547.643156	717.251657	2.000000	35.901673
1.000000	29.000000	29.000000	540.000000	608.000000	44.000000	541.223548	599.702810	2.000000	36.917103
1.000000	30.000000	30.000000	762.000000	873.000000	76.000000	755.487881	886.769487	2.000000	38.150014
1.000000	31.000000	31.000000	773.000000	834.000000	66.000000	769.059439	824.741104	2.000000	38.869536
1.000000	32.000000	32.000000	956.000000	769.000000	68.000000	962.010881	764.293538	2.000000	40.205389
1.000000	33.000000	33.000000	1192.000000	885.000000	80.000000	1192.803755	904.574741	2.000000	41.622907
1.000000	34.000000	34.000000	1104.000000	700.000000	59.000000	1102.483447	698.326209	2.000000	42.445416
1.000000	35.000000	35.000000	1205.000000	650.000000	60.000000	1210.432185	653.442456	2.000000	43.301718
1.000000	36.000000	36.000000	976.000000	482.000000	38.000000	989.040832	478.788599	2.000000	44.462494
1.000000	37.000000	37.000000	866.000000	475.000000	37.000000	872.702902	480.122564	2.000000	45.173943
1.000000	38.000000	38.000000	737.000000	237.000000	16.000000	732.655796	233.109546	2.000000	46.765213
1.000000	39.000000	39.000000	997.000000	185.000000	8.000000	979.534385	186.259897	2.000000	47.549708
1.000000	40.000000	40.000000	1189.000000	170.000000	10.000000	1207.951683	164.210908	2.000000	48.351189
1.000000	1.000000	1.000000	734.000000	445.000000	36.000000	737.572312	445.555942	1.000000	2.302657
1.000000	2.000000	2.000000	858.000000	441.000000	37.000000	857.386892	440.347185	1.000000	2.887862
1.000000	3.000000	3.000000	856.000000	375.000000	27.000000	856.941667	358.410681	1.000000	3.334281
1.000000	4.000000	4.000000	961.000000	450.000000	38.000000	967.469237	460.450152	1.000000	3.935953
1.000000	5.000000	5.000000	1215.000000	687.000000	60.000000	1210.038694	696.345648	1.000000	4.894699
1.000000	6.000000	6.000000	1223.000000	883.000000	80.000000	1210.616576	879.174321	1.000000	5.615410
1.000000	7.000000	7.000000	1092.000000	862.000000	79.000000	1075.877823	864.455819	1.000000	6.166003
1.000000	8.000000	8.000000	983.000000	911.000000	78.000000	969.878469	911.378055	1.000000	6.910048
1.000000	9.000000	9.000000	876.000000	743.000000	67.000000	874.926358	755.910337	1.000000	7.735711
1.000000	10.000000	10.000000	840.000000	703.000000	57.000000	839.331998	697.413963	1.000000	8.278094
1.000000	11.000000	11.000000	778.000000	679.000000	56.000000	777.042518	676.451555	1.000000	8.783064
1.000000	12.000000	12.000000	321.000000	669.000000	52.000000	330.640756	678.113158	1.000000	10.182855
1.000000	13.000000	13.000000	329.000000	634.000000	42.000000	321.600017	613.054372	1.000000	10.543247
1.000000	14.000000	0.000000	244.000000	659.000000	51.000000	229.191720	685.718238	1.000000	11.192127
1.000000	15.000000	14.000000	238.000000	674.000000	51.000000	229.191720	685.718238	1.000000	11.535928
1.000000	16.000000	15.000000	218.000000	543.000000	41.000000	204.486114	543.167438	1.000000	12.262690
1.000000	17.000000	16.000000	419.000000	373.000000	23.000000	424.670846	359.436356	1.000000	13.318075
1.000000	18.000000	17.000000	538.000000	493.000000	34.000000	536.454964	498.098968	1.000000	13.902166
1.000000	19.000000	18.000000	658.000000	157.000000	5.000000	660.255033	141.318812	1.000000	14.974095
1.000000	20.000000	19.000000	1007.000000	137.000000	8.000000	988.736771	134.340592	1.000000	15.887295
1.000000	21.000000	20.000000	1204.000000	358.000000	30.000000	1190.016788	369.687938	1.000000	17.246638
1.000000	22.000000	0.000000	1216.000000	449.000000	40.000000	1210.366197	473.466960	2.000000	18.870723
1.000000	23.000000	21.000000	1222.000000	471.000000	40.000000	1210.366197	473.466960	2.000000	19.526406
1.000000	24.000000	22.000000	1098.000000	471.000000	39.000000	1099.910346	471.913073	2.000000	20.368067
1.000000	25.000000	23.000000	972.000000	265.000000	18.000000	958.332991	257.555132	2.000000	21.479302
1.000000	26.000000	24.000000	739.000000	123.000000	6.000000	735.759797	118.321073	2.000000	22.671264
1.000000	27.000000	25.000000	788.000000	374.000000	26.000000	782.147471	384.900729	2.000000	23.622428
1.000000	28.000000	26.000000	527.000000	333.000000	24.000000	517.137915	342.644883	2.000000	24.502547
1.000000	29.000000	27.000000	545.000000	279.000000	14.000000	538.893550	273.302882	2.000000	25.110637
1.000000	30.000000	28.000000	335.000000	261.000000	12.000000	319.815893	265.064626	2.000000	25.887101
1.000000	31.000000	29.000000	301.000000	183.000000	2.000000	290.734898	173.715898	2.000000	26.606828
1.000000	32.000000	30.000000	188.000000	288.000000	11.000000	187.067428	270.899176	2.000000	28.016299
1.000000	33.000000	31.000000	509.000000	670.000000	54.000000	509.813112	676.119020	2.000000	29.366056
1.000000	34.000000	32.000000	352.000000	761.000000	62.000000	340.435271	774.744164	2.000000	30.310311
1.000000	35.000000	33.000000	209.000000	767.000000	61.000000	197.970620	763.578988	2.000000	31.272016
1.000000	36.000000	34.000000	427.000000	881.000000	73.000000	409.623705	893.190464	2.000000	32.190552
1.000000	37.000000	35.000000	510.000000	875.000000	74.000000	509.262937	873.875642	2.000000	32.943705
1.000000	38.000000	36.000000	651.000000	717.000000	55.000000	645.552085	713.376591	2.000000	34.286932
1.000000	39.000000	37.000000	724.000000	564.000000	46.000000	733.394341	561.385898	2.000000	34.879291
1.000000	40.000000	38.000000	744.000000	868.000000	76.000000	735.562917	882.682778	2.000000	35.815312
1.000000	41.000000	39.000000	959.000000	711.000000	58.000000	965.149284	687.947689	2.000000	36.791877
1.000000	42.000000	0.000000	852.000000	562.000000	47.000000	876.501413	570.989756	2.000000	37.839993
1.000000	43.000000	40.000000	867.000000	566.000000	47.000000	876.501413	570.989756	2.000000	38.238929
2.000000	1.000000	1.000000	528.000000	127.000000	4.000000	512.536859	133.889634	2.000000	2.694999
2.000000	2.000000	2.000000	435.000000	257.000000	13.000000	411.397280	258.345481	2.000000	3.574685
2.000000	3.000000	3.000000	345.000000	246.000000	12.000000	333.429609	249.847437	1.000000	4.141268
2.000000	4.000000	4.000000	246.000000	200.000000	1.000000	231.234113	186.654784	2.000000	4.847011
2.000000	5.000000	5.000000	210.000000	379.000000	21.000000	214.115854	400.410612	1.000000	5.741775
2.000000	6.000000	6.000000	314.000000	429.000000	32.000000	318.090364	451.640743	2.000000	6.591093
2.000000	7.000000	7.000000	525.000000	304.000000	14.000000	512.919174	292.825497	2.000000	7.941253
2.000000	8.000000	8.000000	632.000000	281.000000	15.000000	641.109954	273.891302	2.000000	8.501632
2.000000	9.000000	9.000000	645.000000	355.000000	25.000000	642.799674	370.749545	2.000000	9.134790
2.000000	10.000000	10.000000	751.000000	346.000000	26.000000	754.124638	358.305682	2.000000	9.662425
2.000000	11.000000	11.000000	682.000000	438.000000	35.000000	666.620886	450.123099	2.000000	10.431052
2.000000	12.000000	12.000000	1068.000000	294.000000	19.000000	1065.286977	291.146842	2.000000	11.485703
2.000000	13.000000	13.000000	1097.000000	499.000000	39.000000	1106.142704	496.331956	2.000000	12.222896
2.000000	14.000000	14.000000	984.000000	559.000000	48.000000	994.972923	567.977435	2.000000	12.758972
2.000000	15.000000	15.000000	859.000000	667.000000	57.000000	862.786638	667.982419	2.000000	13.613572
2.000000	16.000000	16.000000	955.000000	706.000000	58.000000	952.818361	713.168465	2.000000	14.254929
2.000000	17.000000	17.000000	1084.000000	783.000000	69.000000	1100.672475	776.360183	2.000000	15.270535
2.000000	18.000000	18.000000	1218.000000	886.000000	80.000000	1215.863825	883.398710	2.000000	15.934692
2.000000	19.000000	19.000000	968.000000	899.000000	78.000000	959.051051	912.644829	2.000000	16.677128
2.000000	20.000000	20.000000	661.000000	817.000000	65.000000	657.704345	808.450945	2.000000	17.607272
2.000000	21.000000	21.000000	558.000000	583.000000	44.000000	556.158477	573.555824	2.000000	18.933689
2.000000	22.000000	22.000000	228.000000	685.000000	51.000000	227.583866	680.669799	2.000000	19.789641
2.000000	23.000000	23.000000	298.000000	810.000000	62.000000	294.575995	801.169209	1.000000	22.374713
2.000000	24.000000	0.000000	302.000000	880.000000	72.000000	296.928990	904.866416	1.000000	23.277413
2.000000	25.000000	24.000000	307.000000	888.000000	72.000000	296.928990	904.866416	1.000000	23.821651
2.000000	26.000000	25.000000	448.000000	790.000000	63.000000	439.533045	796.661094	1.000000	24.742539
2.000000	27.000000	26.000000	543.000000	809.000000	64.000000	543.922796	825.298052	1.000000	25.381877
2.000000	28.000000	27.000000	653.000000	685.000000	55.000000	656.107592	690.349610	1.000000	25.981179
2.000000	29.000000	28.000000	877.000000	798.000000	67.000000	868.790337	810.332513	1.000000	26.829952
2.000000	30.000000	29.000000	867.000000	860.000000	77.000000	862.944469	877.298638	1.000000	27.533092
2.000000	31.000000	30.000000	994.000000	809.000000	68.000000	985.526752	803.600720	1.000000	28.109579
2.000000	32.000000	31.000000	1097.000000	919.000000	79.000000	1076.918534	929.362694	1.000000	28.789790
2.000000	33.000000	32.000000	1212.000000	835.000000	70.000000	1210.311635	821.398476	1.000000	29.493281
2.000000	34.000000	33.000000	1184.000000	715.000000	60.000000	1179.273319	694.687256	1.000000	30.031126
2.000000	35.000000	34.000000	1211.000000	603.000000	50.000000	1216.869852	588.269865	1.000000	30.822883
2.000000	36.000000	35.000000	877.000000	600.000000	47.000000	879.319661	597.339710	1.000000	31.629469
2.000000	37.000000	36.000000	972.000000	368.000000	28.000000	961.891102	350.753294	1.000000	32.415256
2.000000	38.000000	37.000000	867.000000	360.000000	27.000000	846.820063	366.079361	1.000000	32.869687
2.000000	39.000000	0.000000	887.000000	285.000000	17.000000	875.197181	262.810953	1.000000	33.557545
2.000000	40.000000	38.000000	779.000000	272.000000	16.000000	780.465198	263.498121	1.000000	34.246646
2.000000	41.000000	39.000000	875.000000	274.000000	17.000000	875.197181	262.810953	1.000000	34.750211
2.000000	42.000000	40.000000	1193.000000	175.000000	10.000000	1200.672750	159.993170	1.000000	35.884905
3.000000	1.000000	1.000000	313.000000	265.000000	12.000000	311.573636	286.960687	1.000000	3.253179
3.000000	2.000000	2.000000	198.000000	257.000000	11.000000	191.891562	246.345303	1.000000	3.877694
3.000000	3.000000	3.000000	212.000000	365.000000	21.000000	214.819570	381.380769	1.000000	4.469640
3.000000	4.000000	4.000000	231.000000	560.000000	41.000000	228.647648	580.954091	1.000000	5.541253
3.000000	5.000000	5.000000	188.000000	658.000000	51.000000	181.223907	662.713034	1.000000	6.086255
3.000000	6.000000	6.000000	194.000000	766.000000	61.000000	193.069413	786.213657	1.000000	6.766717
3.000000	7.000000	7.000000	183.000000	923.000000	71.000000	180.228728	929.243957	1.000000	7.861209
3.000000	8.000000	8.000000	317.000000	709.000000	52.000000	319.362312	693.988644	1.000000	8.573438
3.000000	9.000000	9.000000	334.000000	920.000000	72.000000	319.164361	925.640711	1.000000	9.612714
3.000000	10.000000	10.000000	536.000000	896.000000	74.000000	539.632446	906.666434	1.000000	10.389761
3.000000	11.000000	11.000000	777.000000	864.000000	76.000000	769.138081	874.403208	1.000000	11.500999
3.000000	12.000000	12.000000	745.000000	702.000000	56.000000	737.015587	691.190728	1.000000	12.286001
3.000000	13.000000	13.000000	734.000000	376.000000	26.000000	727.580588	398.292307	1.000000	13.293205
3.000000	14.000000	14.000000	542.000000	380.000000	24.000000	533.022531	386.387697	1.000000	13.941821
3.000000	15.000000	15.000000	625.000000	248.000000	15.000000	627.517522	242.988410	1.000000	14.484691
3.000000	16.000000	16.000000	751.000000	148.000000	6.000000	755.408025	160.287730	1.000000	15.628529
3.000000	17.000000	17.000000	840.000000	328.000000	27.000000	848.915993	338.112691	1.000000	16.262620
3.000000	18.000000	18.000000	1002.000000	338.000000	28.000000	992.948996	340.096129	1.000000	16.829271
3.000000	19.000000	19.000000	1097.000000	379.000000	29.000000	1093.776440	391.764192	1.000000	17.453147
3.000000	20.000000	20.000000	1068.000000	688.000000	59.000000	1064.159924	694.086661	1.000000	18.581675
3.000000	21.000000	21.000000	432.000000	275.000000	13.000000	425.183049	275.494861	2.000000	20.796578
3.000000	22.000000	22.000000	512.000000	271.000000	14.000000	523.337933	258.152507	2.000000	21.165807
3.000000	23.000000	23.000000	228.000000	462.000000	31.000000	231.243836	448.985400	2.000000	21.932622
3.000000	24.000000	24.000000	317.000000	489.000000	32.000000	331.318848	492.677298	2.000000	22.524954
3.000000	25.000000	25.000000	338.000000	607.000000	42.000000	320.981683	601.742978	2.000000	23.182075
3.000000	26.000000	26.000000	441.000000	779.000000	63.000000	435.940389	799.854627	2.000000	24.300977
3.000000	27.000000	0.000000	448.000000	665.000000	53.000000	441.484886	690.199729	2.000000	24.814754
3.000000	28.000000	27.000000	446.000000	676.000000	53.000000	441.484886	690.199729	2.000000	25.205407
3.000000	29.000000	28.000000	445.000000	579.000000	43.000000	442.946495	555.740187	2.000000	25.845272
3.000000	30.000000	29.000000	392.000000	880.000000	73.000000	405.130741	880.175417	2.000000	26.756537
3.000000	31.000000	30.000000	856.000000	495.000000	37.000000	861.794125	500.135009	2.000000	28.308571
3.000000	32.000000	31.000000	883.000000	577.000000	47.000000	864.700166	569.826844	2.000000	29.708582
3.000000	33.000000	32.000000	902.000000	721.000000	57.000000	891.121016	716.141461	2.000000	30.452462
3.000000	34.000000	0.000000	980.000000	894.000000	78.000000	955.840119	907.953394	2.000000	31.196665
3.000000	35.000000	33.000000	960.000000	899.000000	78.000000	955.840119	907.953394	2.000000	31.590685
3.000000	36.000000	34.000000	1089.000000	917.000000	79.000000	1081.321023	928.304473	2.000000	32.382270
3.000000	37.000000	35.000000	1176.000000	902.000000	80.000000	1171.641216	909.419009	2.000000	33.158651
3.000000	38.000000	36.000000	1197.000000	684.000000	60.000000	1194.373595	700.340032	2.000000	34.252885
3.000000	39.000000	37.000000	1209.000000	309.000000	20.000000	1197.656151	293.450178	2.000000	35.789218
3.000000	40.000000	38.000000	973.000000	439.000000	38.000000	988.303261	439.858862	2.000000	36.542668
3.000000	41.000000	39.000000	972.000000	262.000000	18.000000	969.261087	255.265070	2.000000	37.156842
3.000000	42.000000	40.000000	1088.000000	178.000000	9.000000	1097.308466	166.416196	2.000000	37.878006
4.000000	1.000000	1.000000	400.000000	149.000000	3.000000	398.759456	163.505793	1.000000	4.081435
4.000000	2.000000	2.000000	188.000000	110.000000	1.000000	199.919284	128.017705	1.000000	4.746524
4.000000	3.000000	3.000000	521.000000	109.000000	4.000000	536.683977	123.167195	1.000000	5.458441
4.000000	4.000000	4.000000	646.000000	124.000000	5.000000	637.352463	127.815002	1.000000	6.184340
4.000000	5.000000	5.000000	513.000000	366.000000	24.000000	518.047281	374.201652	1.000000	8.232490
4.000000	6.000000	6.000000	189.000000	587.000000	41.000000	198.284859	586.189581	1.000000	9.705529
4.000000	7.000000	7.000000	622.000000	474.000000	35.000000	622.902131	469.775504	1.000000	10.808734
4.000000	8.000000	8.000000	672.000000	564.000000	45.000000	666.364534	565.003330	1.000000	11.593368
4.000000	9.000000	9.000000	776.000000	495.000000	36.000000	771.169541	496.606473	1.000000	12.217963
4.000000	10.000000	10.000000	862.000000	382.000000	27.000000	858.312083	387.644144	1.000000	13.104442
4.000000	11.000000	11.000000	980.000000	248.000000	18.000000	977.124458	241.927566	1.000000	13.664534
4.000000	12.000000	12.000000	1219.000000	639.000000	60.000000	1221.025074	658.181601	1.000000	15.497773
4.000000	13.000000	0.000000	991.000000	596.000000	48.000000	962.646583	606.902072	1.000000	16.329904
4.000000	14.000000	13.000000	965.000000	605.000000	48.000000	962.646583	606.902072	1.000000	16.713820
4.000000	15.000000	14.000000	967.000000	693.000000	58.000000	958.575665	702.348585	1.000000	17.489718
4.000000	16.000000	15.000000	881.000000	708.000000	57.000000	879.487824	714.685568	1.000000	18.065175
4.000000	17.000000	16.000000	892.000000	748.000000	67.000000	884.221605	763.018713	1.000000	18.578061
4.000000	18.000000	17.000000	1086.000000	921.000000	79.000000	1069.987136	912.082078	1.000000	20.168470
4.000000	19.000000	18.000000	1212.000000	879.000000	80.000000	1220.680991	873.457083	1.000000	20.681232
4.000000	20.000000	19.000000	563.000000	913.000000	74.000000	558.320840	930.970794	1.000000	21.737545
4.000000	21.000000	20.000000	284.000000	928.000000	72.000000	291.744450	922.580622	1.000000	22.442544
4.000000	22.000000	21.000000	668.000000	246.000000	15.000000	666.738669	250.195886	2.000000	25.153932
4.000000	23.000000	22.000000	547.000000	264.000000	14.000000	552.265342	275.654135	2.000000	25.689618
4.000000	24.000000	23.000000	441.000000	265.000000	13.000000	437.677077	278.583166	2.000000	26.194363
4.000000	25.000000	24.000000	332.000000	282.000000	12.000000	327.152958	283.936839	2.000000	26.834361
4.000000	26.000000	25.000000	432.000000	360.000000	23.000000	426.293583	373.955685	2.000000	27.433303
4.000000	27.000000	26.000000	558.000000	436.000000	34.000000	546.979912	439.036385	2.000000	28.090340
4.000000	28.000000	27.000000	402.000000	492.000000	33.000000	399.810643	496.889650	2.000000	28.761234
4.000000	29.000000	28.000000	653.000000	397.000000	25.000000	659.083249	387.395769	2.000000	29.497906
4.000000	30.000000	29.000000	552.000000	570.000000	44.000000	544.837761	591.362750	2.000000	30.057983
4.000000	31.000000	30.000000	423.000000	601.000000	43.000000	410.696629	604.268574	2.000000	30.522312
4.000000	32.000000	31.000000	313.000000	593.000000	42.000000	301.939656	588.393836	2.000000	30.994004
4.000000	33.000000	0.000000	240.000000	637.000000	51.000000	222.708580	664.194888	2.000000	31.417027
4.000000	34.000000	32.000000	228.000000	650.000000	51.000000	222.708580	664.194888	2.000000	31.801318
4.000000	35.000000	33.000000	218.000000	463.000000	31.000000	220.315289	473.890681	2.000000	32.554238
4.000000	36.000000	34.000000	318.000000	769.000000	62.000000	314.702311	787.063740	2.000000	33.480517
4.000000	37.000000	35.000000	438.000000	813.000000	63.000000	432.632428	796.054095	2.000000	34.121082
4.000000	38.000000	36.000000	657.000000	787.000000	65.000000	655.288498	774.684699	2.000000	35.544513
4.000000	39.000000	37.000000	967.000000	895.000000	78.000000	954.614218	902.739833	2.000000	36.608794
4.000000	40.000000	38.000000	1226.000000	525.000000	40.000000	1220.335342	505.693067	2.000000	37.897777
4.000000	41.000000	39.000000	889.000000	145.000000	7.000000	877.153221	163.041478	2.000000	39.570423
4.000000	42.000000	40.000000	1115.000000	223.000000	19.000000	1109.095716	233.599930	2.000000	40.258403
5.000000	1.000000	1.000000	1184.000000	282.000000	20.000000	1180.279513	293.193273	4.000000	1.122404
6.000000	1.000000	1.000000	315.000000	123.000000	2.000000	312.111681	126.434637	1.000000	2.800614
6.000000	2.000000	2.000000	169.000000	171.000000	1.000000	178.817180	173.852315	1.000000	3.751963
6.000000	3.000000	3.000000	213.000000	228.000000	11.000000	204.555563	246.440837	1.000000	4.336467
6.000000	4.000000	4.000000	522.000000	143.000000	4.000000	535.776390	144.550138	1.000000	5.256741
6.000000	5.000000	5.000000	443.000000	371.000000	23.000000	448.853795	384.989090	1.000000	5.912476
6.000000	6.000000	6.000000	579.000000	448.000000	34.000000	556.501314	449.817693	1.000000	6.800275
6.000000	7.000000	0.000000	571.000000	539.000000	44.000000	556.799905	574.512981	1.000000	7.415077
6.000000	8.000000	7.000000	557.000000	566.000000	44.000000	556.799905	574.512981	1.000000	7.752765
6.000000	9.000000	8.000000	436.000000	605.000000	43.000000	438.512376	606.965622	1.000000	8.447643
6.000000	10.000000	9.000000	205.000000	593.000000	41.000000	205.012190	610.965802	1.000000	9.160999
6.000000	11.000000	10.000000	960.000000	889.000000	78.000000	959.356991	884.218054	1.000000	10.823461
6.000000	12.000000	11.000000	874.000000	766.000000	67.000000	875.947497	776.443092	1.000000	11.336454
6.000000	13.000000	12.000000	1186.000000	776.000000	70.000000	1182.264006	788.235789	1.000000	12.592418
6.000000	14.000000	13.000000	986.000000	494.000000	38.000000	991.248030	475.012087	1.000000	13.735178
6.000000	15.000000	14.000000	857.000000	470.000000	37.000000	871.678798	469.700749	1.000000	14.631776
6.000000	16.000000	15.000000	768.000000	296.000000	16.000000	761.303752	292.824625	1.000000	15.736616
6.000000	17.000000	16.000000	772.000000	315.000000	26.000000	766.453251	332.548640	1.000000	16.095236
6.000000	18.000000	17.000000	895.000000	326.000000	27.000000	881.048151	331.731382	1.000000	16.751879
6.000000	19.000000	18.000000	966.000000	288.000000	18.000000	960.729018	287.349757	1.000000	17.248160
6.000000	20.000000	19.000000	955.000000	174.000000	8.000000	958.909258	180.007694	1.000000	17.777020
6.000000	21.000000	20.000000	1081.000000	254.000000	19.000000	1087.647042	264.067433	1.000000	18.535168
6.000000	22.000000	21.000000	527.000000	358.000000	24.000000	531.257930	368.657536	2.000000	20.903052
6.000000	23.000000	22.000000	304.000000	439.000000	32.000000	294.566755	440.796761	2.000000	21.800082
6.000000	24.000000	23.000000	180.000000	470.000000	31.000000	181.065638	473.809257	2.000000	22.600616
6.000000	25.000000	24.000000	433.000000	478.000000	33.000000	431.181876	485.307014	2.000000	23.391795
6.000000	26.000000	0.000000	425.000000	648.000000	53.000000	416.561929	674.337709	2.000000	24.239580
6.000000	27.000000	0.000000	415.000000	709.000000	53.000000	416.561929	674.337709	2.000000	24.592939
6.000000	28.000000	25.000000	423.000000	687.000000	53.000000	416.561929	674.337709	2.000000	25.087753
6.000000	29.000000	26.000000	307.000000	766.000000	62.000000	320.428324	777.046607	2.000000	25.951415
6.000000	30.000000	27.000000	187.000000	806.000000	61.000000	190.466172	820.032714	2.000000	26.760188
6.000000	31.000000	28.000000	391.000000	866.000000	73.000000	399.658395	864.174825	2.000000	27.886984
6.000000	32.000000	29.000000	549.000000	868.000000	74.000000	536.739427	877.468800	2.000000	28.672707
6.000000	33.000000	30.000000	659.000000	784.000000	65.000000	661.155829	793.326537	2.000000	29.303003
6.000000	34.000000	31.000000	783.000000	916.000000	76.000000	780.030146	928.795607	2.000000	30.216914
6.000000	35.000000	32.000000	865.000000	901.000000	77.000000	859.586074	914.990273	2.000000	30.751890
6.000000	36.000000	33.000000	770.000000	690.000000	56.000000	762.683499	681.362729	2.000000	31.655307
6.000000	37.000000	34.000000	656.000000	592.000000	45.000000	665.696602	589.247098	2.000000	32.488224
6.000000	38.000000	35.000000	1087.000000	922.000000	79.000000	1073.584721	925.789966	2.000000	34.311608
6.000000	39.000000	36.000000	1068.000000	799.000000	69.000000	1075.631853	784.642396	2.000000	35.160159
6.000000	40.000000	37.000000	1015.000000	584.000000	48.000000	998.672561	588.354377	2.000000	36.520153
6.000000	41.000000	38.000000	1095.000000	554.000000	49.000000	1092.859642	546.542581	2.000000	37.127370
6.000000	42.000000	39.000000	1230.000000	583.000000	50.000000	1213.856111	597.663577	2.000000	37.831170
6.000000	43.000000	40.000000	969.000000	382.000000	28.000000	957.152156	382.521128	2.000000	38.935927
7.000000	1.000000	1.000000	188.000000	124.000000	1.000000	184.322529	122.973232	2.000000	2.849444
7.000000	2.000000	2.000000	564.000000	176.000000	4.000000	545.637312	187.706845	2.000000	4.818135
7.000000	3.000000	3.000000	635.000000	163.000000	5.000000	628.400849	167.085133	2.000000	5.282048
7.000000	4.000000	4.000000	778.000000	160.000000	6.000000	779.656031	168.185962	2.000000	6.071936
7.000000	5.000000	5.000000	326.000000	145.000000	2.000000	333.169956	154.064657	1.000000	7.153014
7.000000	6.000000	6.000000	320.000000	279.000000	12.000000	321.792408	291.928171	1.000000	7.856119
7.000000	7.000000	7.000000	210.000000	249.000000	11.000000	200.441788	258.897625	1.000000	8.552510
7.000000	8.000000	8.000000	447.000000	369.000000	23.000000	442.121252	380.233253	1.000000	9.376743
7.000000	9.000000	9.000000	637.000000	252.000000	15.000000	633.347471	254.459656	1.000000	10.057571
7.000000	10.000000	10.000000	790.000000	367.000000	26.000000	778.791588	375.040100	1.000000	10.936913
7.000000	11.000000	11.000000	962.000000	362.000000	28.000000	947.910265	364.246183	1.000000	11.594120
7.000000	12.000000	12.000000	1222.000000	343.000000	30.000000	1203.979369	354.916245	1.000000	12.232584
7.000000	13.000000	0.000000	1202.000000	441.000000	40.000000	1200.557095	478.896736	1.000000	12.704192
7.000000	14.000000	13.000000	1210.000000	462.000000	40.000000	1200.557095	478.896736	1.000000	13.240278
7.000000	15.000000	14.000000	1209.000000	574.000000	50.000000	1204.404293	597.380504	1.000000	13.681424
7.000000	16.000000	0.000000	1198.000000	668.000000	60.000000	1177.383291	686.492591	1.000000	14.129455
7.000000	17.000000	15.000000	1174.000000	680.000000	60.000000	1177.383291	686.492591	1.000000	14.457814
7.000000	18.000000	16.000000	1086.000000	705.000000	59.000000	1075.738200	715.333971	1.000000	15.001130
7.000000	19.000000	17.000000	1068.000000	833.000000	69.000000	1059.659407	820.828007	1.000000	15.728813
7.000000	20.000000	18.000000	976.000000	873.000000	78.000000	966.765319	879.359822	1.000000	16.353552
7.000000	21.000000	19.000000	878.000000	491.000000	37.000000	874.807593	480.937352	1.000000	17.385617
7.000000	22.000000	20.000000	753.000000	573.000000	46.000000	746.983130	585.485834	1.000000	17.937511
7.000000	23.000000	21.000000	749.000000	676.000000	56.000000	757.095637	686.823899	1.000000	18.377755
7.000000	24.000000	22.000000	656.000000	608.000000	45.000000	647.771912	605.235598	1.000000	19.041214
7.000000	25.000000	23.000000	517.000000	868.000000	74.000000	518.395912	887.917156	1.000000	19.889430
7.000000	26.000000	24.000000	447.000000	829.000000	63.000000	442.562415	814.837150	1.000000	20.513417
7.000000	27.000000	25.000000	331.000000	388.000000	22.000000	317.710818	392.879756	2.000000	22.232676
7.000000	28.000000	26.000000	224.000000	476.000000	31.000000	226.053847	485.522222	2.000000	22.936162
7.000000	29.000000	27.000000	221.000000	536.000000	41.000000	210.695620	554.780969	2.000000	23.393053
7.000000	30.000000	28.000000	334.000000	603.000000	42.000000	340.679988	598.566617	2.000000	23.967919
7.000000	31.000000	29.000000	430.000000	901.000000	73.000000	436.997343	906.694699	2.000000	25.609565
7.000000	32.000000	30.000000	526.000000	431.000000	34.000000	526.036956	441.108788	2.000000	26.961905
7.000000	33.000000	31.000000	628.000000	447.000000	35.000000	619.411386	448.960307	2.000000	27.592054
7.000000	34.000000	32.000000	637.000000	397.000000	25.000000	644.148423	397.970596	2.000000	27.961179
7.000000	35.000000	33.000000	973.000000	112.000000	8.000000	987.383656	118.626732	2.000000	28.745849
7.000000	36.000000	34.000000	998.000000	278.000000	18.000000	989.192146	281.710135	2.000000	29.521619
7.000000	37.000000	35.000000	1098.000000	240.000000	19.000000	1088.016897	254.681588	2.000000	29.961782
7.000000	38.000000	36.000000	1203.000000	266.000000	20.000000	1200.593971	281.176081	2.000000	30.369682
7.000000	39.000000	37.000000	1073.000000	567.000000	49.000000	1071.734536	585.775624	2.000000	31.602023
7.000000	40.000000	38.000000	1192.000000	779.000000	70.000000	1206.706343	778.235662	2.000000	32.664088
7.000000	41.000000	39.000000	880.000000	768.000000	67.000000	873.031358	762.937554	2.000000	33.562113
7.000000	42.000000	40.000000	735.000000	926.000000	76.000000	737.250520	916.174503	2.000000	34.618167
8.000000	1.000000	1.000000	219.000000	113.000000	1.000000	206.706531	119.670237	1.000000	1.702954
8.000000	2.000000	2.000000	328.000000	150.000000	2.000000	319.673351	170.602845	1.000000	2.158451
8.000000	3.000000	3.000000	206.000000	344.000000	21.000000	197.899257	362.047776	1.000000	2.958636
8.000000	4.000000	4.000000	309.000000	379.000000	22.000000	318.513195	379.956504	1.000000	3.398507
8.000000	5.000000	0.000000	297.000000	409.000000	32.000000	297.269816	441.287839	1.000000	3.837749
8.000000	6.000000	5.000000	306.000000	433.000000	32.000000	297.269816	441.287839	1.000000	4.231631
8.000000	7.000000	6.000000	296.000000	713.000000	52.000000	289.231714	705.388671	1.000000	5.749850
8.000000	8.000000	7.000000	306.000000	860.000000	72.000000	296.444285	867.985621	1.000000	6.663078
8.000000	9.000000	8.000000	407.000000	914.000000	73.000000	416.159437	915.894915	1.000000	7.311697
8.000000	10.000000	9.000000	641.000000	882.000000	75.000000	640.482534	888.942654	1.000000	8.399152
8.000000	11.000000	10.000000	796.000000	910.000000	76.000000	781.075027	916.148633	1.000000	9.102514
8.000000	12.000000	11.000000	1083.000000	872.000000	79.000000	1071.321407	876.672870	1.000000	9.783782
8.000000	13.000000	12.000000	1094.000000	771.000000	69.000000	1101.567887	763.221762	1.000000	10.351560
8.000000	14.000000	0.000000	1174.000000	788.000000	70.000000	1204.563487	780.500507	1.000000	11.013863
8.000000	15.000000	13.000000	1197.000000	785.000000	70.000000	1204.563487	780.500507	1.000000	11.430206
8.000000	16.000000	14.000000	876.000000	655.000000	57.000000	852.784735	651.635709	1.000000	12.615350
8.000000	17.000000	15.000000	681.000000	675.000000	55.000000	662.759689	685.756603	1.000000	13.535709
8.000000	18.000000	16.000000	549.000000	627.000000	44.000000	545.224543	611.772225	1.000000	14.254285
8.000000	19.000000	17.000000	752.000000	443.000000	36.000000	739.715969	461.275191	1.000000	15.175600
8.000000	20.000000	18.000000	763.000000	396.000000	26.000000	753.706479	393.027956	1.000000	15.526170
8.000000	21.000000	19.000000	791.000000	255.000000	16.000000	781.865607	273.318741	1.000000	16.407753
8.000000	22.000000	20.000000	1182.000000	350.000000	30.000000	1169.780387	354.181247	1.000000	17.407593
8.000000	23.000000	21.000000	548.000000	152.000000	4.000000	539.443514	154.307697	2.000000	18.870025
8.000000	24.000000	22.000000	543.000000	268.000000	14.000000	548.373860	280.029545	2.000000	19.431566
8.000000	25.000000	23.000000	235.000000	444.000000	31.000000	231.657150	437.834921	2.000000	20.511429
8.000000	26.000000	24.000000	307.000000	561.000000	42.000000	301.463023	558.013764	2.000000	20.982839
8.000000	27.000000	25.000000	436.000000	483.000000	33.000000	443.648367	481.792240	2.000000	21.751735
8.000000	28.000000	26.000000	424.000000	688.000000	53.000000	426.574351	689.392900	2.000000	22.693998
8.000000	29.000000	27.000000	438.000000	750.000000	63.000000	435.959654	774.766689	2.000000	23.262566
8.000000	30.000000	0.000000	338.000000	781.000000	62.000000	327.983288	804.000332	2.000000	23.766716
8.000000	31.000000	28.000000	339.000000	796.000000	62.000000	327.983288	804.000332	2.000000	24.605793
8.000000	32.000000	29.000000	521.000000	812.000000	64.000000	527.775658	817.555454	2.000000	25.302085
8.000000	33.000000	30.000000	536.000000	906.000000	74.000000	530.435561	895.916062	2.000000	25.886980
8.000000	34.000000	31.000000	760.000000	791.000000	66.000000	746.598339	791.236008	2.000000	26.911541
8.000000	35.000000	32.000000	1101.000000	691.000000	59.000000	1089.232124	688.761310	2.000000	27.999632
8.000000	36.000000	33.000000	1210.000000	692.000000	60.000000	1221.354711	692.970341	2.000000	28.567335
8.000000	37.000000	34.000000	1212.000000	605.000000	50.000000	1209.288556	584.002091	2.000000	29.310333
8.000000	38.000000	35.000000	1117.000000	604.000000	49.000000	1110.387149	581.103984	2.000000	29.742282
8.000000	39.000000	36.000000	1059.000000	365.000000	29.000000	1063.055899	348.363198	2.000000	30.517932
8.000000	40.000000	37.000000	1104.000000	214.000000	19.000000	1111.681061	231.483155	2.000000	31.325802
8.000000	41.000000	38.000000	1187.000000	232.000000	20.000000	1173.317488	248.702586	2.000000	31.845718
8.000000	42.000000	39.000000	859.000000	360.000000	27.000000	865.168178	372.150530	2.000000	32.926811
8.000000	43.000000	40.000000	892.000000	281.000000	17.000000	883.056172	277.474956	2.000000	33.373813
9.000000	1.000000	1.000000	230.000000	315.000000	21.000000	223.907538	333.756137	1.000000	3.563208
9.000000	2.000000	2.000000	332.000000	560.000000	42.000000	339.473046	572.277985	1.000000	4.522427
9.000000	3.000000	3.000000	517.000000	475.000000	34.000000	515.542252	468.591606	1.000000	5.218739
9.000000	4.000000	4.000000	550.000000	648.000000	54.000000	552.099507	649.245028	1.000000	5.810472
9.000000	5.000000	5.000000	441.000000	652.000000	53.000000	430.545275	652.894261	1.000000	6.258955
9.000000	6.000000	6.000000	208.000000	693.000000	51.000000	191.143043	710.014082	1.000000	7.091841
9.000000	7.000000	7.000000	348.000000	927.000000	72.000000	336.451494	919.327036	1.000000	7.987992
9.000000	8.000000	0.000000	455.000000	879.000000	73.000000	430.588373	891.785855	1.000000	8.458342
9.000000	9.000000	8.000000	445.000000	881.000000	73.000000	430.588373	891.785855	1.000000	8.890716
9.000000	10.000000	9.000000	543.000000	915.000000	74.000000	545.815617	923.164518	1.000000	9.547911
9.000000	11.000000	10.000000	656.000000	667.000000	55.000000	657.212494	665.528417	1.000000	10.819305
9.000000	12.000000	11.000000	651.000000	565.000000	45.000000	644.386602	589.015576	1.000000	11.716343
9.000000	13.000000	12.000000	742.000000	539.000000	46.000000	737.635572	543.139564	1.000000	12.354222
9.000000	14.000000	13.000000	1008.000000	387.000000	28.000000	1000.685243	390.780686	1.000000	13.810878
9.000000	15.000000	14.000000	987.000000	146.000000	8.000000	986.971626	165.283964	1.000000	14.739011
9.000000	16.000000	15.000000	1100.000000	260.000000	19.000000	1086.087716	266.930939	1.000000	15.435755
9.000000	17.000000	16.000000	1100.000000	328.000000	29.000000	1084.870797	343.204111	1.000000	15.850735
9.000000	18.000000	17.000000	1167.000000	288.000000	20.000000	1172.976304	291.170990	1.000000	16.379291
9.000000	19.000000	18.000000	1229.000000	403.000000	30.000000	1214.534453	387.278326	1.000000	17.034469
9.000000	20.000000	19.000000	1112.000000	471.000000	39.000000	1106.863964	475.636879	1.000000	17.770875
9.000000	21.000000	20.000000	1227.000000	774.000000	70.000000	1212.568314	769.575776	1.000000	18.828551
9.000000	22.000000	21.000000	980.000000	824.000000	68.000000	971.411931	820.890043	2.000000	20.491122
9.000000	23.000000	22.000000	1080.000000	780.000000	69.000000	1080.390550	775.014935	2.000000	20.923660
9.000000	24.000000	23.000000	1230.000000	698.000000	60.000000	1220.609211	693.908768	2.000000	21.491602
9.000000	25.000000	24.000000	896.000000	459.000000	37.000000	888.856666	463.347522	2.000000	22.410736
9.000000	26.000000	25.000000	1081.000000	145.000000	9.000000	1093.626762	159.762786	2.000000	23.379560
9.000000	27.000000	26.000000	758.000000	363.000000	26.000000	742.979067	359.385254	2.000000	25.052430
9.000000	28.000000	0.000000	656.000000	317.000000	25.000000	671.801545	337.603603	2.000000	25.491235
9.000000	29.000000	27.000000	688.000000	335.000000	25.000000	671.801545	337.603603	2.000000	26.051996
9.000000	30.000000	28.000000	525.000000	325.000000	24.000000	514.289734	330.831890	2.000000	26.907097
9.000000	31.000000	29.000000	460.000000	170.000000	3.000000	450.531669	176.730883	2.000000	27.771759
9.000000	32.000000	0.000000	418.000000	349.000000	23.000000	415.596609	375.974141	2.000000	28.627070
9.000000	33.000000	30.000000	411.000000	378.000000	23.000000	415.596609	375.974141	2.000000	29.227512
9.000000	34.000000	31.000000	314.000000	366.000000	22.000000	309.859881	367.556739	2.000000	29.947951
9.000000	35.000000	32.000000	443.000000	498.000000	33.000000	438.971544	495.852970	2.000000	30.754559
9.000000	36.000000	0.000000	442.000000	561.000000	43.000000	424.654623	589.038762	2.000000	31.260208
9.000000	37.000000	33.000000	424.000000	574.000000	43.000000	424.654623	589.038762	2.000000	31.562378
9.000000	38.000000	34.000000	522.000000	581.000000	44.000000	535.040103	586.747610	2.000000	32.090592
9.000000	39.000000	35.000000	553.000000	813.000000	64.000000	549.812581	817.202753	2.000000	32.931669
9.000000	40.000000	36.000000	433.000000	757.000000	63.000000	423.123902	757.645497	2.000000	33.875178
9.000000	41.000000	37.000000	319.000000	766.000000	62.000000	305.977180	774.073705	2.000000	34.460314
9.000000	42.000000	38.000000	216.000000	889.000000	71.000000	208.865845	892.046290	2.000000	35.491120
9.000000	43.000000	39.000000	191.000000	589.000000	41.000000	186.181763	600.571364	2.000000	36.546297
9.000000	44.000000	40.000000	187.000000	464.000000	31.000000	184.079213	461.210530	2.000000	37.612387
10.000000	1.000000	1.000000	533.000000	164.000000	4.000000	541.117368	177.316529	1.000000	1.313902
10.000000	2.000000	2.000000	574.000000	221.000000	14.000000	559.861580	236.604922	1.000000	1.873518
10.000000	3.000000	3.000000	202.000000	577.000000	41.000000	190.930831	590.839753	1.000000	3.993003
10.000000	4.000000	4.000000	321.000000	693.000000	52.000000	311.763588	682.188826	1.000000	4.730345
10.000000	5.000000	5.000000	299.000000	802.000000	62.000000	305.024060	809.631100	1.000000	5.449495
10.000000	6.000000	6.000000	209.000000	761.000000	61.000000	203.946137	762.262712	1.000000	6.297433
10.000000	7.000000	7.000000	648.000000	854.000000	75.000000	640.391323	870.864268	1.000000	7.201372
10.000000	8.000000	8.000000	735.000000	894.000000	76.000000	747.755755	901.476942	1.000000	7.753530
10.000000	9.000000	9.000000	748.000000	772.000000	66.000000	743.869359	785.626907	1.000000	8.354003
10.000000	10.000000	10.000000	660.000000	775.000000	65.000000	669.858609	777.547822	1.000000	8.842789
10.000000	11.000000	11.000000	548.000000	712.000000	54.000000	549.664889	710.738559	1.000000	9.722215
10.000000	12.000000	12.000000	677.000000	697.000000	55.000000	670.346763	695.731717	1.000000	10.249174
10.000000	13.000000	13.000000	731.000000	692.000000	56.000000	730.434948	697.602682	1.000000	10.610427
10.000000	14.000000	14.000000	669.000000	608.000000	45.000000	665.831851	604.575983	1.000000	11.690729
10.000000	15.000000	15.000000	855.000000	442.000000	37.000000	867.611004	436.956971	1.000000	12.448794
10.000000	16.000000	16.000000	983.000000	484.000000	38.000000	959.740792	482.666780	1.000000	13.136806
10.000000	17.000000	17.000000	1081.000000	329.000000	29.000000	1071.489510	341.054205	1.000000	14.424786
10.000000	18.000000	18.000000	1189.000000	231.000000	20.000000	1184.911004	229.203519	1.000000	14.953375
10.000000	19.000000	19.000000	1202.000000	663.000000	60.000000	1208.390115	653.056452	1.000000	15.938290
10.000000	20.000000	20.000000	1114.000000	881.000000	79.000000	1108.442223	874.907986	1.000000	16.705689
10.000000	21.000000	21.000000	1233.000000	773.000000	70.000000	1218.953837	774.962780	2.000000	17.370819
10.000000	22.000000	0.000000	994.000000	881.000000	78.000000	962.864412	888.728532	2.000000	18.208856
10.000000	23.000000	22.000000	973.000000	882.000000	78.000000	962.864412	888.728532	2.000000	18.641872
10.000000	24.000000	23.000000	883.000000	822.000000	67.000000	875.314742	808.961540	2.000000	19.329931
10.000000	25.000000	24.000000	977.000000	773.000000	68.000000	981.208136	767.737966	2.000000	19.833514
10.000000	26.000000	25.000000	959.000000	690.000000	58.000000	958.084579	714.072413	2.000000	20.258633
10.000000	27.000000	26.000000	1080.000000	707.000000	59.000000	1070.331229	700.003966	2.000000	20.785431
10.000000	28.000000	27.000000	1078.000000	587.000000	49.000000	1068.081882	591.760608	2.000000	21.504833
10.000000	29.000000	28.000000	1162.000000	379.000000	30.000000	1176.544260	389.421049	2.000000	22.401407
10.000000	30.000000	29.000000	821.000000	126.000000	7.000000	839.333318	126.137958	2.000000	24.466163
10.000000	31.000000	30.000000	792.000000	241.000000	16.000000	777.394885	247.621671	2.000000	25.097362
10.000000	32.000000	31.000000	639.000000	172.000000	5.000000	631.692791	168.513829	2.000000	25.721785
10.000000	33.000000	32.000000	636.000000	446.000000	35.000000	643.654596	465.363960	2.000000	26.616990
10.000000	34.000000	33.000000	461.000000	486.000000	33.000000	449.062978	493.472231	2.000000	27.338958
10.000000	35.000000	34.000000	425.000000	722.000000	53.000000	425.334895	703.151096	2.000000	28.456882
10.000000	36.000000	35.000000	425.000000	810.000000	63.000000	414.025431	796.163147	2.000000	28.888944
10.000000	37.000000	36.000000	419.000000	884.000000	73.000000	406.861928	903.413677	2.000000	29.528609
10.000000	38.000000	37.000000	405.000000	233.000000	13.000000	399.165495	241.683806	2.000000	30.776924
10.000000	39.000000	38.000000	441.000000	133.000000	3.000000	430.595807	154.062703	2.000000	31.497296
10.000000	40.000000	39.000000	340.000000	407.000000	22.000000	337.484576	397.644715	2.000000	32.465188
10.000000	41.000000	40.000000	192.000000	245.000000	11.000000	178.710066	256.722777	2.000000	33.297485
11.000000	1.000000	1.000000	195.000000	242.000000	11.000000	183.787931	241.295054	1.000000	1.477872
11.000000	2.000000	2.000000	411.000000	359.000000	23.000000	415.641700	363.897865	1.000000	2.283888
11.000000	3.000000	3.000000	188.000000	590.000000	41.000000	177.553118	577.113437	1.000000	3.117710
11.000000	4.000000	4.000000	200.000000	761.000000	61.000000	194.443745	773.301914	1.000000	3.893955
11.000000	5.000000	5.000000	327.000000	794.000000	62.000000	320.678852	795.271852	1.000000	4.420460
11.000000	6.000000	6.000000	638.000000	871.000000	75.000000	643.934128	882.995005	1.000000	5.389413
11.000000	7.000000	7.000000	971.000000	898.000000	78.000000	957.905186	905.614905	1.000000	6.235997
11.000000	8.000000	8.000000	1109.000000	876.000000	79.000000	1093.618642	876.769980	1.000000	7.020184
11.000000	9.000000	9.000000	1098.000000	780.000000	69.000000	1099.961592	758.682017	1.000000	7.461088
11.000000	10.000000	10.000000	1145.000000	679.000000	60.000000	1168.001534	683.470538	1.000000	8.220936
11.000000	11.000000	11.000000	845.000000	586.000000	47.000000	867.170299	583.979425	1.000000	9.276732
11.000000	12.000000	12.000000	747.000000	579.000000	46.000000	761.372573	588.762393	1.000000	9.773779
11.000000	13.000000	0.000000	759.000000	478.000000	36.000000	736.911845	458.030097	1.000000	10.204589
11.000000	14.000000	13.000000	732.000000	464.000000	36.000000	736.911845	458.030097	1.000000	10.604096
11.000000	15.000000	14.000000	840.000000	476.000000	37.000000	857.780364	478.169391	1.000000	11.053651
11.000000	16.000000	15.000000	977.000000	405.000000	28.000000	976.534198	395.490069	1.000000	11.684849
11.000000	17.000000	16.000000	881.000000	341.000000	27.000000	868.824544	348.295861	1.000000	12.716165
11.000000	18.000000	17.000000	762.000000	293.000000	16.000000	757.990031	290.204688	1.000000	13.820735
11.000000	19.000000	18.000000	983.000000	253.000000	18.000000	977.039085	256.763144	1.000000	14.365056
11.000000	20.000000	19.000000	1089.000000	237.000000	19.000000	1083.250056	243.919610	1.000000	14.765178
11.000000	21.000000	20.000000	873.000000	135.000000	7.000000	876.181764	141.563177	1.000000	15.605519
11.000000	22.000000	21.000000	1094.000000	121.000000	9.000000	1095.638065	128.031360	2.000000	16.189016
11.000000	23.000000	0.000000	1112.000000	320.000000	29.000000	1101.378570	366.302460	2.000000	16.741856
11.000000	24.000000	0.000000	1110.000000	339.000000	29.000000	1101.378570	366.302460	2.000000	17.149079
11.000000	25.000000	22.000000	1112.000000	354.000000	29.000000	1101.378570	366.302460	2.000000	17.581915
11.000000	26.000000	0.000000	1022.000000	536.000000	48.000000	998.054338	551.125900	2.000000	18.381497
11.000000	27.000000	23.000000	1001.000000	547.000000	48.000000	998.054338	551.125900	2.000000	18.804078
11.000000	28.000000	24.000000	1062.000000	661.000000	59.000000	1071.098884	656.344952	2.000000	19.325319
11.000000	29.000000	25.000000	976.000000	680.000000	58.000000	967.188653	679.314819	2.000000	19.820419
11.000000	30.000000	26.000000	876.000000	900.000000	77.000000	865.201991	890.049329	2.000000	20.403854
11.000000	31.000000	27.000000	864.000000	664.000000	57.000000	854.688620	656.427091	2.000000	21.316329
11.000000	32.000000	28.000000	785.000000	144.000000	6.000000	770.758065	142.523709	2.000000	22.349813
11.000000	33.000000	29.000000	657.000000	320.000000	25.000000	642.547032	339.554055	2.000000	23.109778
11.000000	34.000000	30.000000	651.000000	812.000000	65.000000	658.570713	818.148076	2.000000	24.171919
11.000000	35.000000	31.000000	568.000000	612.000000	44.000000	558.186883	605.527810	2.000000	25.205308
11.000000	36.000000	32.000000	521.000000	501.000000	34.000000	525.212926	493.947280	2.000000	25.755966
11.000000	37.000000	33.000000	456.000000	590.000000	43.000000	445.625080	604.337122	2.000000	26.284790
11.000000	38.000000	34.000000	417.000000	694.000000	53.000000	403.534995	708.936286	2.000000	26.989544
11.000000	39.000000	35.000000	187.000000	724.000000	51.000000	192.798209	715.907506	2.000000	28.260763
11.000000	40.000000	36.000000	316.000000	563.000000	42.000000	316.114770	577.480444	2.000000	28.973076
11.000000	41.000000	37.000000	314.000000	369.000000	22.000000	317.837920	380.736939	2.000000	29.557204
11.000000	42.000000	38.000000	286.000000	292.000000	12.000000	298.208030	284.150380	2.000000	29.996798
11.000000	43.000000	39.000000	438.000000	290.000000	13.000000	428.932353	283.266330	2.000000	30.564474
11.000000	44.000000	40.000000	326.000000	158.000000	2.000000	317.341870	160.740254	2.000000	31.309690
12.000000	1.000000	1.000000	752.000000	127.000000	6.000000	750.755844	128.532348	1.000000	1.588596
12.000000	2.000000	2.000000	645.000000	218.000000	15.000000	639.419225	234.510924	1.000000	2.364175
12.000000	3.000000	3.000000	977.000000	218.000000	18.000000	966.873546	227.247449	1.000000	3.267285
12.000000	4.000000	4.000000	977.000000	379.000000	28.000000	957.731985	385.445351	1.000000	4.107391
12.000000	5.000000	5.000000	1196.000000	368.000000	30.000000	1180.823686	372.899505	1.000000	4.836042
12.000000	6.000000	6.000000	1000.000000	572.000000	48.000000	1000.112938	578.698881	1.000000	5.466801
12.000000	7.000000	7.000000	1098.000000	576.000000	49.000000	1101.126994	594.625383	1.000000	5.924736
12.000000	8.000000	0.000000	1101.000000	674.000000	59.000000	1097.242898	706.570406	1.000000	6.419512
12.000000	9.000000	8.000000	1106.000000	700.000000	59.000000	1097.242898	706.570406	1.000000	6.739585
12.000000	10.000000	9.000000	984.000000	740.000000	68.000000	981.673857	762.360386	1.000000	7.444685
12.000000	11.000000	10.000000	772.000000	919.000000	76.000000	756.608665	912.960696	1.000000	8.179273
12.000000	12.000000	11.000000	631.000000	772.000000	65.000000	643.701246	776.217065	1.000000	8.850423
12.000000	13.000000	12.000000	629.000000	666.000000	55.000000	625.082196	688.058415	1.000000	9.364698
12.000000	14.000000	13.000000	732.000000	603.000000	46.000000	730.052141	594.265935	1.000000	9.828197
12.000000	15.000000	14.000000	645.000000	513.000000	35.000000	641.648945	507.401372	1.000000	10.468007
12.000000	16.000000	15.000000	526.000000	558.000000	44.000000	520.907212	573.655877	1.000000	11.180033
12.000000	17.000000	16.000000	315.000000	768.000000	62.000000	321.794844	765.635339	1.000000	11.874799
12.000000	18.000000	17.000000	278.000000	881.000000	72.000000	294.367070	888.464375	1.000000	12.779929
12.000000	19.000000	18.000000	210.000000	604.000000	41.000000	203.071096	602.875532	1.000000	13.635498
12.000000	20.000000	19.000000	289.000000	435.000000	32.000000	295.309183	447.984609	1.000000	14.460430
12.000000	21.000000	20.000000	332.000000	383.000000	22.000000	315.017856	392.219997	1.000000	14.946763
12.000000	22.000000	21.000000	418.000000	162.000000	3.000000	411.264448	152.534172	2.000000	16.226853
12.000000	23.000000	22.000000	416.000000	235.000000	13.000000	411.660170	232.816679	2.000000	16.683987
12.000000	24.000000	23.000000	439.000000	339.000000	23.000000	437.594410	331.128117	2.000000	17.314830
12.000000	25.000000	24.000000	314.000000	586.000000	42.000000	321.904336	597.864819	2.000000	18.443169
12.000000	26.000000	0.000000	323.000000	656.000000	52.000000	310.112043	677.445358	2.000000	18.891416
12.000000	27.000000	25.000000	322.000000	673.000000	52.000000	310.112043	677.445358	2.000000	19.467481
12.000000	28.000000	26.000000	171.000000	751.000000	61.000000	178.789778	758.652772	2.000000	20.883641
12.000000	29.000000	27.000000	406.000000	685.000000	53.000000	406.655777	701.235325	2.000000	21.780028
12.000000	30.000000	28.000000	453.000000	815.000000	63.000000	433.094767	815.805744	2.000000	22.468550
12.000000	31.000000	29.000000	527.000000	783.000000	64.000000	516.091501	772.794783	2.000000	22.939365
12.000000	32.000000	30.000000	419.000000	939.000000	73.000000	413.860038	926.412220	2.000000	23.875718
12.000000	33.000000	31.000000	640.000000	899.000000	75.000000	646.552153	891.531957	2.000000	24.636715
12.000000	34.000000	32.000000	634.000000	562.000000	45.000000	625.416932	554.530860	2.000000	25.419229
12.000000	35.000000	33.000000	777.000000	637.000000	56.000000	776.418969	655.912648	2.000000	26.291885
12.000000	36.000000	34.000000	846.000000	655.000000	57.000000	842.078433	679.034670	2.000000	26.802723
12.000000	37.000000	35.000000	959.000000	642.000000	58.000000	952.770188	660.741181	2.000000	27.267616
12.000000	38.000000	36.000000	1087.000000	792.000000	69.000000	1089.999346	789.650729	2.000000	28.043139
12.000000	39.000000	37.000000	1191.000000	457.000000	40.000000	1183.060129	442.292172	2.000000	28.867737
12.000000	40.000000	38.000000	1074.000000	273.000000	19.000000	1064.239922	279.249381	2.000000	29.803580
12.000000	41.000000	39.000000	1057.000000	148.000000	9.000000	1064.352654	126.823849	2.000000	30.500067
12.000000	42.000000	40.000000	670.000000	128.000000	5.000000	672.151536	128.045932	2.000000	31.483584
13.000000	1.000000	1.000000	188.000000	177.000000	1.000000	184.628672	187.886831	1.000000	1.289747
13.000000	2.000000	2.000000	201.000000	341.000000	21.000000	199.498037	359.991201	1.000000	2.089370
13.000000	3.000000	3.000000	407.000000	365.000000	23.000000	411.875408	367.868883	1.000000	2.882426
13.000000	4.000000	4.000000	525.000000	338.000000	24.000000	518.315046	335.295150	1.000000	3.707104
13.000000	5.000000	5.000000	239.000000	570.000000	41.000000	222.541882	581.059831	1.000000	4.569643
13.000000	6.000000	6.000000	206.000000	782.000000	61.000000	215.967622	784.120234	1.000000	5.194984
13.000000	7.000000	7.000000	341.000000	778.000000	62.000000	335.662892	783.508383	1.000000	5.690203
13.000000	8.000000	8.000000	398.000000	814.000000	63.000000	400.075967	816.625206	1.000000	6.113282
13.000000	9.000000	9.000000	511.000000	872.000000	74.000000	519.862019	886.128604	1.000000	6.601149
13.000000	10.000000	10.000000	731.000000	890.000000	76.000000	742.951398	899.971252	1.000000	7.474603
13.000000	11.000000	11.000000	671.000000	598.000000	45.000000	656.417870	589.423874	1.000000	8.201725
13.000000	12.000000	12.000000	743.000000	482.000000	36.000000	735.707479	477.400353	1.000000	8.731180
13.000000	13.000000	13.000000	775.000000	569.000000	46.000000	779.300692	555.023564	1.000000	9.266964
13.000000	14.000000	14.000000	858.000000	246.000000	17.000000	849.897654	265.444701	1.000000	9.963004
13.000000	15.000000	15.000000	969.000000	489.000000	38.000000	987.366263	486.559677	1.000000	11.049155
13.000000	16.000000	16.000000	1069.000000	551.000000	49.000000	1060.009007	560.124471	1.000000	11.513344
13.000000	17.000000	17.000000	1224.000000	500.000000	40.000000	1208.001563	494.146731	1.000000	12.145744
13.000000	18.000000	18.000000	1110.000000	285.000000	19.000000	1105.338186	284.329646	1.000000	12.866840
13.000000	19.000000	0.000000	961.000000	743.000000	68.000000	969.926902	770.408810	1.000000	13.642677
13.000000	20.000000	19.000000	979.000000	772.000000	68.000000	969.926902	770.408810	1.000000	14.122295
13.000000	21.000000	20.000000	1117.000000	897.000000	79.000000	1105.282576	888.921154	1.000000	14.786227
13.000000	22.000000	21.000000	1210.000000	882.000000	80.000000	1210.906788	870.228033	2.000000	15.561247
13.000000	23.000000	22.000000	983.000000	707.000000	58.000000	970.901100	697.124288	2.000000	16.482343
13.000000	24.000000	23.000000	1195.000000	677.000000	60.000000	1196.446502	660.643311	2.000000	17.281186
13.000000	25.000000	24.000000	1083.000000	667.000000	59.000000	1096.030073	662.951425	2.000000	17.697164
13.000000	26.000000	25.000000	1198.000000	557.000000	50.000000	1191.968492	551.720779	2.000000	18.322498
13.000000	27.000000	26.000000	1088.000000	506.000000	39.000000	1092.759117	500.679684	2.000000	19.137883
13.000000	28.000000	0.000000	1224.000000	377.000000	30.000000	1210.051702	398.097339	2.000000	19.778341
13.000000	29.000000	27.000000	1216.000000	382.000000	30.000000	1210.051702	398.097339	2.000000	20.298180
13.000000	30.000000	28.000000	1184.000000	288.000000	20.000000	1177.066687	284.611611	2.000000	20.721657
13.000000	31.000000	29.000000	1095.000000	183.000000	9.000000	1109.578138	184.549989	2.000000	21.217304
13.000000	32.000000	30.000000	968.000000	155.000000	8.000000	954.404789	150.649025	2.000000	22.050211
13.000000	33.000000	31.000000	765.000000	136.000000	6.000000	748.445982	131.746015	2.000000	22.801015
13.000000	34.000000	32.000000	651.000000	468.000000	35.000000	645.704970	486.437797	2.000000	23.889695
13.000000	35.000000	0.000000	760.000000	638.000000	56.000000	761.991802	667.653157	2.000000	24.601983
13.000000	36.000000	33.000000	764.000000	658.000000	56.000000	761.991802	667.653157	2.000000	25.009399
13.000000	37.000000	34.000000	644.000000	897.000000	75.000000	632.203753	894.084318	2.000000	26.002516
13.000000	38.000000	35.000000	301.000000	918.000000	72.000000	292.071888	930.326276	2.000000	27.139161
13.000000	39.000000	36.000000	462.000000	682.000000	53.000000	445.023777	692.794138	2.000000	28.010155
13.000000	40.000000	37.000000	533.000000	665.000000	54.000000	514.496227	674.142187	2.000000	28.521850
13.000000	41.000000	38.000000	439.000000	583.000000	43.000000	430.604433	571.930500	2.000000	29.450378
13.000000	42.000000	39.000000	531.000000	466.000000	34.000000	530.232540	479.168032	2.000000	30.449970
13.000000	43.000000	40.000000	320.000000	480.000000	32.000000	327.455686	494.567051	2.000000	31.234422
14.000000	1.000000	1.000000	414.000000	164.000000	3.000000	405.779113	163.174298	1.000000	1.166906
14.000000	2.000000	2.000000	218.000000	177.000000	1.000000	214.784681	169.026738	1.000000	1.783372
14.000000	3.000000	3.000000	640.000000	255.000000	15.000000	640.706835	256.077987	1.000000	2.894459
14.000000	4.000000	4.000000	658.000000	325.000000	25.000000	639.218719	340.145348	1.000000	3.567783
14.000000	5.000000	5.000000	733.000000	293.000000	16.000000	745.962752	278.169346	1.000000	4.055822
14.000000	6.000000	6.000000	829.000000	151.000000	7.000000	839.279266	155.736314	1.000000	5.088400
14.000000	7.000000	7.000000	973.000000	141.000000	8.000000	966.796698	142.203707	1.000000	5.927710
14.000000	8.000000	8.000000	1058.000000	108.000000	9.000000	1066.411350	117.613338	1.000000	6.312340
14.000000	9.000000	9.000000	1099.000000	266.000000	19.000000	1083.488793	277.318940	1.000000	6.854581
14.000000	10.000000	10.000000	971.000000	346.000000	28.000000	968.272577	353.366472	1.000000	7.519173
14.000000	11.000000	11.000000	1217.000000	487.000000	40.000000	1216.334191	502.010477	1.000000	8.335894
14.000000	12.000000	12.000000	1075.000000	739.000000	59.000000	1071.735535	718.153583	1.000000	9.294402
14.000000	13.000000	0.000000	883.000000	554.000000	47.000000	890.414658	579.125769	1.000000	10.110729
14.000000	14.000000	13.000000	886.000000	580.000000	47.000000	890.414658	579.125769	1.000000	10.662811
14.000000	15.000000	14.000000	872.000000	681.000000	57.000000	873.190772	691.492105	1.000000	11.143895
14.000000	16.000000	15.000000	755.000000	698.000000	56.000000	752.757538	695.803968	1.000000	11.862500
14.000000	17.000000	16.000000	750.000000	788.000000	66.000000	765.229065	785.395543	1.000000	12.239111
14.000000	18.000000	17.000000	753.000000	874.000000	76.000000	752.470801	881.183098	1.000000	13.127469
14.000000	19.000000	18.000000	675.000000	769.000000	65.000000	664.275567	771.920107	1.000000	13.784285
14.000000	20.000000	19.000000	649.000000	505.000000	35.000000	644.355881	499.845198	1.000000	14.704349
14.000000	21.000000	20.000000	344.000000	474.000000	32.000000	326.632141	467.525554	1.000000	15.551092
14.000000	22.000000	21.000000	328.000000	892.000000	72.000000	327.042452	906.708307	2.000000	17.415173
14.000000	23.000000	22.000000	195.000000	914.000000	71.000000	214.137561	912.197985	2.000000	17.967821
14.000000	24.000000	23.000000	249.000000	798.000000	61.000000	227.609214	809.204544	2.000000	18.479345
14.000000	25.000000	24.000000	543.000000	782.000000	64.000000	539.944238	777.689925	2.000000	19.208359
14.000000	26.000000	25.000000	427.000000	699.000000	53.000000	436.849394	699.525169	2.000000	19.655187
14.000000	27.000000	26.000000	217.000000	268.000000	11.000000	223.285087	276.874040	2.000000	21.552044
14.000000	28.000000	27.000000	320.000000	262.000000	12.000000	310.854950	271.734197	2.000000	21.975693
14.000000	29.000000	28.000000	548.000000	333.000000	24.000000	538.582118	340.931828	2.000000	22.950485
14.000000	30.000000	29.000000	880.000000	297.000000	17.000000	885.529713	288.200242	2.000000	23.638601
14.000000	31.000000	30.000000	1026.000000	296.000000	18.000000	1002.427379	290.644678	2.000000	23.991043
14.000000	32.000000	31.000000	1082.000000	382.000000	29.000000	1077.693596	384.138308	2.000000	24.422658
14.000000	33.000000	32.000000	1087.000000	439.000000	39.000000	1082.947584	462.293988	2.000000	24.928507
14.000000	34.000000	33.000000	1224.000000	335.000000	30.000000	1218.009163	355.902152	2.000000	25.399088
14.000000	35.000000	34.000000	994.000000	502.000000	38.000000	1000.108647	501.085860	2.000000	26.175220
14.000000	36.000000	35.000000	983.000000	588.000000	48.000000	976.990685	595.396028	2.000000	26.590921
14.000000	37.000000	36.000000	1184.000000	556.000000	50.000000	1199.318249	558.790182	2.000000	27.327498
14.000000	38.000000	37.000000	1089.000000	795.000000	69.000000	1086.543104	813.616234	2.000000	28.206385
14.000000	39.000000	0.000000	567.000000	483.000000	34.000000	540.861777	502.359572	2.000000	31.230555
14.000000	40.000000	38.000000	548.000000	496.000000	34.000000	540.861777	502.359572	2.000000	31.807377
14.000000	41.000000	39.000000	420.000000	428.000000	33.000000	427.429801	438.331597	2.000000	32.503968
14.000000	42.000000	40.000000	884.000000	864.000000	77.000000	876.942207	864.927990	2.000000	34.279052
15.000000	1.000000	1.000000	326.000000	125.000000	2.000000	330.854600	134.209990	1.000000	1.226560
15.000000	2.000000	2.000000	294.000000	257.000000	12.000000	298.353409	269.528797	1.000000	1.754397
15.000000	3.000000	3.000000	413.000000	241.000000	13.000000	401.597887	245.906885	1.000000	2.547215
15.000000	4.000000	4.000000	431.000000	328.000000	23.000000	424.224466	340.192393	1.000000	3.017907
15.000000	5.000000	5.000000	431.000000	465.000000	33.000000	442.567152	461.407768	1.000000	3.489366
15.000000	6.000000	6.000000	345.000000	565.000000	42.000000	335.918871	568.356414	1.000000	3.985408
15.000000	7.000000	7.000000	433.000000	739.000000	53.000000	435.065221	718.731974	1.000000	4.787287
15.000000	8.000000	8.000000	566.000000	794.000000	64.000000	554.863632	810.866036	1.000000	5.754375
15.000000	9.000000	9.000000	648.000000	689.000000	55.000000	645.050723	706.035388	1.000000	6.251216
15.000000	10.000000	0.000000	646.000000	641.000000	45.000000	639.003769	611.251965	1.000000	6.658227
15.000000	11.000000	10.000000	658.000000	608.000000	45.000000	639.003769	611.251965	1.000000	7.339011
15.000000	12.000000	11.000000	654.000000	389.000000	25.000000	653.842021	384.004000	1.000000	8.139352
15.000000	13.000000	12.000000	725.000000	266.000000	16.000000	733.365623	275.243955	1.000000	9.338326
15.000000	14.000000	13.000000	863.000000	135.000000	7.000000	857.253311	147.983851	1.000000	9.994488
15.000000	15.000000	14.000000	878.000000	237.000000	17.000000	888.921922	248.522863	1.000000	10.578590
15.000000	16.000000	15.000000	733.000000	463.000000	36.000000	747.769322	468.422637	1.000000	12.209125
15.000000	17.000000	16.000000	849.000000	582.000000	47.000000	862.487311	584.549421	1.000000	12.787101
15.000000	18.000000	17.000000	792.000000	663.000000	56.000000	782.474528	670.992151	1.000000	13.235339
15.000000	19.000000	18.000000	885.000000	666.000000	57.000000	868.853986	681.028361	1.000000	13.649070
15.000000	20.000000	0.000000	901.000000	789.000000	67.000000	888.834797	757.519512	1.000000	14.074196
15.000000	21.000000	19.000000	890.000000	760.000000	67.000000	888.834797	757.519512	1.000000	14.514248
15.000000	22.000000	20.000000	1057.000000	917.000000	79.000000	1066.809676	926.665643	1.000000	15.251218
15.000000	23.000000	21.000000	631.000000	140.000000	5.000000	642.984282	153.565560	2.000000	16.570037
15.000000	24.000000	0.000000	717.000000	140.000000	6.000000	756.874307	140.080490	2.000000	16.970792
15.000000	25.000000	22.000000	733.000000	140.000000	6.000000	756.874307	140.080490	2.000000	17.346523
15.000000	26.000000	23.000000	622.000000	228.000000	15.000000	640.741191	243.027435	2.000000	18.099003
15.000000	27.000000	24.000000	234.000000	482.000000	31.000000	231.264860	483.255061	2.000000	19.761299
15.000000	28.000000	25.000000	203.000000	665.000000	51.000000	191.861426	656.059698	2.000000	20.737496
15.000000	29.000000	26.000000	333.000000	775.000000	62.000000	339.595149	763.636418	2.000000	21.642318
15.000000	30.000000	27.000000	443.000000	760.000000	63.000000	420.673750	768.123727	2.000000	22.033991
15.000000	31.000000	0.000000	507.000000	842.000000	74.000000	515.561969	865.539960	2.000000	22.506523
15.000000	32.000000	28.000000	505.000000	851.000000	74.000000	515.561969	865.539960	2.000000	22.985363
15.000000	33.000000	0.000000	664.000000	911.000000	75.000000	639.753126	920.342815	2.000000	23.497757
15.000000	34.000000	29.000000	650.000000	909.000000	75.000000	639.753126	920.342815	2.000000	23.793125
15.000000	35.000000	30.000000	627.000000	817.000000	65.000000	623.198413	798.903442	2.000000	24.243209
15.000000	36.000000	31.000000	432.000000	596.000000	43.000000	417.028174	589.731424	2.000000	25.137923
15.000000	37.000000	32.000000	501.000000	514.000000	34.000000	508.715282	497.656055	2.000000	26.033240
15.000000	38.000000	33.000000	776.000000	333.000000	26.000000	775.005296	345.767729	2.000000	27.641646
15.000000	39.000000	34.000000	981.000000	174.000000	8.000000	979.290777	169.108113	2.000000	28.315310
15.000000	40.000000	35.000000	1110.000000	268.000000	19.000000	1101.623377	274.645782	2.000000	29.122367
15.000000	41.000000	36.000000	939.000000	372.000000	28.000000	961.522688	370.284799	2.000000	29.707257
15.000000	42.000000	37.000000	1222.000000	472.000000	40.000000	1214.724385	475.663283	2.000000	30.641461
15.000000	43.000000	38.000000	1072.000000	572.000000	49.000000	1073.139754	571.294477	2.000000	31.393596
15.000000	44.000000	39.000000	1071.000000	660.000000	59.000000	1068.674498	668.436092	2.000000	32.065450
15.000000	45.000000	40.000000	995.000000	673.000000	58.000000	987.257015	683.932249	2.000000	32.609756
16.000000	1.000000	1.000000	400.000000	134.000000	3.000000	407.519507	147.531074	1.000000	1.099997
16.000000	2.000000	2.000000	215.000000	169.000000	1.000000	218.200687	181.446770	1.000000	1.868222
16.000000	3.000000	3.000000	191.000000	268.000000	11.000000	194.041310	248.157193	1.000000	2.242663
16.000000	4.000000	4.000000	408.000000	251.000000	13.000000	405.383471	258.652846	1.000000	2.947367
16.000000	5.000000	5.000000	519.000000	320.000000	24.000000	523.808877	332.065639	1.000000	3.474287
16.000000	6.000000	6.000000	410.000000	467.000000	33.000000	405.604394	478.435705	1.000000	4.091566
16.000000	7.000000	7.000000	543.000000	855.000000	74.000000	538.880461	875.793625	1.000000	5.540017
16.000000	8.000000	8.000000	651.000000	774.000000	65.000000	645.423405	773.337736	1.000000	6.179456
16.000000	9.000000	9.000000	745.000000	762.000000	66.000000	735.374419	769.084097	1.000000	6.562708
16.000000	10.000000	0.000000	938.000000	863.000000	78.000000	970.451821	871.615738	1.000000	7.396152
16.000000	11.000000	10.000000	960.000000	861.000000	78.000000	970.451821	871.615738	1.000000	7.762712
16.000000	12.000000	0.000000	1016.000000	770.000000	68.000000	1000.245213	791.421686	1.000000	8.226218
16.000000	13.000000	11.000000	1005.000000	788.000000	68.000000	1000.245213	791.421686	1.000000	8.650397
16.000000	14.000000	12.000000	955.000000	683.000000	58.000000	956.157654	680.791637	1.000000	9.242290
16.000000	15.000000	13.000000	1082.000000	696.000000	59.000000	1074.674721	694.716197	1.000000	9.666233
16.000000	16.000000	14.000000	982.000000	513.000000	38.000000	978.464866	489.168263	1.000000	10.731846
16.000000	17.000000	15.000000	859.000000	401.000000	27.000000	842.024073	392.266764	1.000000	11.514992
16.000000	18.000000	16.000000	754.000000	146.000000	6.000000	763.018005	149.801616	1.000000	12.307950
16.000000	19.000000	17.000000	863.000000	126.000000	7.000000	870.862756	120.433726	1.000000	13.299451
16.000000	20.000000	0.000000	1104.000000	153.000000	9.000000	1076.461846	165.189083	1.000000	14.388254
16.000000	21.000000	18.000000	1090.000000	178.000000	9.000000	1076.461846	165.189083	1.000000	14.947581
16.000000	22.000000	19.000000	1180.000000	261.000000	20.000000	1173.289060	274.026807	1.000000	15.443031
16.000000	23.000000	20.000000	1102.000000	338.000000	29.000000	1093.419086	359.162317	1.000000	16.323465
16.000000	24.000000	21.000000	1182.000000	180.000000	10.000000	1173.066264	177.941689	2.000000	16.923777
16.000000	25.000000	22.000000	1198.000000	326.000000	30.000000	1199.419971	337.206991	2.000000	17.339231
16.000000	26.000000	23.000000	1218.000000	474.000000	40.000000	1219.618560	474.986081	2.000000	18.131408
16.000000	27.000000	24.000000	1193.000000	660.000000	60.000000	1182.743770	650.393044	2.000000	18.660059
16.000000	28.000000	0.000000	1231.000000	905.000000	80.000000	1210.869016	920.783715	2.000000	19.395356
16.000000	29.000000	25.000000	1218.000000	912.000000	80.000000	1210.869016	920.783715	2.000000	19.898261
16.000000	30.000000	26.000000	857.000000	589.000000	47.000000	851.158068	583.448138	2.000000	20.978142
16.000000	31.000000	27.000000	757.000000	468.000000	36.000000	770.413257	475.094045	2.000000	21.874404
16.000000	32.000000	28.000000	666.000000	476.000000	35.000000	670.218415	470.666367	2.000000	22.306102
16.000000	33.000000	29.000000	654.000000	556.000000	45.000000	661.041891	564.702260	2.000000	22.762108
16.000000	34.000000	30.000000	566.000000	767.000000	64.000000	552.087896	779.175100	2.000000	23.730440
16.000000	35.000000	31.000000	345.000000	925.000000	72.000000	323.993738	913.444739	2.000000	24.459646
16.000000	36.000000	0.000000	312.000000	776.000000	62.000000	295.510785	803.442372	2.000000	25.155389
16.000000	37.000000	32.000000	307.000000	803.000000	62.000000	295.510785	803.442372	2.000000	25.979220
16.000000	38.000000	33.000000	447.000000	667.000000	53.000000	442.998328	664.080539	2.000000	26.619362
16.000000	39.000000	34.000000	333.000000	646.000000	52.000000	322.712157	653.683250	2.000000	27.155017
16.000000	40.000000	35.000000	324.000000	586.000000	42.000000	313.979928	589.092121	2.000000	27.571595
16.000000	41.000000	36.000000	212.000000	614.000000	41.000000	231.438585	613.373078	2.000000	28.036201
16.000000	42.000000	0.000000	311.000000	357.000000	22.000000	323.801999	388.964558	2.000000	28.890390
16.000000	43.000000	37.000000	317.000000	371.000000	22.000000	323.801999	388.964558	2.000000	29.354117
16.000000	44.000000	0.000000	485.000000	116.000000	4.000000	509.637474	133.422960	2.000000	30.243628
16.000000	45.000000	38.000000	516.000000	137.000000	4.000000	509.637474	133.422960	2.000000	30.851765
16.000000	46.000000	39.000000	537.000000	247.000000	14.000000	543.823824	238.870425	2.000000	31.650791
16.000000	47.000000	40.000000	642.000000	129.000000	5.000000	634.504355	118.549226	2.000000	32.427495
17.000000	1.000000	1.000000	397.000000	155.000000	3.000000	413.149957	167.026814	1.000000	1.316909
17.000000	2.000000	2.000000	669.000000	169.000000	5.000000	668.850686	165.314046	1.000000	2.052821
17.000000	3.000000	3.000000	766.000000	164.000000	6.000000	752.655812	160.462702	1.000000	2.724887
17.000000	4.000000	4.000000	874.000000	140.000000	7.000000	869.020111	137.698804	1.000000	3.333078
17.000000	5.000000	5.000000	981.000000	145.000000	8.000000	991.632330	147.662383	1.000000	3.717473
17.000000	6.000000	6.000000	1003.000000	251.000000	18.000000	994.645434	239.089504	1.000000	4.291809
17.000000	7.000000	7.000000	1053.000000	267.000000	19.000000	1066.729296	260.131092	1.000000	4.620239
17.000000	8.000000	8.000000	1174.000000	442.000000	40.000000	1172.481682	466.289839	1.000000	5.291859
17.000000	9.000000	9.000000	884.000000	383.000000	27.000000	868.955280	399.615626	1.000000	6.172991
17.000000	10.000000	0.000000	616.000000	361.000000	25.000000	623.079126	397.718523	1.000000	6.980902
17.000000	11.000000	10.000000	621.000000	373.000000	25.000000	623.079126	397.718523	1.000000	7.396517
17.000000	12.000000	0.000000	589.000000	321.000000	24.000000	557.867960	338.717101	1.000000	7.860479
17.000000	13.000000	11.000000	568.000000	322.000000	24.000000	557.867960	338.717101	1.000000	8.213758
17.000000	14.000000	0.000000	518.000000	445.000000	34.000000	526.614693	473.069001	1.000000	8.819944
17.000000	15.000000	12.000000	523.000000	457.000000	34.000000	526.614693	473.069001	1.000000	9.205392
17.000000	16.000000	13.000000	286.000000	369.000000	22.000000	290.349763	380.471716	1.000000	10.220383
17.000000	17.000000	14.000000	334.000000	561.000000	42.000000	338.450410	561.399006	1.000000	11.692433
17.000000	18.000000	15.000000	533.000000	647.000000	54.000000	529.836613	658.976515	1.000000	12.373504
17.000000	19.000000	16.000000	647.000000	659.000000	55.000000	654.075680	664.672401	1.000000	13.052783
17.000000	20.000000	17.000000	630.000000	801.000000	65.000000	640.709299	806.409905	1.000000	14.677577
17.000000	21.000000	18.000000	537.000000	806.000000	64.000000	525.393416	825.016651	1.000000	15.188010
17.000000	22.000000	19.000000	458.000000	809.000000	63.000000	445.302856	820.870538	1.000000	15.652582
17.000000	23.000000	20.000000	320.000000	926.000000	72.000000	310.697766	923.722919	1.000000	16.645722
17.000000	24.000000	21.000000	187.000000	175.000000	1.000000	189.857177	187.122360	2.000000	17.997734
17.000000	25.000000	22.000000	317.000000	260.000000	12.000000	299.664098	261.398395	2.000000	18.461849
17.000000	26.000000	23.000000	420.000000	336.000000	23.000000	401.668786	335.594791	2.000000	19.013607
17.000000	27.000000	0.000000	443.000000	263.000000	13.000000	431.357020	238.580592	2.000000	19.461927
17.000000	28.000000	24.000000	438.000000	239.000000	13.000000	431.357020	238.580592	2.000000	20.525838
17.000000	29.000000	25.000000	189.000000	692.000000	51.000000	193.331313	685.175091	2.000000	21.373855
17.000000	30.000000	26.000000	234.000000	830.000000	61.000000	228.317081	819.159356	2.000000	22.052689
17.000000	31.000000	27.000000	425.000000	867.000000	73.000000	416.435867	889.999690	2.000000	22.757013
17.000000	32.000000	28.000000	629.000000	887.000000	75.000000	618.926218	904.178454	2.000000	23.597381
17.000000	33.000000	29.000000	542.000000	575.000000	44.000000	559.682874	571.553460	2.000000	24.324547
17.000000	34.000000	0.000000	615.000000	459.000000	35.000000	641.581001	460.017614	2.000000	25.028376
17.000000	35.000000	30.000000	632.000000	463.000000	35.000000	641.581001	460.017614	2.000000	26.117324
17.000000	36.000000	31.000000	971.000000	382.000000	28.000000	977.422469	384.697698	2.000000	27.262013
17.000000	37.000000	32.000000	1004.000000	466.000000	38.000000	994.884293	451.828604	2.000000	27.644846
17.000000	38.000000	33.000000	874.000000	549.000000	47.000000	868.058292	557.384519	2.000000	28.404761
17.000000	39.000000	34.000000	750.000000	832.000000	66.000000	747.263344	814.622430	2.000000	29.373505
17.000000	40.000000	35.000000	1100.000000	919.000000	79.000000	1102.109680	914.508273	2.000000	30.164363
17.000000	41.000000	36.000000	1063.000000	696.000000	59.000000	1071.108000	674.569588	2.000000	30.837401
17.000000	42.000000	37.000000	1174.000000	762.000000	70.000000	1185.680263	759.800021	2.000000	31.395688
17.000000	43.000000	38.000000	1208.000000	694.000000	60.000000	1212.806759	681.386999	2.000000	32.421857
17.000000	44.000000	39.000000	1191.000000	245.000000	20.000000	1197.154183	254.774948	2.000000	34.109033
17.000000	45.000000	40.000000	888.000000	884.000000	77.000000	873.854580	892.756282	2.000000	36.365892
18.000000	1.000000	1.000000	622.000000	349.000000	25.000000	619.400562	349.510808	1.000000	1.585016
18.000000	2.000000	2.000000	623.000000	436.000000	35.000000	624.077588	436.856856	1.000000	2.217724
18.000000	3.000000	3.000000	511.000000	561.000000	44.000000	520.400185	565.823074	1.000000	2.978757
18.000000	4.000000	4.000000	467.000000	662.000000	53.000000	448.770877	650.090390	1.000000	3.633685
18.000000	5.000000	5.000000	512.000000	689.000000	54.000000	512.595511	699.138899	1.000000	3.930059
18.000000	6.000000	6.000000	443.000000	745.000000	63.000000	434.701929	763.331559	1.000000	4.498773
18.000000	7.000000	7.000000	360.000000	586.000000	42.000000	338.987010	590.863278	1.000000	5.081844
18.000000	8.000000	8.000000	178.000000	590.000000	41.000000	177.812673	588.470826	1.000000	5.817681
18.000000	9.000000	9.000000	232.000000	455.000000	31.000000	231.170336	460.926867	1.000000	6.330577
18.000000	10.000000	10.000000	607.000000	902.000000	75.000000	627.043372	908.966259	1.000000	7.241458
18.000000	11.000000	11.000000	742.000000	713.000000	56.000000	754.690659	718.689901	1.000000	8.257093
18.000000	12.000000	12.000000	1115.000000	922.000000	79.000000	1101.385085	918.322956	1.000000	9.026083
18.000000	13.000000	13.000000	1168.000000	903.000000	80.000000	1170.723939	898.285474	1.000000	9.312920
18.000000	14.000000	14.000000	1078.000000	819.000000	69.000000	1090.173949	802.181917	1.000000	9.793162
18.000000	15.000000	0.000000	1071.000000	571.000000	49.000000	1062.114184	596.947203	1.000000	10.930089
18.000000	16.000000	15.000000	1053.000000	584.000000	49.000000	1062.114184	596.947203	1.000000	11.657944
18.000000	17.000000	16.000000	851.000000	337.000000	27.000000	848.023156	334.862140	1.000000	12.514352
18.000000	18.000000	17.000000	949.000000	339.000000	28.000000	965.636311	355.565233	1.000000	12.866317
18.000000	19.000000	18.000000	951.000000	179.000000	8.000000	968.349058	181.985621	1.000000	13.625751
18.000000	20.000000	0.000000	999.000000	226.000000	18.000000	995.563927	251.924214	1.000000	14.041310
18.000000	21.000000	19.000000	1019.000000	251.000000	18.000000	995.563927	251.924214	1.000000	14.432760
18.000000	22.000000	20.000000	1239.000000	256.000000	20.000000	1220.749017	261.267381	1.000000	15.161435
18.000000	23.000000	21.000000	528.000000	160.000000	4.000000	527.834664	159.153552	2.000000	16.338484
18.000000	24.000000	22.000000	741.000000	180.000000	6.000000	737.575058	171.518310	2.000000	17.058586
18.000000	25.000000	23.000000	456.000000	249.000000	13.000000	451.012312	261.612341	2.000000	17.754626
18.000000	26.000000	24.000000	185.000000	144.000000	1.000000	194.757933	131.790521	2.000000	18.681070
18.000000	27.000000	25.000000	198.000000	267.000000	11.000000	201.976370	265.450967	2.000000	19.506277
18.000000	28.000000	26.000000	220.000000	362.000000	21.000000	228.916781	365.418806	2.000000	20.249617
18.000000	29.000000	27.000000	324.000000	434.000000	32.000000	333.520304	440.347922	2.000000	21.057263
18.000000	30.000000	28.000000	417.000000	553.000000	43.000000	409.843776	552.710379	2.000000	21.738824
18.000000	31.000000	29.000000	326.000000	764.000000	62.000000	316.063806	783.202257	2.000000	22.529030
18.000000	32.000000	30.000000	425.000000	870.000000	73.000000	419.962800	863.245494	2.000000	23.290419
18.000000	33.000000	31.000000	533.000000	895.000000	74.000000	528.192968	891.025073	2.000000	23.889556
18.000000	34.000000	32.000000	800.000000	913.000000	76.000000	779.693627	915.727405	2.000000	25.018943
18.000000	35.000000	33.000000	745.000000	779.000000	66.000000	736.986902	778.952982	2.000000	25.555058
18.000000	36.000000	34.000000	953.000000	886.000000	78.000000	955.209635	883.466885	2.000000	26.402778
18.000000	37.000000	35.000000	902.000000	664.000000	57.000000	886.632775	665.170065	2.000000	27.105365
18.000000	38.000000	36.000000	677.000000	544.000000	45.000000	668.746725	548.424305	2.000000	28.010140
18.000000	39.000000	37.000000	1096.000000	281.000000	19.000000	1097.569690	257.308908	2.000000	29.066416
18.000000	40.000000	38.000000	1082.000000	378.000000	29.000000	1097.522319	371.420413	2.000000	29.545779
18.000000	41.000000	39.000000	1221.000000	354.000000	30.000000	1209.090058	352.319273	2.000000	30.018725
18.000000	42.000000	40.000000	1182.000000	572.000000	50.000000	1173.565002	590.694383	2.000000	30.665598
19.000000	1.000000	1.000000	529.000000	148.000000	4.000000	535.363279	151.851282	1.000000	0.926720
19.000000	2.000000	2.000000	388.000000	173.000000	3.000000	401.977690	178.251762	1.000000	1.399504
19.000000	3.000000	3.000000	642.000000	120.000000	5.000000	628.728777	123.953481	1.000000	2.007870
19.000000	4.000000	4.000000	860.000000	126.000000	7.000000	865.176586	136.366886	1.000000	2.671422
19.000000	5.000000	5.000000	1102.000000	157.000000	9.000000	1097.093495	165.000579	1.000000	3.310712
19.000000	6.000000	6.000000	1101.000000	247.000000	19.000000	1091.508707	247.011144	1.000000	3.710859
19.000000	7.000000	7.000000	939.000000	259.000000	18.000000	953.397672	252.004472	1.000000	4.279326
19.000000	8.000000	0.000000	831.000000	259.000000	17.000000	861.900485	248.394645	1.000000	4.630954
19.000000	9.000000	8.000000	871.000000	259.000000	17.000000	861.900485	248.394645	1.000000	5.160166
19.000000	10.000000	9.000000	792.000000	318.000000	26.000000	775.334958	332.006391	1.000000	5.550824
19.000000	11.000000	10.000000	650.000000	391.000000	25.000000	665.812859	382.705984	1.000000	6.287783
19.000000	12.000000	11.000000	535.000000	356.000000	24.000000	525.827589	354.949393	1.000000	6.775299
19.000000	13.000000	12.000000	1057.000000	388.000000	29.000000	1062.471454	375.421770	1.000000	7.711362
19.000000	14.000000	13.000000	1093.000000	586.000000	49.000000	1091.426147	592.120727	1.000000	8.342976
19.000000	15.000000	14.000000	1229.000000	656.000000	60.000000	1209.368791	652.978348	1.000000	8.960546
19.000000	16.000000	15.000000	1108.000000	816.000000	69.000000	1091.297827	825.816983	1.000000	9.751981
19.000000	17.000000	16.000000	942.000000	770.000000	68.000000	955.181501	765.759617	1.000000	10.302737
19.000000	18.000000	17.000000	576.000000	780.000000	64.000000	551.653815	784.059743	1.000000	11.295448
19.000000	19.000000	18.000000	314.000000	882.000000	72.000000	299.582455	888.436420	1.000000	12.486759
19.000000	20.000000	19.000000	307.000000	804.000000	62.000000	304.292282	791.757436	1.000000	13.126893
19.000000	21.000000	20.000000	300.000000	703.000000	52.000000	307.133751	700.578169	1.000000	13.799015
19.000000	22.000000	21.000000	210.000000	240.000000	11.000000	218.209078	253.486265	2.000000	15.760792
19.000000	23.000000	22.000000	342.000000	327.000000	22.000000	331.185720	330.610233	2.000000	16.488477
19.000000	24.000000	23.000000	298.000000	447.000000	32.000000	307.171753	447.190474	2.000000	17.151832
19.000000	25.000000	24.000000	185.000000	564.000000	41.000000	179.582513	575.471179	2.000000	17.792362
19.000000	26.000000	25.000000	404.000000	607.000000	43.000000	401.833206	611.700217	2.000000	18.688410
19.000000	27.000000	26.000000	221.000000	772.000000	61.000000	213.334238	778.483133	2.000000	19.647421
19.000000	28.000000	27.000000	537.000000	568.000000	44.000000	543.634783	570.873753	2.000000	20.664606
19.000000	29.000000	28.000000	449.000000	859.000000	73.000000	440.535921	863.331180	2.000000	22.206556
19.000000	30.000000	29.000000	502.000000	906.000000	74.000000	512.498202	891.895483	2.000000	22.767710
19.000000	31.000000	30.000000	620.000000	928.000000	75.000000	630.967477	927.729505	2.000000	23.248466
19.000000	32.000000	31.000000	797.000000	869.000000	76.000000	779.897554	870.965516	2.000000	24.006686
19.000000	33.000000	0.000000	850.000000	827.000000	67.000000	871.274177	808.264124	2.000000	24.455219
19.000000	34.000000	32.000000	867.000000	817.000000	67.000000	871.274177	808.264124	2.000000	24.887926
19.000000	35.000000	33.000000	1010.000000	880.000000	78.000000	997.736618	885.686107	2.000000	25.495619
19.000000	36.000000	34.000000	1077.000000	733.000000	59.000000	1090.339314	714.545866	2.000000	26.152028
19.000000	37.000000	35.000000	852.000000	702.000000	57.000000	858.927364	707.794799	2.000000	27.160290
19.000000	38.000000	36.000000	742.000000	686.000000	56.000000	762.305241	672.514177	2.000000	27.615080
19.000000	39.000000	37.000000	894.000000	465.000000	37.000000	885.279406	466.311378	2.000000	28.359587
19.000000	40.000000	38.000000	875.000000	361.000000	27.000000	871.533618	344.125617	2.000000	29.072715
19.000000	41.000000	39.000000	979.000000	379.000000	28.000000	993.907169	366.138288	2.000000	29.735995
19.000000	42.000000	40.000000	1170.000000	153.000000	10.000000	1171.762027	154.069562	2.000000	30.950709
20.000000	1.000000	1.000000	237.000000	251.000000	11.000000	227.660290	249.878757	1.000000	1.210921
20.000000	2.000000	0.000000	323.000000	323.000000	12.000000	308.384302	294.039854	1.000000	1.588216
20.000000	3.000000	2.000000	317.000000	290.000000	12.000000	308.384302	294.039854	1.000000	1.940190
20.000000	4.000000	3.000000	298.000000	341.000000	22.000000	289.523932	337.911320	1.000000	2.266789
20.000000	5.000000	4.000000	424.000000	454.000000	33.000000	417.660822	469.337377	1.000000	2.844053
20.000000	6.000000	5.000000	195.000000	705.000000	51.000000	205.486988	684.286999	1.000000	3.556182
20.000000	7.000000	6.000000	217.000000	767.000000	61.000000	222.116381	787.914861	1.000000	4.203190
20.000000	8.000000	7.000000	571.000000	804.000000	64.000000	562.343994	812.771826	1.000000	4.964179
20.000000	9.000000	0.000000	664.000000	834.000000	65.000000	640.833968	823.448563	1.000000	5.362304
20.000000	10.000000	8.000000	651.000000	826.000000	65.000000	640.833968	823.448563	1.000000	5.867674
20.000000	11.000000	9.000000	668.000000	866.000000	75.000000	654.010929	874.522680	1.000000	6.202772
20.000000	12.000000	10.000000	552.000000	660.000000	54.000000	547.528850	649.050765	1.000000	6.898372
20.000000	13.000000	11.000000	661.000000	544.000000	45.000000	654.542357	545.981590	1.000000	7.698873
20.000000	14.000000	12.000000	769.000000	333.000000	26.000000	769.347258	343.265711	1.000000	8.516143
20.000000	15.000000	13.000000	960.000000	138.000000	8.000000	958.561278	149.215199	1.000000	9.179562
20.000000	16.000000	0.000000	854.000000	505.000000	37.000000	867.984887	474.955029	1.000000	9.986239
20.000000	17.000000	14.000000	863.000000	487.000000	37.000000	867.984887	474.955029	1.000000	10.418600
20.000000	18.000000	15.000000	1002.000000	483.000000	38.000000	985.149764	492.168854	1.000000	10.946286
20.000000	19.000000	16.000000	1242.000000	471.000000	40.000000	1218.323174	464.995291	1.000000	11.618930
20.000000	20.000000	17.000000	1181.000000	284.000000	20.000000	1186.563201	273.548573	1.000000	12.404017
20.000000	21.000000	18.000000	1190.000000	138.000000	10.000000	1188.409564	146.304141	1.000000	13.100273
20.000000	22.000000	0.000000	1234.000000	583.000000	50.000000	1214.366846	604.077165	1.000000	13.892158
20.000000	23.000000	19.000000	1204.000000	605.000000	50.000000	1214.366846	604.077165	1.000000	14.491862
20.000000	24.000000	20.000000	1069.000000	611.000000	49.000000	1071.407038	601.779966	1.000000	14.931889
20.000000	25.000000	21.000000	903.000000	806.000000	67.000000	891.894379	796.543757	2.000000	16.066347
20.000000	26.000000	22.000000	762.000000	797.000000	66.000000	770.449712	807.217503	2.000000	16.795100
20.000000	27.000000	23.000000	748.000000	729.000000	56.000000	729.024099	713.346936	2.000000	17.267011
20.000000	28.000000	24.000000	560.000000	890.000000	74.000000	539.986809	889.920989	2.000000	17.875994
20.000000	29.000000	25.000000	444.000000	794.000000	63.000000	433.841289	789.749588	2.000000	18.563629
20.000000	30.000000	26.000000	315.000000	603.000000	42.000000	319.442565	603.069014	2.000000	19.722493
20.000000	31.000000	27.000000	189.000000	592.000000	41.000000	209.542472	592.676333	2.000000	20.338484
20.000000	32.000000	28.000000	314.000000	478.000000	32.000000	328.866265	479.904651	2.000000	21.034580
20.000000	33.000000	29.000000	503.000000	249.000000	14.000000	509.051313	249.480549	2.000000	22.274116
20.000000	34.000000	30.000000	497.000000	337.000000	24.000000	507.593568	341.427100	2.000000	22.683045
20.000000	35.000000	31.000000	624.000000	351.000000	25.000000	617.704335	362.235752	2.000000	23.107191
20.000000	36.000000	32.000000	628.000000	205.000000	15.000000	629.297950	227.810449	2.000000	23.506569
20.000000	37.000000	33.000000	543.000000	167.000000	4.000000	540.609368	160.376981	2.000000	23.946238
20.000000	38.000000	0.000000	627.000000	143.000000	5.000000	620.936585	118.621987	2.000000	24.346486
20.000000	39.000000	34.000000	621.000000	121.000000	5.000000	620.936585	118.621987	2.000000	24.763815
20.000000	40.000000	35.000000	754.000000	157.000000	6.000000	745.736974	163.797753	2.000000	25.890153
20.000000	41.000000	36.000000	748.000000	263.000000	16.000000	750.159375	243.066229	2.000000	26.323215
20.000000	42.000000	37.000000	665.000000	494.000000	35.000000	664.256936	496.829675	2.000000	27.290810
20.000000	43.000000	38.000000	762.000000	481.000000	36.000000	754.153937	487.742187	2.000000	27.698099
20.000000	44.000000	39.000000	1011.000000	395.000000	28.000000	995.256705	395.398783	2.000000	28.346363
20.000000	45.000000	40.000000	953.000000	593.000000	48.000000	950.793826	595.926831	2.000000	28.954222
21.000000	1.000000	1.000000	207.000000	231.000000	11.000000	210.259314	239.010678	1.000000	1.523186
21.000000	2.000000	2.000000	519.000000	157.000000	4.000000	509.782192	151.781942	1.000000	2.083094
21.000000	3.000000	3.000000	560.000000	373.000000	24.000000	553.298995	387.625585	1.000000	2.730145
21.000000	4.000000	4.000000	446.000000	455.000000	33.000000	439.385076	442.573112	1.000000	3.306524
21.000000	5.000000	5.000000	553.000000	546.000000	44.000000	556.288321	549.487821	1.000000	3.985373
21.000000	6.000000	6.000000	316.000000	675.000000	52.000000	311.198379	669.630871	1.000000	4.665296
21.000000	7.000000	7.000000	321.000000	749.000000	62.000000	309.372537	758.741390	1.000000	5.041349
21.000000	8.000000	8.000000	227.000000	759.000000	61.000000	231.667626	778.718749	1.000000	5.459157
21.000000	9.000000	0.000000	376.000000	813.000000	63.000000	409.087368	823.340861	1.000000	6.122520
21.000000	10.000000	9.000000	411.000000	821.000000	63.000000	409.087368	823.340861	1.000000	6.435245
21.000000	11.000000	10.000000	523.000000	694.000000	54.000000	514.611440	693.608331	1.000000	7.138328
21.000000	12.000000	11.000000	1075.000000	928.000000	79.000000	1067.421719	926.400210	1.000000	8.465404
21.000000	13.000000	12.000000	1085.000000	686.000000	59.000000	1074.403556	672.864693	1.000000	9.131268
21.000000	14.000000	13.000000	961.000000	674.000000	58.000000	972.980146	659.465664	1.000000	9.851241
21.000000	15.000000	14.000000	1187.000000	576.000000	50.000000	1191.842484	581.711543	1.000000	10.801790
21.000000	16.000000	15.000000	986.000000	511.000000	38.000000	990.718716	500.940852	1.000000	11.249469
21.000000	17.000000	16.000000	759.000000	413.000000	26.000000	763.240461	396.844867	1.000000	11.841326
21.000000	18.000000	17.000000	982.000000	327.000000	28.000000	983.868360	333.900592	1.000000	12.906663
21.000000	19.000000	0.000000	1085.000000	273.000000	19.000000	1058.780951	275.985635	1.000000	13.225606
21.000000	20.000000	18.000000	1082.000000	272.000000	19.000000	1058.780951	275.985635	1.000000	13.706906
21.000000	21.000000	19.000000	1216.000000	161.000000	10.000000	1197.200971	165.326158	1.000000	14.394123
21.000000	22.000000	20.000000	869.000000	167.000000	7.000000	877.747999	173.778568	1.000000	15.314996
21.000000	23.000000	21.000000	642.000000	112.000000	5.000000	654.409705	125.344871	2.000000	15.987010
21.000000	24.000000	22.000000	394.000000	179.000000	3.000000	405.712468	178.676218	2.000000	17.009296
21.000000	25.000000	23.000000	392.000000	265.000000	13.000000	401.242515	264.808707	2.000000	17.386523
21.000000	26.000000	24.000000	203.000000	184.000000	1.000000	200.472978	185.391575	2.000000	18.065681
21.000000	27.000000	25.000000	561.000000	276.000000	14.000000	561.572699	276.247619	2.000000	18.827326
21.000000	28.000000	26.000000	305.000000	361.000000	22.000000	302.743245	374.512241	2.000000	19.579162
21.000000	29.000000	27.000000	184.000000	367.000000	21.000000	177.898884	371.878226	2.000000	20.010276
21.000000	30.000000	28.000000	193.000000	563.000000	41.000000	188.784387	558.174427	2.000000	20.779346
21.000000	31.000000	29.000000	320.000000	918.000000	72.000000	306.645881	902.568200	2.000000	21.730136
21.000000	32.000000	30.000000	662.000000	384.000000	25.000000	658.747951	383.963545	2.000000	23.203259
21.000000	33.000000	0.000000	764.000000	259.000000	16.000000	731.493372	294.667699	2.000000	23.594511
21.000000	34.000000	31.000000	743.000000	290.000000	16.000000	731.493372	294.667699	2.000000	23.889890
21.000000	35.000000	32.000000	740.000000	467.000000	36.000000	740.742706	469.217341	2.000000	24.521273
21.000000	36.000000	33.000000	833.000000	469.000000	37.000000	848.621862	473.319748	2.000000	25.562634
21.000000	37.000000	34.000000	1116.000000	461.000000	39.000000	1096.968913	452.950820	2.000000	26.466478
21.000000	38.000000	35.000000	945.000000	622.000000	48.000000	950.106132	611.727176	2.000000	26.971003
21.000000	39.000000	0.000000	1167.000000	675.000000	60.000000	1196.136891	669.008395	2.000000	27.417454
21.000000	40.000000	36.000000	1201.000000	675.000000	60.000000	1196.136891	669.008395	2.000000	27.714721
21.000000	41.000000	37.000000	1171.000000	750.000000	70.000000	1183.212691	770.764149	2.000000	28.098686
21.000000	42.000000	38.000000	1207.000000	882.000000	80.000000	1191.851461	879.734577	2.000000	28.657962
21.000000	43.000000	39.000000	900.000000	857.000000	77.000000	891.970316	867.978382	2.000000	29.585364
21.000000	44.000000	40.000000	1195.000000	294.000000	20.000000	1181.136826	290.042123	2.000000	32.714208
