MultiTargForag_2	Participant_Code = 45
Search_Type = 1	CB_Targets = 1
Trial	Click_Num	Target_Click_Order	Click_X	Click_y	Item_selected	Item_X	Item_Y	Target_Set	RT
1.000000	1.000000	1.000000	296.000000	176.000000	2.000000	300.968072	169.050500	1.000000	4.714703
1.000000	2.000000	2.000000	195.000000	126.000000	1.000000	197.363565	131.231217	2.000000	5.457647
1.000000	3.000000	3.000000	182.000000	230.000000	11.000000	186.311442	227.329457	1.000000	7.482315
1.000000	4.000000	4.000000	413.000000	288.000000	13.000000	406.218744	283.618555	2.000000	9.162491
1.000000	5.000000	5.000000	224.000000	344.000000	21.000000	232.043401	348.924642	1.000000	10.114252
1.000000	6.000000	6.000000	350.000000	345.000000	22.000000	341.868915	344.884675	2.000000	10.730486
1.000000	7.000000	7.000000	219.000000	488.000000	31.000000	203.403654	478.089977	1.000000	11.608718
1.000000	8.000000	8.000000	315.000000	487.000000	32.000000	320.215256	478.967364	2.000000	12.154024
1.000000	9.000000	9.000000	424.000000	545.000000	43.000000	413.925025	548.663386	1.000000	12.752810
1.000000	10.000000	10.000000	432.000000	437.000000	33.000000	426.949849	445.875697	2.000000	13.209128
1.000000	11.000000	11.000000	522.000000	670.000000	54.000000	520.330379	658.082709	1.000000	15.266188
1.000000	12.000000	12.000000	533.000000	776.000000	64.000000	537.955161	759.419614	2.000000	15.912582
1.000000	13.000000	13.000000	557.000000	882.000000	74.000000	553.709619	869.063264	1.000000	16.666169
1.000000	14.000000	14.000000	435.000000	876.000000	73.000000	432.797742	867.699752	2.000000	17.448579
1.000000	15.000000	15.000000	324.000000	919.000000	72.000000	321.908728	930.094973	1.000000	18.058296
1.000000	16.000000	16.000000	186.000000	920.000000	71.000000	199.286761	920.681831	2.000000	18.553883
1.000000	17.000000	17.000000	441.000000	704.000000	53.000000	442.185542	715.230784	1.000000	19.905043
1.000000	18.000000	18.000000	240.000000	592.000000	41.000000	230.873992	585.723780	2.000000	20.608525
1.000000	19.000000	19.000000	622.000000	586.000000	45.000000	632.456612	583.024091	1.000000	21.402509
1.000000	20.000000	20.000000	733.000000	567.000000	46.000000	733.949355	554.584170	2.000000	21.904801
1.000000	21.000000	21.000000	940.000000	612.000000	48.000000	949.290325	607.146772	1.000000	22.897187
1.000000	22.000000	22.000000	748.000000	794.000000	66.000000	740.444255	792.599530	2.000000	23.777833
1.000000	23.000000	23.000000	1213.000000	902.000000	80.000000	1220.323279	903.260016	1.000000	24.826352
1.000000	24.000000	24.000000	1192.000000	812.000000	70.000000	1185.795733	812.676038	2.000000	26.008890
1.000000	25.000000	25.000000	1200.000000	500.000000	40.000000	1196.363496	505.369357	1.000000	27.032977
1.000000	26.000000	26.000000	1100.000000	564.000000	49.000000	1098.996285	570.560078	2.000000	27.536763
1.000000	27.000000	27.000000	1088.000000	482.000000	39.000000	1080.905950	486.196239	1.000000	28.010243
1.000000	28.000000	28.000000	621.000000	892.000000	75.000000	621.344779	894.780444	2.000000	28.936892
1.000000	29.000000	29.000000	880.000000	442.000000	37.000000	880.397885	438.196787	1.000000	29.881718
1.000000	30.000000	30.000000	680.000000	683.000000	55.000000	670.713460	680.015343	2.000000	30.593828
1.000000	31.000000	31.000000	1117.000000	365.000000	29.000000	1109.382304	364.849981	1.000000	31.408621
1.000000	32.000000	32.000000	1008.000000	398.000000	28.000000	1002.114642	393.675674	2.000000	31.994542
1.000000	33.000000	33.000000	1209.000000	240.000000	20.000000	1204.394523	239.279008	1.000000	33.217841
1.000000	34.000000	34.000000	1210.000000	376.000000	30.000000	1212.585246	365.614897	2.000000	33.769069
1.000000	35.000000	35.000000	986.000000	144.000000	8.000000	983.105317	136.651261	1.000000	35.370189
1.000000	36.000000	36.000000	761.000000	119.000000	6.000000	747.388278	120.021046	2.000000	36.042502
1.000000	37.000000	37.000000	461.000000	149.000000	3.000000	451.727149	145.226017	1.000000	37.946614
1.000000	38.000000	38.000000	1099.000000	698.000000	59.000000	1098.177198	681.100011	2.000000	39.194512
1.000000	39.000000	39.000000	898.000000	234.000000	17.000000	888.979524	229.884132	1.000000	40.009668
1.000000	40.000000	40.000000	1001.000000	861.000000	78.000000	996.787860	865.150622	2.000000	40.938604
1.000000	1.000000	1.000000	747.000000	610.000000	46.000000	746.232258	607.803583	1.000000	2.018368
1.000000	2.000000	2.000000	655.000000	669.000000	55.000000	650.212584	675.160161	2.000000	2.899001
1.000000	3.000000	3.000000	528.000000	681.000000	54.000000	523.189277	686.638104	1.000000	4.931519
1.000000	4.000000	4.000000	445.000000	757.000000	63.000000	435.356913	758.568590	2.000000	5.707284
1.000000	5.000000	5.000000	540.000000	766.000000	64.000000	535.316845	777.125890	1.000000	6.465848
1.000000	6.000000	6.000000	434.000000	638.000000	53.000000	430.308287	651.861213	2.000000	7.003569
1.000000	7.000000	7.000000	628.000000	550.000000	45.000000	624.650762	551.631361	1.000000	8.314780
1.000000	8.000000	8.000000	437.000000	571.000000	43.000000	437.918123	575.669567	2.000000	9.091869
1.000000	9.000000	9.000000	231.000000	395.000000	21.000000	232.095442	396.974338	1.000000	9.785825
1.000000	10.000000	10.000000	198.000000	430.000000	31.000000	201.590336	437.904132	2.000000	10.267800
1.000000	11.000000	11.000000	334.000000	247.000000	12.000000	334.338643	258.124180	1.000000	11.051751
1.000000	12.000000	12.000000	331.000000	323.000000	22.000000	334.490084	332.531946	2.000000	11.667874
1.000000	13.000000	13.000000	410.000000	328.000000	23.000000	400.020085	334.913209	1.000000	12.356131
1.000000	14.000000	14.000000	189.000000	596.000000	41.000000	184.137990	608.158481	2.000000	13.283543
1.000000	15.000000	15.000000	231.000000	153.000000	1.000000	230.552383	147.386766	1.000000	14.156006
1.000000	16.000000	16.000000	342.000000	669.000000	52.000000	339.798081	677.992650	2.000000	15.059387
1.000000	17.000000	17.000000	647.000000	862.000000	75.000000	643.685751	865.594684	1.000000	16.235486
1.000000	18.000000	18.000000	544.000000	881.000000	74.000000	539.650804	884.560730	2.000000	16.859763
1.000000	19.000000	19.000000	662.000000	816.000000	65.000000	655.460432	814.511958	1.000000	17.867674
1.000000	20.000000	20.000000	778.000000	914.000000	76.000000	764.956243	919.541297	2.000000	18.690564
1.000000	21.000000	21.000000	234.000000	901.000000	71.000000	225.426484	905.665573	1.000000	19.706212
1.000000	22.000000	22.000000	982.000000	796.000000	68.000000	986.378407	803.302032	2.000000	20.618316
1.000000	23.000000	23.000000	884.000000	810.000000	67.000000	882.742979	818.246218	1.000000	21.275214
1.000000	24.000000	24.000000	1097.000000	800.000000	69.000000	1092.541590	803.569851	2.000000	22.018412
1.000000	25.000000	25.000000	990.000000	875.000000	78.000000	996.116866	882.625572	1.000000	23.050182
1.000000	26.000000	26.000000	1175.000000	911.000000	80.000000	1177.373956	926.873065	2.000000	23.923244
1.000000	27.000000	27.000000	955.000000	585.000000	48.000000	953.830304	593.459847	1.000000	25.435841
1.000000	28.000000	28.000000	1095.000000	559.000000	49.000000	1097.119648	570.827160	2.000000	26.066583
1.000000	29.000000	29.000000	887.000000	560.000000	47.000000	883.897143	567.928124	1.000000	26.755318
1.000000	30.000000	30.000000	765.000000	483.000000	36.000000	763.261148	490.701137	2.000000	27.330567
1.000000	31.000000	31.000000	1218.000000	261.000000	20.000000	1210.066577	265.961340	1.000000	28.539826
1.000000	32.000000	32.000000	1076.000000	363.000000	29.000000	1078.632178	370.521989	2.000000	29.139433
1.000000	33.000000	33.000000	981.000000	151.000000	8.000000	982.771117	155.882234	1.000000	29.986513
1.000000	34.000000	34.000000	980.000000	268.000000	18.000000	983.501475	279.941635	2.000000	30.587233
1.000000	35.000000	35.000000	1172.000000	130.000000	10.000000	1167.766141	125.309667	1.000000	31.371285
1.000000	36.000000	36.000000	875.000000	140.000000	7.000000	871.917659	141.826748	2.000000	32.235848
1.000000	37.000000	37.000000	633.000000	267.000000	15.000000	639.814495	263.517887	1.000000	33.003824
1.000000	38.000000	38.000000	751.000000	166.000000	6.000000	757.328103	171.103310	2.000000	34.154535
1.000000	39.000000	39.000000	534.000000	245.000000	14.000000	533.371101	244.654557	1.000000	35.162342
1.000000	40.000000	40.000000	656.000000	431.000000	35.000000	649.508822	437.506420	2.000000	35.873759
2.000000	1.000000	1.000000	1088.000000	755.000000	69.000000	1079.762445	758.076853	1.000000	2.477716
2.000000	2.000000	2.000000	991.000000	788.000000	68.000000	990.279644	795.398060	2.000000	3.197348
2.000000	3.000000	3.000000	1224.000000	765.000000	70.000000	1220.917459	777.866049	1.000000	4.158860
2.000000	4.000000	4.000000	1183.000000	560.000000	50.000000	1185.407987	562.600778	2.000000	4.893813
2.000000	5.000000	5.000000	1084.000000	691.000000	59.000000	1075.703558	694.755214	1.000000	5.662832
2.000000	6.000000	6.000000	833.000000	807.000000	67.000000	840.592810	807.889426	2.000000	6.517057
2.000000	7.000000	7.000000	644.000000	865.000000	75.000000	646.234292	875.408892	1.000000	7.213181
2.000000	8.000000	8.000000	533.000000	902.000000	74.000000	541.987735	906.374883	2.000000	8.190386
2.000000	9.000000	9.000000	339.000000	897.000000	72.000000	338.949863	904.828662	1.000000	8.790171
2.000000	10.000000	10.000000	450.000000	751.000000	63.000000	448.465850	756.660216	2.000000	9.486438
2.000000	11.000000	11.000000	429.000000	635.000000	53.000000	427.734560	648.973823	1.000000	10.253065
2.000000	12.000000	12.000000	656.000000	672.000000	55.000000	646.183692	678.168382	2.000000	11.341398
2.000000	13.000000	13.000000	341.000000	822.000000	62.000000	338.556881	826.153670	1.000000	12.117748
2.000000	14.000000	14.000000	770.000000	698.000000	56.000000	770.661994	702.501185	2.000000	13.038928
2.000000	15.000000	15.000000	181.000000	800.000000	61.000000	180.480783	805.595398	1.000000	14.214100
2.000000	16.000000	16.000000	851.000000	590.000000	47.000000	850.578145	593.241729	2.000000	15.492948
2.000000	17.000000	17.000000	756.000000	575.000000	46.000000	752.993199	582.238187	1.000000	16.662564
2.000000	18.000000	18.000000	858.000000	435.000000	37.000000	854.881322	443.619112	2.000000	17.566904
2.000000	19.000000	19.000000	728.000000	271.000000	16.000000	730.417741	274.281726	1.000000	18.197693
2.000000	20.000000	20.000000	842.000000	356.000000	27.000000	844.941664	355.741787	2.000000	18.925275
2.000000	21.000000	21.000000	655.000000	231.000000	15.000000	659.224175	228.390016	1.000000	20.109131
2.000000	22.000000	22.000000	549.000000	218.000000	14.000000	537.469431	227.647278	2.000000	20.789629
2.000000	23.000000	23.000000	454.000000	228.000000	13.000000	447.131139	238.779126	1.000000	21.534996
2.000000	24.000000	24.000000	540.000000	152.000000	4.000000	530.726957	162.313560	2.000000	22.221224
2.000000	25.000000	25.000000	298.000000	213.000000	12.000000	301.788147	233.652606	1.000000	22.974525
2.000000	26.000000	26.000000	418.000000	165.000000	3.000000	410.573113	164.029138	2.000000	23.717635
2.000000	27.000000	27.000000	209.000000	353.000000	21.000000	202.305233	358.018685	1.000000	24.549713
2.000000	28.000000	28.000000	335.000000	365.000000	22.000000	333.916954	378.367490	2.000000	25.031051
2.000000	29.000000	29.000000	193.000000	465.000000	31.000000	191.819369	464.838417	1.000000	25.670077
2.000000	30.000000	30.000000	454.000000	387.000000	23.000000	441.809231	390.983979	2.000000	26.773674
2.000000	31.000000	31.000000	289.000000	459.000000	32.000000	289.059302	462.504158	1.000000	27.366928
2.000000	32.000000	32.000000	446.000000	467.000000	33.000000	447.150036	474.914228	2.000000	28.045169
2.000000	33.000000	33.000000	1074.000000	533.000000	49.000000	1076.439544	543.026220	1.000000	31.149904
2.000000	34.000000	34.000000	1098.000000	229.000000	19.000000	1095.967635	237.971843	2.000000	33.733543
2.000000	35.000000	35.000000	995.000000	135.000000	8.000000	985.884885	139.118556	1.000000	34.476856
2.000000	36.000000	36.000000	1101.000000	379.000000	29.000000	1091.152942	390.661572	2.000000	35.981259
2.000000	37.000000	37.000000	1169.000000	116.000000	10.000000	1170.895065	122.907387	1.000000	37.326811
2.000000	38.000000	38.000000	773.000000	449.000000	36.000000	768.702582	443.867589	2.000000	40.118768
2.000000	39.000000	39.000000	855.000000	136.000000	7.000000	844.721097	143.341284	1.000000	41.150443
2.000000	40.000000	40.000000	640.000000	443.000000	35.000000	637.680252	445.281439	2.000000	42.389154
3.000000	1.000000	1.000000	751.000000	717.000000	56.000000	740.168081	718.847734	1.000000	58.853815
3.000000	2.000000	2.000000	647.000000	650.000000	55.000000	657.125421	652.308163	2.000000	59.588568
3.000000	3.000000	3.000000	539.000000	604.000000	44.000000	533.612125	610.724353	1.000000	60.445874
3.000000	4.000000	4.000000	554.000000	711.000000	54.000000	552.456979	715.865004	2.000000	61.285976
3.000000	5.000000	5.000000	440.000000	772.000000	63.000000	447.691197	773.023633	1.000000	62.012684
3.000000	6.000000	6.000000	518.000000	750.000000	64.000000	509.902972	755.952052	2.000000	62.566184
3.000000	7.000000	7.000000	396.000000	557.000000	43.000000	397.533442	548.131559	1.000000	63.372265
3.000000	8.000000	8.000000	456.000000	650.000000	53.000000	449.131766	654.888843	2.000000	64.076819
3.000000	9.000000	9.000000	219.000000	675.000000	51.000000	215.803692	674.257687	1.000000	65.069474
3.000000	10.000000	10.000000	216.000000	917.000000	71.000000	207.530676	921.651454	2.000000	65.942025
3.000000	11.000000	11.000000	339.000000	917.000000	72.000000	331.685384	925.487525	1.000000	66.476723
3.000000	12.000000	12.000000	879.000000	785.000000	67.000000	889.161109	778.861329	2.000000	67.516908
3.000000	13.000000	13.000000	671.000000	796.000000	65.000000	663.347772	799.095345	1.000000	68.413319
3.000000	14.000000	14.000000	852.000000	591.000000	47.000000	843.466873	589.437351	2.000000	69.340349
3.000000	15.000000	15.000000	1002.000000	689.000000	58.000000	996.268411	689.963096	1.000000	70.557299
3.000000	16.000000	16.000000	1098.000000	572.000000	49.000000	1099.410782	587.455613	2.000000	71.229497
3.000000	17.000000	17.000000	973.000000	488.000000	38.000000	964.185810	499.310077	1.000000	72.229796
3.000000	18.000000	18.000000	1226.000000	480.000000	40.000000	1219.677568	489.558345	2.000000	72.958187
3.000000	19.000000	19.000000	970.000000	374.000000	28.000000	964.393839	381.512793	1.000000	73.660689
3.000000	20.000000	20.000000	996.000000	266.000000	18.000000	994.874585	272.908147	2.000000	74.500859
3.000000	21.000000	21.000000	889.000000	160.000000	7.000000	877.599731	163.964960	1.000000	75.214014
3.000000	22.000000	22.000000	1058.000000	265.000000	19.000000	1064.588765	266.523643	2.000000	75.932533
3.000000	23.000000	23.000000	771.000000	146.000000	6.000000	779.104254	148.266908	1.000000	76.837023
3.000000	24.000000	24.000000	770.000000	238.000000	16.000000	773.718900	245.011831	2.000000	77.374266
3.000000	25.000000	25.000000	841.000000	462.000000	37.000000	839.568678	467.393069	1.000000	78.086251
3.000000	26.000000	26.000000	763.000000	479.000000	36.000000	751.980426	483.566742	2.000000	78.533694
3.000000	27.000000	27.000000	512.000000	454.000000	34.000000	507.565245	460.954604	1.000000	79.414138
3.000000	28.000000	28.000000	629.000000	383.000000	25.000000	627.254357	389.074006	2.000000	80.116629
3.000000	29.000000	29.000000	331.000000	433.000000	32.000000	331.231779	442.615024	1.000000	80.844644
3.000000	30.000000	30.000000	661.000000	274.000000	15.000000	665.233475	286.775542	2.000000	81.517843
3.000000	31.000000	31.000000	322.000000	122.000000	2.000000	325.585550	119.615513	1.000000	82.445409
3.000000	32.000000	32.000000	549.000000	148.000000	4.000000	547.715743	157.552244	2.000000	83.197983
3.000000	33.000000	33.000000	182.000000	157.000000	1.000000	181.380211	155.285048	1.000000	83.980627
3.000000	34.000000	34.000000	203.000000	288.000000	11.000000	198.575344	290.365728	2.000000	84.469073
3.000000	35.000000	35.000000	1095.000000	884.000000	79.000000	1093.960781	890.886253	1.000000	85.853727
3.000000	36.000000	36.000000	980.000000	880.000000	78.000000	977.535849	876.198318	2.000000	86.397810
3.000000	37.000000	37.000000	858.000000	892.000000	77.000000	854.195686	900.555587	1.000000	87.037911
3.000000	38.000000	38.000000	1200.000000	703.000000	60.000000	1194.939324	712.332241	2.000000	87.846113
3.000000	39.000000	39.000000	559.000000	900.000000	74.000000	553.109280	922.216044	1.000000	88.909166
3.000000	40.000000	40.000000	519.000000	236.000000	14.000000	519.280305	236.113289	2.000000	89.942121
4.000000	1.000000	1.000000	557.000000	547.000000	44.000000	558.790276	547.504824	1.000000	1.147217
4.000000	2.000000	2.000000	548.000000	493.000000	34.000000	552.209555	492.934684	2.000000	1.747441
4.000000	3.000000	3.000000	1008.000000	516.000000	38.000000	998.497287	507.418784	1.000000	5.156432
4.000000	4.000000	4.000000	1094.000000	565.000000	49.000000	1096.180891	562.576659	2.000000	6.098964
4.000000	5.000000	5.000000	969.000000	577.000000	48.000000	969.021783	582.089881	1.000000	6.714430
4.000000	6.000000	6.000000	1109.000000	505.000000	39.000000	1103.509813	497.940945	2.000000	8.059669
4.000000	7.000000	7.000000	1208.000000	555.000000	50.000000	1207.331212	552.942735	1.000000	8.691750
4.000000	8.000000	8.000000	1071.000000	660.000000	59.000000	1063.035873	658.586959	2.000000	9.242269
4.000000	9.000000	9.000000	1073.000000	908.000000	79.000000	1078.496622	908.010471	1.000000	10.068434
4.000000	10.000000	10.000000	964.000000	917.000000	78.000000	968.493225	919.280941	2.000000	10.915203
4.000000	11.000000	11.000000	560.000000	794.000000	64.000000	562.062406	792.204571	1.000000	11.890693
4.000000	12.000000	12.000000	405.000000	818.000000	63.000000	411.628573	820.421074	2.000000	12.548366
4.000000	13.000000	13.000000	284.000000	824.000000	62.000000	293.395406	824.931452	1.000000	13.180355
4.000000	14.000000	14.000000	283.000000	915.000000	72.000000	288.362078	895.131452	2.000000	13.658471
4.000000	15.000000	15.000000	228.000000	807.000000	61.000000	224.699046	804.259052	1.000000	14.356371
4.000000	16.000000	16.000000	209.000000	925.000000	71.000000	215.263081	913.617193	2.000000	14.836123
4.000000	17.000000	17.000000	212.000000	587.000000	41.000000	202.719484	581.803824	1.000000	15.578511
4.000000	18.000000	18.000000	209.000000	329.000000	21.000000	203.087730	337.021302	2.000000	16.922248
4.000000	19.000000	19.000000	213.000000	465.000000	31.000000	215.336845	454.559771	1.000000	17.690683
4.000000	20.000000	20.000000	502.000000	379.000000	24.000000	514.980474	380.928304	2.000000	18.915999
4.000000	21.000000	21.000000	452.000000	360.000000	23.000000	446.912154	365.800295	1.000000	19.731648
4.000000	22.000000	22.000000	441.000000	282.000000	13.000000	446.575267	265.139841	2.000000	22.140168
4.000000	23.000000	23.000000	442.000000	181.000000	3.000000	434.588819	186.503949	1.000000	23.170482
4.000000	24.000000	24.000000	523.000000	177.000000	4.000000	517.857363	174.566009	2.000000	23.842728
4.000000	25.000000	25.000000	340.000000	261.000000	12.000000	339.327429	268.045352	1.000000	24.411780
4.000000	26.000000	26.000000	744.000000	394.000000	26.000000	736.703115	396.217051	2.000000	25.740375
4.000000	27.000000	27.000000	864.000000	289.000000	17.000000	857.689419	293.214310	1.000000	26.715428
4.000000	28.000000	28.000000	874.000000	148.000000	7.000000	867.820664	141.199570	2.000000	28.204422
4.000000	29.000000	29.000000	779.000000	261.000000	16.000000	772.777365	255.821491	1.000000	28.852386
4.000000	30.000000	30.000000	959.000000	138.000000	8.000000	955.307995	140.987144	2.000000	29.594461
4.000000	31.000000	31.000000	1077.000000	256.000000	19.000000	1077.849553	241.612042	1.000000	30.610717
4.000000	32.000000	32.000000	1210.000000	193.000000	10.000000	1212.489837	187.479877	2.000000	31.235143
4.000000	33.000000	33.000000	1220.000000	368.000000	30.000000	1213.541870	362.850198	1.000000	32.042501
4.000000	34.000000	34.000000	862.000000	609.000000	47.000000	860.319324	609.786089	2.000000	32.852372
4.000000	35.000000	35.000000	976.000000	381.000000	28.000000	969.621953	372.274987	1.000000	33.539456
4.000000	36.000000	36.000000	743.000000	551.000000	46.000000	737.122448	545.068603	2.000000	34.139680
4.000000	37.000000	37.000000	1105.000000	144.000000	9.000000	1093.728652	137.932601	1.000000	35.596113
4.000000	38.000000	38.000000	861.000000	829.000000	67.000000	858.646194	823.296320	2.000000	36.738809
4.000000	39.000000	39.000000	336.000000	454.000000	32.000000	341.878757	448.811935	1.000000	37.907460
4.000000	40.000000	40.000000	862.000000	903.000000	77.000000	865.203208	904.778777	2.000000	38.978414
5.000000	1.000000	0.000000	889.000000	445.000000	37.000000	871.198557	494.352441	2.000000	0.556783
5.000000	2.000000	0.000000	1270.000000	374.000000	30.000000	1184.847911	352.151129	3.000000	1.604766
5.000000	3.000000	0.000000	1271.000000	372.000000	30.000000	1184.847911	352.151129	3.000000	1.821795
5.000000	4.000000	0.000000	1224.000000	359.000000	30.000000	1184.847911	352.151129	3.000000	2.237358
5.000000	5.000000	1.000000	1161.000000	281.000000	20.000000	1173.369887	284.591555	1.000000	3.846515
5.000000	6.000000	2.000000	1069.000000	326.000000	29.000000	1075.989419	332.648037	2.000000	4.774748
5.000000	7.000000	3.000000	974.000000	324.000000	28.000000	978.213233	331.064291	1.000000	5.390161
5.000000	8.000000	4.000000	1073.000000	479.000000	39.000000	1060.327498	483.519203	2.000000	6.284381
5.000000	9.000000	5.000000	841.000000	391.000000	27.000000	840.408116	392.110874	1.000000	6.924688
5.000000	10.000000	6.000000	873.000000	489.000000	37.000000	871.198557	494.352441	2.000000	7.420647
5.000000	11.000000	7.000000	841.000000	563.000000	47.000000	845.894734	561.167985	1.000000	8.044775
5.000000	12.000000	8.000000	963.000000	556.000000	48.000000	955.305837	557.126856	2.000000	8.846536
5.000000	13.000000	9.000000	978.000000	884.000000	78.000000	980.777513	891.496038	1.000000	9.813109
5.000000	14.000000	10.000000	975.000000	805.000000	68.000000	971.932069	798.303749	2.000000	10.469016
5.000000	15.000000	11.000000	845.000000	808.000000	67.000000	845.508056	817.171929	1.000000	11.052887
5.000000	16.000000	12.000000	770.000000	813.000000	66.000000	772.527588	814.902185	2.000000	11.460875
5.000000	17.000000	13.000000	629.000000	883.000000	75.000000	631.837762	894.605628	1.000000	12.086076
5.000000	18.000000	14.000000	535.000000	799.000000	64.000000	527.782355	799.404601	2.000000	12.629402
5.000000	19.000000	15.000000	443.000000	682.000000	53.000000	435.783989	688.674594	1.000000	13.388657
5.000000	20.000000	16.000000	350.000000	790.000000	62.000000	338.414038	789.123738	2.000000	13.982595
5.000000	21.000000	17.000000	339.000000	648.000000	52.000000	331.411254	660.313968	1.000000	14.565353
5.000000	22.000000	18.000000	188.000000	788.000000	61.000000	183.682042	792.740420	2.000000	15.189640
5.000000	23.000000	19.000000	233.000000	679.000000	51.000000	229.213424	678.058070	1.000000	15.774007
5.000000	24.000000	20.000000	335.000000	495.000000	32.000000	323.267444	504.285582	2.000000	16.724818
5.000000	25.000000	21.000000	188.000000	451.000000	31.000000	182.864554	460.993451	1.000000	17.836696
5.000000	26.000000	22.000000	411.000000	341.000000	23.000000	417.824465	342.477875	2.000000	18.534405
5.000000	27.000000	23.000000	305.000000	344.000000	22.000000	315.873763	353.110372	1.000000	19.108896
5.000000	28.000000	24.000000	308.000000	225.000000	12.000000	316.721415	233.747818	2.000000	19.853625
5.000000	29.000000	25.000000	460.000000	223.000000	13.000000	444.431020	229.541945	1.000000	20.534218
5.000000	30.000000	26.000000	420.000000	147.000000	3.000000	403.102625	158.895599	2.000000	20.973907
5.000000	31.000000	27.000000	196.000000	162.000000	1.000000	195.899337	168.832281	1.000000	21.692415
5.000000	32.000000	28.000000	732.000000	234.000000	16.000000	732.878793	246.777525	2.000000	22.397941
5.000000	33.000000	29.000000	878.000000	132.000000	7.000000	881.817937	134.824233	1.000000	23.278596
5.000000	34.000000	30.000000	563.000000	403.000000	24.000000	558.973197	391.748829	2.000000	24.053027
5.000000	35.000000	31.000000	768.000000	364.000000	26.000000	773.419029	356.149538	1.000000	24.740654
5.000000	36.000000	32.000000	645.000000	430.000000	35.000000	633.607643	446.103595	2.000000	25.446273
5.000000	37.000000	33.000000	1080.000000	897.000000	79.000000	1081.292477	917.845110	1.000000	27.309294
5.000000	38.000000	34.000000	1196.000000	912.000000	80.000000	1195.500613	911.143653	2.000000	28.206343
5.000000	39.000000	35.000000	517.000000	663.000000	54.000000	534.556948	675.476022	1.000000	29.765387
5.000000	40.000000	36.000000	868.000000	695.000000	57.000000	869.574857	699.060017	2.000000	30.789042
5.000000	41.000000	37.000000	309.000000	899.000000	72.000000	300.501680	901.482778	1.000000	31.974200
5.000000	42.000000	38.000000	1105.000000	651.000000	59.000000	1100.405182	657.941253	2.000000	33.438051
5.000000	43.000000	39.000000	959.000000	237.000000	18.000000	956.392847	233.264294	1.000000	34.532990
5.000000	44.000000	40.000000	1214.000000	550.000000	50.000000	1203.613468	549.657396	2.000000	35.549108
6.000000	1.000000	1.000000	529.000000	375.000000	24.000000	517.428937	380.793283	1.000000	1.297337
6.000000	2.000000	2.000000	652.000000	439.000000	35.000000	648.330318	445.944415	2.000000	1.818841
6.000000	3.000000	3.000000	407.000000	471.000000	33.000000	408.270177	478.147010	1.000000	2.442976
6.000000	4.000000	4.000000	310.000000	434.000000	32.000000	308.983246	441.248121	2.000000	3.058212
6.000000	5.000000	5.000000	313.000000	876.000000	72.000000	311.500545	886.444535	1.000000	4.330376
6.000000	6.000000	6.000000	551.000000	814.000000	64.000000	552.381021	816.744358	2.000000	5.283146
6.000000	7.000000	7.000000	537.000000	861.000000	74.000000	524.971168	870.778763	1.000000	5.979076
6.000000	8.000000	8.000000	755.000000	816.000000	66.000000	748.654580	815.861448	2.000000	6.722362
6.000000	9.000000	9.000000	437.000000	851.000000	73.000000	445.404395	864.472693	1.000000	7.546232
6.000000	10.000000	10.000000	429.000000	684.000000	53.000000	427.717963	682.990391	2.000000	8.137441
6.000000	11.000000	11.000000	210.000000	908.000000	71.000000	202.856158	912.728750	1.000000	8.778321
6.000000	12.000000	12.000000	196.000000	577.000000	41.000000	204.629259	578.920750	2.000000	9.553866
6.000000	13.000000	13.000000	620.000000	760.000000	65.000000	630.986762	762.452225	1.000000	10.410216
6.000000	14.000000	14.000000	300.000000	575.000000	42.000000	299.270535	585.705262	2.000000	11.138956
6.000000	15.000000	15.000000	644.000000	689.000000	55.000000	626.929784	700.798343	1.000000	11.866631
6.000000	16.000000	16.000000	641.000000	573.000000	45.000000	633.258934	571.200834	2.000000	12.355115
6.000000	17.000000	17.000000	773.000000	676.000000	56.000000	761.018018	677.690247	1.000000	13.057202
6.000000	18.000000	18.000000	871.000000	811.000000	67.000000	868.291706	814.694057	2.000000	13.722634
6.000000	19.000000	19.000000	779.000000	917.000000	76.000000	770.416432	930.644643	1.000000	14.401283
6.000000	20.000000	20.000000	1180.000000	810.000000	70.000000	1180.300128	819.083728	2.000000	15.425077
6.000000	21.000000	21.000000	1189.000000	887.000000	80.000000	1184.942792	889.838956	1.000000	16.058915
6.000000	22.000000	22.000000	951.000000	655.000000	58.000000	954.851652	652.987332	2.000000	16.705581
6.000000	23.000000	23.000000	963.000000	788.000000	68.000000	966.834832	790.000364	1.000000	17.450481
6.000000	24.000000	24.000000	1079.000000	334.000000	29.000000	1091.999422	330.007570	2.000000	18.306838
6.000000	25.000000	25.000000	1107.000000	627.000000	59.000000	1110.834916	650.697912	1.000000	19.210892
6.000000	26.000000	26.000000	1230.000000	345.000000	30.000000	1218.896273	345.335099	2.000000	19.993967
6.000000	27.000000	27.000000	1182.000000	578.000000	50.000000	1189.762807	587.963464	1.000000	20.666828
6.000000	28.000000	28.000000	854.000000	268.000000	17.000000	858.105088	266.970276	2.000000	21.554797
6.000000	29.000000	29.000000	960.000000	325.000000	28.000000	970.272011	332.293277	1.000000	22.105484
6.000000	30.000000	30.000000	952.000000	170.000000	8.000000	950.343596	172.919113	2.000000	22.986290
6.000000	31.000000	31.000000	884.000000	170.000000	7.000000	871.770008	180.286196	1.000000	23.426758
6.000000	32.000000	32.000000	1109.000000	145.000000	9.000000	1105.586796	142.678926	2.000000	24.089872
6.000000	33.000000	33.000000	880.000000	535.000000	47.000000	876.002718	545.526637	1.000000	24.873388
6.000000	34.000000	34.000000	732.000000	343.000000	26.000000	736.387778	344.644431	2.000000	25.490186
6.000000	35.000000	35.000000	958.000000	582.000000	48.000000	955.723922	586.845225	1.000000	26.571181
6.000000	36.000000	36.000000	563.000000	258.000000	14.000000	553.753470	256.522290	2.000000	27.514998
6.000000	37.000000	37.000000	553.000000	495.000000	34.000000	551.067767	501.871647	1.000000	28.089944
6.000000	38.000000	38.000000	565.000000	157.000000	4.000000	560.485567	160.457951	2.000000	28.778547
6.000000	39.000000	39.000000	326.000000	153.000000	2.000000	314.236113	159.811451	1.000000	29.409870
6.000000	40.000000	40.000000	182.000000	332.000000	21.000000	185.730358	334.462356	2.000000	30.057279
7.000000	1.000000	1.000000	649.000000	259.000000	15.000000	651.972696	265.978118	1.000000	1.091267
7.000000	2.000000	2.000000	630.000000	338.000000	25.000000	624.576940	339.819212	2.000000	1.676301
7.000000	3.000000	3.000000	559.000000	439.000000	34.000000	555.863793	457.512105	1.000000	2.299432
7.000000	4.000000	4.000000	291.000000	547.000000	42.000000	288.870977	569.985438	2.000000	2.971847
7.000000	5.000000	5.000000	302.000000	432.000000	32.000000	292.479953	437.908917	1.000000	3.475714
7.000000	6.000000	6.000000	178.000000	497.000000	31.000000	183.467882	492.089156	2.000000	4.027388
7.000000	7.000000	7.000000	214.000000	348.000000	21.000000	208.739657	367.398675	1.000000	4.547782
7.000000	8.000000	8.000000	214.000000	137.000000	1.000000	209.817812	140.403619	2.000000	5.242824
7.000000	9.000000	9.000000	193.000000	262.000000	11.000000	186.868243	278.940837	1.000000	5.842413
7.000000	10.000000	10.000000	407.000000	132.000000	3.000000	422.946703	140.048286	2.000000	6.571984
7.000000	11.000000	11.000000	304.000000	222.000000	12.000000	304.857224	246.414633	1.000000	7.340303
7.000000	12.000000	12.000000	567.000000	176.000000	4.000000	561.717069	178.248323	2.000000	8.034222
7.000000	13.000000	13.000000	859.000000	161.000000	7.000000	844.149160	161.293111	1.000000	8.674903
7.000000	14.000000	14.000000	735.000000	179.000000	6.000000	731.378452	188.466065	2.000000	9.298171
7.000000	15.000000	15.000000	982.000000	272.000000	18.000000	981.864253	284.793347	1.000000	10.051352
7.000000	16.000000	16.000000	837.000000	335.000000	27.000000	837.620075	342.156626	2.000000	10.602879
7.000000	17.000000	17.000000	743.000000	439.000000	36.000000	737.988574	449.239890	1.000000	11.155784
7.000000	18.000000	18.000000	517.000000	769.000000	64.000000	516.997786	781.417954	2.000000	12.123050
7.000000	19.000000	19.000000	288.000000	903.000000	72.000000	292.273577	906.855586	1.000000	13.124004
7.000000	20.000000	20.000000	331.000000	762.000000	62.000000	323.928683	770.072274	2.000000	13.819541
7.000000	21.000000	21.000000	327.000000	708.000000	52.000000	322.565504	708.619446	1.000000	14.307447
7.000000	22.000000	22.000000	201.000000	801.000000	61.000000	193.586463	794.858648	2.000000	15.194336
7.000000	23.000000	23.000000	620.000000	889.000000	75.000000	627.971262	895.441798	1.000000	16.154314
7.000000	24.000000	24.000000	442.000000	894.000000	73.000000	438.421019	899.958197	2.000000	16.802206
7.000000	25.000000	25.000000	761.000000	823.000000	66.000000	758.795361	809.718045	1.000000	17.531255
7.000000	26.000000	26.000000	999.000000	810.000000	68.000000	994.839694	809.978315	2.000000	18.130319
7.000000	27.000000	27.000000	771.000000	918.000000	76.000000	764.940795	924.868170	1.000000	18.907045
7.000000	28.000000	28.000000	1181.000000	697.000000	60.000000	1183.516607	713.108062	2.000000	19.859889
7.000000	29.000000	29.000000	1175.000000	591.000000	50.000000	1173.150044	609.384477	1.000000	20.314696
7.000000	30.000000	30.000000	1225.000000	458.000000	40.000000	1220.718857	467.154024	2.000000	21.234615
7.000000	31.000000	31.000000	1211.000000	323.000000	30.000000	1203.608562	331.550095	1.000000	21.978390
7.000000	32.000000	32.000000	1101.000000	333.000000	29.000000	1102.679247	348.300649	2.000000	22.491319
7.000000	33.000000	33.000000	882.000000	444.000000	37.000000	889.753434	455.371605	1.000000	23.172220
7.000000	34.000000	34.000000	1102.000000	295.000000	19.000000	1091.959088	289.598185	2.000000	23.956362
7.000000	35.000000	35.000000	859.000000	567.000000	47.000000	861.847593	578.474206	1.000000	24.754382
7.000000	36.000000	36.000000	1000.000000	550.000000	48.000000	997.383195	549.998206	2.000000	25.299327
7.000000	37.000000	37.000000	761.000000	586.000000	46.000000	760.443994	606.370910	1.000000	26.066371
7.000000	38.000000	38.000000	1213.000000	149.000000	10.000000	1208.128843	160.411982	2.000000	27.058995
7.000000	39.000000	39.000000	648.000000	590.000000	45.000000	640.615234	600.257096	1.000000	28.051666
7.000000	40.000000	40.000000	1064.000000	157.000000	9.000000	1066.951730	158.233605	2.000000	28.948123
8.000000	1.000000	1.000000	337.000000	163.000000	2.000000	334.287521	167.979233	1.000000	1.687185
8.000000	2.000000	2.000000	412.000000	124.000000	3.000000	407.531671	128.714172	2.000000	4.301813
8.000000	3.000000	3.000000	453.000000	255.000000	13.000000	447.615890	254.052846	1.000000	5.302861
8.000000	4.000000	0.000000	720.000000	263.000000	16.000000	772.566106	292.598292	1.000000	7.654212
8.000000	5.000000	4.000000	676.000000	170.000000	5.000000	670.066733	163.368951	2.000000	9.783192
8.000000	6.000000	5.000000	776.000000	295.000000	16.000000	772.566106	292.598292	1.000000	11.301618
8.000000	7.000000	6.000000	646.000000	353.000000	25.000000	644.759576	360.627597	2.000000	12.159107
8.000000	8.000000	7.000000	1074.000000	384.000000	29.000000	1077.088887	377.907759	1.000000	13.895138
8.000000	9.000000	8.000000	882.000000	392.000000	27.000000	863.663184	397.227670	2.000000	14.477899
8.000000	10.000000	9.000000	865.000000	570.000000	47.000000	870.345547	551.964196	1.000000	15.334490
8.000000	11.000000	10.000000	646.000000	606.000000	45.000000	638.370549	606.905728	2.000000	15.997517
8.000000	12.000000	11.000000	750.000000	595.000000	46.000000	744.227261	594.679439	1.000000	16.446488
8.000000	13.000000	12.000000	536.000000	577.000000	44.000000	528.252682	565.304816	2.000000	17.005501
8.000000	14.000000	13.000000	551.000000	716.000000	54.000000	553.027453	713.478555	1.000000	17.551167
8.000000	15.000000	14.000000	621.000000	688.000000	55.000000	624.274438	690.524629	2.000000	17.951171
8.000000	16.000000	15.000000	756.000000	650.000000	56.000000	765.672048	651.454304	1.000000	18.526022
8.000000	17.000000	16.000000	662.000000	792.000000	65.000000	665.943434	777.021463	2.000000	19.295019
8.000000	18.000000	17.000000	775.000000	750.000000	66.000000	776.492975	755.166749	1.000000	19.766494
8.000000	19.000000	18.000000	544.000000	911.000000	74.000000	545.169279	905.896726	2.000000	20.525475
8.000000	20.000000	19.000000	751.000000	910.000000	76.000000	756.177334	914.739821	1.000000	21.150612
8.000000	21.000000	20.000000	978.000000	876.000000	78.000000	990.925243	868.022429	2.000000	21.830636
8.000000	22.000000	21.000000	980.000000	806.000000	68.000000	979.699608	802.535440	1.000000	22.325637
8.000000	23.000000	22.000000	1093.000000	778.000000	69.000000	1080.160574	779.552844	2.000000	22.959095
8.000000	24.000000	23.000000	997.000000	572.000000	48.000000	1001.611220	560.511317	1.000000	23.677987
8.000000	25.000000	24.000000	1190.000000	602.000000	50.000000	1191.372533	609.960356	2.000000	24.542051
8.000000	26.000000	25.000000	315.000000	246.000000	12.000000	317.176919	240.360219	1.000000	25.663356
8.000000	27.000000	26.000000	880.000000	156.000000	7.000000	883.359309	161.363391	2.000000	26.678685
8.000000	28.000000	27.000000	196.000000	246.000000	11.000000	202.343174	246.854006	1.000000	27.438549
8.000000	29.000000	28.000000	951.000000	250.000000	18.000000	954.551934	246.413287	2.000000	28.407163
8.000000	30.000000	29.000000	227.000000	332.000000	21.000000	224.212740	330.160912	2.000000	29.165360
8.000000	31.000000	30.000000	1182.000000	175.000000	10.000000	1188.908930	176.382490	2.000000	30.262231
8.000000	32.000000	31.000000	221.000000	577.000000	41.000000	216.212468	567.997103	1.000000	31.366006
8.000000	33.000000	32.000000	315.000000	656.000000	52.000000	309.851449	658.764815	2.000000	32.190717
8.000000	34.000000	33.000000	329.000000	591.000000	42.000000	329.332143	581.291140	1.000000	32.669485
8.000000	35.000000	34.000000	309.000000	808.000000	62.000000	314.332450	816.415101	2.000000	33.559478
8.000000	36.000000	35.000000	416.000000	884.000000	73.000000	402.423001	872.992882	1.000000	34.198303
8.000000	37.000000	36.000000	199.000000	888.000000	71.000000	196.749391	879.943214	2.000000	34.743162
8.000000	38.000000	37.000000	425.000000	833.000000	63.000000	425.913303	818.180739	1.000000	35.397998
8.000000	39.000000	38.000000	640.000000	462.000000	35.000000	636.495809	465.913279	2.000000	36.286702
8.000000	40.000000	39.000000	210.000000	688.000000	51.000000	203.062606	688.356530	1.000000	37.254851
8.000000	41.000000	40.000000	1208.000000	939.000000	80.000000	1208.955231	929.518466	1.000000	49.590875
9.000000	1.000000	1.000000	203.000000	258.000000	11.000000	211.206087	263.940705	1.000000	2.375601
9.000000	2.000000	2.000000	310.000000	265.000000	12.000000	309.774575	272.651347	2.000000	3.071052
9.000000	3.000000	3.000000	413.000000	463.000000	33.000000	409.884048	450.187178	2.000000	10.191335
9.000000	4.000000	4.000000	409.000000	374.000000	23.000000	408.115122	388.373787	1.000000	11.094984
9.000000	5.000000	5.000000	318.000000	458.000000	32.000000	320.464146	457.993839	1.000000	11.686626
9.000000	6.000000	6.000000	183.000000	359.000000	21.000000	185.247305	364.607543	1.000000	12.391909
9.000000	7.000000	7.000000	181.000000	455.000000	31.000000	182.143093	469.484376	2.000000	12.863051
9.000000	8.000000	8.000000	216.000000	530.000000	41.000000	210.476998	544.330149	1.000000	13.334964
9.000000	9.000000	9.000000	338.000000	557.000000	42.000000	340.038308	560.810641	2.000000	13.863388
9.000000	10.000000	10.000000	213.000000	706.000000	51.000000	212.529237	700.338351	2.000000	14.655516
9.000000	11.000000	11.000000	228.000000	800.000000	61.000000	230.139780	810.213376	1.000000	15.830468
9.000000	12.000000	12.000000	328.000000	804.000000	62.000000	310.372767	811.153715	2.000000	16.415538
9.000000	13.000000	13.000000	223.000000	857.000000	71.000000	218.954063	875.505042	2.000000	16.920222
9.000000	14.000000	14.000000	459.000000	710.000000	53.000000	449.366902	719.139801	2.000000	17.847126
9.000000	15.000000	15.000000	418.000000	578.000000	43.000000	415.212605	591.769289	1.000000	18.280246
9.000000	16.000000	16.000000	521.000000	585.000000	44.000000	527.988006	599.572090	1.000000	18.767522
9.000000	17.000000	17.000000	662.000000	795.000000	65.000000	650.455528	803.122422	2.000000	19.447273
9.000000	18.000000	18.000000	531.000000	928.000000	74.000000	523.683490	923.457689	2.000000	20.247361
9.000000	19.000000	19.000000	773.000000	697.000000	56.000000	764.477860	708.362723	2.000000	20.887895
9.000000	20.000000	20.000000	855.000000	661.000000	57.000000	855.485642	664.174522	1.000000	21.494965
9.000000	21.000000	21.000000	718.000000	599.000000	46.000000	728.216735	598.091458	1.000000	22.102819
9.000000	22.000000	22.000000	994.000000	657.000000	58.000000	987.484518	662.908566	1.000000	22.832405
9.000000	23.000000	23.000000	1068.000000	612.000000	49.000000	1060.981347	613.235823	2.000000	23.279949
9.000000	24.000000	24.000000	1110.000000	692.000000	59.000000	1103.713215	689.622046	2.000000	23.752391
9.000000	25.000000	25.000000	1102.000000	860.000000	79.000000	1091.012434	870.301996	1.000000	24.446383
9.000000	26.000000	26.000000	1200.000000	471.000000	40.000000	1193.821689	485.795342	2.000000	25.302416
9.000000	27.000000	27.000000	864.000000	443.000000	37.000000	862.059173	444.981242	2.000000	25.990995
9.000000	28.000000	28.000000	646.000000	382.000000	25.000000	633.395323	400.320719	2.000000	26.655111
9.000000	29.000000	29.000000	431.000000	264.000000	13.000000	444.093762	277.162911	2.000000	27.600268
9.000000	30.000000	30.000000	309.000000	111.000000	2.000000	314.931422	122.773291	2.000000	28.350314
9.000000	31.000000	31.000000	538.000000	156.000000	4.000000	532.177985	160.617583	2.000000	29.110585
9.000000	32.000000	32.000000	662.000000	244.000000	15.000000	654.901380	259.588719	1.000000	29.688019
9.000000	33.000000	33.000000	838.000000	169.000000	7.000000	840.905986	174.490603	1.000000	30.351490
9.000000	34.000000	34.000000	957.000000	270.000000	18.000000	962.935956	278.907892	1.000000	31.120276
9.000000	35.000000	35.000000	968.000000	310.000000	28.000000	971.153012	330.032510	1.000000	31.519888
9.000000	36.000000	36.000000	1077.000000	218.000000	19.000000	1080.466247	224.333824	1.000000	32.046831
9.000000	37.000000	37.000000	1097.000000	110.000000	9.000000	1104.094015	126.551330	1.000000	32.542840
9.000000	38.000000	38.000000	1216.000000	112.000000	10.000000	1213.773309	124.491414	1.000000	33.088244
9.000000	39.000000	39.000000	1183.000000	253.000000	20.000000	1186.313262	249.256049	2.000000	34.000278
9.000000	40.000000	40.000000	1090.000000	501.000000	39.000000	1081.403460	503.694826	1.000000	34.910710
10.000000	1.000000	1.000000	440.000000	174.000000	3.000000	440.275370	175.203050	2.000000	2.735669
10.000000	2.000000	2.000000	539.000000	156.000000	4.000000	530.529613	146.184436	1.000000	3.269850
10.000000	3.000000	3.000000	535.000000	258.000000	14.000000	534.309594	258.047534	2.000000	3.702491
10.000000	4.000000	4.000000	335.000000	363.000000	22.000000	326.132688	356.262901	2.000000	5.847142
10.000000	5.000000	5.000000	461.000000	441.000000	33.000000	452.035187	439.574329	1.000000	7.046768
10.000000	6.000000	6.000000	537.000000	378.000000	24.000000	526.245421	375.851187	2.000000	7.535173
10.000000	7.000000	7.000000	339.000000	464.000000	32.000000	329.616437	461.828317	2.000000	8.086460
10.000000	8.000000	8.000000	186.000000	497.000000	31.000000	179.269912	490.919691	2.000000	9.343925
10.000000	9.000000	9.000000	396.000000	610.000000	43.000000	399.430831	605.601497	1.000000	10.207443
10.000000	10.000000	10.000000	346.000000	671.000000	52.000000	337.274198	661.123392	1.000000	12.222027
10.000000	11.000000	11.000000	450.000000	762.000000	63.000000	448.129884	759.087357	2.000000	12.766673
10.000000	12.000000	12.000000	341.000000	765.000000	62.000000	328.351090	769.883030	2.000000	13.263956
10.000000	13.000000	13.000000	554.000000	901.000000	74.000000	553.097292	888.254209	2.000000	14.063448
10.000000	14.000000	14.000000	628.000000	833.000000	65.000000	621.568966	816.338480	2.000000	14.935542
10.000000	15.000000	15.000000	648.000000	870.000000	75.000000	642.667766	869.793927	1.000000	15.382429
10.000000	16.000000	16.000000	758.000000	815.000000	66.000000	757.066434	817.922477	1.000000	15.790297
10.000000	17.000000	0.000000	763.000000	841.000000	76.000000	770.946359	871.273664	1.000000	16.175317
10.000000	18.000000	17.000000	772.000000	870.000000	76.000000	770.946359	871.273664	1.000000	16.534559
10.000000	19.000000	18.000000	898.000000	891.000000	77.000000	881.752717	883.316293	1.000000	17.183475
10.000000	20.000000	19.000000	949.000000	908.000000	78.000000	949.520241	910.024659	2.000000	17.575903
10.000000	21.000000	20.000000	1219.000000	921.000000	80.000000	1219.225785	922.200332	2.000000	18.383898
10.000000	22.000000	21.000000	1103.000000	697.000000	59.000000	1093.208977	700.858814	2.000000	18.999770
10.000000	23.000000	22.000000	1090.000000	557.000000	49.000000	1087.339765	553.146109	2.000000	19.647896
10.000000	24.000000	23.000000	667.000000	696.000000	55.000000	665.864567	709.023350	1.000000	20.303250
10.000000	25.000000	24.000000	848.000000	502.000000	37.000000	850.660976	492.314266	2.000000	21.309994
10.000000	26.000000	25.000000	634.000000	469.000000	35.000000	641.622493	463.839248	1.000000	21.910231
10.000000	27.000000	26.000000	563.000000	462.000000	34.000000	554.378997	468.741898	1.000000	22.351224
10.000000	28.000000	27.000000	650.000000	368.000000	25.000000	642.042393	368.615599	1.000000	22.942204
10.000000	29.000000	28.000000	639.000000	168.000000	5.000000	644.822892	177.046980	1.000000	23.734312
10.000000	30.000000	29.000000	744.000000	171.000000	6.000000	745.335982	175.753377	1.000000	24.182623
10.000000	31.000000	30.000000	871.000000	395.000000	27.000000	867.076764	392.564397	1.000000	24.838503
10.000000	32.000000	31.000000	976.000000	124.000000	8.000000	981.388181	124.209278	1.000000	25.439509
10.000000	33.000000	32.000000	1085.000000	342.000000	29.000000	1083.113072	335.489797	1.000000	26.303304
10.000000	34.000000	0.000000	1133.000000	267.000000	19.000000	1110.766595	288.360093	1.000000	26.703935
10.000000	35.000000	33.000000	1116.000000	296.000000	19.000000	1110.766595	288.360093	1.000000	27.022772
10.000000	36.000000	34.000000	1202.000000	357.000000	30.000000	1205.373891	358.837758	1.000000	27.574259
10.000000	37.000000	35.000000	1194.000000	162.000000	10.000000	1194.596475	150.224096	2.000000	28.190250
10.000000	38.000000	36.000000	871.000000	184.000000	7.000000	872.672445	186.928791	2.000000	28.847907
10.000000	39.000000	37.000000	768.000000	339.000000	26.000000	772.919620	340.478412	2.000000	29.350235
10.000000	40.000000	38.000000	998.000000	459.000000	38.000000	992.803551	453.575271	2.000000	30.176030
10.000000	41.000000	39.000000	1056.000000	455.000000	39.000000	1058.462753	451.325103	1.000000	30.550348
10.000000	42.000000	40.000000	1200.000000	483.000000	40.000000	1198.975553	480.821679	2.000000	31.134202
11.000000	1.000000	1.000000	768.000000	382.000000	26.000000	760.374121	377.095269	2.000000	0.853824
11.000000	2.000000	2.000000	763.000000	478.000000	36.000000	755.906043	482.435879	1.000000	1.351041
11.000000	3.000000	3.000000	876.000000	479.000000	37.000000	875.328594	486.336768	2.000000	1.837671
11.000000	4.000000	4.000000	630.000000	546.000000	45.000000	621.713980	549.644069	1.000000	2.566555
11.000000	5.000000	5.000000	536.000000	543.000000	44.000000	520.621105	550.235597	2.000000	2.934106
11.000000	6.000000	6.000000	658.000000	359.000000	25.000000	651.842517	361.520442	2.000000	3.638591
11.000000	7.000000	7.000000	408.000000	499.000000	33.000000	405.468907	505.999022	2.000000	4.270121
11.000000	8.000000	8.000000	224.000000	492.000000	31.000000	221.754479	506.932414	1.000000	5.030102
11.000000	9.000000	9.000000	192.000000	585.000000	41.000000	190.031144	591.189045	2.000000	5.685662
11.000000	10.000000	10.000000	288.000000	358.000000	22.000000	287.515663	369.866872	2.000000	6.381353
11.000000	11.000000	11.000000	323.000000	656.000000	52.000000	325.732777	653.931631	1.000000	7.127249
11.000000	12.000000	12.000000	448.000000	660.000000	53.000000	441.416738	674.852192	1.000000	7.575382
11.000000	13.000000	13.000000	217.000000	821.000000	61.000000	210.952769	812.292095	2.000000	8.415123
11.000000	14.000000	14.000000	434.000000	807.000000	63.000000	421.182430	805.887310	1.000000	9.294628
11.000000	15.000000	15.000000	532.000000	805.000000	64.000000	517.643678	802.291990	2.000000	9.965335
11.000000	16.000000	16.000000	642.000000	714.000000	55.000000	634.282827	717.060342	2.000000	10.495255
11.000000	17.000000	17.000000	730.000000	645.000000	56.000000	730.038307	648.859811	1.000000	11.069968
11.000000	18.000000	18.000000	858.000000	782.000000	67.000000	848.606565	800.489869	2.000000	12.342433
11.000000	19.000000	19.000000	741.000000	853.000000	76.000000	737.510194	867.314110	2.000000	12.839043
11.000000	20.000000	20.000000	661.000000	892.000000	75.000000	647.181583	893.806779	2.000000	13.279032
11.000000	21.000000	21.000000	868.000000	908.000000	77.000000	869.931593	921.584506	1.000000	13.829649
11.000000	22.000000	22.000000	1097.000000	921.000000	79.000000	1086.384366	922.532443	1.000000	14.598364
11.000000	23.000000	23.000000	1215.000000	580.000000	50.000000	1204.644129	572.849876	2.000000	15.503130
11.000000	24.000000	24.000000	1107.000000	561.000000	49.000000	1110.494864	547.953007	2.000000	15.998081
11.000000	25.000000	25.000000	982.000000	640.000000	58.000000	987.111888	650.936199	2.000000	16.767165
11.000000	26.000000	26.000000	1086.000000	633.000000	59.000000	1080.025167	652.859547	1.000000	17.190949
11.000000	27.000000	27.000000	944.000000	587.000000	48.000000	951.205833	582.998637	1.000000	17.767274
11.000000	28.000000	28.000000	896.000000	585.000000	47.000000	881.097462	604.980866	1.000000	18.135461
11.000000	29.000000	29.000000	1201.000000	435.000000	40.000000	1179.994501	441.049050	2.000000	18.982825
11.000000	30.000000	30.000000	1216.000000	260.000000	20.000000	1204.954519	271.922962	2.000000	19.735321
11.000000	31.000000	31.000000	1194.000000	165.000000	10.000000	1179.646419	166.131653	1.000000	20.206850
11.000000	32.000000	32.000000	968.000000	153.000000	8.000000	957.852104	157.385725	1.000000	20.781588
11.000000	33.000000	33.000000	891.000000	133.000000	7.000000	889.313319	139.233984	1.000000	21.127271
11.000000	34.000000	34.000000	739.000000	155.000000	6.000000	747.143380	160.501725	2.000000	21.638072
11.000000	35.000000	35.000000	768.000000	240.000000	16.000000	775.639975	251.635871	1.000000	22.269411
11.000000	36.000000	36.000000	543.000000	236.000000	14.000000	530.083163	247.322302	1.000000	22.831010
11.000000	37.000000	37.000000	445.000000	231.000000	13.000000	443.818757	234.623631	1.000000	23.221647
11.000000	38.000000	38.000000	337.000000	263.000000	12.000000	340.027836	286.241471	1.000000	23.774432
11.000000	39.000000	39.000000	331.000000	132.000000	2.000000	322.230694	144.413718	1.000000	24.213225
11.000000	40.000000	40.000000	571.000000	127.000000	4.000000	558.036555	128.712443	2.000000	24.798827
12.000000	1.000000	1.000000	227.000000	365.000000	21.000000	229.829486	378.710746	2.000000	1.152306
12.000000	2.000000	2.000000	445.000000	370.000000	23.000000	440.709787	385.333536	2.000000	1.736700
12.000000	3.000000	3.000000	312.000000	268.000000	12.000000	308.886344	279.734878	1.000000	2.521458
12.000000	4.000000	4.000000	198.000000	480.000000	31.000000	187.014226	489.278609	1.000000	3.160180
12.000000	5.000000	5.000000	182.000000	560.000000	41.000000	193.161989	562.460899	2.000000	3.584153
12.000000	6.000000	6.000000	292.000000	594.000000	42.000000	292.908425	606.994588	2.000000	4.289404
12.000000	7.000000	7.000000	439.000000	589.000000	43.000000	438.392395	587.633413	1.000000	4.775817
12.000000	8.000000	0.000000	528.000000	430.000000	34.000000	531.232423	461.461995	1.000000	5.392646
12.000000	9.000000	8.000000	532.000000	458.000000	34.000000	531.232423	461.461995	1.000000	6.161021
12.000000	10.000000	9.000000	550.000000	235.000000	14.000000	551.287918	238.840979	2.000000	6.737712
12.000000	11.000000	10.000000	552.000000	160.000000	4.000000	542.272257	173.355881	1.000000	7.305487
12.000000	12.000000	11.000000	978.000000	230.000000	18.000000	976.751921	238.866564	1.000000	8.225236
12.000000	13.000000	12.000000	1078.000000	247.000000	19.000000	1078.251927	260.295563	1.000000	8.673008
12.000000	14.000000	13.000000	1202.000000	186.000000	10.000000	1196.950891	182.389300	2.000000	9.192598
12.000000	15.000000	14.000000	1220.000000	229.000000	20.000000	1222.067554	233.979345	2.000000	9.623735
12.000000	16.000000	15.000000	1117.000000	379.000000	29.000000	1108.378778	382.278943	1.000000	10.521886
12.000000	17.000000	16.000000	884.000000	367.000000	27.000000	887.243230	360.771721	2.000000	11.288267
12.000000	18.000000	17.000000	890.000000	488.000000	37.000000	890.497137	505.115433	2.000000	11.935982
12.000000	19.000000	18.000000	1098.000000	583.000000	49.000000	1091.182487	587.847120	1.000000	12.681413
12.000000	20.000000	19.000000	844.000000	555.000000	47.000000	843.041653	557.163731	2.000000	13.288331
12.000000	21.000000	20.000000	752.000000	548.000000	46.000000	759.769262	543.703410	2.000000	13.856173
12.000000	22.000000	21.000000	775.000000	640.000000	56.000000	777.647917	651.233682	2.000000	14.329149
12.000000	23.000000	22.000000	661.000000	607.000000	45.000000	672.175782	602.990824	1.000000	14.808464
12.000000	24.000000	23.000000	898.000000	699.000000	57.000000	881.731016	707.233907	1.000000	15.680828
12.000000	25.000000	24.000000	1005.000000	650.000000	58.000000	993.756134	653.446323	2.000000	16.433080
12.000000	26.000000	25.000000	1006.000000	799.000000	68.000000	989.690562	803.661081	1.000000	17.143874
12.000000	27.000000	26.000000	1084.000000	796.000000	69.000000	1066.228902	798.486771	2.000000	17.473580
12.000000	28.000000	27.000000	1207.000000	789.000000	70.000000	1202.254005	792.552386	2.000000	18.121646
12.000000	29.000000	0.000000	1112.000000	846.000000	79.000000	1103.397340	874.102998	2.000000	18.569575
12.000000	30.000000	28.000000	1105.000000	869.000000	79.000000	1103.397340	874.102998	2.000000	18.937836
12.000000	31.000000	29.000000	994.000000	885.000000	78.000000	990.704743	884.324114	2.000000	19.663973
12.000000	32.000000	30.000000	892.000000	879.000000	77.000000	888.027094	875.147809	2.000000	20.192771
12.000000	33.000000	31.000000	544.000000	709.000000	54.000000	539.474365	701.040069	2.000000	21.248120
12.000000	34.000000	32.000000	629.000000	716.000000	55.000000	634.140543	715.329961	1.000000	21.729463
12.000000	35.000000	33.000000	551.000000	767.000000	64.000000	542.313867	775.203306	1.000000	22.352388
12.000000	36.000000	34.000000	738.000000	782.000000	66.000000	738.011249	787.518814	1.000000	23.064172
12.000000	37.000000	35.000000	633.000000	870.000000	75.000000	625.150845	876.338780	1.000000	23.681878
12.000000	38.000000	36.000000	518.000000	904.000000	74.000000	517.177296	913.885724	1.000000	24.321046
12.000000	39.000000	37.000000	462.000000	890.000000	73.000000	451.796534	886.258712	1.000000	24.728759
12.000000	40.000000	38.000000	304.000000	872.000000	72.000000	292.637181	872.856611	2.000000	25.529928
12.000000	41.000000	39.000000	231.000000	859.000000	71.000000	216.046375	866.401428	1.000000	25.961360
12.000000	42.000000	40.000000	237.000000	715.000000	51.000000	221.358613	717.232769	1.000000	26.584561
13.000000	1.000000	1.000000	1007.000000	890.000000	78.000000	991.137209	897.445369	2.000000	1.033053
13.000000	2.000000	2.000000	997.000000	786.000000	68.000000	985.047585	779.971641	1.000000	1.520691
13.000000	3.000000	3.000000	835.000000	815.000000	67.000000	845.914976	807.751649	1.000000	2.025052
13.000000	4.000000	0.000000	1141.000000	703.000000	59.000000	1108.241107	704.863406	2.000000	2.592303
13.000000	5.000000	4.000000	1109.000000	697.000000	59.000000	1108.241107	704.863406	2.000000	3.201150
13.000000	6.000000	5.000000	986.000000	648.000000	58.000000	991.546177	654.982219	2.000000	3.704346
13.000000	7.000000	6.000000	889.000000	652.000000	57.000000	876.071275	662.373738	2.000000	4.185073
13.000000	8.000000	7.000000	754.000000	789.000000	66.000000	749.093927	794.794658	1.000000	4.663628
13.000000	9.000000	8.000000	648.000000	771.000000	65.000000	641.667697	778.088743	1.000000	5.495623
13.000000	10.000000	9.000000	548.000000	774.000000	64.000000	531.851732	784.798399	1.000000	5.961043
13.000000	11.000000	10.000000	540.000000	705.000000	54.000000	542.888951	696.789741	1.000000	6.369126
13.000000	12.000000	11.000000	637.000000	682.000000	55.000000	626.674878	673.785835	2.000000	7.048737
13.000000	13.000000	12.000000	454.000000	857.000000	73.000000	451.538926	873.286177	2.000000	7.655974
13.000000	14.000000	13.000000	302.000000	858.000000	72.000000	313.477705	874.449997	1.000000	8.975835
13.000000	15.000000	14.000000	308.000000	814.000000	62.000000	309.592166	811.193176	2.000000	9.425057
13.000000	16.000000	15.000000	291.000000	656.000000	52.000000	300.022602	663.210939	1.000000	10.336546
13.000000	17.000000	16.000000	445.000000	661.000000	53.000000	425.438911	674.993862	2.000000	10.959505
13.000000	18.000000	17.000000	528.000000	596.000000	44.000000	509.683690	605.963442	2.000000	11.487111
13.000000	19.000000	18.000000	335.000000	560.000000	42.000000	332.714455	556.589837	1.000000	12.071347
13.000000	20.000000	19.000000	214.000000	574.000000	41.000000	213.718995	591.554750	2.000000	12.504841
13.000000	21.000000	20.000000	296.000000	477.000000	32.000000	309.170282	471.655211	1.000000	12.991340
13.000000	22.000000	21.000000	311.000000	367.000000	22.000000	312.167515	378.014172	2.000000	14.016754
13.000000	23.000000	22.000000	439.000000	373.000000	23.000000	441.320456	380.809143	2.000000	14.639153
13.000000	24.000000	23.000000	435.000000	445.000000	33.000000	433.652120	455.729216	2.000000	15.086991
13.000000	25.000000	24.000000	541.000000	340.000000	24.000000	548.684652	357.976753	2.000000	15.631140
13.000000	26.000000	25.000000	669.000000	280.000000	15.000000	671.667403	278.504564	2.000000	16.384670
13.000000	27.000000	26.000000	738.000000	364.000000	26.000000	728.358519	367.681320	2.000000	17.439275
13.000000	28.000000	27.000000	662.000000	430.000000	35.000000	647.504214	444.877422	1.000000	17.983908
13.000000	29.000000	28.000000	756.000000	579.000000	46.000000	756.955344	576.069867	1.000000	18.528194
13.000000	30.000000	29.000000	863.000000	449.000000	37.000000	852.115010	456.207719	2.000000	19.087117
13.000000	31.000000	30.000000	853.000000	351.000000	27.000000	857.974480	346.230721	2.000000	19.600124
13.000000	32.000000	31.000000	890.000000	265.000000	17.000000	883.362532	269.938745	1.000000	20.343458
13.000000	33.000000	32.000000	977.000000	254.000000	18.000000	964.549267	266.274406	2.000000	20.856364
13.000000	34.000000	33.000000	1109.000000	258.000000	19.000000	1095.998409	271.084122	1.000000	21.439826
13.000000	35.000000	34.000000	979.000000	391.000000	28.000000	971.651573	399.090190	1.000000	22.104056
13.000000	36.000000	35.000000	736.000000	253.000000	16.000000	737.474813	258.266496	1.000000	22.697024
13.000000	37.000000	36.000000	670.000000	176.000000	5.000000	667.763647	188.133089	1.000000	23.120314
13.000000	38.000000	37.000000	865.000000	148.000000	7.000000	862.529518	141.559113	1.000000	23.663922
13.000000	39.000000	38.000000	294.000000	161.000000	2.000000	293.407561	173.540116	1.000000	25.025131
13.000000	40.000000	39.000000	199.000000	263.000000	11.000000	190.691491	272.238563	2.000000	27.976896
13.000000	41.000000	40.000000	237.000000	347.000000	21.000000	229.084786	345.473125	1.000000	28.560700
14.000000	1.000000	1.000000	982.000000	154.000000	8.000000	980.703330	157.491473	2.000000	0.999051
14.000000	2.000000	2.000000	1077.000000	154.000000	9.000000	1064.890841	168.234138	2.000000	1.408186
14.000000	3.000000	3.000000	865.000000	166.000000	7.000000	873.098340	166.877106	1.000000	2.022844
14.000000	4.000000	4.000000	956.000000	277.000000	18.000000	951.101902	280.281201	1.000000	2.535259
14.000000	5.000000	5.000000	1128.000000	275.000000	19.000000	1112.154030	293.710772	2.000000	3.070825
14.000000	6.000000	6.000000	1205.000000	331.000000	30.000000	1196.332687	348.815481	1.000000	3.551839
14.000000	7.000000	7.000000	855.000000	384.000000	27.000000	854.067947	384.039123	2.000000	4.302770
14.000000	8.000000	8.000000	762.000000	237.000000	16.000000	754.376470	236.426298	2.000000	4.807651
14.000000	9.000000	9.000000	1004.000000	483.000000	38.000000	996.919241	488.755723	2.000000	5.447460
14.000000	10.000000	10.000000	886.000000	501.000000	37.000000	878.669676	503.599091	1.000000	5.934808
14.000000	11.000000	11.000000	791.000000	468.000000	36.000000	779.479307	467.460975	1.000000	6.463891
14.000000	12.000000	12.000000	1055.000000	590.000000	49.000000	1060.300020	592.794454	2.000000	7.038114
14.000000	13.000000	13.000000	1121.000000	708.000000	59.000000	1111.567788	706.701942	2.000000	7.671878
14.000000	14.000000	14.000000	1200.000000	689.000000	60.000000	1190.930567	708.633238	2.000000	8.048005
14.000000	15.000000	15.000000	1109.000000	871.000000	79.000000	1098.573465	865.452597	2.000000	8.894389
14.000000	16.000000	16.000000	848.000000	761.000000	67.000000	840.583678	758.841213	1.000000	9.551246
14.000000	17.000000	17.000000	773.000000	809.000000	66.000000	769.019189	819.039147	1.000000	10.022330
14.000000	18.000000	18.000000	773.000000	679.000000	56.000000	774.732900	679.071738	1.000000	10.520162
14.000000	19.000000	19.000000	856.000000	592.000000	47.000000	856.823842	608.059236	2.000000	11.398738
14.000000	20.000000	20.000000	754.000000	573.000000	46.000000	766.567012	581.930717	2.000000	11.800230
14.000000	21.000000	21.000000	839.000000	885.000000	77.000000	846.549421	893.551539	2.000000	12.566247
14.000000	22.000000	22.000000	772.000000	861.000000	76.000000	760.466249	865.067926	2.000000	12.934105
14.000000	23.000000	23.000000	629.000000	868.000000	75.000000	632.692897	875.659001	2.000000	13.390122
14.000000	24.000000	24.000000	633.000000	822.000000	65.000000	632.911961	820.535793	1.000000	13.726103
14.000000	25.000000	25.000000	635.000000	679.000000	55.000000	638.278082	699.455524	2.000000	14.238484
14.000000	26.000000	26.000000	523.000000	643.000000	54.000000	514.685966	660.414451	1.000000	15.238813
14.000000	27.000000	27.000000	655.000000	569.000000	45.000000	645.943938	572.460083	1.000000	15.822307
14.000000	28.000000	28.000000	541.000000	554.000000	44.000000	525.861540	569.907791	1.000000	16.366105
14.000000	29.000000	29.000000	547.000000	497.000000	34.000000	548.149517	502.546491	1.000000	16.750229
14.000000	30.000000	30.000000	525.000000	872.000000	74.000000	533.978577	881.329845	2.000000	17.590392
14.000000	31.000000	31.000000	321.000000	766.000000	62.000000	313.079857	778.298821	2.000000	18.223391
14.000000	32.000000	32.000000	219.000000	757.000000	61.000000	222.209861	770.835676	1.000000	19.694432
14.000000	33.000000	33.000000	192.000000	588.000000	41.000000	189.593114	584.028712	2.000000	20.390605
14.000000	34.000000	34.000000	332.000000	565.000000	42.000000	310.757573	561.698943	1.000000	20.951648
14.000000	35.000000	35.000000	318.000000	484.000000	32.000000	317.296332	477.384604	1.000000	22.943324
14.000000	36.000000	36.000000	198.000000	481.000000	31.000000	190.303299	485.216479	2.000000	23.558585
14.000000	37.000000	37.000000	398.000000	358.000000	23.000000	398.744341	355.368070	1.000000	24.152080
14.000000	38.000000	38.000000	507.000000	338.000000	24.000000	511.542654	333.882896	1.000000	24.607738
14.000000	39.000000	39.000000	419.000000	239.000000	13.000000	414.438237	242.541460	1.000000	25.311599
14.000000	40.000000	40.000000	453.000000	126.000000	3.000000	436.132659	129.495322	1.000000	26.038088
15.000000	1.000000	1.000000	232.000000	935.000000	71.000000	230.477080	932.104821	2.000000	1.140127
15.000000	2.000000	2.000000	324.000000	913.000000	72.000000	320.296489	907.728641	1.000000	1.602813
15.000000	3.000000	3.000000	193.000000	779.000000	61.000000	189.127561	783.305101	1.000000	2.075426
15.000000	4.000000	4.000000	404.000000	651.000000	53.000000	406.215222	652.411761	1.000000	2.739719
15.000000	5.000000	5.000000	529.000000	875.000000	74.000000	529.714117	887.903202	2.000000	3.379561
15.000000	6.000000	6.000000	632.000000	873.000000	75.000000	628.505728	873.019371	1.000000	3.827926
15.000000	7.000000	7.000000	662.000000	800.000000	65.000000	661.547194	802.491810	1.000000	4.234721
15.000000	8.000000	8.000000	756.000000	893.000000	76.000000	756.372861	881.989499	2.000000	4.859576
15.000000	9.000000	9.000000	978.000000	864.000000	78.000000	974.932255	869.790181	1.000000	5.371464
15.000000	10.000000	10.000000	1081.000000	921.000000	79.000000	1085.258401	931.153628	1.000000	5.835374
15.000000	11.000000	11.000000	1097.000000	821.000000	69.000000	1094.082340	818.420347	1.000000	6.259571
15.000000	12.000000	12.000000	1211.000000	853.000000	80.000000	1212.681826	868.494292	2.000000	6.931324
15.000000	13.000000	13.000000	1005.000000	786.000000	68.000000	999.257305	793.801847	2.000000	7.545937
15.000000	14.000000	14.000000	988.000000	694.000000	58.000000	986.502822	715.864208	2.000000	8.115110
15.000000	15.000000	15.000000	1115.000000	644.000000	59.000000	1111.034009	650.751357	2.000000	8.642854
15.000000	16.000000	16.000000	772.000000	658.000000	56.000000	773.963534	672.181495	2.000000	9.434523
15.000000	17.000000	17.000000	728.000000	554.000000	46.000000	728.351988	555.278539	1.000000	10.107477
15.000000	18.000000	18.000000	844.000000	548.000000	47.000000	842.320512	543.602705	1.000000	10.563878
15.000000	19.000000	19.000000	660.000000	550.000000	45.000000	654.086796	573.267810	2.000000	11.035275
15.000000	20.000000	20.000000	970.000000	506.000000	38.000000	957.114954	500.792202	2.000000	11.666945
15.000000	21.000000	21.000000	1088.000000	499.000000	39.000000	1095.619293	496.424031	2.000000	12.148032
15.000000	22.000000	22.000000	1180.000000	337.000000	30.000000	1193.193875	338.425643	1.000000	13.075506
15.000000	23.000000	23.000000	1081.000000	154.000000	9.000000	1075.342709	148.732230	1.000000	14.561946
15.000000	24.000000	24.000000	1221.000000	138.000000	10.000000	1207.419771	148.779153	2.000000	15.203623
15.000000	25.000000	25.000000	838.000000	256.000000	17.000000	844.868496	252.180873	2.000000	16.074372
15.000000	26.000000	26.000000	755.000000	229.000000	16.000000	759.200842	244.340097	2.000000	16.955902
15.000000	27.000000	27.000000	873.000000	321.000000	27.000000	872.444963	340.924110	2.000000	17.539340
15.000000	28.000000	28.000000	968.000000	294.000000	18.000000	968.117248	290.549358	1.000000	18.122553
15.000000	29.000000	29.000000	745.000000	332.000000	26.000000	736.869790	353.198475	1.000000	18.690261
15.000000	30.000000	0.000000	619.000000	355.000000	25.000000	643.355127	369.394715	1.000000	19.147140
15.000000	31.000000	30.000000	653.000000	365.000000	25.000000	643.355127	369.394715	1.000000	19.578898
15.000000	32.000000	31.000000	770.000000	456.000000	36.000000	753.287705	462.071919	1.000000	20.354273
15.000000	33.000000	32.000000	628.000000	281.000000	15.000000	619.891032	289.563903	1.000000	20.964163
15.000000	34.000000	0.000000	575.000000	254.000000	14.000000	545.192595	250.934431	1.000000	21.330144
15.000000	35.000000	33.000000	536.000000	242.000000	14.000000	545.192595	250.934431	1.000000	22.090954
15.000000	36.000000	34.000000	625.000000	130.000000	5.000000	632.059569	130.962244	1.000000	22.826387
15.000000	37.000000	35.000000	569.000000	342.000000	24.000000	562.482049	350.287475	2.000000	23.466715
15.000000	38.000000	36.000000	447.000000	447.000000	33.000000	446.827792	441.704143	2.000000	24.139825
15.000000	39.000000	37.000000	316.000000	555.000000	42.000000	314.822961	559.411300	2.000000	25.418758
15.000000	40.000000	38.000000	175.000000	491.000000	31.000000	179.217393	505.774862	1.000000	25.979497
15.000000	41.000000	39.000000	308.000000	318.000000	22.000000	312.262733	332.923014	2.000000	26.914841
15.000000	42.000000	40.000000	195.000000	251.000000	11.000000	192.312832	260.436509	2.000000	27.516027
16.000000	1.000000	1.000000	627.000000	481.000000	35.000000	626.765490	482.016651	1.000000	0.864179
16.000000	2.000000	2.000000	739.000000	373.000000	26.000000	740.861147	376.724945	1.000000	1.600780
16.000000	3.000000	3.000000	862.000000	369.000000	27.000000	860.906747	378.210806	1.000000	2.184642
16.000000	4.000000	4.000000	665.000000	256.000000	15.000000	641.008429	262.304659	1.000000	2.888675
16.000000	5.000000	5.000000	895.000000	553.000000	47.000000	889.494292	574.139090	2.000000	4.072923
16.000000	6.000000	6.000000	975.000000	456.000000	38.000000	978.781981	454.242772	2.000000	4.665433
16.000000	7.000000	7.000000	750.000000	594.000000	46.000000	741.241735	587.456145	1.000000	5.297045
16.000000	8.000000	8.000000	882.000000	684.000000	57.000000	884.473768	677.562767	1.000000	5.929662
16.000000	9.000000	9.000000	940.000000	591.000000	48.000000	949.872791	589.637017	1.000000	6.504504
16.000000	10.000000	10.000000	978.000000	663.000000	58.000000	979.787368	657.338029	2.000000	7.112211
16.000000	11.000000	11.000000	664.000000	692.000000	55.000000	654.465956	697.659596	2.000000	7.882028
16.000000	12.000000	12.000000	523.000000	668.000000	54.000000	510.300895	670.229292	1.000000	8.527981
16.000000	13.000000	13.000000	423.000000	708.000000	53.000000	416.249394	709.879614	1.000000	9.050030
16.000000	14.000000	14.000000	351.000000	681.000000	52.000000	342.265287	688.524520	2.000000	9.482019
16.000000	15.000000	15.000000	408.000000	579.000000	43.000000	420.613152	570.569331	2.000000	10.049661
16.000000	16.000000	16.000000	427.000000	501.000000	33.000000	423.955369	501.471501	1.000000	10.513413
16.000000	17.000000	17.000000	326.000000	457.000000	32.000000	312.217723	463.717324	1.000000	12.064610
16.000000	18.000000	18.000000	326.000000	381.000000	22.000000	328.201308	380.467755	2.000000	12.520297
16.000000	19.000000	19.000000	315.000000	266.000000	12.000000	315.004816	266.143708	2.000000	12.959968
16.000000	20.000000	20.000000	303.000000	118.000000	2.000000	296.144598	119.471080	2.000000	15.896838
16.000000	21.000000	21.000000	223.000000	116.000000	1.000000	230.447981	125.743776	1.000000	16.344035
16.000000	22.000000	22.000000	183.000000	240.000000	11.000000	178.113656	233.106169	2.000000	17.000854
16.000000	23.000000	23.000000	644.000000	169.000000	5.000000	622.144271	173.333197	2.000000	17.752637
16.000000	24.000000	0.000000	741.000000	112.000000	6.000000	758.326986	131.946765	1.000000	18.632359
16.000000	25.000000	24.000000	756.000000	111.000000	6.000000	758.326986	131.946765	1.000000	19.408877
16.000000	26.000000	25.000000	859.000000	279.000000	17.000000	862.550421	268.957619	1.000000	20.024611
16.000000	27.000000	26.000000	1213.000000	426.000000	40.000000	1218.542956	436.547118	2.000000	20.823878
16.000000	28.000000	27.000000	1219.000000	538.000000	50.000000	1218.175654	551.815498	2.000000	21.424028
16.000000	29.000000	28.000000	1110.000000	799.000000	69.000000	1108.011816	799.487359	2.000000	22.689024
16.000000	30.000000	29.000000	1086.000000	705.000000	59.000000	1071.899898	718.236398	1.000000	23.105600
16.000000	31.000000	30.000000	995.000000	768.000000	68.000000	980.160670	775.180157	1.000000	23.666038
16.000000	32.000000	31.000000	1055.000000	904.000000	79.000000	1059.825335	899.883503	2.000000	24.248075
16.000000	33.000000	32.000000	1179.000000	893.000000	80.000000	1172.312335	898.800271	1.000000	24.744706
16.000000	34.000000	33.000000	981.000000	894.000000	78.000000	976.844984	899.662364	2.000000	25.249584
16.000000	35.000000	34.000000	860.000000	880.000000	77.000000	849.355721	875.527119	1.000000	25.762118
16.000000	36.000000	35.000000	857.000000	788.000000	67.000000	857.762198	800.910261	1.000000	26.360013
16.000000	37.000000	0.000000	763.000000	884.000000	76.000000	760.293387	909.012786	2.000000	26.801146
16.000000	38.000000	36.000000	602.000000	921.000000	75.000000	620.261480	922.908111	2.000000	27.320810
16.000000	39.000000	37.000000	774.000000	914.000000	76.000000	760.293387	909.012786	2.000000	28.048798
16.000000	40.000000	38.000000	443.000000	786.000000	63.000000	429.202876	785.332109	2.000000	28.840689
16.000000	41.000000	39.000000	196.000000	669.000000	51.000000	183.759178	679.703586	2.000000	30.089017
16.000000	42.000000	40.000000	433.000000	888.000000	73.000000	444.296130	893.141897	1.000000	32.017981
17.000000	1.000000	1.000000	766.000000	465.000000	36.000000	771.834840	473.227824	2.000000	1.054195
17.000000	2.000000	2.000000	738.000000	585.000000	46.000000	731.760499	598.164781	2.000000	1.926798
17.000000	3.000000	3.000000	647.000000	592.000000	45.000000	637.703411	607.919975	2.000000	2.470014
17.000000	4.000000	4.000000	537.000000	561.000000	44.000000	547.843598	568.842151	2.000000	3.062898
17.000000	5.000000	5.000000	664.000000	785.000000	65.000000	669.504441	781.793605	2.000000	4.021908
17.000000	6.000000	6.000000	557.000000	784.000000	64.000000	553.116521	784.729325	1.000000	4.623216
17.000000	7.000000	7.000000	667.000000	699.000000	55.000000	657.543068	704.119860	1.000000	5.078099
17.000000	8.000000	8.000000	772.000000	684.000000	56.000000	758.873323	682.016395	1.000000	5.543169
17.000000	9.000000	9.000000	848.000000	682.000000	57.000000	861.997718	695.458516	1.000000	6.021258
17.000000	10.000000	10.000000	779.000000	803.000000	66.000000	772.732017	800.611458	1.000000	6.599195
17.000000	11.000000	11.000000	776.000000	914.000000	76.000000	763.442674	928.200585	1.000000	7.253590
17.000000	12.000000	12.000000	638.000000	912.000000	75.000000	635.608598	913.152487	2.000000	7.750858
17.000000	13.000000	13.000000	932.000000	874.000000	78.000000	950.600161	862.045835	2.000000	8.415120
17.000000	14.000000	14.000000	964.000000	826.000000	68.000000	967.063650	804.895721	2.000000	8.934867
17.000000	15.000000	15.000000	1165.000000	769.000000	70.000000	1175.017888	768.871188	1.000000	9.942133
17.000000	16.000000	16.000000	1219.000000	696.000000	60.000000	1219.257071	689.065849	1.000000	10.558198
17.000000	17.000000	17.000000	1082.000000	663.000000	59.000000	1070.714550	673.777397	2.000000	11.334658
17.000000	18.000000	18.000000	1167.000000	430.000000	40.000000	1169.878567	447.224488	2.000000	11.925362
17.000000	19.000000	19.000000	1057.000000	464.000000	39.000000	1058.900871	474.174306	2.000000	12.397314
17.000000	20.000000	20.000000	1197.000000	385.000000	30.000000	1200.506070	381.766203	2.000000	12.919238
17.000000	21.000000	21.000000	968.000000	384.000000	28.000000	987.817123	377.530272	2.000000	13.469921
17.000000	22.000000	22.000000	1175.000000	250.000000	20.000000	1181.438219	249.559568	2.000000	14.198536
17.000000	23.000000	23.000000	865.000000	373.000000	27.000000	858.903721	374.438810	2.000000	15.039160
17.000000	24.000000	24.000000	325.000000	797.000000	62.000000	322.169951	803.353771	1.000000	16.846239
17.000000	25.000000	25.000000	315.000000	893.000000	72.000000	313.496957	897.893605	2.000000	17.446987
17.000000	26.000000	26.000000	454.000000	658.000000	53.000000	451.149236	667.194674	1.000000	18.199097
17.000000	27.000000	27.000000	439.000000	502.000000	33.000000	415.832372	498.024830	1.000000	19.326621
17.000000	28.000000	28.000000	526.000000	501.000000	34.000000	524.441039	493.870148	1.000000	19.758431
17.000000	29.000000	29.000000	672.000000	342.000000	25.000000	665.620954	354.751180	1.000000	20.535035
17.000000	30.000000	30.000000	457.000000	266.000000	13.000000	450.329208	262.197662	1.000000	21.470097
17.000000	31.000000	0.000000	353.000000	356.000000	22.000000	341.940648	380.917470	1.000000	22.126087
17.000000	32.000000	31.000000	336.000000	385.000000	22.000000	341.940648	380.917470	1.000000	23.070052
17.000000	33.000000	32.000000	229.000000	477.000000	31.000000	231.013691	493.909284	1.000000	23.734444
17.000000	34.000000	33.000000	187.000000	385.000000	21.000000	181.766043	392.143179	2.000000	24.582685
17.000000	35.000000	34.000000	530.000000	260.000000	14.000000	518.361173	263.262979	2.000000	25.383190
17.000000	36.000000	35.000000	327.000000	124.000000	2.000000	320.566169	118.164500	2.000000	26.005480
17.000000	37.000000	36.000000	878.000000	116.000000	7.000000	876.787830	125.421797	2.000000	26.885589
17.000000	38.000000	37.000000	891.000000	268.000000	17.000000	883.149550	277.046360	1.000000	27.855201
17.000000	39.000000	38.000000	1072.000000	256.000000	19.000000	1071.272990	263.306193	1.000000	28.437935
17.000000	40.000000	39.000000	561.000000	178.000000	4.000000	549.927607	178.967444	1.000000	29.454932
17.000000	41.000000	0.000000	227.000000	164.000000	1.000000	201.602078	164.349732	1.000000	30.606096
17.000000	42.000000	40.000000	190.000000	161.000000	1.000000	201.602078	164.349732	1.000000	31.630455
18.000000	1.000000	0.000000	718.000000	305.000000	16.000000	753.680359	293.038246	4.000000	0.030514
18.000000	2.000000	1.000000	835.000000	243.000000	17.000000	843.214188	239.100215	2.000000	1.454503
18.000000	3.000000	2.000000	736.000000	139.000000	6.000000	734.544354	128.724753	1.000000	2.007713
18.000000	4.000000	3.000000	632.000000	151.000000	5.000000	629.881987	155.264548	1.000000	2.448351
18.000000	5.000000	4.000000	878.000000	123.000000	7.000000	869.282731	119.236200	2.000000	3.152272
18.000000	6.000000	5.000000	965.000000	222.000000	18.000000	958.050732	234.111458	2.000000	3.768182
18.000000	7.000000	6.000000	1098.000000	168.000000	9.000000	1108.716657	172.602588	1.000000	4.278745
18.000000	8.000000	7.000000	1089.000000	235.000000	19.000000	1092.233429	241.336695	2.000000	4.768192
18.000000	9.000000	8.000000	1162.000000	244.000000	20.000000	1170.331051	255.853774	2.000000	5.142680
18.000000	10.000000	9.000000	1097.000000	359.000000	29.000000	1086.373634	356.596718	1.000000	5.824459
18.000000	11.000000	10.000000	1213.000000	382.000000	30.000000	1215.732184	392.054075	1.000000	6.382421
18.000000	12.000000	11.000000	1102.000000	522.000000	39.000000	1098.827380	504.963717	2.000000	7.279673
18.000000	13.000000	12.000000	995.000000	575.000000	48.000000	986.964777	562.003000	1.000000	7.879205
18.000000	14.000000	13.000000	884.000000	562.000000	47.000000	868.148682	565.405404	1.000000	8.575933
18.000000	15.000000	14.000000	894.000000	375.000000	27.000000	889.775237	377.152852	1.000000	9.048485
18.000000	16.000000	15.000000	841.000000	692.000000	57.000000	838.078996	671.936497	2.000000	9.871100
18.000000	17.000000	16.000000	1074.000000	815.000000	69.000000	1065.126981	817.469770	1.000000	10.551378
18.000000	18.000000	17.000000	859.000000	793.000000	67.000000	847.963329	782.693625	2.000000	11.206452
18.000000	19.000000	18.000000	883.000000	902.000000	77.000000	871.064225	905.663638	2.000000	11.663391
18.000000	20.000000	19.000000	1232.000000	668.000000	60.000000	1217.513838	663.038175	2.000000	12.319417
18.000000	21.000000	20.000000	1202.000000	586.000000	50.000000	1203.526996	573.368746	2.000000	12.720385
18.000000	22.000000	21.000000	1206.000000	867.000000	80.000000	1200.299407	867.072115	1.000000	13.496409
18.000000	23.000000	22.000000	1061.000000	879.000000	79.000000	1060.070287	884.748576	1.000000	14.016355
18.000000	24.000000	23.000000	954.000000	927.000000	78.000000	950.564532	925.100036	1.000000	14.464033
18.000000	25.000000	24.000000	754.000000	912.000000	76.000000	745.242415	902.699313	1.000000	15.175389
18.000000	26.000000	25.000000	600.000000	928.000000	75.000000	620.006582	927.061099	2.000000	15.630506
18.000000	27.000000	26.000000	421.000000	795.000000	63.000000	407.150242	781.827918	2.000000	16.455046
18.000000	28.000000	27.000000	536.000000	648.000000	54.000000	547.677188	650.902219	2.000000	17.054303
18.000000	29.000000	28.000000	632.000000	659.000000	55.000000	638.927045	650.729396	1.000000	17.544201
18.000000	30.000000	29.000000	304.000000	794.000000	62.000000	297.518732	794.165785	1.000000	18.263427
18.000000	31.000000	30.000000	440.000000	884.000000	73.000000	448.867858	880.098839	1.000000	18.847075
18.000000	32.000000	31.000000	192.000000	872.000000	71.000000	193.784825	872.614577	2.000000	20.064161
18.000000	33.000000	32.000000	226.000000	772.000000	61.000000	224.512251	761.732776	2.000000	20.680187
18.000000	34.000000	33.000000	335.000000	574.000000	42.000000	330.995085	567.309831	2.000000	21.503397
18.000000	35.000000	34.000000	420.000000	479.000000	33.000000	422.837394	475.872582	1.000000	22.334535
18.000000	36.000000	35.000000	307.000000	454.000000	32.000000	302.690547	455.139077	1.000000	23.183976
18.000000	37.000000	36.000000	419.000000	365.000000	23.000000	420.162872	372.149001	1.000000	23.846208
18.000000	38.000000	37.000000	423.000000	259.000000	13.000000	420.731274	245.446418	2.000000	24.535524
18.000000	39.000000	38.000000	417.000000	148.000000	3.000000	420.201394	147.310378	2.000000	25.607054
18.000000	40.000000	39.000000	231.000000	228.000000	11.000000	226.084555	225.501784	2.000000	26.160304
18.000000	41.000000	40.000000	192.000000	192.000000	1.000000	188.255244	177.959842	1.000000	28.303408
19.000000	1.000000	1.000000	636.000000	280.000000	15.000000	632.955277	281.373134	1.000000	0.626322
19.000000	2.000000	2.000000	648.000000	339.000000	25.000000	640.746641	333.798998	2.000000	1.192399
19.000000	3.000000	3.000000	513.000000	355.000000	24.000000	521.843348	367.336855	2.000000	1.840143
19.000000	4.000000	4.000000	438.000000	386.000000	23.000000	441.135608	390.391703	1.000000	2.408264
19.000000	5.000000	5.000000	432.000000	265.000000	13.000000	424.331000	269.236264	2.000000	2.880379
19.000000	6.000000	6.000000	283.000000	352.000000	22.000000	294.901101	359.357243	2.000000	3.512383
19.000000	7.000000	7.000000	207.000000	314.000000	21.000000	212.969690	330.112262	1.000000	4.201493
19.000000	8.000000	8.000000	215.000000	159.000000	1.000000	209.638348	165.738448	1.000000	4.816136
19.000000	9.000000	9.000000	757.000000	285.000000	16.000000	760.777211	294.212194	1.000000	5.594211
19.000000	10.000000	10.000000	836.000000	148.000000	7.000000	838.129620	164.582640	2.000000	6.288309
19.000000	11.000000	11.000000	855.000000	240.000000	17.000000	851.644500	243.369815	2.000000	6.968551
19.000000	12.000000	12.000000	769.000000	346.000000	26.000000	758.671910	351.092338	1.000000	7.553384
19.000000	13.000000	13.000000	899.000000	358.000000	27.000000	891.013955	371.146278	2.000000	8.023986
19.000000	14.000000	14.000000	1093.000000	468.000000	39.000000	1090.827995	475.507135	2.000000	8.690332
19.000000	15.000000	15.000000	993.000000	595.000000	48.000000	982.369444	602.547670	1.000000	9.425779
19.000000	16.000000	16.000000	880.000000	559.000000	47.000000	878.938932	554.628613	1.000000	9.897449
19.000000	17.000000	17.000000	1174.000000	588.000000	50.000000	1168.006625	595.417821	2.000000	10.536386
19.000000	18.000000	18.000000	1098.000000	674.000000	59.000000	1095.846770	669.664428	1.000000	11.609631
19.000000	19.000000	19.000000	1203.000000	705.000000	60.000000	1191.501409	710.880728	1.000000	12.281258
19.000000	20.000000	20.000000	1197.000000	804.000000	70.000000	1188.126123	807.425732	2.000000	12.736894
19.000000	21.000000	21.000000	1211.000000	935.000000	80.000000	1215.370520	930.410485	2.000000	13.521456
19.000000	22.000000	22.000000	1068.000000	881.000000	79.000000	1064.241983	879.873333	1.000000	14.352141
19.000000	23.000000	23.000000	1096.000000	803.000000	69.000000	1091.792308	821.159638	1.000000	14.834305
19.000000	24.000000	24.000000	945.000000	760.000000	68.000000	957.410527	758.086214	1.000000	15.609004
19.000000	25.000000	25.000000	970.000000	914.000000	78.000000	975.766910	929.562313	1.000000	16.170194
19.000000	26.000000	26.000000	853.000000	876.000000	77.000000	852.046613	875.607969	2.000000	16.617368
19.000000	27.000000	27.000000	779.000000	909.000000	76.000000	779.677522	924.281545	2.000000	17.144466
19.000000	28.000000	28.000000	532.000000	902.000000	74.000000	532.923979	912.453508	2.000000	17.721113
19.000000	29.000000	29.000000	516.000000	715.000000	54.000000	513.789608	717.335790	2.000000	18.336447
19.000000	30.000000	30.000000	650.000000	681.000000	55.000000	639.305566	670.328317	2.000000	18.856245
19.000000	31.000000	31.000000	713.000000	598.000000	46.000000	730.333054	604.508418	1.000000	19.433498
19.000000	32.000000	32.000000	624.000000	574.000000	45.000000	625.138502	570.896236	1.000000	19.873350
19.000000	33.000000	33.000000	664.000000	486.000000	35.000000	670.298280	505.105912	1.000000	20.864943
19.000000	34.000000	34.000000	428.000000	567.000000	43.000000	411.343067	584.569979	1.000000	21.514154
19.000000	35.000000	35.000000	412.000000	687.000000	53.000000	411.989681	677.437055	1.000000	22.056342
19.000000	36.000000	36.000000	252.000000	659.000000	51.000000	229.815809	663.310273	1.000000	22.608731
19.000000	37.000000	37.000000	211.000000	793.000000	61.000000	202.189285	798.064960	2.000000	23.256901
19.000000	38.000000	38.000000	317.000000	915.000000	72.000000	309.467216	918.492639	2.000000	23.713674
19.000000	39.000000	39.000000	569.000000	544.000000	44.000000	558.637071	558.635052	2.000000	24.514053
19.000000	40.000000	40.000000	288.000000	468.000000	32.000000	289.879363	475.180140	2.000000	25.025377
20.000000	1.000000	1.000000	625.000000	673.000000	55.000000	619.489703	679.038645	2.000000	1.816422
20.000000	2.000000	2.000000	466.000000	653.000000	53.000000	446.874218	650.355238	1.000000	2.439751
20.000000	3.000000	3.000000	758.000000	769.000000	66.000000	758.157327	769.143631	2.000000	3.480037
20.000000	4.000000	4.000000	627.000000	868.000000	75.000000	620.687518	862.480984	2.000000	4.241762
20.000000	5.000000	5.000000	962.000000	882.000000	78.000000	950.896321	884.628632	1.000000	6.008243
20.000000	6.000000	6.000000	902.000000	761.000000	67.000000	888.838535	767.836592	1.000000	6.624855
20.000000	7.000000	7.000000	1108.000000	884.000000	79.000000	1110.027162	882.962305	1.000000	7.344895
20.000000	8.000000	8.000000	1181.000000	643.000000	60.000000	1173.186546	653.325547	1.000000	8.225092
20.000000	9.000000	9.000000	953.000000	695.000000	58.000000	965.614353	703.402736	2.000000	9.233099
20.000000	10.000000	10.000000	1043.000000	824.000000	69.000000	1057.694105	824.944287	2.000000	9.776226
20.000000	11.000000	11.000000	1217.000000	788.000000	70.000000	1208.733898	782.657464	2.000000	10.368912
20.000000	12.000000	12.000000	1195.000000	875.000000	80.000000	1187.691528	889.290032	2.000000	10.752807
20.000000	13.000000	13.000000	1193.000000	588.000000	50.000000	1196.476791	587.522143	2.000000	11.361897
20.000000	14.000000	14.000000	1087.000000	287.000000	19.000000	1097.233332	288.878301	2.000000	12.425575
20.000000	15.000000	15.000000	961.000000	279.000000	18.000000	981.968519	286.421520	2.000000	13.001907
20.000000	16.000000	16.000000	1088.000000	152.000000	9.000000	1101.181638	161.830496	1.000000	13.872869
20.000000	17.000000	0.000000	951.000000	148.000000	8.000000	948.417227	173.545618	1.000000	14.392982
20.000000	18.000000	17.000000	955.000000	358.000000	28.000000	948.191225	354.625030	1.000000	15.087861
20.000000	19.000000	18.000000	1233.000000	364.000000	30.000000	1218.281894	372.709232	1.000000	15.695871
20.000000	20.000000	19.000000	1179.000000	477.000000	40.000000	1189.993515	491.303465	1.000000	16.401236
20.000000	21.000000	20.000000	1171.000000	220.000000	20.000000	1169.941952	224.557754	2.000000	17.087765
20.000000	22.000000	21.000000	950.000000	178.000000	8.000000	948.417227	173.545618	1.000000	17.720607
20.000000	23.000000	22.000000	847.000000	125.000000	7.000000	850.233737	131.159580	2.000000	18.153648
20.000000	24.000000	23.000000	739.000000	138.000000	6.000000	742.719183	149.716175	1.000000	18.648266
20.000000	25.000000	24.000000	721.000000	264.000000	16.000000	727.662223	273.525187	1.000000	19.096361
20.000000	26.000000	25.000000	652.000000	277.000000	15.000000	648.632452	286.388233	2.000000	19.552716
20.000000	27.000000	26.000000	993.000000	569.000000	48.000000	992.830797	555.592585	1.000000	20.249583
20.000000	28.000000	27.000000	530.000000	133.000000	4.000000	523.368462	135.186801	1.000000	21.312983
20.000000	29.000000	28.000000	522.000000	223.000000	14.000000	521.284981	234.783888	1.000000	21.673685
20.000000	30.000000	29.000000	415.000000	238.000000	13.000000	418.000723	246.121495	1.000000	22.080242
20.000000	31.000000	30.000000	402.000000	140.000000	3.000000	399.617554	155.111627	2.000000	22.449046
20.000000	32.000000	31.000000	324.000000	155.000000	2.000000	317.266006	170.386228	1.000000	22.863736
20.000000	33.000000	0.000000	325.000000	223.000000	12.000000	323.467167	252.159088	1.000000	23.215934
20.000000	34.000000	32.000000	185.000000	369.000000	21.000000	201.608415	373.683738	1.000000	24.472044
20.000000	35.000000	33.000000	323.000000	250.000000	12.000000	323.467167	252.159088	1.000000	25.128692
20.000000	36.000000	0.000000	304.000000	376.000000	22.000000	294.840849	400.694339	1.000000	25.537253
20.000000	37.000000	34.000000	312.000000	681.000000	52.000000	328.442035	698.478595	2.000000	26.272666
20.000000	38.000000	35.000000	216.000000	556.000000	41.000000	194.802131	565.658070	2.000000	26.737139
20.000000	39.000000	36.000000	181.000000	468.000000	31.000000	182.790098	445.840741	2.000000	27.135916
20.000000	40.000000	37.000000	426.000000	778.000000	63.000000	419.175207	782.997021	2.000000	27.928623
20.000000	41.000000	38.000000	223.000000	865.000000	71.000000	213.100700	880.197531	2.000000	28.496130
20.000000	42.000000	0.000000	567.000000	930.000000	74.000000	540.634317	930.539856	2.000000	29.104135
20.000000	43.000000	39.000000	531.000000	934.000000	74.000000	540.634317	930.539856	2.000000	29.737608
20.000000	44.000000	40.000000	285.000000	389.000000	22.000000	294.840849	400.694339	1.000000	31.320724
