MultiTargForag_2	Participant_Code = 8
Search_Type = 1	CB_Targets = 1
Trial	Click_Num	Target_Click_Order	Click_X	Click_y	Item_selected	Item_X	Item_Y	Target_Set	RT
1.000000	1.000000	1.000000	219.000000	328.000000	11.000000	205.958796	322.384413	2.000000	4.045897
1.000000	2.000000	0.000000	230.000000	378.000000	21.000000	201.437572	369.829054	2.000000	4.707483
1.000000	3.000000	2.000000	188.000000	369.000000	21.000000	201.437572	369.829054	2.000000	5.115848
1.000000	4.000000	3.000000	320.000000	398.000000	22.000000	323.776920	404.815842	1.000000	6.011387
1.000000	5.000000	4.000000	368.000000	301.000000	12.000000	372.130227	299.680178	1.000000	6.572387
1.000000	6.000000	5.000000	495.000000	306.000000	13.000000	489.105423	308.545420	1.000000	6.979702
1.000000	7.000000	6.000000	514.000000	176.000000	3.000000	502.804712	184.974978	1.000000	7.539006
1.000000	8.000000	7.000000	618.000000	145.000000	4.000000	613.067327	144.574409	1.000000	8.139889
1.000000	9.000000	8.000000	828.000000	281.000000	16.000000	833.765017	287.497624	2.000000	9.093068
1.000000	10.000000	9.000000	958.000000	181.000000	7.000000	972.054354	170.014108	2.000000	9.636349
1.000000	11.000000	10.000000	1129.000000	211.000000	8.000000	1145.323712	200.241119	1.000000	10.187235
1.000000	12.000000	11.000000	1245.000000	263.000000	19.000000	1242.556117	266.041751	1.000000	10.645049
1.000000	13.000000	12.000000	1035.000000	317.000000	17.000000	1027.633271	312.986149	2.000000	11.069121
1.000000	14.000000	13.000000	1015.000000	385.000000	27.000000	1017.605656	386.718220	1.000000	11.411030
1.000000	15.000000	14.000000	1110.000000	393.000000	28.000000	1106.012645	387.413402	1.000000	11.819529
1.000000	16.000000	15.000000	833.000000	399.000000	26.000000	841.501734	386.701472	2.000000	12.340750
1.000000	17.000000	16.000000	1016.000000	546.000000	37.000000	1022.742470	536.712624	1.000000	12.963121
1.000000	18.000000	17.000000	1262.000000	569.000000	39.000000	1273.921920	572.437866	2.000000	13.787634
1.000000	19.000000	18.000000	1249.000000	674.000000	49.000000	1252.380023	697.676632	1.000000	14.539718
1.000000	20.000000	19.000000	1354.000000	804.000000	60.000000	1360.469677	794.771583	1.000000	15.226952
1.000000	21.000000	20.000000	1302.000000	900.000000	69.000000	1283.251741	906.884428	2.000000	15.692750
1.000000	22.000000	21.000000	1159.000000	907.000000	68.000000	1149.621860	904.957087	1.000000	16.220857
1.000000	23.000000	22.000000	1013.000000	917.000000	67.000000	1003.255800	921.596213	1.000000	16.652209
1.000000	24.000000	23.000000	1116.000000	681.000000	48.000000	1117.800618	670.826724	2.000000	17.252468
1.000000	25.000000	24.000000	968.000000	676.000000	47.000000	976.463249	673.958277	1.000000	17.676662
1.000000	26.000000	25.000000	892.000000	959.000000	66.000000	894.688592	950.465459	2.000000	18.507654
1.000000	27.000000	26.000000	850.000000	758.000000	56.000000	849.085868	744.409116	2.000000	19.100708
1.000000	28.000000	27.000000	717.000000	839.000000	55.000000	713.404067	822.265696	2.000000	19.668152
1.000000	29.000000	28.000000	737.000000	654.000000	45.000000	730.722989	651.720984	2.000000	20.180746
1.000000	30.000000	29.000000	719.000000	936.000000	65.000000	707.145843	940.686201	2.000000	20.666821
1.000000	31.000000	30.000000	727.000000	1055.000000	75.000000	728.022234	1046.388980	2.000000	21.020755
1.000000	32.000000	31.000000	615.000000	970.000000	64.000000	614.470678	954.991910	1.000000	21.636887
1.000000	33.000000	32.000000	584.000000	996.000000	74.000000	569.120725	992.697833	2.000000	21.940926
1.000000	34.000000	33.000000	628.000000	703.000000	44.000000	625.339687	679.413024	2.000000	22.771333
1.000000	35.000000	34.000000	501.000000	791.000000	53.000000	481.343748	792.572076	2.000000	23.314653
1.000000	36.000000	35.000000	454.000000	688.000000	43.000000	440.292638	676.269516	2.000000	23.764779
1.000000	37.000000	36.000000	480.000000	509.000000	33.000000	481.727114	496.443329	1.000000	24.323828
1.000000	38.000000	37.000000	228.000000	653.000000	41.000000	218.838770	642.522854	1.000000	25.124925
1.000000	39.000000	38.000000	216.000000	906.000000	61.000000	211.599583	907.680378	1.000000	25.628579
1.000000	40.000000	39.000000	242.000000	1063.000000	71.000000	244.783005	1068.462871	1.000000	26.252105
1.000000	41.000000	40.000000	460.000000	1047.000000	73.000000	470.125800	1042.938741	2.000000	27.004064
1.000000	1.000000	1.000000	197.000000	149.000000	1.000000	190.385877	149.542467	1.000000	1.388278
1.000000	2.000000	2.000000	337.000000	132.000000	2.000000	340.699333	127.835260	1.000000	2.010433
1.000000	3.000000	3.000000	340.000000	295.000000	12.000000	338.623372	293.536584	2.000000	2.483691
1.000000	4.000000	4.000000	198.000000	312.000000	11.000000	200.557095	325.597572	1.000000	3.075803
1.000000	5.000000	5.000000	231.000000	417.000000	21.000000	222.522249	427.906811	2.000000	3.642873
1.000000	6.000000	6.000000	454.000000	397.000000	23.000000	452.067205	390.420306	2.000000	4.242980
1.000000	7.000000	7.000000	606.000000	187.000000	4.000000	598.165139	201.365457	2.000000	4.924411
1.000000	8.000000	8.000000	747.000000	176.000000	5.000000	745.324048	178.999870	2.000000	5.282268
1.000000	9.000000	9.000000	843.000000	198.000000	6.000000	855.535500	205.313222	2.000000	5.835447
1.000000	10.000000	10.000000	1003.000000	109.000000	7.000000	993.003016	128.682336	2.000000	6.267665
1.000000	11.000000	11.000000	1270.000000	123.000000	9.000000	1276.311255	130.939038	1.000000	6.923300
1.000000	12.000000	12.000000	881.000000	239.000000	16.000000	865.950908	256.976808	2.000000	7.650426
1.000000	13.000000	13.000000	703.000000	307.000000	15.000000	702.483342	310.947861	2.000000	8.098502
1.000000	14.000000	14.000000	633.000000	448.000000	24.000000	633.047717	432.094013	1.000000	8.770685
1.000000	15.000000	15.000000	1409.000000	517.000000	40.000000	1415.415928	537.775366	1.000000	9.746513
1.000000	16.000000	16.000000	1227.000000	438.000000	29.000000	1236.459831	429.638190	2.000000	10.299263
1.000000	17.000000	17.000000	1378.000000	626.000000	50.000000	1369.189002	643.664996	1.000000	11.042587
1.000000	18.000000	18.000000	1102.000000	815.000000	58.000000	1093.112264	808.889193	1.000000	11.660457
1.000000	19.000000	19.000000	1282.000000	880.000000	69.000000	1269.689461	899.065297	2.000000	12.252175
1.000000	20.000000	20.000000	1166.000000	1074.000000	78.000000	1149.682000	1080.062336	1.000000	12.819990
1.000000	21.000000	0.000000	997.000000	1043.000000	77.000000	986.579442	1067.799810	2.000000	13.818895
1.000000	22.000000	21.000000	992.000000	1054.000000	77.000000	986.579442	1067.799810	2.000000	14.668333
1.000000	23.000000	22.000000	954.000000	945.000000	67.000000	977.927504	938.434446	2.000000	15.474419
1.000000	24.000000	23.000000	843.000000	928.000000	66.000000	843.496245	926.863205	2.000000	16.075361
1.000000	25.000000	24.000000	890.000000	799.000000	56.000000	891.902852	793.245593	1.000000	16.578972
1.000000	26.000000	25.000000	833.000000	612.000000	46.000000	838.366873	621.139509	1.000000	17.275628
1.000000	27.000000	26.000000	755.000000	639.000000	45.000000	765.662838	650.404906	1.000000	17.611119
1.000000	28.000000	27.000000	698.000000	1075.000000	75.000000	702.266926	1076.932201	2.000000	18.627545
1.000000	29.000000	28.000000	564.000000	1046.000000	74.000000	567.786894	1037.777517	2.000000	19.178151
1.000000	30.000000	29.000000	613.000000	942.000000	64.000000	617.362844	942.958495	1.000000	19.882558
1.000000	31.000000	30.000000	498.000000	873.000000	63.000000	501.432047	878.981524	1.000000	20.668436
1.000000	32.000000	31.000000	212.000000	1036.000000	71.000000	222.723164	1056.595639	1.000000	21.354877
1.000000	33.000000	32.000000	330.000000	909.000000	62.000000	331.389770	918.341626	2.000000	21.906850
1.000000	34.000000	33.000000	336.000000	807.000000	52.000000	337.677530	800.755701	1.000000	22.316076
1.000000	35.000000	34.000000	617.000000	750.000000	54.000000	624.927123	750.623651	2.000000	23.108371
1.000000	36.000000	35.000000	470.000000	654.000000	43.000000	463.489234	662.122884	2.000000	23.548386
1.000000	37.000000	36.000000	600.000000	645.000000	44.000000	599.105020	648.845166	1.000000	24.035142
1.000000	38.000000	37.000000	569.000000	558.000000	34.000000	571.402963	567.005540	2.000000	24.659340
1.000000	39.000000	38.000000	517.000000	563.000000	33.000000	512.417238	565.063589	1.000000	24.963281
1.000000	40.000000	39.000000	329.000000	540.000000	32.000000	319.562626	547.136326	1.000000	25.756314
1.000000	41.000000	40.000000	197.000000	542.000000	31.000000	206.587525	553.229614	1.000000	26.300178
2.000000	1.000000	1.000000	222.000000	199.000000	1.000000	210.325377	180.429601	1.000000	1.239526
2.000000	2.000000	2.000000	206.000000	268.000000	11.000000	195.153850	269.608562	1.000000	1.661861
2.000000	3.000000	3.000000	314.000000	196.000000	2.000000	310.909789	188.789205	1.000000	2.175471
2.000000	4.000000	4.000000	350.000000	266.000000	12.000000	364.295435	274.307840	2.000000	2.742289
2.000000	5.000000	5.000000	460.000000	165.000000	3.000000	460.885312	153.396414	1.000000	3.646017
2.000000	6.000000	6.000000	452.000000	265.000000	13.000000	450.213275	262.940122	2.000000	4.367676
2.000000	7.000000	7.000000	343.000000	382.000000	22.000000	344.237641	371.918250	1.000000	5.198820
2.000000	8.000000	8.000000	229.000000	514.000000	31.000000	238.394457	506.370713	2.000000	5.631731
2.000000	9.000000	9.000000	350.000000	512.000000	32.000000	345.826150	508.896044	1.000000	6.014556
2.000000	10.000000	10.000000	421.000000	513.000000	33.000000	440.195782	516.663093	2.000000	6.326058
2.000000	11.000000	11.000000	601.000000	504.000000	34.000000	611.452147	495.116737	1.000000	6.894871
2.000000	12.000000	12.000000	227.000000	672.000000	41.000000	215.053686	671.113788	2.000000	7.462425
2.000000	13.000000	13.000000	242.000000	752.000000	51.000000	242.485990	746.060600	1.000000	7.751486
2.000000	14.000000	14.000000	470.000000	706.000000	43.000000	465.213966	685.012414	2.000000	8.294578
2.000000	15.000000	15.000000	327.000000	887.000000	62.000000	328.333924	883.248698	1.000000	8.863620
2.000000	16.000000	16.000000	478.000000	825.000000	53.000000	467.628253	809.708376	1.000000	9.222811
2.000000	17.000000	17.000000	475.000000	1034.000000	73.000000	466.174322	1034.563733	1.000000	9.631710
2.000000	18.000000	18.000000	591.000000	936.000000	64.000000	602.006599	929.905959	1.000000	10.343613
2.000000	19.000000	19.000000	626.000000	797.000000	54.000000	637.133034	784.360191	2.000000	10.725863
2.000000	20.000000	20.000000	624.000000	683.000000	44.000000	629.846028	672.023387	2.000000	11.062896
2.000000	21.000000	0.000000	710.000000	798.000000	55.000000	709.864235	766.821196	2.000000	11.397735
2.000000	22.000000	21.000000	720.000000	758.000000	55.000000	709.864235	766.821196	2.000000	12.031267
2.000000	23.000000	22.000000	757.000000	676.000000	45.000000	756.709092	661.623296	2.000000	12.391788
2.000000	24.000000	0.000000	743.000000	356.000000	25.000000	733.924115	389.620533	2.000000	12.846692
2.000000	25.000000	23.000000	776.000000	310.000000	15.000000	764.590435	318.158870	2.000000	13.151116
2.000000	26.000000	24.000000	732.000000	390.000000	25.000000	733.924115	389.620533	2.000000	13.495633
2.000000	27.000000	25.000000	873.000000	452.000000	26.000000	857.169933	441.276840	2.000000	13.925575
2.000000	28.000000	26.000000	1024.000000	310.000000	17.000000	1021.955436	296.295689	2.000000	14.543685
2.000000	29.000000	27.000000	973.000000	208.000000	7.000000	972.430465	206.904862	1.000000	14.879023
2.000000	30.000000	28.000000	1177.000000	177.000000	8.000000	1157.846771	166.391368	1.000000	15.349653
2.000000	31.000000	29.000000	1233.000000	190.000000	9.000000	1240.689278	182.699958	1.000000	15.645619
2.000000	32.000000	30.000000	1285.000000	300.000000	19.000000	1290.817414	302.821082	1.000000	16.213646
2.000000	33.000000	31.000000	1405.000000	263.000000	20.000000	1406.203725	264.364628	2.000000	16.686777
2.000000	34.000000	32.000000	1109.000000	394.000000	28.000000	1093.421428	378.972307	1.000000	17.887520
2.000000	35.000000	33.000000	1120.000000	570.000000	38.000000	1118.049472	559.514915	2.000000	18.767268
2.000000	36.000000	34.000000	1126.000000	632.000000	48.000000	1137.145416	645.251033	1.000000	19.086950
2.000000	37.000000	35.000000	1263.000000	636.000000	49.000000	1255.682103	628.730538	2.000000	19.623431
2.000000	38.000000	36.000000	1368.000000	653.000000	50.000000	1356.940385	645.424825	2.000000	19.918187
2.000000	39.000000	37.000000	889.000000	747.000000	56.000000	883.765572	744.786520	1.000000	20.662739
2.000000	40.000000	38.000000	1011.000000	767.000000	57.000000	1004.756795	773.342882	2.000000	21.007160
2.000000	41.000000	39.000000	1411.000000	796.000000	60.000000	1407.473878	794.305737	1.000000	21.622711
2.000000	42.000000	40.000000	1017.000000	997.000000	77.000000	1015.882333	998.405647	2.000000	22.646539
3.000000	1.000000	1.000000	231.000000	150.000000	1.000000	216.477659	141.576733	1.000000	0.636550
3.000000	2.000000	2.000000	340.000000	159.000000	2.000000	358.201131	172.676835	2.000000	1.140957
3.000000	3.000000	0.000000	624.000000	263.000000	14.000000	617.151789	288.987540	2.000000	2.013925
3.000000	4.000000	0.000000	592.000000	129.000000	4.000000	606.433153	172.085811	1.000000	2.411967
3.000000	5.000000	3.000000	604.000000	158.000000	4.000000	606.433153	172.085811	1.000000	2.755855
3.000000	6.000000	4.000000	620.000000	268.000000	14.000000	617.151789	288.987540	2.000000	3.388716
3.000000	7.000000	5.000000	755.000000	275.000000	15.000000	734.799992	284.651576	2.000000	4.028772
3.000000	8.000000	6.000000	884.000000	122.000000	6.000000	880.623042	121.837794	2.000000	4.821378
3.000000	9.000000	7.000000	1420.000000	147.000000	10.000000	1421.356421	143.287375	2.000000	5.867714
3.000000	10.000000	8.000000	1276.000000	163.000000	9.000000	1269.346055	162.459195	1.000000	6.381739
3.000000	11.000000	9.000000	1383.000000	290.000000	20.000000	1378.554479	289.627998	1.000000	6.870056
3.000000	12.000000	10.000000	1117.000000	198.000000	8.000000	1118.839849	199.861533	1.000000	7.443891
3.000000	13.000000	11.000000	1115.000000	278.000000	18.000000	1101.640841	279.627467	2.000000	7.773888
3.000000	14.000000	12.000000	911.000000	261.000000	16.000000	901.278563	270.207163	1.000000	8.324591
3.000000	15.000000	13.000000	173.000000	494.000000	31.000000	181.240289	497.758108	1.000000	9.581938
3.000000	16.000000	14.000000	330.000000	419.000000	22.000000	338.512897	417.852394	1.000000	10.469586
3.000000	17.000000	15.000000	453.000000	490.000000	33.000000	455.401440	500.724250	2.000000	10.891894
3.000000	18.000000	16.000000	603.000000	400.000000	24.000000	612.883663	408.646240	1.000000	11.412798
3.000000	19.000000	17.000000	729.000000	385.000000	25.000000	714.603810	385.926877	1.000000	11.876618
3.000000	20.000000	18.000000	873.000000	494.000000	36.000000	881.552015	497.339444	2.000000	12.318071
3.000000	21.000000	19.000000	959.000000	427.000000	27.000000	971.718084	427.309498	2.000000	12.692370
3.000000	22.000000	20.000000	1021.000000	492.000000	37.000000	1013.865167	502.000133	2.000000	12.981331
3.000000	23.000000	0.000000	1113.000000	535.000000	38.000000	1136.966260	547.240258	2.000000	13.356173
3.000000	24.000000	21.000000	1153.000000	531.000000	38.000000	1136.966260	547.240258	2.000000	13.684580
3.000000	25.000000	22.000000	1228.000000	458.000000	29.000000	1232.507989	450.207653	2.000000	14.156221
3.000000	26.000000	23.000000	1429.000000	798.000000	60.000000	1409.012902	805.697850	2.000000	15.093838
3.000000	27.000000	0.000000	1403.000000	951.000000	70.000000	1374.470973	956.683994	1.000000	15.677955
3.000000	28.000000	24.000000	1378.000000	957.000000	70.000000	1374.470973	956.683994	1.000000	16.132604
3.000000	29.000000	25.000000	1224.000000	910.000000	69.000000	1224.820979	906.368196	1.000000	16.717940
3.000000	30.000000	26.000000	1107.000000	910.000000	68.000000	1108.906330	915.972911	2.000000	17.045805
3.000000	31.000000	27.000000	874.000000	1014.000000	76.000000	874.105758	1017.116815	2.000000	17.779825
3.000000	32.000000	28.000000	838.000000	929.000000	66.000000	840.227481	933.602887	2.000000	18.165868
3.000000	33.000000	29.000000	868.000000	787.000000	56.000000	857.146921	800.585495	2.000000	18.677309
3.000000	34.000000	30.000000	750.000000	747.000000	55.000000	751.003439	743.782323	1.000000	19.220557
3.000000	35.000000	31.000000	739.000000	645.000000	45.000000	742.489790	646.471867	1.000000	19.603885
3.000000	36.000000	32.000000	593.000000	666.000000	44.000000	598.380424	685.380841	2.000000	20.109971
3.000000	37.000000	33.000000	709.000000	883.000000	65.000000	710.652082	891.949818	1.000000	20.780439
3.000000	38.000000	34.000000	629.000000	1026.000000	74.000000	628.538291	1031.819794	2.000000	21.341717
3.000000	39.000000	35.000000	443.000000	930.000000	63.000000	444.294923	916.645676	1.000000	21.909591
3.000000	40.000000	36.000000	373.000000	923.000000	62.000000	357.507390	915.033140	1.000000	22.205903
3.000000	41.000000	37.000000	349.000000	1024.000000	72.000000	351.325544	1019.762511	1.000000	23.045742
3.000000	42.000000	38.000000	375.000000	758.000000	52.000000	367.703900	765.273547	2.000000	23.692515
3.000000	43.000000	39.000000	296.000000	687.000000	42.000000	310.792966	681.337766	1.000000	24.045932
3.000000	44.000000	40.000000	453.000000	665.000000	43.000000	444.427723	666.163476	1.000000	24.699787
4.000000	1.000000	1.000000	225.000000	136.000000	1.000000	211.259593	124.083235	2.000000	1.063048
4.000000	2.000000	2.000000	354.000000	174.000000	2.000000	353.773437	169.919501	1.000000	1.961311
4.000000	3.000000	3.000000	174.000000	281.000000	11.000000	181.344391	294.541136	2.000000	2.552845
4.000000	4.000000	4.000000	363.000000	292.000000	12.000000	353.475585	306.947737	2.000000	3.215784
4.000000	5.000000	5.000000	214.000000	388.000000	21.000000	209.913885	402.746806	2.000000	4.071172
4.000000	6.000000	6.000000	333.000000	531.000000	32.000000	339.413670	519.492736	2.000000	4.687515
4.000000	7.000000	7.000000	181.000000	677.000000	41.000000	194.868662	690.401234	1.000000	5.319378
4.000000	8.000000	8.000000	352.000000	659.000000	42.000000	358.024271	657.087721	2.000000	5.719406
4.000000	9.000000	9.000000	214.000000	1048.000000	71.000000	211.981348	1050.507437	1.000000	6.823713
4.000000	10.000000	10.000000	333.000000	1017.000000	72.000000	322.682049	1014.701657	2.000000	7.176350
4.000000	11.000000	11.000000	306.000000	894.000000	62.000000	318.493223	913.392279	2.000000	7.489082
4.000000	12.000000	12.000000	431.000000	886.000000	63.000000	442.654477	887.926231	2.000000	8.057314
4.000000	13.000000	13.000000	503.000000	759.000000	53.000000	507.554344	764.717502	1.000000	8.568628
4.000000	14.000000	14.000000	444.000000	651.000000	43.000000	442.930276	651.815428	1.000000	8.856524
4.000000	15.000000	15.000000	480.000000	391.000000	23.000000	475.015124	403.748958	1.000000	9.407544
4.000000	16.000000	16.000000	585.000000	500.000000	34.000000	580.103516	501.281642	2.000000	10.047338
4.000000	17.000000	17.000000	592.000000	677.000000	44.000000	582.742883	669.137675	1.000000	10.592521
4.000000	18.000000	18.000000	619.000000	275.000000	14.000000	617.055267	268.618394	1.000000	11.239840
4.000000	19.000000	0.000000	622.000000	145.000000	4.000000	624.450415	176.654059	2.000000	11.575490
4.000000	20.000000	19.000000	702.000000	198.000000	5.000000	700.326678	201.567885	1.000000	12.015500
4.000000	21.000000	20.000000	606.000000	160.000000	4.000000	624.450415	176.654059	2.000000	12.367504
4.000000	22.000000	21.000000	739.000000	315.000000	15.000000	728.429847	326.016053	1.000000	13.008310
4.000000	23.000000	22.000000	841.000000	143.000000	6.000000	853.003850	141.076776	2.000000	13.561223
4.000000	24.000000	0.000000	779.000000	476.000000	35.000000	767.993152	500.613345	2.000000	14.424048
4.000000	25.000000	23.000000	771.000000	501.000000	35.000000	767.993152	500.613345	2.000000	15.560992
4.000000	26.000000	24.000000	750.000000	738.000000	55.000000	746.012791	744.276800	1.000000	16.271317
4.000000	27.000000	25.000000	781.000000	1012.000000	75.000000	761.518812	1022.901263	2.000000	16.984744
4.000000	28.000000	26.000000	836.000000	1028.000000	76.000000	843.500527	1046.974212	1.000000	17.319855
4.000000	29.000000	27.000000	979.000000	1031.000000	77.000000	960.324611	1024.259030	2.000000	17.729316
4.000000	30.000000	28.000000	880.000000	931.000000	66.000000	877.902704	916.924325	2.000000	18.216387
4.000000	31.000000	0.000000	894.000000	801.000000	56.000000	882.357601	826.030814	1.000000	18.520925
4.000000	32.000000	29.000000	1013.000000	895.000000	67.000000	999.784918	889.916965	1.000000	19.135615
4.000000	33.000000	30.000000	895.000000	828.000000	56.000000	882.357601	826.030814	1.000000	19.727969
4.000000	34.000000	31.000000	870.000000	696.000000	46.000000	869.471939	697.746373	1.000000	20.328934
4.000000	35.000000	32.000000	972.000000	540.000000	37.000000	960.628425	550.860516	2.000000	21.136036
4.000000	36.000000	33.000000	1076.000000	303.000000	18.000000	1087.896619	313.646328	2.000000	21.703250
4.000000	37.000000	34.000000	1114.000000	192.000000	8.000000	1107.013056	202.261280	1.000000	22.431955
4.000000	38.000000	35.000000	1357.000000	202.000000	10.000000	1377.251893	204.882824	1.000000	23.015797
4.000000	39.000000	36.000000	1360.000000	271.000000	20.000000	1360.767170	277.484037	1.000000	23.472321
4.000000	40.000000	37.000000	1264.000000	312.000000	19.000000	1270.674190	319.459159	1.000000	23.816856
4.000000	41.000000	38.000000	1242.000000	506.000000	39.000000	1228.539262	509.135230	2.000000	24.351261
4.000000	42.000000	39.000000	1370.000000	527.000000	40.000000	1366.000443	548.896428	1.000000	24.687386
4.000000	43.000000	40.000000	1403.000000	929.000000	70.000000	1388.831084	917.974905	2.000000	25.655534
5.000000	1.000000	1.000000	194.000000	194.000000	1.000000	190.467266	195.074902	1.000000	1.130456
5.000000	2.000000	2.000000	327.000000	290.000000	12.000000	339.709604	303.652520	2.000000	1.595373
5.000000	3.000000	3.000000	465.000000	257.000000	13.000000	457.539464	245.102288	1.000000	2.154557
5.000000	4.000000	0.000000	542.000000	209.000000	4.000000	574.346280	201.842310	2.000000	2.426649
5.000000	5.000000	4.000000	557.000000	206.000000	4.000000	574.346280	201.842310	2.000000	2.690344
5.000000	6.000000	5.000000	597.000000	262.000000	14.000000	593.764904	260.288204	1.000000	2.994706
5.000000	7.000000	6.000000	233.000000	375.000000	21.000000	236.476249	373.778576	2.000000	3.899622
5.000000	8.000000	7.000000	606.000000	378.000000	24.000000	612.045979	370.660863	2.000000	4.529968
5.000000	9.000000	8.000000	843.000000	208.000000	6.000000	853.074650	196.304917	2.000000	5.138322
5.000000	10.000000	9.000000	975.000000	134.000000	7.000000	974.260096	125.116371	2.000000	5.675425
5.000000	11.000000	10.000000	893.000000	298.000000	16.000000	893.050113	303.338345	1.000000	6.291734
5.000000	12.000000	11.000000	1104.000000	300.000000	18.000000	1113.857796	284.879372	2.000000	6.739467
5.000000	13.000000	12.000000	1266.000000	209.000000	9.000000	1266.956493	196.131518	1.000000	7.338440
5.000000	14.000000	13.000000	1434.000000	183.000000	10.000000	1422.451151	180.487360	2.000000	8.162907
5.000000	15.000000	14.000000	1240.000000	284.000000	19.000000	1242.030741	292.492041	1.000000	8.683743
5.000000	16.000000	15.000000	1266.000000	388.000000	29.000000	1263.977994	378.480165	2.000000	9.033976
5.000000	17.000000	16.000000	899.000000	455.000000	26.000000	888.024172	439.897500	2.000000	9.658047
5.000000	18.000000	17.000000	858.000000	502.000000	36.000000	868.803757	502.052567	2.000000	9.899927
5.000000	19.000000	18.000000	1040.000000	583.000000	37.000000	1028.094358	575.447170	2.000000	10.290206
5.000000	20.000000	19.000000	1133.000000	570.000000	38.000000	1119.177895	552.167655	2.000000	10.546945
5.000000	21.000000	20.000000	1392.000000	449.000000	30.000000	1395.105912	427.535860	1.000000	11.539647
5.000000	22.000000	21.000000	1390.000000	568.000000	40.000000	1393.745761	573.789121	1.000000	11.882454
5.000000	23.000000	22.000000	1400.000000	630.000000	50.000000	1403.297541	635.617248	2.000000	12.179972
5.000000	24.000000	23.000000	1243.000000	655.000000	49.000000	1223.073643	655.585843	2.000000	12.763414
5.000000	25.000000	24.000000	1273.000000	755.000000	59.000000	1256.978779	750.113940	1.000000	13.290821
5.000000	26.000000	25.000000	1125.000000	1083.000000	78.000000	1102.398170	1078.687796	2.000000	14.963013
5.000000	27.000000	26.000000	1377.000000	1075.000000	80.000000	1365.758107	1068.163858	1.000000	16.018574
5.000000	28.000000	27.000000	1140.000000	945.000000	68.000000	1123.373829	939.570971	1.000000	16.683315
5.000000	29.000000	28.000000	1029.000000	913.000000	67.000000	1020.128036	897.152256	2.000000	17.187338
5.000000	30.000000	29.000000	868.000000	903.000000	66.000000	880.375737	886.788586	2.000000	17.626345
5.000000	31.000000	30.000000	702.000000	636.000000	45.000000	707.678705	631.761817	1.000000	18.363916
5.000000	32.000000	31.000000	587.000000	895.000000	64.000000	586.854764	889.433001	1.000000	18.995932
5.000000	33.000000	32.000000	478.000000	924.000000	63.000000	476.096020	930.906140	1.000000	19.434076
5.000000	34.000000	33.000000	340.000000	1046.000000	72.000000	333.951514	1036.378984	1.000000	19.995898
5.000000	35.000000	34.000000	236.000000	1052.000000	71.000000	241.225947	1059.438383	1.000000	20.281732
5.000000	36.000000	35.000000	202.000000	908.000000	61.000000	207.636276	896.171108	1.000000	20.857946
5.000000	37.000000	36.000000	217.000000	801.000000	51.000000	208.349970	805.654682	2.000000	21.235721
5.000000	38.000000	37.000000	233.000000	686.000000	41.000000	237.082036	677.985117	1.000000	21.547701
5.000000	39.000000	38.000000	341.000000	688.000000	42.000000	340.137389	676.231883	1.000000	22.011222
5.000000	40.000000	39.000000	240.000000	576.000000	31.000000	235.606699	563.195417	2.000000	22.570568
5.000000	41.000000	40.000000	438.000000	539.000000	33.000000	454.501914	527.222230	1.000000	23.203818
6.000000	1.000000	1.000000	193.000000	185.000000	1.000000	201.257941	170.949787	2.000000	0.719117
6.000000	2.000000	2.000000	304.000000	181.000000	2.000000	315.239478	182.780200	1.000000	1.240151
6.000000	3.000000	3.000000	481.000000	185.000000	3.000000	465.109666	184.646795	2.000000	1.751149
6.000000	4.000000	4.000000	486.000000	257.000000	13.000000	473.844102	275.501811	2.000000	2.135795
6.000000	5.000000	5.000000	223.000000	374.000000	21.000000	213.514159	376.245441	1.000000	2.702988
6.000000	6.000000	6.000000	473.000000	378.000000	23.000000	482.781161	371.757755	1.000000	3.703774
6.000000	7.000000	7.000000	310.000000	457.000000	22.000000	317.841405	454.248623	1.000000	4.200020
6.000000	8.000000	8.000000	245.000000	545.000000	31.000000	231.017573	548.595403	1.000000	4.880992
6.000000	9.000000	9.000000	221.000000	613.000000	41.000000	210.776157	627.584324	2.000000	5.160868
6.000000	10.000000	10.000000	337.000000	759.000000	52.000000	350.233995	753.891787	1.000000	5.768072
6.000000	11.000000	11.000000	476.000000	545.000000	33.000000	470.822306	547.753886	1.000000	6.383217
6.000000	12.000000	12.000000	466.000000	807.000000	53.000000	455.451380	816.037799	2.000000	7.000988
6.000000	13.000000	13.000000	376.000000	873.000000	62.000000	372.013037	878.358688	2.000000	7.360449
6.000000	14.000000	14.000000	238.000000	1020.000000	71.000000	242.439321	1014.424589	1.000000	8.064690
6.000000	15.000000	15.000000	390.000000	1049.000000	72.000000	375.923663	1043.262151	1.000000	8.391358
6.000000	16.000000	16.000000	441.000000	1047.000000	73.000000	447.264789	1037.842700	2.000000	8.727078
6.000000	17.000000	17.000000	497.000000	954.000000	63.000000	509.830701	954.120705	1.000000	9.025048
6.000000	18.000000	18.000000	702.000000	1073.000000	75.000000	705.618099	1072.322606	1.000000	9.623090
6.000000	19.000000	19.000000	769.000000	949.000000	65.000000	770.199180	950.264225	1.000000	10.024007
6.000000	20.000000	20.000000	1101.000000	1013.000000	78.000000	1094.945519	1009.398866	2.000000	10.816655
6.000000	21.000000	21.000000	1034.000000	884.000000	67.000000	1025.568750	872.548447	2.000000	11.224790
6.000000	22.000000	22.000000	985.000000	767.000000	57.000000	981.435690	746.607272	2.000000	11.623285
6.000000	23.000000	0.000000	917.000000	722.000000	46.000000	895.122580	706.787027	1.000000	11.999919
6.000000	24.000000	23.000000	980.000000	681.000000	47.000000	984.574765	665.699265	2.000000	12.655043
6.000000	25.000000	24.000000	895.000000	714.000000	46.000000	895.122580	706.787027	1.000000	12.960924
6.000000	26.000000	0.000000	838.000000	609.000000	36.000000	828.716675	582.250615	2.000000	13.399064
6.000000	27.000000	25.000000	611.000000	388.000000	24.000000	616.416555	403.404411	2.000000	14.184421
6.000000	28.000000	0.000000	672.000000	413.000000	25.000000	698.817706	425.051535	1.000000	14.584790
6.000000	29.000000	26.000000	836.000000	577.000000	36.000000	828.716675	582.250615	2.000000	15.408097
6.000000	30.000000	27.000000	714.000000	433.000000	25.000000	698.817706	425.051535	1.000000	16.063344
6.000000	31.000000	28.000000	719.000000	298.000000	15.000000	719.558232	289.996435	1.000000	16.568802
6.000000	32.000000	29.000000	946.000000	424.000000	27.000000	958.606600	415.569361	2.000000	17.303435
6.000000	33.000000	30.000000	1099.000000	291.000000	18.000000	1100.191986	284.210932	2.000000	17.920109
6.000000	34.000000	31.000000	1133.000000	174.000000	8.000000	1132.769561	157.517734	2.000000	18.400637
6.000000	35.000000	32.000000	1395.000000	268.000000	20.000000	1397.667271	263.770044	1.000000	19.007104
6.000000	36.000000	33.000000	1412.000000	396.000000	30.000000	1407.155088	378.885970	1.000000	19.591131
6.000000	37.000000	34.000000	1121.000000	440.000000	28.000000	1111.311630	437.869882	2.000000	20.351017
6.000000	38.000000	35.000000	1156.000000	522.000000	38.000000	1155.199700	531.610571	2.000000	20.751848
6.000000	39.000000	36.000000	1117.000000	710.000000	48.000000	1113.037034	701.376032	1.000000	21.280731
6.000000	40.000000	37.000000	1136.000000	768.000000	58.000000	1136.276396	754.823924	2.000000	21.832416
6.000000	41.000000	38.000000	1253.000000	716.000000	49.000000	1248.621226	704.277100	1.000000	22.328929
6.000000	42.000000	39.000000	1361.000000	663.000000	50.000000	1357.229069	655.422599	2.000000	22.920585
6.000000	43.000000	40.000000	1362.000000	799.000000	60.000000	1359.938959	783.751891	1.000000	23.511874
7.000000	1.000000	1.000000	195.000000	182.000000	1.000000	193.124060	187.520293	1.000000	1.992635
7.000000	2.000000	2.000000	350.000000	129.000000	2.000000	354.367837	117.579362	1.000000	2.471671
7.000000	3.000000	3.000000	356.000000	248.000000	12.000000	360.107314	245.194536	2.000000	2.903326
7.000000	4.000000	4.000000	600.000000	125.000000	4.000000	597.361521	127.360045	2.000000	3.527763
7.000000	5.000000	5.000000	720.000000	178.000000	5.000000	729.884175	185.634588	1.000000	3.982633
7.000000	6.000000	6.000000	865.000000	147.000000	6.000000	863.523950	146.877143	1.000000	4.320354
7.000000	7.000000	0.000000	1187.000000	122.000000	8.000000	1158.606637	124.976700	1.000000	4.912633
7.000000	8.000000	7.000000	1154.000000	119.000000	8.000000	1158.606637	124.976700	1.000000	5.295716
7.000000	9.000000	8.000000	1244.000000	187.000000	9.000000	1252.464941	204.044977	2.000000	5.832316
7.000000	10.000000	9.000000	1046.000000	290.000000	17.000000	1030.808637	294.889781	1.000000	6.599505
7.000000	11.000000	10.000000	1132.000000	321.000000	18.000000	1129.506081	324.663502	2.000000	6.944440
7.000000	12.000000	11.000000	1146.000000	360.000000	28.000000	1149.278728	376.434645	2.000000	7.271493
7.000000	13.000000	12.000000	950.000000	425.000000	27.000000	967.844302	426.205252	2.000000	7.848595
7.000000	14.000000	13.000000	848.000000	406.000000	26.000000	838.743491	386.592791	2.000000	8.454562
7.000000	15.000000	14.000000	725.000000	281.000000	15.000000	724.008426	260.849206	2.000000	9.111038
7.000000	16.000000	15.000000	505.000000	325.000000	13.000000	488.724618	330.002818	1.000000	9.718895
7.000000	17.000000	16.000000	485.000000	380.000000	23.000000	478.148924	374.838644	2.000000	10.103806
7.000000	18.000000	17.000000	367.000000	411.000000	22.000000	374.235749	396.804758	1.000000	10.784786
7.000000	19.000000	18.000000	259.000000	414.000000	21.000000	248.010629	408.804281	2.000000	11.423865
7.000000	20.000000	19.000000	556.000000	415.000000	24.000000	572.600488	408.796950	1.000000	12.055205
7.000000	21.000000	20.000000	231.000000	548.000000	31.000000	231.225753	548.202537	1.000000	12.750606
7.000000	22.000000	21.000000	373.000000	531.000000	32.000000	362.726901	521.474743	1.000000	13.160254
7.000000	23.000000	22.000000	512.000000	560.000000	33.000000	506.191763	562.581627	1.000000	13.782459
7.000000	24.000000	23.000000	601.000000	523.000000	34.000000	610.424104	510.018765	2.000000	14.230592
7.000000	25.000000	24.000000	860.000000	540.000000	36.000000	871.961783	550.476022	2.000000	14.912630
7.000000	26.000000	25.000000	1011.000000	580.000000	37.000000	1015.474162	579.932596	1.000000	15.311225
7.000000	27.000000	26.000000	1295.000000	576.000000	39.000000	1281.190405	566.814948	2.000000	15.927286
7.000000	28.000000	27.000000	1390.000000	498.000000	40.000000	1388.107188	497.958459	2.000000	16.446884
7.000000	29.000000	28.000000	1291.000000	646.000000	49.000000	1271.621973	658.041763	2.000000	17.022549
7.000000	30.000000	29.000000	1165.000000	778.000000	58.000000	1161.827301	793.279764	2.000000	17.479086
7.000000	31.000000	30.000000	1361.000000	922.000000	70.000000	1351.273867	911.177553	1.000000	18.214927
7.000000	32.000000	31.000000	887.000000	934.000000	66.000000	892.001371	930.965056	2.000000	19.087557
7.000000	33.000000	32.000000	1011.000000	1012.000000	77.000000	1011.317967	998.824293	1.000000	19.590286
7.000000	34.000000	33.000000	840.000000	1052.000000	76.000000	833.696947	1061.166080	1.000000	20.126790
7.000000	35.000000	0.000000	855.000000	823.000000	56.000000	856.692024	795.363676	1.000000	20.736300
7.000000	36.000000	34.000000	861.000000	787.000000	56.000000	856.692024	795.363676	1.000000	21.600620
7.000000	37.000000	35.000000	632.000000	1064.000000	74.000000	639.515817	1060.890466	2.000000	22.512204
7.000000	38.000000	36.000000	449.000000	1041.000000	73.000000	454.200448	1025.003462	1.000000	23.127564
7.000000	39.000000	37.000000	605.000000	762.000000	54.000000	594.466907	756.282599	2.000000	24.023351
7.000000	40.000000	38.000000	450.000000	767.000000	53.000000	437.622408	772.204701	2.000000	24.447283
7.000000	41.000000	39.000000	352.000000	668.000000	42.000000	355.715273	673.644963	1.000000	24.863451
7.000000	42.000000	40.000000	209.000000	845.000000	51.000000	209.367775	831.887968	1.000000	25.599051
8.000000	1.000000	1.000000	256.000000	320.000000	11.000000	242.308533	322.359444	1.000000	0.941692
8.000000	2.000000	2.000000	347.000000	313.000000	12.000000	344.308771	310.721920	2.000000	1.269755
8.000000	3.000000	3.000000	500.000000	151.000000	3.000000	496.339668	144.572660	1.000000	1.780954
8.000000	4.000000	4.000000	608.000000	204.000000	4.000000	600.664355	206.365776	1.000000	2.107774
8.000000	5.000000	5.000000	755.000000	140.000000	5.000000	755.606867	138.701311	1.000000	2.477472
8.000000	6.000000	6.000000	949.000000	165.000000	7.000000	965.566911	166.440697	1.000000	2.981717
8.000000	7.000000	7.000000	993.000000	253.000000	17.000000	996.588059	276.487340	1.000000	3.356218
8.000000	8.000000	0.000000	1011.000000	283.000000	18.000000	1143.876693	282.350330	1.000000	3.645684
8.000000	9.000000	8.000000	1145.000000	292.000000	18.000000	1143.876693	282.350330	1.000000	4.117836
8.000000	10.000000	9.000000	1254.000000	248.000000	19.000000	1246.872369	246.255607	1.000000	4.820574
8.000000	11.000000	10.000000	834.000000	285.000000	16.000000	831.254723	293.980001	2.000000	5.396012
8.000000	12.000000	0.000000	515.000000	394.000000	23.000000	488.191412	389.083407	2.000000	6.020368
8.000000	13.000000	11.000000	483.000000	384.000000	23.000000	488.191412	389.083407	2.000000	6.516074
8.000000	14.000000	12.000000	1002.000000	439.000000	27.000000	1000.006704	430.327589	2.000000	7.213559
8.000000	15.000000	13.000000	1398.000000	455.000000	30.000000	1402.470095	447.037904	1.000000	8.172108
8.000000	16.000000	14.000000	1147.000000	508.000000	38.000000	1141.353874	504.308177	2.000000	8.773416
8.000000	17.000000	15.000000	1040.000000	497.000000	37.000000	1023.366980	502.320687	1.000000	9.117087
8.000000	18.000000	16.000000	214.000000	619.000000	41.000000	206.411636	625.139277	2.000000	10.148105
8.000000	19.000000	17.000000	479.000000	548.000000	33.000000	484.511069	536.479533	2.000000	10.965866
8.000000	20.000000	18.000000	326.000000	704.000000	42.000000	323.454522	690.753948	2.000000	11.436566
8.000000	21.000000	0.000000	676.000000	634.000000	45.000000	699.390127	624.609231	1.000000	12.037287
8.000000	22.000000	19.000000	695.000000	634.000000	45.000000	699.390127	624.609231	1.000000	12.404156
8.000000	23.000000	20.000000	897.000000	702.000000	46.000000	899.086610	706.591539	1.000000	12.925040
8.000000	24.000000	21.000000	1022.000000	687.000000	47.000000	1001.110370	682.334440	1.000000	13.260672
8.000000	25.000000	22.000000	1095.000000	689.000000	48.000000	1094.993951	683.530314	1.000000	13.693612
8.000000	26.000000	23.000000	1222.000000	669.000000	49.000000	1222.321412	657.541280	2.000000	14.052041
8.000000	27.000000	24.000000	1346.000000	772.000000	60.000000	1347.900536	775.502900	1.000000	14.589697
8.000000	28.000000	25.000000	1265.000000	812.000000	59.000000	1263.819879	817.616161	2.000000	14.949958
8.000000	29.000000	26.000000	1250.000000	915.000000	69.000000	1249.229343	902.175030	1.000000	15.379993
8.000000	30.000000	27.000000	1115.000000	886.000000	68.000000	1126.078224	880.110919	2.000000	15.748558
8.000000	31.000000	28.000000	1162.000000	1056.000000	78.000000	1157.121184	1038.948731	2.000000	16.269195
8.000000	32.000000	29.000000	1027.000000	900.000000	67.000000	1022.142853	892.602780	2.000000	16.868512
8.000000	33.000000	30.000000	1018.000000	817.000000	57.000000	1019.884531	831.684167	2.000000	17.100051
8.000000	34.000000	31.000000	704.000000	767.000000	55.000000	698.133255	763.858188	2.000000	17.668312
8.000000	35.000000	32.000000	636.000000	786.000000	54.000000	621.545934	783.179362	2.000000	18.205523
8.000000	36.000000	33.000000	856.000000	1060.000000	76.000000	861.505459	1060.773955	1.000000	19.187961
8.000000	37.000000	34.000000	717.000000	926.000000	65.000000	716.218615	923.420083	1.000000	19.636589
8.000000	38.000000	35.000000	590.000000	1067.000000	74.000000	602.365257	1052.003430	1.000000	20.220748
8.000000	39.000000	36.000000	491.000000	1036.000000	73.000000	484.697107	1024.564149	2.000000	20.596307
8.000000	40.000000	37.000000	380.000000	1044.000000	72.000000	374.546480	1046.525328	2.000000	21.005374
8.000000	41.000000	38.000000	469.000000	894.000000	63.000000	471.547034	878.781260	2.000000	21.549964
8.000000	42.000000	39.000000	480.000000	836.000000	53.000000	484.126020	816.834827	1.000000	21.845864
8.000000	43.000000	40.000000	185.000000	878.000000	61.000000	188.517235	878.221948	2.000000	22.501889
9.000000	1.000000	1.000000	347.000000	143.000000	2.000000	340.247413	132.199818	1.000000	0.727317
9.000000	2.000000	0.000000	478.000000	159.000000	3.000000	451.909407	154.650428	2.000000	1.088237
9.000000	3.000000	2.000000	458.000000	154.000000	3.000000	451.909407	154.650428	2.000000	1.376370
9.000000	4.000000	3.000000	710.000000	147.000000	5.000000	703.336254	143.607907	2.000000	1.935510
9.000000	5.000000	4.000000	1262.000000	150.000000	9.000000	1256.973776	150.939029	2.000000	2.689359
9.000000	6.000000	5.000000	1023.000000	141.000000	7.000000	1023.792286	134.597551	1.000000	3.137246
9.000000	7.000000	6.000000	1425.000000	155.000000	10.000000	1420.318752	157.409638	1.000000	3.887295
9.000000	8.000000	7.000000	1375.000000	289.000000	20.000000	1362.526418	288.656782	1.000000	4.409004
9.000000	9.000000	8.000000	1112.000000	459.000000	28.000000	1113.381263	457.110363	2.000000	4.960329
9.000000	10.000000	9.000000	979.000000	424.000000	27.000000	964.411359	418.849091	1.000000	5.503974
9.000000	11.000000	10.000000	1251.000000	502.000000	39.000000	1257.921191	494.415998	1.000000	6.113263
9.000000	12.000000	11.000000	1106.000000	544.000000	38.000000	1107.105689	558.459761	1.000000	6.641398
9.000000	13.000000	12.000000	974.000000	517.000000	37.000000	981.621364	506.978992	2.000000	7.233279
9.000000	14.000000	0.000000	873.000000	459.000000	26.000000	859.675457	435.742332	2.000000	7.631720
9.000000	15.000000	13.000000	857.000000	589.000000	36.000000	865.516478	582.109862	2.000000	8.409089
9.000000	16.000000	14.000000	864.000000	443.000000	26.000000	859.675457	435.742332	2.000000	8.864066
9.000000	17.000000	15.000000	721.000000	419.000000	25.000000	721.896855	417.103242	1.000000	9.631406
9.000000	18.000000	0.000000	646.000000	496.000000	34.000000	633.409946	518.246814	1.000000	10.063209
9.000000	19.000000	16.000000	628.000000	518.000000	34.000000	633.409946	518.246814	1.000000	10.584431
9.000000	20.000000	17.000000	628.000000	298.000000	14.000000	628.099720	290.096137	1.000000	11.320569
9.000000	21.000000	18.000000	515.000000	530.000000	33.000000	512.105080	534.722280	2.000000	12.232281
9.000000	22.000000	19.000000	376.000000	380.000000	22.000000	367.706488	380.345568	2.000000	12.872443
9.000000	23.000000	20.000000	332.000000	294.000000	12.000000	329.282288	298.071585	2.000000	13.224858
9.000000	24.000000	21.000000	208.000000	532.000000	31.000000	203.556173	531.155570	1.000000	13.895604
9.000000	25.000000	22.000000	313.000000	679.000000	42.000000	324.661180	678.871137	1.000000	14.544605
9.000000	26.000000	23.000000	348.000000	793.000000	52.000000	347.413111	790.334481	2.000000	15.072969
9.000000	27.000000	24.000000	178.000000	889.000000	61.000000	184.073027	874.041309	2.000000	15.487787
9.000000	28.000000	25.000000	356.000000	879.000000	62.000000	346.300410	887.747238	1.000000	16.376958
9.000000	29.000000	26.000000	321.000000	1000.000000	72.000000	313.230921	999.573234	1.000000	16.863893
9.000000	30.000000	0.000000	227.000000	1053.000000	71.000000	251.617705	1044.018087	2.000000	17.176430
9.000000	31.000000	27.000000	264.000000	1053.000000	71.000000	251.617705	1044.018087	2.000000	17.752430
9.000000	32.000000	28.000000	454.000000	1055.000000	73.000000	439.377695	1050.539850	1.000000	18.439383
9.000000	33.000000	29.000000	448.000000	927.000000	63.000000	454.601226	913.227212	1.000000	18.879040
9.000000	34.000000	30.000000	616.000000	794.000000	54.000000	621.631277	786.019050	1.000000	19.705174
9.000000	35.000000	31.000000	604.000000	926.000000	64.000000	595.930022	927.501401	2.000000	20.201249
9.000000	36.000000	32.000000	710.000000	1043.000000	75.000000	705.619234	1029.244992	1.000000	20.849091
9.000000	37.000000	33.000000	823.000000	1056.000000	76.000000	830.605895	1050.751564	1.000000	21.208320
9.000000	38.000000	34.000000	974.000000	1068.000000	77.000000	968.816940	1073.167241	1.000000	22.392201
9.000000	39.000000	35.000000	1379.000000	1005.000000	80.000000	1374.592541	997.409606	2.000000	23.639942
9.000000	40.000000	36.000000	892.000000	748.000000	56.000000	891.331721	754.486317	2.000000	24.392525
9.000000	41.000000	37.000000	1164.000000	661.000000	48.000000	1161.393184	652.435187	2.000000	25.248553
9.000000	42.000000	38.000000	1210.000000	763.000000	59.000000	1222.709870	759.446234	2.000000	25.785223
9.000000	43.000000	39.000000	1351.000000	784.000000	60.000000	1349.616185	790.539808	2.000000	26.272503
9.000000	44.000000	40.000000	1412.000000	691.000000	50.000000	1404.638450	692.302589	2.000000	26.768468
10.000000	1.000000	1.000000	335.000000	210.000000	2.000000	343.594157	199.508992	1.000000	1.016846
10.000000	2.000000	2.000000	482.000000	174.000000	3.000000	468.985519	177.656565	2.000000	1.433976
10.000000	3.000000	3.000000	588.000000	173.000000	4.000000	576.796185	174.286306	1.000000	1.729045
10.000000	4.000000	4.000000	731.000000	191.000000	5.000000	716.055657	193.236153	1.000000	2.241356
10.000000	5.000000	5.000000	857.000000	138.000000	6.000000	844.041398	139.084165	2.000000	2.816731
10.000000	6.000000	6.000000	985.000000	141.000000	7.000000	997.999129	145.108663	1.000000	3.153034
10.000000	7.000000	7.000000	1269.000000	172.000000	9.000000	1290.491921	169.549402	1.000000	3.784999
10.000000	8.000000	8.000000	1096.000000	299.000000	18.000000	1093.313997	285.130100	1.000000	4.296475
10.000000	9.000000	9.000000	1131.000000	370.000000	28.000000	1132.674172	368.007359	1.000000	4.576959
10.000000	10.000000	10.000000	866.000000	412.000000	26.000000	852.009136	397.653847	2.000000	5.392549
10.000000	11.000000	0.000000	684.000000	395.000000	25.000000	720.381982	374.786651	1.000000	5.664269
10.000000	12.000000	11.000000	703.000000	390.000000	25.000000	720.381982	374.786651	1.000000	6.096932
10.000000	13.000000	12.000000	702.000000	255.000000	15.000000	711.923816	261.039904	1.000000	6.697732
10.000000	14.000000	13.000000	520.000000	281.000000	13.000000	499.055266	286.619147	2.000000	7.281569
10.000000	15.000000	14.000000	355.000000	307.000000	12.000000	349.828018	307.695837	1.000000	7.825375
10.000000	16.000000	15.000000	246.000000	399.000000	21.000000	243.204169	404.379282	1.000000	8.361442
10.000000	17.000000	16.000000	245.000000	500.000000	31.000000	251.621842	495.206775	1.000000	8.873864
10.000000	18.000000	17.000000	358.000000	520.000000	32.000000	347.517819	516.513839	2.000000	9.456553
10.000000	19.000000	18.000000	601.000000	459.000000	24.000000	610.442284	447.991075	2.000000	10.104392
10.000000	20.000000	19.000000	633.000000	528.000000	34.000000	632.326630	514.777033	2.000000	10.641532
10.000000	21.000000	20.000000	745.000000	562.000000	35.000000	743.392109	539.625977	1.000000	11.129782
10.000000	22.000000	21.000000	879.000000	569.000000	36.000000	870.621464	564.990491	1.000000	11.544247
10.000000	23.000000	22.000000	474.000000	582.000000	33.000000	468.747775	576.813619	1.000000	12.209365
10.000000	24.000000	23.000000	393.000000	639.000000	42.000000	379.083266	651.063584	1.000000	12.775974
10.000000	25.000000	24.000000	182.000000	702.000000	41.000000	196.525581	702.974033	2.000000	13.385933
10.000000	26.000000	25.000000	738.000000	661.000000	45.000000	728.438956	661.211606	2.000000	14.408628
10.000000	27.000000	26.000000	1343.000000	420.000000	30.000000	1353.837610	420.318116	2.000000	15.672476
10.000000	28.000000	27.000000	1243.000000	511.000000	39.000000	1240.705007	508.593383	2.000000	16.239972
10.000000	29.000000	28.000000	1362.000000	548.000000	40.000000	1357.311381	553.463743	2.000000	16.792559
10.000000	30.000000	29.000000	1416.000000	768.000000	60.000000	1417.270931	759.633429	1.000000	17.439928
10.000000	31.000000	30.000000	1249.000000	781.000000	59.000000	1240.658470	778.191361	2.000000	17.864772
10.000000	32.000000	0.000000	1165.000000	721.000000	48.000000	1161.213616	690.067241	2.000000	18.216437
10.000000	33.000000	31.000000	1160.000000	700.000000	48.000000	1161.213616	690.067241	2.000000	18.720408
10.000000	34.000000	0.000000	814.000000	791.000000	56.000000	851.893364	794.286043	2.000000	19.408422
10.000000	35.000000	32.000000	864.000000	794.000000	56.000000	851.893364	794.286043	2.000000	20.216133
10.000000	36.000000	33.000000	724.000000	758.000000	55.000000	720.222387	754.737752	1.000000	20.793785
10.000000	37.000000	34.000000	250.000000	927.000000	61.000000	250.121069	928.593464	1.000000	22.225922
10.000000	38.000000	35.000000	427.000000	1065.000000	73.000000	441.130201	1058.611478	2.000000	22.857641
10.000000	39.000000	36.000000	710.000000	920.000000	65.000000	713.318724	906.583085	2.000000	23.609866
10.000000	40.000000	37.000000	1156.000000	883.000000	68.000000	1159.529120	891.702492	2.000000	24.648696
10.000000	41.000000	38.000000	1279.000000	907.000000	69.000000	1280.331622	915.039080	2.000000	25.105948
10.000000	42.000000	39.000000	1270.000000	1065.000000	79.000000	1258.038255	1055.909527	2.000000	25.792913
10.000000	43.000000	40.000000	1380.000000	1072.000000	80.000000	1365.228418	1060.304755	1.000000	26.192483
11.000000	1.000000	1.000000	431.000000	191.000000	3.000000	443.923000	182.968784	2.000000	1.169413
11.000000	2.000000	2.000000	205.000000	246.000000	11.000000	193.300858	251.066993	1.000000	1.801609
11.000000	3.000000	3.000000	202.000000	370.000000	21.000000	201.643836	373.027771	2.000000	2.266848
11.000000	4.000000	4.000000	459.000000	294.000000	13.000000	443.751910	287.531467	2.000000	2.713893
11.000000	5.000000	5.000000	595.000000	258.000000	14.000000	584.720604	247.740537	1.000000	3.346065
11.000000	6.000000	6.000000	761.000000	249.000000	15.000000	770.748668	244.716166	2.000000	3.962963
11.000000	7.000000	7.000000	864.000000	181.000000	6.000000	853.935810	184.063108	2.000000	4.514412
11.000000	8.000000	8.000000	1021.000000	134.000000	7.000000	1025.081121	130.003904	1.000000	5.146084
11.000000	9.000000	9.000000	983.000000	248.000000	17.000000	994.337109	258.482093	2.000000	5.547127
11.000000	10.000000	10.000000	1218.000000	298.000000	19.000000	1223.156049	281.285642	1.000000	6.104963
11.000000	11.000000	11.000000	1422.000000	187.000000	10.000000	1410.954779	182.011596	2.000000	7.681296
11.000000	12.000000	12.000000	1400.000000	517.000000	40.000000	1387.891421	533.164835	1.000000	8.393068
11.000000	13.000000	13.000000	1242.000000	455.000000	29.000000	1242.866120	445.026346	2.000000	8.912981
11.000000	14.000000	14.000000	1019.000000	431.000000	27.000000	1015.307141	418.126089	2.000000	9.353800
11.000000	15.000000	0.000000	1008.000000	548.000000	37.000000	984.226041	566.514337	2.000000	9.690963
11.000000	16.000000	15.000000	980.000000	565.000000	37.000000	984.226041	566.514337	2.000000	9.994642
11.000000	17.000000	16.000000	889.000000	528.000000	36.000000	888.834410	526.289364	1.000000	10.553549
11.000000	18.000000	17.000000	714.000000	537.000000	35.000000	715.884454	537.987464	2.000000	11.090838
11.000000	19.000000	18.000000	601.000000	368.000000	24.000000	608.520275	376.806894	1.000000	11.553536
11.000000	20.000000	19.000000	480.000000	421.000000	23.000000	474.199011	405.714284	1.000000	12.065662
11.000000	21.000000	20.000000	466.000000	549.000000	33.000000	462.197211	553.467322	2.000000	12.499110
11.000000	22.000000	21.000000	242.000000	557.000000	31.000000	223.462979	561.122899	2.000000	13.601877
11.000000	23.000000	0.000000	523.000000	681.000000	43.000000	505.354357	699.135245	2.000000	14.233570
11.000000	24.000000	22.000000	506.000000	694.000000	43.000000	505.354357	699.135245	2.000000	14.728876
11.000000	25.000000	23.000000	590.000000	641.000000	44.000000	606.757781	647.545914	1.000000	15.315029
11.000000	26.000000	24.000000	741.000000	660.000000	45.000000	750.223417	661.470913	1.000000	15.850380
11.000000	27.000000	25.000000	1413.000000	861.000000	70.000000	1417.866788	868.752290	2.000000	16.585110
11.000000	28.000000	26.000000	1412.000000	842.000000	60.000000	1410.255197	824.732507	1.000000	16.899088
11.000000	29.000000	27.000000	1263.000000	807.000000	59.000000	1263.979472	798.135746	1.000000	17.474050
11.000000	30.000000	28.000000	1106.000000	808.000000	58.000000	1091.159008	808.702361	1.000000	17.881258
11.000000	31.000000	29.000000	719.000000	1014.000000	75.000000	716.252794	1018.088245	2.000000	18.795109
11.000000	32.000000	30.000000	999.000000	1013.000000	77.000000	983.831629	1008.277488	1.000000	19.378314
11.000000	33.000000	31.000000	749.000000	900.000000	65.000000	757.446945	891.679556	1.000000	19.961375
11.000000	34.000000	32.000000	628.000000	1033.000000	74.000000	610.719540	1037.412078	1.000000	20.505095
11.000000	35.000000	33.000000	447.000000	1028.000000	73.000000	447.114404	1024.119969	1.000000	20.987235
11.000000	36.000000	34.000000	577.000000	917.000000	64.000000	584.545906	917.616568	2.000000	21.627040
11.000000	37.000000	35.000000	483.000000	895.000000	63.000000	484.052605	883.767266	1.000000	22.098274
11.000000	38.000000	36.000000	645.000000	806.000000	54.000000	629.231840	809.033292	2.000000	22.618926
11.000000	39.000000	37.000000	376.000000	957.000000	62.000000	361.944696	956.398905	2.000000	23.217575
11.000000	40.000000	38.000000	338.000000	1028.000000	72.000000	329.698022	1036.917991	2.000000	23.795141
11.000000	41.000000	39.000000	339.000000	812.000000	52.000000	335.299310	803.863764	1.000000	24.369283
11.000000	42.000000	40.000000	244.000000	812.000000	51.000000	246.832341	803.325170	1.000000	24.633780
12.000000	1.000000	1.000000	209.000000	259.000000	11.000000	198.697637	271.904217	2.000000	0.876527
12.000000	2.000000	2.000000	194.000000	368.000000	21.000000	179.658949	368.854814	1.000000	1.348279
12.000000	3.000000	3.000000	350.000000	383.000000	22.000000	334.111419	394.811134	2.000000	2.164627
12.000000	4.000000	4.000000	199.000000	508.000000	31.000000	189.784601	516.742642	2.000000	2.843668
12.000000	5.000000	5.000000	300.000000	511.000000	32.000000	317.314216	520.923772	1.000000	3.132630
12.000000	6.000000	6.000000	598.000000	130.000000	4.000000	597.504757	138.154796	2.000000	4.019045
12.000000	7.000000	7.000000	716.000000	116.000000	5.000000	718.193492	128.006142	1.000000	4.452998
12.000000	8.000000	8.000000	592.000000	319.000000	14.000000	589.710364	306.551281	1.000000	4.891028
12.000000	9.000000	9.000000	699.000000	280.000000	15.000000	710.109655	273.596848	1.000000	5.172871
12.000000	10.000000	10.000000	900.000000	398.000000	26.000000	880.755917	388.644464	2.000000	5.588757
12.000000	11.000000	11.000000	1119.000000	396.000000	28.000000	1110.864493	377.116278	2.000000	6.100122
12.000000	12.000000	12.000000	1113.000000	219.000000	8.000000	1110.410306	196.186977	1.000000	6.620664
12.000000	13.000000	13.000000	1413.000000	266.000000	20.000000	1400.881701	264.304429	2.000000	7.411463
12.000000	14.000000	14.000000	1275.000000	400.000000	29.000000	1287.004191	402.752157	2.000000	7.851518
12.000000	15.000000	15.000000	1366.000000	538.000000	40.000000	1365.540716	545.196571	1.000000	8.445100
12.000000	16.000000	16.000000	1265.000000	644.000000	49.000000	1254.242264	641.935126	2.000000	9.093151
12.000000	17.000000	17.000000	1142.000000	634.000000	48.000000	1149.625225	626.342103	2.000000	9.356702
12.000000	18.000000	18.000000	1141.000000	581.000000	38.000000	1144.454509	572.171156	1.000000	9.635612
12.000000	19.000000	19.000000	1013.000000	624.000000	47.000000	1017.104603	626.400462	1.000000	10.164050
12.000000	20.000000	20.000000	941.000000	446.000000	27.000000	962.233860	452.660079	1.000000	10.716228
12.000000	21.000000	21.000000	741.000000	416.000000	25.000000	719.063226	409.270415	2.000000	11.355096
12.000000	22.000000	22.000000	772.000000	551.000000	35.000000	749.648144	542.295258	1.000000	11.948776
12.000000	23.000000	23.000000	604.000000	518.000000	34.000000	603.757179	497.279902	1.000000	12.555368
12.000000	24.000000	24.000000	493.000000	566.000000	33.000000	477.567788	561.058385	1.000000	13.068730
12.000000	25.000000	25.000000	452.000000	669.000000	43.000000	464.033373	661.562528	1.000000	13.483789
12.000000	26.000000	26.000000	333.000000	692.000000	42.000000	351.893624	683.443484	2.000000	13.860833
12.000000	27.000000	27.000000	351.000000	774.000000	52.000000	360.978580	755.709992	1.000000	14.419688
12.000000	28.000000	28.000000	227.000000	909.000000	61.000000	222.814417	908.478354	1.000000	15.771134
12.000000	29.000000	0.000000	167.000000	1029.000000	71.000000	188.431428	1000.415680	2.000000	16.172326
12.000000	30.000000	29.000000	183.000000	1008.000000	71.000000	188.431428	1000.415680	2.000000	16.956481
12.000000	31.000000	30.000000	311.000000	1027.000000	72.000000	316.625127	1023.241828	2.000000	17.514972
12.000000	32.000000	0.000000	368.000000	943.000000	62.000000	373.078050	908.813339	2.000000	17.979280
12.000000	33.000000	31.000000	375.000000	923.000000	62.000000	373.078050	908.813339	2.000000	18.893151
12.000000	34.000000	32.000000	603.000000	836.000000	54.000000	606.386135	831.241491	1.000000	19.547891
12.000000	35.000000	33.000000	738.000000	914.000000	65.000000	740.753286	903.006780	2.000000	20.085129
12.000000	36.000000	34.000000	849.000000	1009.000000	76.000000	839.028394	1001.455281	1.000000	20.483552
12.000000	37.000000	35.000000	1113.000000	778.000000	58.000000	1102.975197	772.457292	1.000000	21.132760
12.000000	38.000000	36.000000	1287.000000	768.000000	59.000000	1279.058083	761.001960	1.000000	21.691722
12.000000	39.000000	37.000000	1248.000000	924.000000	69.000000	1243.227292	933.136646	2.000000	22.196400
12.000000	40.000000	38.000000	1249.000000	1065.000000	79.000000	1246.056424	1050.146259	2.000000	22.939576
12.000000	41.000000	39.000000	1100.000000	1063.000000	78.000000	1100.764229	1051.546969	2.000000	23.516547
12.000000	42.000000	40.000000	1404.000000	1087.000000	80.000000	1403.581472	1079.522252	2.000000	24.244414
13.000000	1.000000	1.000000	387.000000	182.000000	2.000000	380.590706	190.170486	1.000000	0.850080
13.000000	2.000000	2.000000	194.000000	325.000000	11.000000	200.555569	316.535430	2.000000	1.947119
13.000000	3.000000	3.000000	312.000000	305.000000	12.000000	326.833076	299.312125	2.000000	2.370222
13.000000	4.000000	4.000000	367.000000	426.000000	22.000000	374.651622	436.606922	1.000000	3.297970
13.000000	5.000000	5.000000	454.000000	421.000000	23.000000	445.558232	421.367453	1.000000	3.667046
13.000000	6.000000	6.000000	608.000000	338.000000	14.000000	591.851657	327.258631	2.000000	4.081045
13.000000	7.000000	7.000000	725.000000	174.000000	5.000000	744.764745	179.630774	2.000000	4.657074
13.000000	8.000000	8.000000	765.000000	251.000000	15.000000	764.255735	256.281808	2.000000	5.089272
13.000000	9.000000	9.000000	981.000000	148.000000	7.000000	985.490014	135.119941	1.000000	5.745144
13.000000	10.000000	10.000000	1294.000000	144.000000	9.000000	1281.347524	138.145925	1.000000	6.361104
13.000000	11.000000	11.000000	1399.000000	271.000000	20.000000	1405.373756	271.356572	2.000000	7.602830
13.000000	12.000000	12.000000	1388.000000	373.000000	30.000000	1393.159026	371.354535	1.000000	8.106756
13.000000	13.000000	13.000000	1358.000000	556.000000	40.000000	1349.553135	563.405772	1.000000	8.786066
13.000000	14.000000	14.000000	1265.000000	514.000000	39.000000	1260.880479	515.604029	1.000000	9.417319
13.000000	15.000000	15.000000	1113.000000	499.000000	38.000000	1101.200688	507.067823	2.000000	9.914593
13.000000	16.000000	16.000000	1080.000000	450.000000	28.000000	1093.155297	455.503629	2.000000	10.201124
13.000000	17.000000	17.000000	1012.000000	493.000000	37.000000	1011.144670	493.290302	2.000000	10.681253
13.000000	18.000000	18.000000	1257.000000	661.000000	49.000000	1262.535852	654.357795	2.000000	11.200890
13.000000	19.000000	19.000000	1396.000000	1010.000000	80.000000	1402.650856	1011.139540	1.000000	12.441714
13.000000	20.000000	0.000000	1061.000000	1073.000000	78.000000	1088.472011	1059.922864	1.000000	13.017470
13.000000	21.000000	20.000000	1070.000000	1069.000000	78.000000	1088.472011	1059.922864	1.000000	13.299090
13.000000	22.000000	21.000000	1217.000000	911.000000	69.000000	1221.903753	901.446837	1.000000	14.074919
13.000000	23.000000	22.000000	1109.000000	823.000000	58.000000	1106.974028	829.274243	2.000000	15.121053
13.000000	24.000000	23.000000	863.000000	990.000000	76.000000	850.497366	1007.238293	2.000000	16.153462
13.000000	25.000000	24.000000	880.000000	947.000000	66.000000	879.567432	932.444353	2.000000	16.488926
13.000000	26.000000	0.000000	843.000000	772.000000	56.000000	832.631613	746.617586	2.000000	17.113673
13.000000	27.000000	25.000000	843.000000	757.000000	56.000000	832.631613	746.617586	2.000000	18.097875
13.000000	28.000000	26.000000	710.000000	763.000000	55.000000	708.522935	762.690550	1.000000	18.521719
13.000000	29.000000	27.000000	705.000000	714.000000	45.000000	697.596677	702.298869	1.000000	19.001985
13.000000	30.000000	28.000000	834.000000	577.000000	36.000000	833.662188	568.952542	1.000000	19.618294
13.000000	31.000000	29.000000	743.000000	567.000000	35.000000	741.981449	564.869074	2.000000	20.009190
13.000000	32.000000	30.000000	714.000000	418.000000	25.000000	701.010647	407.882139	1.000000	20.610755
13.000000	33.000000	31.000000	628.000000	570.000000	34.000000	620.418164	568.215431	2.000000	21.225249
13.000000	34.000000	32.000000	459.000000	666.000000	43.000000	470.056787	660.165447	1.000000	21.681924
13.000000	35.000000	33.000000	303.000000	630.000000	42.000000	320.351941	628.380561	1.000000	22.187298
13.000000	36.000000	34.000000	245.000000	563.000000	31.000000	239.291389	562.686347	1.000000	22.633285
13.000000	37.000000	35.000000	350.000000	519.000000	32.000000	344.080074	505.067360	2.000000	23.162235
13.000000	38.000000	36.000000	358.000000	793.000000	52.000000	375.385725	793.648157	1.000000	23.730885
13.000000	39.000000	37.000000	592.000000	790.000000	54.000000	605.932944	793.947438	2.000000	24.481882
13.000000	40.000000	38.000000	528.000000	1073.000000	73.000000	511.453031	1072.499277	1.000000	25.048950
13.000000	41.000000	39.000000	232.000000	1079.000000	71.000000	245.406172	1070.046437	2.000000	25.841116
13.000000	42.000000	40.000000	238.000000	827.000000	51.000000	230.805061	823.819516	2.000000	26.714184
14.000000	1.000000	1.000000	336.000000	197.000000	2.000000	344.292394	205.966589	1.000000	0.810682
14.000000	2.000000	2.000000	375.000000	279.000000	12.000000	366.368043	288.384666	1.000000	1.105940
14.000000	3.000000	3.000000	241.000000	411.000000	21.000000	240.634644	409.574537	1.000000	2.137379
14.000000	4.000000	4.000000	315.000000	409.000000	22.000000	322.022123	418.833364	1.000000	2.522777
14.000000	5.000000	5.000000	171.000000	526.000000	31.000000	178.466478	515.667941	2.000000	2.921022
14.000000	6.000000	6.000000	462.000000	434.000000	23.000000	473.466713	413.661252	2.000000	3.546557
14.000000	7.000000	7.000000	683.000000	264.000000	15.000000	699.028146	269.856877	1.000000	4.208905
14.000000	8.000000	8.000000	755.000000	426.000000	25.000000	753.744161	446.298130	2.000000	5.033586
14.000000	9.000000	0.000000	652.000000	464.000000	34.000000	642.156023	493.564019	1.000000	5.410698
14.000000	10.000000	9.000000	654.000000	485.000000	34.000000	642.156023	493.564019	1.000000	6.114760
14.000000	11.000000	10.000000	876.000000	398.000000	26.000000	865.733923	408.917758	2.000000	6.745465
14.000000	12.000000	11.000000	888.000000	166.000000	6.000000	885.700293	186.326908	2.000000	7.650755
14.000000	13.000000	12.000000	1001.000000	118.000000	7.000000	990.586392	138.395217	1.000000	8.064549
14.000000	14.000000	13.000000	1084.000000	117.000000	8.000000	1097.582455	130.347070	2.000000	8.489419
14.000000	15.000000	14.000000	1272.000000	155.000000	9.000000	1271.104075	176.194446	2.000000	9.073471
14.000000	16.000000	15.000000	1245.000000	294.000000	19.000000	1243.799435	299.160249	2.000000	9.698287
14.000000	17.000000	16.000000	1368.000000	278.000000	20.000000	1379.675362	289.581344	2.000000	10.242485
14.000000	18.000000	17.000000	1134.000000	503.000000	38.000000	1129.349511	497.551941	2.000000	10.953176
14.000000	19.000000	18.000000	1124.000000	449.000000	28.000000	1123.853127	448.063474	2.000000	11.274007
14.000000	20.000000	19.000000	985.000000	407.000000	27.000000	980.720027	401.809282	2.000000	11.721078
14.000000	21.000000	20.000000	1276.000000	529.000000	39.000000	1283.932142	525.358077	1.000000	12.401475
14.000000	22.000000	21.000000	1424.000000	576.000000	40.000000	1419.400982	578.132080	1.000000	12.810068
14.000000	23.000000	22.000000	1235.000000	648.000000	49.000000	1236.097426	646.719206	2.000000	13.266708
14.000000	24.000000	23.000000	1153.000000	677.000000	48.000000	1139.753686	694.035831	1.000000	13.626670
14.000000	25.000000	24.000000	975.000000	522.000000	37.000000	984.579352	534.355695	2.000000	14.138762
14.000000	26.000000	25.000000	905.000000	544.000000	36.000000	894.474662	544.034039	1.000000	14.513272
14.000000	27.000000	26.000000	871.000000	661.000000	46.000000	875.740256	679.738986	1.000000	14.906425
14.000000	28.000000	0.000000	1002.000000	679.000000	47.000000	976.616040	694.880305	2.000000	15.258614
14.000000	29.000000	27.000000	737.000000	637.000000	45.000000	738.914805	633.447100	2.000000	16.033724
14.000000	30.000000	28.000000	986.000000	686.000000	47.000000	976.616040	694.880305	2.000000	16.538041
14.000000	31.000000	29.000000	1269.000000	809.000000	59.000000	1281.255405	821.830908	2.000000	17.354109
14.000000	32.000000	30.000000	1162.000000	1032.000000	78.000000	1153.347245	1038.985111	2.000000	18.202692
14.000000	33.000000	31.000000	1107.000000	920.000000	68.000000	1095.054450	915.264094	1.000000	18.594242
14.000000	34.000000	32.000000	963.000000	917.000000	67.000000	970.141768	921.649064	1.000000	18.906615
14.000000	35.000000	33.000000	887.000000	905.000000	66.000000	886.523969	915.525948	2.000000	19.266343
14.000000	36.000000	34.000000	852.000000	999.000000	76.000000	841.883309	1011.238455	2.000000	19.825461
14.000000	37.000000	35.000000	745.000000	893.000000	65.000000	733.092108	884.992608	1.000000	20.410630
14.000000	38.000000	36.000000	654.000000	918.000000	64.000000	634.971226	928.059877	1.000000	20.697155
14.000000	39.000000	0.000000	493.000000	1048.000000	73.000000	471.566636	1066.501963	1.000000	21.298532
14.000000	40.000000	37.000000	467.000000	1071.000000	73.000000	471.566636	1066.501963	1.000000	22.089639
14.000000	41.000000	38.000000	507.000000	901.000000	63.000000	509.438095	921.983690	1.000000	22.561939
14.000000	42.000000	39.000000	602.000000	747.000000	54.000000	591.380721	754.765443	1.000000	23.241753
14.000000	43.000000	40.000000	228.000000	950.000000	61.000000	231.397830	955.341079	1.000000	24.050319
15.000000	1.000000	0.000000	356.000000	131.000000	2.000000	348.778019	156.708288	1.000000	0.678601
15.000000	2.000000	1.000000	345.000000	151.000000	2.000000	348.778019	156.708288	1.000000	1.136632
15.000000	3.000000	2.000000	352.000000	256.000000	12.000000	355.755237	248.165783	1.000000	1.463418
15.000000	4.000000	3.000000	609.000000	181.000000	4.000000	602.950283	177.139677	1.000000	2.078819
15.000000	5.000000	4.000000	600.000000	306.000000	14.000000	594.655213	318.438986	1.000000	2.663231
15.000000	6.000000	0.000000	739.000000	305.000000	15.000000	769.252910	308.937581	1.000000	3.032036
15.000000	7.000000	5.000000	764.000000	310.000000	15.000000	769.252910	308.937581	1.000000	4.287377
15.000000	8.000000	6.000000	324.000000	369.000000	22.000000	313.475373	369.481167	2.000000	5.103008
15.000000	9.000000	7.000000	448.000000	392.000000	23.000000	450.248044	412.988697	1.000000	5.432227
15.000000	10.000000	8.000000	216.000000	512.000000	31.000000	203.963935	496.843953	2.000000	6.112645
15.000000	11.000000	9.000000	378.000000	536.000000	32.000000	369.522008	549.041158	1.000000	6.560569
15.000000	12.000000	10.000000	249.000000	753.000000	51.000000	240.676711	758.314038	1.000000	7.319256
15.000000	13.000000	11.000000	365.000000	792.000000	52.000000	344.188127	799.905519	1.000000	7.671097
15.000000	14.000000	0.000000	373.000000	706.000000	42.000000	370.905915	678.537411	2.000000	8.639537
15.000000	15.000000	12.000000	452.000000	625.000000	43.000000	437.837862	618.415620	2.000000	9.344474
15.000000	16.000000	13.000000	508.000000	517.000000	33.000000	505.245822	513.373267	2.000000	9.872124
15.000000	17.000000	14.000000	386.000000	679.000000	42.000000	370.905915	678.537411	2.000000	10.408174
15.000000	18.000000	15.000000	210.000000	869.000000	61.000000	203.238607	867.650627	2.000000	11.032726
15.000000	19.000000	16.000000	482.000000	805.000000	53.000000	478.246228	794.454836	2.000000	11.695365
15.000000	20.000000	17.000000	508.000000	1001.000000	73.000000	504.906395	999.767609	2.000000	12.191316
15.000000	21.000000	18.000000	608.000000	926.000000	64.000000	611.521052	912.165317	2.000000	12.606664
15.000000	22.000000	19.000000	641.000000	1087.000000	74.000000	641.178667	1075.822370	2.000000	13.014738
15.000000	23.000000	20.000000	703.000000	778.000000	55.000000	715.419409	774.253096	1.000000	13.631573
15.000000	24.000000	21.000000	778.000000	662.000000	45.000000	769.549186	655.958944	1.000000	14.040100
15.000000	25.000000	22.000000	845.000000	690.000000	46.000000	853.616142	693.390932	1.000000	14.342731
15.000000	26.000000	23.000000	1030.000000	1080.000000	77.000000	1012.542187	1079.254264	1.000000	15.015206
15.000000	27.000000	24.000000	1158.000000	1074.000000	78.000000	1147.595927	1069.047344	2.000000	15.590945
15.000000	28.000000	25.000000	1246.000000	996.000000	79.000000	1225.492161	994.314358	1.000000	16.104679
15.000000	29.000000	26.000000	1390.000000	1004.000000	80.000000	1400.280435	995.697746	1.000000	16.639350
15.000000	30.000000	27.000000	1366.000000	910.000000	70.000000	1349.228500	914.606347	2.000000	17.040110
15.000000	31.000000	28.000000	1243.000000	927.000000	69.000000	1238.839207	921.277418	2.000000	17.400642
15.000000	32.000000	29.000000	1086.000000	914.000000	68.000000	1090.030503	905.674190	2.000000	17.896354
15.000000	33.000000	30.000000	1033.000000	889.000000	67.000000	1018.935879	884.251293	1.000000	18.175667
15.000000	34.000000	31.000000	1019.000000	744.000000	57.000000	1016.326699	743.066702	1.000000	18.592494
15.000000	35.000000	32.000000	1243.000000	668.000000	49.000000	1240.672279	662.804101	1.000000	19.174796
15.000000	36.000000	33.000000	1403.000000	674.000000	50.000000	1408.569776	679.814608	2.000000	19.727132
15.000000	37.000000	34.000000	1365.000000	559.000000	40.000000	1361.806114	565.191168	2.000000	20.294736
15.000000	38.000000	35.000000	1100.000000	553.000000	38.000000	1092.281983	557.903075	2.000000	20.799427
15.000000	39.000000	36.000000	1021.000000	509.000000	37.000000	1027.364924	502.043970	2.000000	21.136668
15.000000	40.000000	37.000000	1019.000000	473.000000	27.000000	1012.537048	453.202397	1.000000	21.520201
15.000000	41.000000	38.000000	1256.000000	449.000000	29.000000	1260.480512	435.181850	2.000000	22.127214
15.000000	42.000000	39.000000	1389.000000	177.000000	10.000000	1393.462441	170.848076	1.000000	22.776414
15.000000	43.000000	40.000000	1112.000000	131.000000	8.000000	1110.136954	123.671519	2.000000	23.320682
16.000000	1.000000	1.000000	334.000000	187.000000	2.000000	332.538203	181.459828	2.000000	2.463065
16.000000	2.000000	2.000000	467.000000	114.000000	3.000000	465.643435	124.302082	2.000000	3.255177
16.000000	3.000000	3.000000	237.000000	323.000000	11.000000	249.882897	326.964891	2.000000	3.926352
16.000000	4.000000	4.000000	351.000000	319.000000	12.000000	330.781788	326.300491	2.000000	4.303417
16.000000	5.000000	0.000000	346.000000	361.000000	22.000000	330.924777	391.107860	2.000000	4.608002
16.000000	6.000000	5.000000	335.000000	378.000000	22.000000	330.924777	391.107860	2.000000	5.086669
16.000000	7.000000	6.000000	478.000000	439.000000	23.000000	480.060173	455.427536	1.000000	5.688277
16.000000	8.000000	7.000000	629.000000	265.000000	14.000000	622.999881	269.595612	1.000000	6.455996
16.000000	9.000000	8.000000	642.000000	155.000000	4.000000	639.133818	173.477392	2.000000	7.008428
16.000000	10.000000	9.000000	741.000000	255.000000	15.000000	738.387764	263.539110	1.000000	8.086964
16.000000	11.000000	10.000000	824.000000	190.000000	6.000000	827.830134	191.738569	2.000000	8.864492
16.000000	12.000000	0.000000	852.000000	261.000000	16.000000	871.963522	282.118645	1.000000	9.199245
16.000000	13.000000	11.000000	875.000000	270.000000	16.000000	871.963522	282.118645	1.000000	9.438509
16.000000	14.000000	12.000000	769.000000	359.000000	25.000000	766.670089	368.392826	2.000000	9.822486
16.000000	15.000000	13.000000	1149.000000	127.000000	8.000000	1144.824649	121.679381	1.000000	10.679183
16.000000	16.000000	0.000000	1249.000000	223.000000	9.000000	1224.042813	205.657319	1.000000	10.976040
16.000000	17.000000	14.000000	1215.000000	208.000000	9.000000	1224.042813	205.657319	1.000000	11.262727
16.000000	18.000000	15.000000	1375.000000	177.000000	10.000000	1362.204564	184.308612	2.000000	11.734981
16.000000	19.000000	16.000000	1233.000000	289.000000	19.000000	1237.631861	273.420133	1.000000	12.079354
16.000000	20.000000	17.000000	1136.000000	311.000000	18.000000	1141.261600	323.789622	2.000000	12.376470
16.000000	21.000000	18.000000	1290.000000	375.000000	29.000000	1288.690025	391.414604	1.000000	12.790200
16.000000	22.000000	0.000000	1430.000000	320.000000	20.000000	1404.334055	323.683563	1.000000	13.134876
16.000000	23.000000	19.000000	1406.000000	329.000000	20.000000	1404.334055	323.683563	1.000000	13.486419
16.000000	24.000000	20.000000	1381.000000	421.000000	30.000000	1374.075581	443.201161	2.000000	13.894677
16.000000	25.000000	21.000000	1398.000000	541.000000	40.000000	1388.510927	555.097837	2.000000	14.215847
16.000000	26.000000	22.000000	1017.000000	447.000000	27.000000	1023.352087	443.671718	2.000000	14.919283
16.000000	27.000000	0.000000	1173.000000	560.000000	38.000000	1129.142783	564.515040	1.000000	15.318514
16.000000	28.000000	23.000000	1140.000000	558.000000	38.000000	1129.142783	564.515040	1.000000	15.607976
16.000000	29.000000	24.000000	1104.000000	645.000000	48.000000	1102.179892	646.661688	2.000000	15.959049
16.000000	30.000000	25.000000	997.000000	623.000000	47.000000	1005.107588	635.895299	1.000000	16.264346
16.000000	31.000000	26.000000	874.000000	640.000000	46.000000	872.965359	649.504864	1.000000	16.631637
16.000000	32.000000	27.000000	844.000000	544.000000	36.000000	843.052481	538.495397	1.000000	17.166650
16.000000	33.000000	28.000000	731.000000	551.000000	35.000000	729.434697	562.462413	1.000000	17.486452
16.000000	34.000000	29.000000	1000.000000	823.000000	57.000000	988.608022	830.511882	2.000000	18.256452
16.000000	35.000000	30.000000	1134.000000	785.000000	58.000000	1143.189281	779.026129	2.000000	18.663577
16.000000	36.000000	31.000000	888.000000	954.000000	66.000000	896.039591	950.215791	1.000000	19.392391
16.000000	37.000000	32.000000	729.000000	885.000000	65.000000	714.601532	890.049324	1.000000	19.968181
16.000000	38.000000	33.000000	619.000000	1027.000000	74.000000	619.036085	1023.427741	1.000000	20.639034
16.000000	39.000000	34.000000	599.000000	876.000000	64.000000	609.928871	872.893739	1.000000	21.094806
16.000000	40.000000	35.000000	457.000000	904.000000	63.000000	474.497825	907.724576	2.000000	21.462526
16.000000	41.000000	36.000000	335.000000	946.000000	62.000000	318.330100	952.996466	2.000000	22.232455
16.000000	42.000000	37.000000	190.000000	1003.000000	71.000000	202.636625	1018.102566	2.000000	22.655226
16.000000	43.000000	38.000000	199.000000	799.000000	51.000000	204.838012	798.504233	1.000000	23.288495
16.000000	44.000000	39.000000	374.000000	665.000000	42.000000	365.971847	676.935900	1.000000	24.032361
16.000000	45.000000	40.000000	480.000000	767.000000	53.000000	479.036638	781.007533	2.000000	24.639804
17.000000	1.000000	1.000000	222.000000	160.000000	1.000000	217.939941	165.845974	1.000000	0.728804
17.000000	2.000000	2.000000	208.000000	274.000000	11.000000	207.544430	273.993395	1.000000	1.282062
17.000000	3.000000	3.000000	373.000000	131.000000	2.000000	377.796092	119.799840	1.000000	1.825956
17.000000	4.000000	4.000000	377.000000	283.000000	12.000000	375.641973	303.853259	1.000000	2.258471
17.000000	5.000000	5.000000	506.000000	251.000000	13.000000	509.307429	263.093090	1.000000	2.632535
17.000000	6.000000	6.000000	909.000000	191.000000	6.000000	897.125129	178.768387	2.000000	3.618397
17.000000	7.000000	7.000000	1075.000000	258.000000	18.000000	1091.671132	250.844305	2.000000	4.136888
17.000000	8.000000	8.000000	1223.000000	119.000000	9.000000	1223.194751	124.428649	2.000000	4.705974
17.000000	9.000000	9.000000	1379.000000	139.000000	10.000000	1371.156427	141.842019	2.000000	5.121973
17.000000	10.000000	10.000000	1241.000000	404.000000	29.000000	1234.135216	400.484909	1.000000	5.746094
17.000000	11.000000	11.000000	1112.000000	432.000000	28.000000	1090.389358	427.706469	2.000000	6.241025
17.000000	12.000000	12.000000	1262.000000	537.000000	39.000000	1248.855110	528.787885	2.000000	6.633008
17.000000	13.000000	0.000000	1413.000000	524.000000	40.000000	1391.620137	506.096509	1.000000	7.024547
17.000000	14.000000	13.000000	1399.000000	519.000000	40.000000	1391.620137	506.096509	1.000000	7.296671
17.000000	15.000000	14.000000	1122.000000	573.000000	38.000000	1118.774297	579.574963	2.000000	7.721448
17.000000	16.000000	15.000000	1035.000000	584.000000	37.000000	1026.256730	578.922421	1.000000	7.992552
17.000000	17.000000	16.000000	845.000000	507.000000	36.000000	866.493576	495.065787	2.000000	8.696723
17.000000	18.000000	17.000000	469.000000	446.000000	23.000000	474.727526	430.793987	1.000000	9.488821
17.000000	19.000000	18.000000	451.000000	523.000000	33.000000	442.774769	525.401315	1.000000	9.928605
17.000000	20.000000	19.000000	267.000000	599.000000	31.000000	251.108767	581.351342	2.000000	10.490291
17.000000	21.000000	20.000000	480.000000	616.000000	43.000000	495.958275	622.939987	1.000000	11.016811
17.000000	22.000000	21.000000	192.000000	779.000000	51.000000	180.543634	774.619087	2.000000	12.049245
17.000000	23.000000	22.000000	311.000000	720.000000	42.000000	328.786270	706.094362	1.000000	12.449757
17.000000	24.000000	23.000000	473.000000	752.000000	53.000000	462.439681	754.634778	1.000000	13.009032
17.000000	25.000000	24.000000	622.000000	699.000000	44.000000	618.362572	682.982477	1.000000	13.417744
17.000000	26.000000	25.000000	833.000000	766.000000	56.000000	834.675437	771.703213	2.000000	14.280673
17.000000	27.000000	26.000000	953.000000	774.000000	57.000000	958.247846	772.101851	1.000000	14.714477
17.000000	28.000000	27.000000	1041.000000	684.000000	47.000000	1031.317013	702.092901	2.000000	15.073355
17.000000	29.000000	28.000000	1097.000000	652.000000	48.000000	1109.973319	643.876687	1.000000	15.361469
17.000000	30.000000	29.000000	1297.000000	773.000000	59.000000	1289.898773	752.482088	1.000000	16.009967
17.000000	31.000000	30.000000	1402.000000	789.000000	60.000000	1379.978095	778.767772	2.000000	16.369250
17.000000	32.000000	31.000000	1385.000000	1024.000000	80.000000	1373.407587	1021.423113	2.000000	17.016579
17.000000	33.000000	32.000000	1303.000000	1018.000000	79.000000	1280.321501	1014.584754	2.000000	17.329737
17.000000	34.000000	33.000000	988.000000	883.000000	67.000000	989.572488	884.085086	1.000000	17.928759
17.000000	35.000000	34.000000	776.000000	1057.000000	75.000000	761.447682	1062.056655	2.000000	18.617892
17.000000	36.000000	0.000000	618.000000	1065.000000	74.000000	586.954425	1061.099484	2.000000	18.992604
17.000000	37.000000	35.000000	594.000000	1039.000000	74.000000	586.954425	1061.099484	2.000000	19.802454
17.000000	38.000000	36.000000	589.000000	960.000000	64.000000	592.098452	942.681427	2.000000	20.249119
17.000000	39.000000	37.000000	484.000000	898.000000	63.000000	481.688252	897.813566	2.000000	20.730554
17.000000	40.000000	38.000000	318.000000	1044.000000	72.000000	307.854763	1031.490757	1.000000	21.328803
17.000000	41.000000	39.000000	186.000000	1016.000000	71.000000	178.620378	1008.678573	1.000000	21.897313
17.000000	42.000000	40.000000	235.000000	906.000000	61.000000	233.913359	901.400908	2.000000	22.738494
18.000000	1.000000	1.000000	326.000000	150.000000	2.000000	328.196255	129.469923	1.000000	1.393923
18.000000	2.000000	2.000000	258.000000	310.000000	11.000000	249.884574	321.532651	2.000000	1.928791
18.000000	3.000000	3.000000	373.000000	241.000000	12.000000	366.653916	244.547183	2.000000	2.530270
18.000000	4.000000	4.000000	486.000000	156.000000	3.000000	492.271210	152.758143	2.000000	3.008488
18.000000	5.000000	5.000000	736.000000	202.000000	5.000000	720.053741	195.976653	1.000000	3.561728
18.000000	6.000000	6.000000	865.000000	145.000000	6.000000	862.335151	136.196008	2.000000	4.049483
18.000000	7.000000	7.000000	872.000000	253.000000	16.000000	879.083301	251.843473	1.000000	4.368304
18.000000	8.000000	8.000000	1236.000000	185.000000	9.000000	1228.109152	190.311748	2.000000	5.026144
18.000000	9.000000	9.000000	1355.000000	238.000000	20.000000	1351.272978	244.415612	1.000000	5.409360
18.000000	10.000000	10.000000	1272.000000	335.000000	19.000000	1270.327877	322.140711	1.000000	5.728807
18.000000	11.000000	11.000000	1368.000000	368.000000	30.000000	1348.945865	369.606635	1.000000	6.016407
18.000000	12.000000	12.000000	1136.000000	290.000000	18.000000	1149.241120	296.802274	2.000000	6.457999
18.000000	13.000000	13.000000	1029.000000	469.000000	27.000000	1025.634566	454.168504	2.000000	6.857984
18.000000	14.000000	14.000000	1108.000000	577.000000	38.000000	1097.772966	580.766803	1.000000	7.320428
18.000000	15.000000	15.000000	1007.000000	630.000000	47.000000	983.058021	624.829998	2.000000	7.777296
18.000000	16.000000	0.000000	1257.000000	672.000000	49.000000	1282.439490	680.651839	2.000000	8.376326
18.000000	17.000000	16.000000	1279.000000	694.000000	49.000000	1282.439490	680.651839	2.000000	8.816792
18.000000	18.000000	0.000000	1143.000000	762.000000	58.000000	1111.630280	770.590448	1.000000	9.248825
18.000000	19.000000	17.000000	1231.000000	776.000000	59.000000	1218.577613	775.551218	1.000000	9.634394
18.000000	20.000000	0.000000	1083.000000	780.000000	58.000000	1111.630280	770.590448	1.000000	9.969975
18.000000	21.000000	18.000000	1101.000000	777.000000	58.000000	1111.630280	770.590448	1.000000	10.448386
18.000000	22.000000	0.000000	1103.000000	879.000000	68.000000	1106.210497	921.101168	1.000000	10.904397
18.000000	23.000000	19.000000	1414.000000	1028.000000	80.000000	1411.732449	1026.393731	1.000000	11.610319
18.000000	24.000000	20.000000	1143.000000	1035.000000	78.000000	1143.573649	1023.444158	1.000000	12.289031
18.000000	25.000000	21.000000	1109.000000	921.000000	68.000000	1106.210497	921.101168	1.000000	12.632359
18.000000	26.000000	22.000000	864.000000	995.000000	76.000000	851.603612	1005.922225	1.000000	13.120573
18.000000	27.000000	23.000000	742.000000	922.000000	65.000000	744.998856	917.067112	1.000000	13.521117
18.000000	28.000000	24.000000	614.000000	1077.000000	74.000000	627.854527	1068.332390	1.000000	14.137151
18.000000	29.000000	25.000000	443.000000	1053.000000	73.000000	444.061201	1044.251924	1.000000	14.761034
18.000000	30.000000	26.000000	377.000000	1054.000000	72.000000	376.080936	1053.333310	2.000000	15.073415
18.000000	31.000000	27.000000	224.000000	918.000000	61.000000	225.948030	905.950881	1.000000	16.002101
18.000000	32.000000	28.000000	354.000000	836.000000	52.000000	360.830153	814.250372	2.000000	16.473344
18.000000	33.000000	0.000000	177.000000	762.000000	51.000000	204.548588	766.846747	2.000000	16.953794
18.000000	34.000000	29.000000	202.000000	772.000000	51.000000	204.548588	766.846747	2.000000	17.434156
18.000000	35.000000	30.000000	190.000000	672.000000	41.000000	194.891833	665.750390	2.000000	17.809677
18.000000	36.000000	31.000000	207.000000	557.000000	31.000000	206.265701	565.265801	2.000000	18.169927
18.000000	37.000000	32.000000	379.000000	660.000000	42.000000	380.246185	651.203079	2.000000	18.664241
18.000000	38.000000	33.000000	474.000000	602.000000	33.000000	485.236789	581.521662	1.000000	19.105881
18.000000	39.000000	34.000000	589.000000	374.000000	24.000000	573.176755	385.521238	1.000000	19.914411
18.000000	40.000000	35.000000	708.000000	529.000000	35.000000	704.611973	534.001548	2.000000	20.473493
18.000000	41.000000	36.000000	833.000000	571.000000	36.000000	842.326194	570.058231	2.000000	20.984944
18.000000	42.000000	0.000000	913.000000	689.000000	46.000000	893.315138	666.615700	1.000000	21.290038
18.000000	43.000000	37.000000	993.000000	778.000000	57.000000	984.540787	781.986500	2.000000	21.849377
18.000000	44.000000	38.000000	905.000000	672.000000	46.000000	893.315138	666.615700	1.000000	22.216662
18.000000	45.000000	39.000000	728.000000	709.000000	45.000000	714.831796	704.373817	2.000000	22.657340
18.000000	46.000000	40.000000	639.000000	836.000000	54.000000	642.109853	825.557493	2.000000	23.089346
19.000000	1.000000	1.000000	234.000000	235.000000	11.000000	228.051382	249.559136	1.000000	0.927859
19.000000	2.000000	2.000000	321.000000	310.000000	12.000000	322.132644	301.924378	1.000000	1.432090
19.000000	3.000000	3.000000	581.000000	162.000000	4.000000	576.091543	154.515327	1.000000	2.056827
19.000000	4.000000	4.000000	829.000000	159.000000	6.000000	841.879201	153.348603	1.000000	2.535640
19.000000	5.000000	5.000000	973.000000	167.000000	7.000000	981.119831	163.813463	2.000000	3.007970
19.000000	6.000000	6.000000	1280.000000	244.000000	19.000000	1277.909150	253.077921	2.000000	3.609502
19.000000	7.000000	7.000000	899.000000	304.000000	16.000000	885.918877	305.894892	1.000000	4.320212
19.000000	8.000000	8.000000	1233.000000	441.000000	29.000000	1234.019474	436.063374	2.000000	4.968277
19.000000	9.000000	0.000000	983.000000	438.000000	27.000000	958.267572	427.423812	2.000000	5.464218
19.000000	10.000000	9.000000	949.000000	432.000000	27.000000	958.267572	427.423812	2.000000	6.600720
19.000000	11.000000	10.000000	832.000000	434.000000	26.000000	851.543371	429.340370	1.000000	6.928211
19.000000	12.000000	11.000000	646.000000	458.000000	24.000000	638.551293	453.117140	2.000000	7.727863
19.000000	13.000000	12.000000	208.000000	444.000000	21.000000	196.386613	449.533129	2.000000	8.399616
19.000000	14.000000	13.000000	218.000000	636.000000	41.000000	227.337359	635.709527	1.000000	9.505337
19.000000	15.000000	14.000000	374.000000	570.000000	32.000000	381.873368	568.101611	1.000000	10.032646
19.000000	16.000000	15.000000	476.000000	541.000000	33.000000	480.343791	546.087291	2.000000	10.328529
19.000000	17.000000	16.000000	507.000000	620.000000	43.000000	504.700818	621.014388	2.000000	10.577370
19.000000	18.000000	17.000000	578.000000	583.000000	34.000000	583.763931	581.959585	1.000000	10.873471
19.000000	19.000000	18.000000	774.000000	561.000000	35.000000	769.318453	563.648423	2.000000	11.367687
19.000000	20.000000	19.000000	1122.000000	511.000000	38.000000	1124.053923	527.754133	2.000000	12.007394
19.000000	21.000000	20.000000	1132.000000	633.000000	48.000000	1125.309462	634.287991	2.000000	12.408985
19.000000	22.000000	21.000000	1378.000000	552.000000	40.000000	1384.224426	546.308586	1.000000	12.928172
19.000000	23.000000	0.000000	1404.000000	796.000000	60.000000	1391.137193	774.453212	1.000000	13.559521
19.000000	24.000000	22.000000	1382.000000	782.000000	60.000000	1391.137193	774.453212	1.000000	14.423578
19.000000	25.000000	23.000000	861.000000	800.000000	56.000000	844.089978	797.927018	1.000000	15.193110
19.000000	26.000000	24.000000	765.000000	802.000000	55.000000	768.448245	814.358170	2.000000	15.489118
19.000000	27.000000	0.000000	767.000000	828.000000	65.000000	731.518437	954.411221	2.000000	15.825366
19.000000	28.000000	25.000000	647.000000	887.000000	64.000000	636.019475	898.681295	1.000000	16.327959
19.000000	29.000000	26.000000	302.000000	757.000000	52.000000	322.635180	744.820668	1.000000	16.937112
19.000000	30.000000	27.000000	236.000000	817.000000	51.000000	226.882241	826.429789	2.000000	17.528893
19.000000	31.000000	28.000000	198.000000	1046.000000	71.000000	200.461598	1052.908601	2.000000	18.559508
19.000000	32.000000	29.000000	310.000000	948.000000	62.000000	310.781348	942.684181	2.000000	19.479574
19.000000	33.000000	30.000000	468.000000	950.000000	63.000000	463.631493	935.831977	1.000000	20.031678
19.000000	34.000000	31.000000	563.000000	1017.000000	74.000000	574.581053	1013.854200	1.000000	20.560303
19.000000	35.000000	32.000000	724.000000	971.000000	65.000000	731.518437	954.411221	2.000000	21.056304
19.000000	36.000000	33.000000	882.000000	915.000000	66.000000	877.085081	911.054202	1.000000	21.495635
19.000000	37.000000	34.000000	863.000000	1005.000000	76.000000	850.350255	999.697495	2.000000	21.879948
19.000000	38.000000	35.000000	962.000000	941.000000	67.000000	962.951838	923.023246	2.000000	22.296998
19.000000	39.000000	36.000000	1021.000000	1056.000000	77.000000	1002.999922	1044.350694	2.000000	22.872423
19.000000	40.000000	37.000000	1110.000000	973.000000	68.000000	1120.285907	956.721163	1.000000	23.345358
19.000000	41.000000	38.000000	1247.000000	947.000000	69.000000	1256.010165	943.367189	2.000000	24.239939
19.000000	42.000000	39.000000	1285.000000	1008.000000	79.000000	1272.191333	1029.111752	1.000000	24.743297
19.000000	43.000000	40.000000	1413.000000	996.000000	80.000000	1417.796846	994.338281	1.000000	25.159673
20.000000	1.000000	1.000000	229.000000	191.000000	1.000000	221.352887	197.234961	1.000000	0.568459
20.000000	2.000000	2.000000	247.000000	273.000000	11.000000	247.269647	294.578014	1.000000	0.928978
20.000000	3.000000	3.000000	290.000000	273.000000	12.000000	308.189905	275.003580	2.000000	1.225481
20.000000	4.000000	4.000000	451.000000	106.000000	3.000000	456.826813	125.935486	1.000000	1.673500
20.000000	5.000000	0.000000	567.000000	242.000000	14.000000	596.489231	247.732515	2.000000	2.498233
20.000000	6.000000	5.000000	602.000000	245.000000	14.000000	596.489231	247.732515	2.000000	2.848697
20.000000	7.000000	6.000000	736.000000	126.000000	5.000000	749.166926	137.487558	2.000000	3.225941
20.000000	8.000000	7.000000	1371.000000	199.000000	10.000000	1364.230124	202.618216	1.000000	4.000700
20.000000	9.000000	8.000000	1246.000000	278.000000	19.000000	1246.084578	284.446152	2.000000	4.320303
20.000000	10.000000	9.000000	1089.000000	299.000000	18.000000	1107.485466	306.798469	2.000000	4.704378
20.000000	11.000000	10.000000	1226.000000	409.000000	29.000000	1229.848562	422.135861	1.000000	5.312155
20.000000	12.000000	11.000000	1253.000000	528.000000	39.000000	1251.707439	539.009813	1.000000	5.664108
20.000000	13.000000	12.000000	1401.000000	786.000000	60.000000	1400.761943	772.091225	2.000000	6.480791
20.000000	14.000000	13.000000	1229.000000	654.000000	49.000000	1225.379583	633.529766	2.000000	6.968934
20.000000	15.000000	14.000000	1014.000000	643.000000	47.000000	1012.670914	637.020050	1.000000	7.424640
20.000000	16.000000	15.000000	991.000000	534.000000	37.000000	992.998607	536.898972	2.000000	8.337630
20.000000	17.000000	16.000000	840.000000	562.000000	36.000000	854.423343	575.475572	1.000000	8.856261
20.000000	18.000000	17.000000	785.000000	422.000000	25.000000	771.006764	409.465304	2.000000	9.368161
20.000000	19.000000	18.000000	604.000000	379.000000	24.000000	612.065027	374.480183	1.000000	9.897065
20.000000	20.000000	19.000000	333.000000	561.000000	32.000000	325.208124	568.875618	2.000000	11.088853
20.000000	21.000000	20.000000	631.000000	558.000000	34.000000	625.301614	552.690494	1.000000	11.642094
20.000000	22.000000	21.000000	621.000000	620.000000	44.000000	632.997577	632.094487	1.000000	11.922093
20.000000	23.000000	22.000000	372.000000	776.000000	52.000000	373.547497	782.664733	2.000000	12.808119
20.000000	24.000000	23.000000	573.000000	774.000000	54.000000	585.716125	762.114907	1.000000	13.336059
20.000000	25.000000	24.000000	845.000000	706.000000	46.000000	847.893019	700.599194	2.000000	14.049614
20.000000	26.000000	25.000000	878.000000	773.000000	56.000000	870.818584	754.066601	2.000000	14.273407
20.000000	27.000000	26.000000	250.000000	877.000000	61.000000	242.532675	872.923708	1.000000	15.273991
20.000000	28.000000	27.000000	456.000000	930.000000	63.000000	451.320387	927.233055	2.000000	15.761895
20.000000	29.000000	28.000000	218.000000	1092.000000	71.000000	215.771082	1078.389026	2.000000	16.337223
20.000000	30.000000	29.000000	630.000000	874.000000	64.000000	630.404308	880.080266	2.000000	17.312974
20.000000	31.000000	30.000000	754.000000	879.000000	65.000000	742.339212	879.325912	2.000000	17.648783
20.000000	32.000000	31.000000	745.000000	1018.000000	75.000000	732.307271	1024.276357	1.000000	18.113391
20.000000	33.000000	32.000000	980.000000	832.000000	57.000000	984.502932	828.435444	1.000000	18.802114
20.000000	34.000000	33.000000	1000.000000	932.000000	67.000000	1004.479801	948.905339	1.000000	19.154040
20.000000	35.000000	0.000000	982.000000	1020.000000	77.000000	962.452696	1044.508068	1.000000	19.641983
20.000000	36.000000	34.000000	971.000000	1036.000000	77.000000	962.452696	1044.508068	1.000000	20.592301
20.000000	37.000000	35.000000	1148.000000	1055.000000	78.000000	1152.954435	1057.932279	2.000000	21.192747
20.000000	38.000000	36.000000	1122.000000	883.000000	68.000000	1129.351488	867.896667	1.000000	21.744805
20.000000	39.000000	37.000000	1244.000000	833.000000	59.000000	1230.167908	827.854326	1.000000	22.128667
20.000000	40.000000	38.000000	1256.000000	884.000000	69.000000	1238.846709	878.390050	2.000000	22.410079
20.000000	41.000000	39.000000	1250.000000	992.000000	79.000000	1255.326872	1004.197749	1.000000	22.937478
20.000000	42.000000	40.000000	1405.000000	1022.000000	80.000000	1409.929889	1024.080922	2.000000	23.514073
