MultiTargForag_2	Participant_Code = 13
Search_Type = 1	CB_Targets = 1
Trial	Click_Num	Target_Click_Order	Click_X	Click_y	Item_selected	Item_X	Item_Y	Target_Set	RT
1.000000	1.000000	0.000000	1037.000000	186.000000	7.000000	985.845880	184.023131	2.000000	0.485902
1.000000	2.000000	1.000000	1124.000000	173.000000	8.000000	1128.166122	185.654472	2.000000	2.556049
1.000000	3.000000	2.000000	1268.000000	201.000000	9.000000	1273.687715	193.616703	1.000000	3.835262
1.000000	4.000000	3.000000	1400.000000	160.000000	10.000000	1406.960078	155.548025	1.000000	4.867973
1.000000	5.000000	4.000000	1404.000000	264.000000	20.000000	1395.976184	271.294705	2.000000	5.789082
1.000000	6.000000	5.000000	1264.000000	278.000000	19.000000	1266.543135	264.414620	2.000000	6.643411
1.000000	7.000000	6.000000	959.000000	262.000000	17.000000	958.765476	252.715890	2.000000	7.811869
1.000000	8.000000	7.000000	976.000000	193.000000	7.000000	985.845880	184.023131	2.000000	8.740488
1.000000	9.000000	8.000000	1111.000000	399.000000	28.000000	1109.660401	406.151930	1.000000	9.668753
1.000000	10.000000	9.000000	1005.000000	439.000000	27.000000	987.725171	430.999305	1.000000	10.411525
1.000000	11.000000	10.000000	1113.000000	500.000000	38.000000	1112.276678	504.730351	1.000000	11.325154
1.000000	12.000000	11.000000	1344.000000	391.000000	30.000000	1362.365178	376.981904	1.000000	12.445253
1.000000	13.000000	12.000000	1213.000000	703.000000	49.000000	1218.688485	696.300674	2.000000	13.611936
1.000000	14.000000	13.000000	1139.000000	638.000000	48.000000	1140.771551	647.989079	1.000000	14.491149
1.000000	15.000000	14.000000	760.000000	557.000000	35.000000	743.682285	544.109726	1.000000	15.573209
1.000000	16.000000	15.000000	813.000000	579.000000	36.000000	834.358305	578.665708	2.000000	16.148231
1.000000	17.000000	16.000000	715.000000	440.000000	25.000000	714.570636	430.515989	2.000000	17.173050
1.000000	18.000000	17.000000	739.000000	330.000000	15.000000	746.271325	319.029901	1.000000	17.836945
1.000000	19.000000	18.000000	850.000000	257.000000	16.000000	859.753504	246.356282	2.000000	18.547776
1.000000	20.000000	19.000000	768.000000	175.000000	5.000000	757.071364	157.989591	2.000000	19.524353
1.000000	21.000000	20.000000	648.000000	179.000000	4.000000	638.833948	171.879948	2.000000	20.828969
1.000000	22.000000	21.000000	472.000000	276.000000	13.000000	461.734631	274.849044	2.000000	21.355104
1.000000	23.000000	22.000000	455.000000	193.000000	3.000000	451.663799	193.360586	1.000000	21.892126
1.000000	24.000000	23.000000	456.000000	392.000000	23.000000	464.849752	406.786911	1.000000	22.931758
1.000000	25.000000	24.000000	212.000000	382.000000	21.000000	220.017160	371.757380	2.000000	24.034927
1.000000	26.000000	25.000000	443.000000	539.000000	33.000000	452.280807	541.297207	2.000000	25.363529
1.000000	27.000000	26.000000	562.000000	571.000000	34.000000	568.463740	573.024763	1.000000	26.245104
1.000000	28.000000	27.000000	594.000000	633.000000	44.000000	592.235033	620.661472	2.000000	26.811524
1.000000	29.000000	28.000000	179.000000	700.000000	41.000000	178.294162	695.191588	1.000000	27.587939
1.000000	30.000000	29.000000	441.000000	813.000000	53.000000	447.704492	808.432044	2.000000	28.700991
1.000000	31.000000	30.000000	328.000000	909.000000	62.000000	329.996482	909.354456	1.000000	29.483643
1.000000	32.000000	31.000000	616.000000	803.000000	54.000000	620.073755	785.062047	2.000000	31.155719
1.000000	33.000000	32.000000	580.000000	965.000000	64.000000	576.028721	948.004933	1.000000	31.980981
1.000000	34.000000	33.000000	569.000000	1072.000000	74.000000	569.385085	1077.581495	2.000000	32.532579
1.000000	35.000000	34.000000	733.000000	834.000000	55.000000	743.473930	818.952951	1.000000	33.579280
1.000000	36.000000	35.000000	1010.000000	1060.000000	77.000000	1004.491899	1057.874939	1.000000	34.755211
1.000000	37.000000	36.000000	979.000000	908.000000	67.000000	979.965032	896.440080	2.000000	35.803903
1.000000	38.000000	37.000000	1213.000000	1072.000000	79.000000	1221.385559	1067.625517	2.000000	36.739919
1.000000	39.000000	38.000000	1263.000000	923.000000	69.000000	1269.276077	911.915756	1.000000	37.547142
1.000000	40.000000	39.000000	1412.000000	919.000000	70.000000	1399.896804	922.447656	1.000000	38.261176
1.000000	41.000000	40.000000	1391.000000	804.000000	60.000000	1390.532767	797.103639	1.000000	39.275119
1.000000	1.000000	1.000000	979.000000	438.000000	27.000000	988.427894	436.115719	2.000000	1.584516
1.000000	2.000000	2.000000	1013.000000	538.000000	37.000000	1009.822491	536.627151	2.000000	2.441053
1.000000	3.000000	3.000000	1009.000000	299.000000	17.000000	1014.681766	280.776841	1.000000	3.184182
1.000000	4.000000	4.000000	1031.000000	122.000000	7.000000	1031.537660	135.357494	1.000000	3.975622
1.000000	5.000000	5.000000	770.000000	157.000000	5.000000	770.151596	146.440372	1.000000	4.951467
1.000000	6.000000	6.000000	838.000000	191.000000	6.000000	844.676581	203.447184	1.000000	5.593378
1.000000	7.000000	7.000000	740.000000	297.000000	15.000000	738.232510	286.864557	2.000000	6.136323
1.000000	8.000000	8.000000	581.000000	172.000000	4.000000	579.994526	181.859723	2.000000	7.496193
1.000000	9.000000	9.000000	234.000000	284.000000	11.000000	230.642333	271.771536	2.000000	8.768266
1.000000	10.000000	10.000000	237.000000	915.000000	61.000000	223.440336	925.510560	2.000000	10.169087
1.000000	11.000000	0.000000	203.000000	778.000000	51.000000	217.555514	753.701700	1.000000	10.927203
1.000000	12.000000	11.000000	215.000000	758.000000	51.000000	217.555514	753.701700	1.000000	11.441033
1.000000	13.000000	12.000000	194.000000	679.000000	41.000000	203.729271	676.311101	1.000000	12.063703
1.000000	14.000000	13.000000	203.000000	360.000000	21.000000	212.317340	371.410383	1.000000	12.816789
1.000000	15.000000	14.000000	172.000000	184.000000	1.000000	179.086664	184.814845	1.000000	13.391343
1.000000	16.000000	15.000000	224.000000	998.000000	71.000000	215.790918	1004.046291	1.000000	14.527596
1.000000	17.000000	16.000000	500.000000	830.000000	53.000000	503.109070	813.859315	2.000000	15.361347
1.000000	18.000000	17.000000	463.000000	933.000000	63.000000	458.833067	920.625319	2.000000	16.161100
1.000000	19.000000	18.000000	447.000000	662.000000	43.000000	449.166961	667.646903	1.000000	17.143359
1.000000	20.000000	19.000000	597.000000	757.000000	54.000000	595.710605	759.123271	1.000000	17.937513
1.000000	21.000000	20.000000	572.000000	574.000000	34.000000	569.739070	556.054579	2.000000	18.647841
1.000000	22.000000	21.000000	763.000000	614.000000	45.000000	764.800222	620.889706	2.000000	19.617221
1.000000	23.000000	22.000000	850.000000	817.000000	56.000000	847.869834	811.742250	2.000000	20.735737
1.000000	24.000000	23.000000	725.000000	1025.000000	75.000000	716.711271	1022.683709	2.000000	21.432577
1.000000	25.000000	24.000000	871.000000	1058.000000	76.000000	867.146386	1049.477352	2.000000	22.105385
1.000000	26.000000	25.000000	1251.000000	1060.000000	79.000000	1246.090320	1061.240271	2.000000	23.295616
1.000000	27.000000	26.000000	1128.000000	1009.000000	78.000000	1111.274202	997.518082	1.000000	23.991685
1.000000	28.000000	27.000000	1147.000000	939.000000	68.000000	1144.385038	934.608578	1.000000	24.449333
1.000000	29.000000	0.000000	997.000000	907.000000	67.000000	974.908944	894.584667	1.000000	25.143888
1.000000	30.000000	28.000000	977.000000	893.000000	67.000000	974.908944	894.584667	1.000000	26.312803
1.000000	31.000000	29.000000	999.000000	805.000000	57.000000	1004.475078	793.570465	1.000000	27.183649
1.000000	32.000000	30.000000	1157.000000	647.000000	48.000000	1151.448795	649.469077	1.000000	28.041435
1.000000	33.000000	31.000000	1140.000000	519.000000	38.000000	1137.378949	512.927648	2.000000	28.687275
1.000000	34.000000	32.000000	770.000000	404.000000	25.000000	762.892303	405.572597	1.000000	29.903148
1.000000	35.000000	33.000000	1134.000000	264.000000	18.000000	1130.219976	275.695238	2.000000	30.935371
1.000000	36.000000	34.000000	1241.000000	297.000000	19.000000	1230.561280	299.915871	2.000000	31.575694
1.000000	37.000000	35.000000	1351.000000	296.000000	20.000000	1365.004420	293.528013	2.000000	32.119066
1.000000	38.000000	36.000000	1388.000000	182.000000	10.000000	1382.483058	185.595223	1.000000	32.761173
1.000000	39.000000	37.000000	1249.000000	380.000000	29.000000	1245.886263	391.351587	1.000000	33.592133
1.000000	40.000000	38.000000	1411.000000	502.000000	40.000000	1418.364192	507.120257	2.000000	34.727628
1.000000	41.000000	39.000000	1395.000000	946.000000	70.000000	1387.082501	930.626267	1.000000	36.616402
1.000000	42.000000	40.000000	1243.000000	923.000000	69.000000	1226.597093	911.050169	2.000000	37.295910
2.000000	1.000000	1.000000	762.000000	256.000000	15.000000	756.066515	260.902257	1.000000	1.552260
2.000000	2.000000	2.000000	502.000000	308.000000	13.000000	495.220054	316.712075	1.000000	2.536098
2.000000	3.000000	3.000000	213.000000	151.000000	1.000000	199.480905	146.513493	2.000000	3.767017
2.000000	4.000000	4.000000	368.000000	142.000000	2.000000	380.224050	149.490437	2.000000	4.551034
2.000000	5.000000	5.000000	508.000000	375.000000	23.000000	504.627253	392.648146	2.000000	5.864700
2.000000	6.000000	6.000000	727.000000	121.000000	5.000000	727.697221	120.534260	2.000000	7.016202
2.000000	7.000000	7.000000	845.000000	145.000000	6.000000	849.212755	152.276056	2.000000	7.831760
2.000000	8.000000	8.000000	228.000000	270.000000	11.000000	230.150425	261.212029	1.000000	8.815982
2.000000	9.000000	9.000000	470.000000	559.000000	33.000000	477.608498	564.508883	1.000000	9.880909
2.000000	10.000000	10.000000	637.000000	454.000000	24.000000	632.967376	445.685403	1.000000	10.504641
2.000000	11.000000	11.000000	629.000000	540.000000	34.000000	620.168718	546.339161	1.000000	10.968376
2.000000	12.000000	12.000000	757.000000	528.000000	35.000000	760.095243	533.583954	2.000000	11.513129
2.000000	13.000000	13.000000	828.000000	386.000000	26.000000	827.652764	385.528671	2.000000	12.209094
2.000000	14.000000	14.000000	895.000000	510.000000	36.000000	895.463533	519.567487	2.000000	12.864536
2.000000	15.000000	15.000000	1116.000000	318.000000	18.000000	1118.148295	317.307638	2.000000	14.048389
2.000000	16.000000	16.000000	1018.000000	144.000000	7.000000	1019.959041	154.694102	1.000000	15.367338
2.000000	17.000000	17.000000	1152.000000	133.000000	8.000000	1154.301234	133.150487	1.000000	15.993068
2.000000	18.000000	18.000000	1242.000000	195.000000	9.000000	1228.831404	201.872965	2.000000	16.599913
2.000000	19.000000	19.000000	1289.000000	288.000000	19.000000	1282.789081	302.952287	2.000000	17.160023
2.000000	20.000000	20.000000	1395.000000	181.000000	10.000000	1390.286603	187.599380	1.000000	17.815184
2.000000	21.000000	21.000000	1247.000000	404.000000	29.000000	1240.571763	414.064766	1.000000	18.608609
2.000000	22.000000	22.000000	1392.000000	524.000000	40.000000	1383.888941	514.325077	1.000000	19.312707
2.000000	23.000000	23.000000	1117.000000	622.000000	48.000000	1110.325289	626.842047	2.000000	20.527903
2.000000	24.000000	24.000000	1138.000000	812.000000	58.000000	1143.184998	813.459618	2.000000	21.647921
2.000000	25.000000	25.000000	1271.000000	796.000000	59.000000	1256.144057	805.245412	1.000000	22.336112
2.000000	26.000000	26.000000	1355.000000	763.000000	60.000000	1348.239359	756.880038	1.000000	22.864025
2.000000	27.000000	27.000000	1155.000000	900.000000	68.000000	1145.808837	906.970773	2.000000	23.503449
2.000000	28.000000	28.000000	1285.000000	907.000000	69.000000	1288.751547	921.426996	2.000000	24.023894
2.000000	29.000000	29.000000	1289.000000	1085.000000	79.000000	1290.200576	1075.664742	2.000000	24.952697
2.000000	30.000000	30.000000	987.000000	1056.000000	77.000000	976.471238	1056.278296	2.000000	26.184025
2.000000	31.000000	31.000000	1144.000000	1040.000000	78.000000	1143.465543	1039.228049	1.000000	27.088331
2.000000	32.000000	32.000000	873.000000	1021.000000	76.000000	869.170073	1009.278214	2.000000	27.768140
2.000000	33.000000	33.000000	630.000000	1073.000000	74.000000	623.291294	1079.930693	1.000000	28.791828
2.000000	34.000000	34.000000	698.000000	832.000000	55.000000	705.982984	824.140373	1.000000	29.759655
2.000000	35.000000	35.000000	606.000000	748.000000	54.000000	597.560608	754.094186	2.000000	30.329059
2.000000	36.000000	36.000000	844.000000	650.000000	46.000000	842.848144	651.722141	1.000000	31.287547
2.000000	37.000000	37.000000	362.000000	944.000000	62.000000	370.268337	943.699707	1.000000	32.288372
2.000000	38.000000	38.000000	447.000000	1055.000000	73.000000	446.469124	1062.431720	1.000000	33.096637
2.000000	39.000000	39.000000	350.000000	807.000000	52.000000	353.456498	800.422249	1.000000	33.728153
2.000000	40.000000	40.000000	227.000000	674.000000	41.000000	221.494473	688.462023	2.000000	34.535502
3.000000	1.000000	1.000000	626.000000	402.000000	24.000000	609.391213	401.769551	2.000000	1.096440
3.000000	2.000000	2.000000	705.000000	417.000000	25.000000	721.789922	420.715213	1.000000	1.561480
3.000000	3.000000	3.000000	614.000000	492.000000	34.000000	604.260765	505.946335	1.000000	2.423728
3.000000	4.000000	4.000000	620.000000	270.000000	14.000000	605.449266	268.185293	2.000000	3.007431
3.000000	5.000000	5.000000	876.000000	170.000000	6.000000	867.198206	177.185069	2.000000	3.808693
3.000000	6.000000	6.000000	1010.000000	130.000000	7.000000	1019.537664	135.918538	2.000000	4.328815
3.000000	7.000000	7.000000	952.000000	268.000000	17.000000	959.112870	262.215219	1.000000	5.097023
3.000000	8.000000	8.000000	1026.000000	383.000000	27.000000	1022.755862	384.904256	1.000000	6.007884
3.000000	9.000000	9.000000	1235.000000	196.000000	9.000000	1239.362139	188.666863	2.000000	6.929251
3.000000	10.000000	10.000000	1371.000000	274.000000	20.000000	1365.888137	292.508783	1.000000	8.159801
3.000000	11.000000	11.000000	1271.000000	493.000000	39.000000	1269.896798	500.963051	2.000000	8.871641
3.000000	12.000000	12.000000	1294.000000	672.000000	49.000000	1277.588259	673.052806	1.000000	9.607442
3.000000	13.000000	13.000000	1352.000000	669.000000	50.000000	1369.573116	671.816064	1.000000	10.129356
3.000000	14.000000	14.000000	1120.000000	594.000000	38.000000	1110.207407	574.749076	1.000000	11.104141
3.000000	15.000000	15.000000	1096.000000	606.000000	48.000000	1093.087876	620.380746	2.000000	11.471761
3.000000	16.000000	16.000000	1147.000000	731.000000	58.000000	1150.366991	751.775188	2.000000	12.448974
3.000000	17.000000	17.000000	1234.000000	809.000000	59.000000	1235.361726	825.566140	2.000000	13.016520
3.000000	18.000000	18.000000	1228.000000	870.000000	69.000000	1223.654666	872.341810	2.000000	13.408934
3.000000	19.000000	19.000000	1419.000000	899.000000	70.000000	1401.579028	905.382971	1.000000	14.319736
3.000000	20.000000	20.000000	1256.000000	1036.000000	79.000000	1243.648014	1038.458653	1.000000	15.176569
3.000000	21.000000	21.000000	1104.000000	1013.000000	78.000000	1091.786116	1006.997671	1.000000	15.951701
3.000000	22.000000	22.000000	907.000000	919.000000	66.000000	895.882599	905.174597	1.000000	16.889398
3.000000	23.000000	23.000000	897.000000	768.000000	56.000000	883.646797	783.410039	1.000000	17.576541
3.000000	24.000000	24.000000	998.000000	709.000000	47.000000	1001.574300	702.576738	1.000000	18.191686
3.000000	25.000000	25.000000	760.000000	650.000000	45.000000	757.682862	656.666221	2.000000	19.111963
3.000000	26.000000	26.000000	638.000000	654.000000	44.000000	637.237426	666.252020	2.000000	20.000456
3.000000	27.000000	27.000000	495.000000	584.000000	33.000000	483.694099	574.515297	2.000000	20.552135
3.000000	28.000000	28.000000	326.000000	777.000000	52.000000	328.998371	789.101728	2.000000	21.601063
3.000000	29.000000	29.000000	465.000000	706.000000	43.000000	460.994740	701.628499	1.000000	22.240376
3.000000	30.000000	30.000000	386.000000	910.000000	62.000000	379.865992	916.289256	2.000000	23.337172
3.000000	31.000000	31.000000	443.000000	1045.000000	73.000000	443.230831	1048.422027	2.000000	23.935346
3.000000	32.000000	32.000000	565.000000	1038.000000	74.000000	577.798262	1032.284793	1.000000	24.560901
3.000000	33.000000	33.000000	360.000000	1039.000000	72.000000	347.500619	1030.541489	1.000000	25.153271
3.000000	34.000000	34.000000	221.000000	746.000000	51.000000	209.903742	743.391121	2.000000	26.119169
3.000000	35.000000	35.000000	242.000000	660.000000	41.000000	245.624969	661.091995	2.000000	26.552836
3.000000	36.000000	36.000000	204.000000	499.000000	31.000000	202.861107	497.111742	1.000000	27.215596
3.000000	37.000000	37.000000	452.000000	397.000000	23.000000	439.383939	396.425345	2.000000	27.969317
3.000000	38.000000	38.000000	236.000000	246.000000	11.000000	225.598851	251.859184	2.000000	28.679621
3.000000	39.000000	39.000000	438.000000	144.000000	3.000000	453.822131	144.849556	1.000000	29.665358
3.000000	40.000000	40.000000	631.000000	161.000000	4.000000	621.677356	173.080717	1.000000	30.600992
4.000000	1.000000	1.000000	850.000000	502.000000	36.000000	849.624596	500.217679	2.000000	1.030652
4.000000	2.000000	2.000000	999.000000	328.000000	17.000000	1007.597300	322.729106	2.000000	1.798176
4.000000	3.000000	3.000000	1130.000000	312.000000	18.000000	1134.613733	320.345513	2.000000	2.342256
4.000000	4.000000	4.000000	1118.000000	141.000000	8.000000	1093.210086	141.053551	2.000000	3.076918
4.000000	5.000000	5.000000	1246.000000	120.000000	9.000000	1239.075368	125.683329	1.000000	3.774159
4.000000	6.000000	0.000000	1259.000000	241.000000	19.000000	1255.365682	271.048376	1.000000	4.445805
4.000000	7.000000	6.000000	1276.000000	282.000000	19.000000	1255.365682	271.048376	1.000000	5.100997
4.000000	8.000000	7.000000	1344.000000	292.000000	20.000000	1348.932026	301.613232	1.000000	5.780816
4.000000	9.000000	8.000000	1356.000000	540.000000	40.000000	1357.984318	562.464559	2.000000	6.966661
4.000000	10.000000	9.000000	1377.000000	690.000000	50.000000	1373.739479	699.110001	1.000000	7.694046
4.000000	11.000000	10.000000	1280.000000	749.000000	59.000000	1268.433790	756.418753	2.000000	8.438879
4.000000	12.000000	11.000000	1145.000000	807.000000	58.000000	1141.828539	793.990996	1.000000	8.958494
4.000000	13.000000	12.000000	1152.000000	547.000000	38.000000	1158.861585	553.380017	2.000000	10.069399
4.000000	14.000000	13.000000	869.000000	232.000000	16.000000	861.044650	246.009412	1.000000	11.301026
4.000000	15.000000	14.000000	991.000000	125.000000	7.000000	985.680321	137.161891	1.000000	12.486706
4.000000	16.000000	15.000000	855.000000	144.000000	6.000000	845.741217	140.136160	2.000000	13.205063
4.000000	17.000000	16.000000	738.000000	142.000000	5.000000	747.371239	140.567504	1.000000	14.022526
4.000000	18.000000	17.000000	711.000000	260.000000	15.000000	714.244861	258.799845	1.000000	14.548888
4.000000	19.000000	18.000000	370.000000	157.000000	2.000000	362.682431	139.185297	2.000000	15.757656
4.000000	20.000000	19.000000	227.000000	148.000000	1.000000	220.485644	143.506778	2.000000	16.525404
4.000000	21.000000	20.000000	195.000000	295.000000	11.000000	192.285330	311.326967	1.000000	17.414949
4.000000	22.000000	21.000000	186.000000	376.000000	21.000000	184.941227	372.429827	1.000000	17.901126
4.000000	23.000000	22.000000	305.000000	429.000000	22.000000	315.750098	432.678597	2.000000	18.574334
4.000000	24.000000	23.000000	326.000000	579.000000	32.000000	320.214570	570.755927	2.000000	19.221291
4.000000	25.000000	24.000000	316.000000	660.000000	42.000000	312.753518	672.295263	1.000000	19.694838
4.000000	26.000000	25.000000	488.000000	435.000000	23.000000	494.234408	430.318520	1.000000	20.430814
4.000000	27.000000	26.000000	576.000000	441.000000	24.000000	580.328863	454.575916	1.000000	21.093658
4.000000	28.000000	27.000000	605.000000	522.000000	34.000000	620.145044	523.575017	1.000000	21.549807
4.000000	29.000000	28.000000	650.000000	623.000000	44.000000	638.605338	631.730443	2.000000	23.021229
4.000000	30.000000	29.000000	691.000000	907.000000	65.000000	700.925937	893.936326	1.000000	23.974253
4.000000	31.000000	30.000000	902.000000	816.000000	56.000000	900.183711	825.740020	2.000000	25.021938
4.000000	32.000000	31.000000	964.000000	894.000000	67.000000	963.387956	880.541075	1.000000	25.645508
4.000000	33.000000	32.000000	984.000000	1035.000000	77.000000	984.949280	1025.005165	2.000000	26.461760
4.000000	34.000000	33.000000	890.000000	1015.000000	76.000000	882.654470	993.094658	2.000000	27.085578
4.000000	35.000000	34.000000	734.000000	1075.000000	75.000000	726.109264	1074.088296	2.000000	28.069241
4.000000	36.000000	35.000000	584.000000	960.000000	64.000000	573.792072	951.238671	1.000000	29.077736
4.000000	37.000000	36.000000	364.000000	981.000000	72.000000	360.345093	996.245698	2.000000	30.053520
4.000000	38.000000	37.000000	210.000000	921.000000	61.000000	217.623903	907.390108	2.000000	30.750319
4.000000	39.000000	38.000000	1269.000000	1017.000000	79.000000	1261.857434	1021.660986	1.000000	32.453328
4.000000	40.000000	39.000000	1379.000000	929.000000	70.000000	1381.357077	930.018856	1.000000	33.398887
4.000000	41.000000	40.000000	1399.000000	980.000000	80.000000	1395.885308	1000.420192	2.000000	33.958003
5.000000	1.000000	1.000000	877.000000	675.000000	46.000000	880.879212	683.474543	2.000000	1.086661
5.000000	2.000000	2.000000	850.000000	754.000000	56.000000	860.839787	763.501490	2.000000	1.486870
5.000000	3.000000	3.000000	1000.000000	680.000000	47.000000	999.837556	701.552497	2.000000	2.038069
5.000000	4.000000	4.000000	1104.000000	728.000000	58.000000	1097.372059	742.897355	1.000000	2.495482
5.000000	5.000000	5.000000	1151.000000	703.000000	48.000000	1159.129191	695.759013	1.000000	2.935180
5.000000	6.000000	6.000000	1243.000000	557.000000	39.000000	1245.637273	549.778246	1.000000	3.951867
5.000000	7.000000	7.000000	1418.000000	320.000000	20.000000	1416.057917	316.363499	1.000000	5.486524
5.000000	8.000000	8.000000	1402.000000	748.000000	60.000000	1406.756356	750.647060	1.000000	6.878041
5.000000	9.000000	9.000000	986.000000	240.000000	17.000000	982.821773	252.062168	1.000000	8.430054
5.000000	10.000000	10.000000	902.000000	135.000000	6.000000	901.991610	134.733239	2.000000	9.111770
5.000000	11.000000	11.000000	732.000000	234.000000	15.000000	728.156254	243.216402	2.000000	10.085669
5.000000	12.000000	12.000000	588.000000	148.000000	4.000000	583.579753	142.471763	1.000000	10.790264
5.000000	13.000000	13.000000	448.000000	193.000000	3.000000	467.148462	192.350104	1.000000	11.494854
5.000000	14.000000	14.000000	251.000000	205.000000	1.000000	250.841997	204.717224	1.000000	12.414206
5.000000	15.000000	15.000000	206.000000	266.000000	11.000000	197.201986	283.655740	2.000000	12.815382
5.000000	16.000000	0.000000	209.000000	343.000000	21.000000	215.345477	368.505215	2.000000	13.295463
5.000000	17.000000	16.000000	220.000000	373.000000	21.000000	215.345477	368.505215	2.000000	13.982352
5.000000	18.000000	17.000000	327.000000	314.000000	12.000000	323.218041	302.542179	1.000000	14.542966
5.000000	19.000000	18.000000	500.000000	306.000000	13.000000	505.361512	308.427488	1.000000	15.310169
5.000000	20.000000	19.000000	612.000000	305.000000	14.000000	614.913469	299.893392	1.000000	16.166898
5.000000	21.000000	20.000000	623.000000	375.000000	24.000000	620.685139	394.369848	1.000000	16.726806
5.000000	22.000000	21.000000	576.000000	517.000000	34.000000	571.007068	519.747852	1.000000	17.383420
5.000000	23.000000	22.000000	731.000000	516.000000	35.000000	733.008522	516.702646	2.000000	18.055655
5.000000	24.000000	23.000000	874.000000	406.000000	26.000000	866.348098	414.263472	1.000000	18.878739
5.000000	25.000000	0.000000	733.000000	626.000000	45.000000	718.919302	649.697248	1.000000	19.606669
5.000000	26.000000	24.000000	727.000000	639.000000	45.000000	718.919302	649.697248	1.000000	20.342857
5.000000	27.000000	25.000000	578.000000	636.000000	44.000000	575.790336	646.450592	2.000000	21.183509
5.000000	28.000000	26.000000	443.000000	780.000000	53.000000	444.823767	771.546648	2.000000	21.903996
5.000000	29.000000	27.000000	376.000000	777.000000	52.000000	371.919846	770.346368	2.000000	22.390791
5.000000	30.000000	28.000000	317.000000	660.000000	42.000000	313.309042	654.226156	1.000000	23.150965
5.000000	31.000000	29.000000	223.000000	581.000000	31.000000	227.424625	578.581728	2.000000	23.831941
5.000000	32.000000	30.000000	576.000000	793.000000	54.000000	579.459566	806.532490	1.000000	24.926569
5.000000	33.000000	31.000000	220.000000	946.000000	61.000000	225.354998	947.922424	2.000000	25.806766
5.000000	34.000000	32.000000	236.000000	1036.000000	71.000000	236.596934	1050.274210	2.000000	26.677742
5.000000	35.000000	33.000000	328.000000	1030.000000	72.000000	328.770235	1033.636453	2.000000	27.399605
5.000000	36.000000	34.000000	445.000000	1015.000000	73.000000	447.435845	1013.488004	2.000000	27.933898
5.000000	37.000000	35.000000	760.000000	824.000000	55.000000	746.041678	827.370278	2.000000	29.141965
5.000000	38.000000	36.000000	721.000000	966.000000	65.000000	715.672731	955.250931	2.000000	30.055654
5.000000	39.000000	37.000000	598.000000	1023.000000	74.000000	597.892924	1026.321292	1.000000	30.582787
5.000000	40.000000	38.000000	855.000000	936.000000	66.000000	859.394758	929.668804	1.000000	31.381947
5.000000	41.000000	39.000000	860.000000	1062.000000	76.000000	860.819228	1065.477969	2.000000	31.967369
5.000000	42.000000	40.000000	1029.000000	933.000000	67.000000	1018.955335	933.801128	2.000000	32.671498
6.000000	1.000000	1.000000	358.000000	693.000000	42.000000	361.915141	687.219148	2.000000	1.477954
6.000000	2.000000	2.000000	331.000000	561.000000	32.000000	335.236279	562.885849	1.000000	2.071033
6.000000	3.000000	3.000000	364.000000	404.000000	22.000000	374.540051	395.883787	1.000000	2.622701
6.000000	4.000000	4.000000	209.000000	373.000000	21.000000	205.533291	380.137671	2.000000	4.037760
6.000000	5.000000	5.000000	373.000000	199.000000	2.000000	371.392571	204.582589	1.000000	4.733290
6.000000	6.000000	6.000000	509.000000	132.000000	3.000000	494.182280	140.491810	2.000000	5.421895
6.000000	7.000000	7.000000	712.000000	323.000000	15.000000	709.519685	325.948086	2.000000	6.581225
6.000000	8.000000	8.000000	887.000000	177.000000	6.000000	884.813166	189.889437	1.000000	7.613477
6.000000	9.000000	9.000000	951.000000	177.000000	7.000000	961.699898	182.521052	1.000000	8.029809
6.000000	10.000000	10.000000	970.000000	294.000000	17.000000	966.993331	279.308709	1.000000	8.494604
6.000000	11.000000	11.000000	1118.000000	288.000000	18.000000	1127.071916	283.862077	2.000000	9.293096
6.000000	12.000000	12.000000	1228.000000	280.000000	19.000000	1233.234821	277.647870	1.000000	10.053843
6.000000	13.000000	13.000000	1272.000000	138.000000	9.000000	1281.704902	150.814656	2.000000	10.605896
6.000000	14.000000	14.000000	1357.000000	196.000000	10.000000	1353.418110	206.960754	1.000000	11.445000
6.000000	15.000000	15.000000	1373.000000	254.000000	20.000000	1365.043721	263.414112	2.000000	11.885216
6.000000	16.000000	16.000000	1259.000000	694.000000	49.000000	1261.177453	680.395019	2.000000	13.293041
6.000000	17.000000	17.000000	1139.000000	686.000000	48.000000	1156.636837	678.242733	2.000000	13.942727
6.000000	18.000000	18.000000	1258.000000	506.000000	39.000000	1261.044794	499.221427	1.000000	14.958373
6.000000	19.000000	19.000000	972.000000	530.000000	37.000000	964.189774	527.004576	1.000000	15.725848
6.000000	20.000000	20.000000	901.000000	574.000000	36.000000	895.507457	580.128700	2.000000	16.597204
6.000000	21.000000	21.000000	701.000000	521.000000	35.000000	704.116057	514.053170	2.000000	17.663033
6.000000	22.000000	22.000000	768.000000	460.000000	25.000000	767.962560	457.488527	1.000000	18.814572
6.000000	23.000000	23.000000	490.000000	572.000000	33.000000	480.073916	569.822943	1.000000	19.359036
6.000000	24.000000	24.000000	362.000000	766.000000	52.000000	359.609485	777.946460	2.000000	20.205797
6.000000	25.000000	25.000000	478.000000	933.000000	63.000000	478.648149	935.018434	1.000000	21.046606
6.000000	26.000000	26.000000	238.000000	1040.000000	71.000000	225.001943	1041.283962	2.000000	21.838882
6.000000	27.000000	27.000000	455.000000	1041.000000	73.000000	464.186759	1041.158186	1.000000	22.869774
6.000000	28.000000	28.000000	594.000000	835.000000	54.000000	610.308864	821.685591	2.000000	23.685618
6.000000	29.000000	29.000000	612.000000	1033.000000	74.000000	610.579458	1048.194489	2.000000	24.830715
6.000000	30.000000	30.000000	723.000000	1082.000000	75.000000	719.739288	1079.384256	1.000000	25.493168
6.000000	31.000000	31.000000	844.000000	811.000000	56.000000	844.664544	810.413453	2.000000	26.206976
6.000000	32.000000	32.000000	1012.000000	778.000000	57.000000	1016.528653	778.670238	2.000000	26.757034
6.000000	33.000000	33.000000	726.000000	654.000000	45.000000	729.961496	675.915137	1.000000	27.589719
6.000000	34.000000	34.000000	1011.000000	923.000000	67.000000	1010.404153	910.042555	1.000000	28.958184
6.000000	35.000000	35.000000	1015.000000	1047.000000	77.000000	1013.411919	1042.380817	1.000000	29.677489
6.000000	36.000000	36.000000	1131.000000	1013.000000	78.000000	1117.487127	1023.351211	2.000000	30.221727
6.000000	37.000000	37.000000	1285.000000	1000.000000	79.000000	1274.992673	998.448889	2.000000	31.141131
6.000000	38.000000	38.000000	1362.000000	905.000000	70.000000	1359.733811	919.349685	2.000000	31.790627
6.000000	39.000000	39.000000	1298.000000	900.000000	69.000000	1289.990406	907.356260	1.000000	32.213058
6.000000	40.000000	0.000000	1234.000000	771.000000	59.000000	1232.331411	796.322108	1.000000	32.701005
6.000000	41.000000	40.000000	1236.000000	808.000000	59.000000	1232.331411	796.322108	1.000000	33.581674
7.000000	1.000000	1.000000	843.000000	606.000000	46.000000	830.232763	622.079220	2.000000	0.846336
7.000000	2.000000	2.000000	767.000000	553.000000	35.000000	756.395614	545.830148	2.000000	1.470315
7.000000	3.000000	3.000000	831.000000	408.000000	26.000000	834.942470	425.606280	2.000000	1.968222
7.000000	4.000000	4.000000	717.000000	301.000000	15.000000	715.188585	291.915681	2.000000	2.551294
7.000000	5.000000	5.000000	636.000000	131.000000	4.000000	628.807093	149.773588	2.000000	3.254282
7.000000	6.000000	6.000000	370.000000	128.000000	2.000000	362.047862	123.282849	1.000000	4.263074
7.000000	7.000000	7.000000	308.000000	229.000000	12.000000	307.625567	242.629620	2.000000	4.976411
7.000000	8.000000	8.000000	465.000000	307.000000	13.000000	460.648033	317.903443	1.000000	5.648272
7.000000	9.000000	9.000000	473.000000	428.000000	23.000000	467.627409	437.339078	1.000000	6.199055
7.000000	10.000000	10.000000	500.000000	574.000000	33.000000	506.683261	563.516471	1.000000	7.431738
7.000000	11.000000	0.000000	485.000000	689.000000	43.000000	481.093945	662.467069	1.000000	7.878627
7.000000	12.000000	11.000000	482.000000	674.000000	43.000000	481.093945	662.467069	1.000000	8.456401
7.000000	13.000000	12.000000	353.000000	661.000000	42.000000	344.550199	648.134616	2.000000	9.088126
7.000000	14.000000	13.000000	239.000000	668.000000	41.000000	227.922830	675.803798	2.000000	9.711508
7.000000	15.000000	14.000000	461.000000	792.000000	53.000000	457.322384	797.597922	2.000000	10.382319
7.000000	16.000000	15.000000	465.000000	896.000000	63.000000	462.000735	913.585351	1.000000	11.088198
7.000000	17.000000	16.000000	489.000000	997.000000	73.000000	492.306731	1008.655140	2.000000	11.640293
7.000000	18.000000	17.000000	595.000000	995.000000	74.000000	608.387508	994.949515	2.000000	12.239964
7.000000	19.000000	18.000000	582.000000	784.000000	54.000000	580.681469	791.052860	1.000000	13.302291
7.000000	20.000000	19.000000	609.000000	661.000000	44.000000	601.492154	659.790956	1.000000	13.863457
7.000000	21.000000	20.000000	745.000000	777.000000	55.000000	734.879320	786.197547	1.000000	14.487654
7.000000	22.000000	21.000000	739.000000	894.000000	65.000000	729.919315	904.563878	1.000000	15.200552
7.000000	23.000000	22.000000	768.000000	1049.000000	75.000000	765.681553	1058.258654	1.000000	15.958766
7.000000	24.000000	23.000000	848.000000	1028.000000	76.000000	849.516723	1027.187059	1.000000	16.535404
7.000000	25.000000	24.000000	868.000000	895.000000	66.000000	861.028737	886.812776	1.000000	17.127224
7.000000	26.000000	25.000000	849.000000	807.000000	56.000000	838.543646	810.105254	1.000000	17.608316
7.000000	27.000000	26.000000	967.000000	657.000000	47.000000	961.774246	662.410411	2.000000	18.399135
7.000000	28.000000	27.000000	1101.000000	152.000000	8.000000	1101.668456	148.791781	2.000000	19.774567
7.000000	29.000000	28.000000	1234.000000	142.000000	9.000000	1239.419769	144.398827	2.000000	20.279603
7.000000	30.000000	29.000000	1355.000000	245.000000	20.000000	1355.691369	254.843997	2.000000	21.230756
7.000000	31.000000	30.000000	1139.000000	411.000000	28.000000	1142.821334	407.034569	2.000000	22.318180
7.000000	32.000000	31.000000	1251.000000	418.000000	29.000000	1237.417632	423.501597	1.000000	22.958330
7.000000	33.000000	32.000000	1383.000000	367.000000	30.000000	1362.304443	377.039482	1.000000	23.415611
7.000000	34.000000	33.000000	1121.000000	561.000000	38.000000	1117.037563	553.547020	1.000000	24.632028
7.000000	35.000000	34.000000	1127.000000	641.000000	48.000000	1130.350853	655.646503	1.000000	25.080138
7.000000	36.000000	35.000000	1268.000000	810.000000	59.000000	1267.776622	816.253222	2.000000	26.254495
7.000000	37.000000	36.000000	1096.000000	946.000000	68.000000	1093.808512	950.369532	2.000000	27.503622
7.000000	38.000000	37.000000	1129.000000	1016.000000	78.000000	1134.395450	1027.064943	2.000000	27.983256
7.000000	39.000000	38.000000	1224.000000	1068.000000	79.000000	1224.080820	1074.696992	1.000000	28.551140
7.000000	40.000000	39.000000	1374.000000	1068.000000	80.000000	1371.539648	1064.418861	1.000000	29.248432
7.000000	41.000000	40.000000	1411.000000	934.000000	70.000000	1398.241060	941.978390	2.000000	30.056245
8.000000	1.000000	1.000000	1013.000000	664.000000	47.000000	1008.652551	664.713640	2.000000	1.379036
8.000000	2.000000	2.000000	1090.000000	562.000000	38.000000	1099.080299	550.727965	2.000000	2.249787
8.000000	3.000000	3.000000	1030.000000	537.000000	37.000000	1021.142557	523.824691	1.000000	3.250873
8.000000	4.000000	0.000000	1028.000000	414.000000	27.000000	1030.447355	445.343935	1.000000	3.681998
8.000000	5.000000	4.000000	1030.000000	424.000000	27.000000	1030.447355	445.343935	1.000000	4.081127
8.000000	6.000000	5.000000	1107.000000	426.000000	28.000000	1114.253027	434.474058	2.000000	4.592818
8.000000	7.000000	6.000000	1130.000000	328.000000	18.000000	1143.777898	319.501624	1.000000	5.274762
8.000000	8.000000	7.000000	1043.000000	328.000000	17.000000	1027.621865	323.519541	1.000000	5.818464
8.000000	9.000000	8.000000	985.000000	197.000000	7.000000	979.534690	203.279999	2.000000	6.360995
8.000000	10.000000	9.000000	856.000000	194.000000	6.000000	841.881725	194.692986	1.000000	7.024893
8.000000	11.000000	10.000000	731.000000	185.000000	5.000000	729.839179	181.413648	2.000000	7.713403
8.000000	12.000000	11.000000	635.000000	148.000000	4.000000	623.973294	140.154588	1.000000	8.250203
8.000000	13.000000	12.000000	501.000000	170.000000	3.000000	492.783748	179.288252	2.000000	9.065522
8.000000	14.000000	13.000000	489.000000	274.000000	13.000000	495.042287	269.369896	1.000000	9.763025
8.000000	15.000000	14.000000	598.000000	285.000000	14.000000	597.462532	301.423701	2.000000	10.362790
8.000000	16.000000	15.000000	342.000000	265.000000	12.000000	332.265687	250.931885	1.000000	11.114332
8.000000	17.000000	16.000000	217.000000	361.000000	21.000000	217.485184	369.163446	1.000000	12.098962
8.000000	18.000000	17.000000	335.000000	384.000000	22.000000	333.895405	397.291519	1.000000	12.810140
8.000000	19.000000	18.000000	190.000000	120.000000	1.000000	193.379200	119.831054	2.000000	13.674665
8.000000	20.000000	19.000000	500.000000	437.000000	23.000000	507.300319	438.872411	1.000000	14.538969
8.000000	21.000000	20.000000	639.000000	382.000000	24.000000	634.661082	387.919479	1.000000	15.282880
8.000000	22.000000	21.000000	751.000000	384.000000	25.000000	756.226512	369.558429	1.000000	15.690753
8.000000	23.000000	22.000000	343.000000	623.000000	42.000000	345.364495	623.109021	1.000000	16.761858
8.000000	24.000000	23.000000	186.000000	669.000000	41.000000	182.596752	677.839156	2.000000	17.296890
8.000000	25.000000	24.000000	467.000000	648.000000	43.000000	463.519372	639.683437	1.000000	18.193179
8.000000	26.000000	25.000000	618.000000	658.000000	44.000000	617.224327	667.752017	1.000000	18.714525
8.000000	27.000000	26.000000	469.000000	739.000000	53.000000	457.420081	759.352824	1.000000	19.273174
8.000000	28.000000	27.000000	347.000000	800.000000	52.000000	335.149996	805.422675	1.000000	19.857596
8.000000	29.000000	28.000000	204.000000	1030.000000	71.000000	201.639414	1030.479888	2.000000	20.641714
8.000000	30.000000	29.000000	499.000000	866.000000	63.000000	490.411490	875.264246	2.000000	21.441634
8.000000	31.000000	30.000000	744.000000	684.000000	45.000000	737.042676	696.719523	2.000000	22.818115
8.000000	32.000000	31.000000	881.000000	798.000000	56.000000	877.444553	784.460509	2.000000	23.410857
8.000000	33.000000	32.000000	1142.000000	1000.000000	78.000000	1148.919654	1007.500699	2.000000	24.986692
8.000000	34.000000	33.000000	1227.000000	1033.000000	79.000000	1231.837308	1031.068622	1.000000	25.689915
8.000000	35.000000	34.000000	1239.000000	905.000000	69.000000	1235.723446	904.438763	1.000000	26.386937
8.000000	36.000000	35.000000	1401.000000	770.000000	60.000000	1393.523503	780.784395	2.000000	27.154896
8.000000	37.000000	36.000000	1366.000000	294.000000	20.000000	1371.086096	279.617279	2.000000	28.178780
8.000000	38.000000	37.000000	1297.000000	177.000000	9.000000	1287.518207	191.714318	2.000000	28.976832
8.000000	39.000000	38.000000	1278.000000	406.000000	29.000000	1274.462436	415.200216	2.000000	29.777515
8.000000	40.000000	39.000000	968.000000	1066.000000	77.000000	970.700253	1071.115276	2.000000	30.952955
8.000000	41.000000	40.000000	840.000000	1066.000000	76.000000	836.545325	1064.323565	2.000000	31.666542
9.000000	1.000000	1.000000	966.000000	622.000000	47.000000	961.328408	622.562815	2.000000	0.985487
9.000000	2.000000	2.000000	1089.000000	409.000000	28.000000	1095.748388	402.403330	2.000000	1.720542
9.000000	3.000000	3.000000	1008.000000	391.000000	27.000000	995.842438	389.495573	1.000000	2.257176
9.000000	4.000000	4.000000	1160.000000	281.000000	18.000000	1153.457812	267.302940	2.000000	3.017835
9.000000	5.000000	5.000000	1098.000000	178.000000	8.000000	1094.302084	195.245038	1.000000	3.432083
9.000000	6.000000	6.000000	1216.000000	134.000000	9.000000	1226.665355	127.616345	2.000000	4.185077
9.000000	7.000000	7.000000	605.000000	301.000000	14.000000	606.953081	290.865987	2.000000	5.321460
9.000000	8.000000	8.000000	576.000000	151.000000	4.000000	581.181134	152.560818	2.000000	6.239856
9.000000	9.000000	9.000000	772.000000	135.000000	5.000000	766.963675	130.645476	2.000000	6.856594
9.000000	10.000000	10.000000	302.000000	296.000000	12.000000	315.805256	280.372112	2.000000	7.673712
9.000000	11.000000	11.000000	235.000000	211.000000	1.000000	221.614525	205.492434	2.000000	8.432602
9.000000	12.000000	12.000000	220.000000	375.000000	21.000000	224.999927	368.671558	2.000000	9.121568
9.000000	13.000000	13.000000	473.000000	517.000000	33.000000	483.003168	518.163692	2.000000	9.985025
9.000000	14.000000	14.000000	489.000000	672.000000	43.000000	481.961800	670.997498	2.000000	10.648399
9.000000	15.000000	15.000000	335.000000	915.000000	62.000000	322.257784	907.363868	2.000000	11.633729
9.000000	16.000000	16.000000	220.000000	1041.000000	71.000000	217.499956	1025.628079	2.000000	12.457860
9.000000	17.000000	17.000000	367.000000	1020.000000	72.000000	358.678074	1015.888127	1.000000	13.178019
9.000000	18.000000	18.000000	460.000000	1068.000000	73.000000	457.378869	1076.571781	1.000000	13.968436
9.000000	19.000000	19.000000	570.000000	865.000000	64.000000	572.923983	876.878162	1.000000	14.561243
9.000000	20.000000	20.000000	629.000000	820.000000	54.000000	618.631367	828.442046	1.000000	15.273300
9.000000	21.000000	21.000000	373.000000	675.000000	42.000000	356.209740	680.075933	1.000000	16.136646
9.000000	22.000000	22.000000	489.000000	437.000000	23.000000	490.863815	437.368417	1.000000	16.920196
9.000000	23.000000	23.000000	833.000000	551.000000	36.000000	836.539919	551.137127	1.000000	17.984635
9.000000	24.000000	24.000000	743.000000	676.000000	45.000000	736.946016	671.624793	1.000000	18.689922
9.000000	25.000000	25.000000	756.000000	810.000000	55.000000	753.129784	801.420285	1.000000	19.239838
9.000000	26.000000	26.000000	993.000000	539.000000	37.000000	996.743316	526.842089	1.000000	20.137795
9.000000	27.000000	27.000000	1226.000000	554.000000	39.000000	1221.436812	557.586604	2.000000	21.264001
9.000000	28.000000	28.000000	1356.000000	530.000000	40.000000	1353.325633	543.291258	1.000000	21.944928
9.000000	29.000000	29.000000	1395.000000	419.000000	30.000000	1398.061752	410.510243	1.000000	22.481687
9.000000	30.000000	30.000000	1402.000000	109.000000	10.000000	1405.226853	120.497075	1.000000	23.335833
9.000000	31.000000	31.000000	1382.000000	657.000000	50.000000	1372.044467	650.225319	1.000000	24.257094
9.000000	32.000000	32.000000	1367.000000	801.000000	60.000000	1355.448381	792.747358	1.000000	24.809840
9.000000	33.000000	0.000000	1376.000000	850.000000	70.000000	1390.944761	883.559369	2.000000	25.240809
9.000000	34.000000	33.000000	1380.000000	862.000000	70.000000	1390.944761	883.559369	2.000000	25.536408
9.000000	35.000000	0.000000	1391.000000	978.000000	80.000000	1391.431199	1008.253568	2.000000	26.073762
9.000000	36.000000	34.000000	1393.000000	994.000000	80.000000	1391.431199	1008.253568	2.000000	26.321539
9.000000	37.000000	35.000000	1290.000000	1019.000000	79.000000	1278.676810	1012.384051	2.000000	26.880285
9.000000	38.000000	0.000000	1265.000000	852.000000	69.000000	1270.003572	881.275689	2.000000	27.352877
9.000000	39.000000	36.000000	1283.000000	863.000000	69.000000	1270.003572	881.275689	2.000000	27.952468
9.000000	40.000000	37.000000	1247.000000	783.000000	59.000000	1232.368267	782.963188	1.000000	28.519850
9.000000	41.000000	38.000000	1026.000000	924.000000	67.000000	1031.173952	922.463104	1.000000	29.552347
9.000000	42.000000	39.000000	1167.000000	1005.000000	78.000000	1157.807119	1016.364276	1.000000	30.281269
9.000000	43.000000	40.000000	634.000000	1074.000000	74.000000	636.581941	1078.987871	2.000000	32.728007
10.000000	1.000000	1.000000	859.000000	377.000000	26.000000	854.223850	367.525589	2.000000	1.588866
10.000000	2.000000	2.000000	988.000000	291.000000	17.000000	982.831055	287.866714	1.000000	2.525291
10.000000	3.000000	3.000000	1004.000000	152.000000	7.000000	996.754686	147.965310	1.000000	3.028352
10.000000	4.000000	4.000000	1088.000000	331.000000	18.000000	1091.331520	312.630378	1.000000	3.782073
10.000000	5.000000	5.000000	1012.000000	378.000000	27.000000	1030.064748	368.326951	1.000000	4.109385
10.000000	6.000000	6.000000	1143.000000	442.000000	28.000000	1156.255566	445.960508	1.000000	4.748258
10.000000	7.000000	7.000000	1267.000000	522.000000	39.000000	1273.861201	532.013963	1.000000	5.421097
10.000000	8.000000	8.000000	1296.000000	407.000000	29.000000	1290.724318	410.786225	1.000000	5.924978
10.000000	9.000000	9.000000	1369.000000	310.000000	20.000000	1376.420754	307.121713	1.000000	6.468625
10.000000	10.000000	10.000000	1400.000000	646.000000	50.000000	1398.296853	656.874081	2.000000	7.190065
10.000000	11.000000	0.000000	1399.000000	811.000000	60.000000	1379.232767	795.366312	2.000000	7.661589
10.000000	12.000000	11.000000	1384.000000	807.000000	60.000000	1379.232767	795.366312	2.000000	8.037851
10.000000	13.000000	12.000000	1379.000000	949.000000	70.000000	1375.976748	938.056975	1.000000	8.757977
10.000000	14.000000	13.000000	1377.000000	1043.000000	80.000000	1376.609206	1027.860645	1.000000	9.220960
10.000000	15.000000	14.000000	1258.000000	961.000000	69.000000	1257.028084	957.149037	1.000000	9.940986
10.000000	16.000000	15.000000	1236.000000	1065.000000	79.000000	1242.338453	1044.140701	1.000000	10.356909
10.000000	17.000000	16.000000	1144.000000	1051.000000	78.000000	1135.458951	1030.047225	2.000000	11.076385
10.000000	18.000000	17.000000	1002.000000	784.000000	57.000000	1003.993914	800.985533	2.000000	11.812666
10.000000	19.000000	0.000000	941.000000	660.000000	47.000000	968.617085	688.194444	2.000000	12.252373
10.000000	20.000000	18.000000	956.000000	674.000000	47.000000	968.617085	688.194444	2.000000	12.638123
10.000000	21.000000	19.000000	858.000000	520.000000	36.000000	862.447290	538.229492	2.000000	13.437591
10.000000	22.000000	20.000000	750.000000	657.000000	45.000000	740.654143	665.382009	2.000000	14.388355
10.000000	23.000000	21.000000	593.000000	494.000000	34.000000	577.181439	503.351812	2.000000	15.180551
10.000000	24.000000	22.000000	615.000000	428.000000	24.000000	616.828127	414.272773	2.000000	15.901701
10.000000	25.000000	23.000000	611.000000	324.000000	14.000000	611.750693	331.074855	2.000000	16.342026
10.000000	26.000000	24.000000	749.000000	326.000000	15.000000	751.101374	326.750016	1.000000	16.956088
10.000000	27.000000	25.000000	702.000000	198.000000	5.000000	707.661785	197.916484	1.000000	17.517337
10.000000	28.000000	26.000000	571.000000	173.000000	4.000000	583.852640	169.846104	2.000000	18.181508
10.000000	29.000000	27.000000	509.000000	319.000000	13.000000	511.328712	325.124852	2.000000	18.726119
10.000000	30.000000	28.000000	327.000000	163.000000	2.000000	315.795837	158.754625	2.000000	19.661406
10.000000	31.000000	29.000000	250.000000	333.000000	11.000000	236.198881	318.174512	1.000000	20.644990
10.000000	32.000000	30.000000	196.000000	433.000000	21.000000	207.243518	435.592371	2.000000	21.125033
10.000000	33.000000	31.000000	231.000000	673.000000	41.000000	236.950750	696.951406	2.000000	22.044220
10.000000	34.000000	32.000000	229.000000	911.000000	61.000000	230.620313	891.906021	1.000000	22.988465
10.000000	35.000000	0.000000	370.000000	727.000000	52.000000	363.682674	751.746120	1.000000	23.652857
10.000000	36.000000	33.000000	370.000000	732.000000	52.000000	363.682674	751.746120	1.000000	23.925717
10.000000	37.000000	34.000000	483.000000	795.000000	53.000000	477.185725	787.432929	1.000000	24.621980
10.000000	38.000000	35.000000	599.000000	887.000000	64.000000	588.305271	878.065855	1.000000	25.838194
10.000000	39.000000	36.000000	487.000000	1071.000000	73.000000	476.060720	1060.036676	2.000000	26.717752
10.000000	40.000000	37.000000	469.000000	593.000000	33.000000	467.862755	576.099686	2.000000	27.804629
10.000000	41.000000	38.000000	743.000000	877.000000	65.000000	736.131937	881.766063	2.000000	28.964866
10.000000	42.000000	39.000000	834.000000	860.000000	66.000000	840.885022	873.650034	2.000000	29.739986
10.000000	43.000000	40.000000	893.000000	1033.000000	76.000000	890.141880	1019.904994	1.000000	30.796477
11.000000	1.000000	1.000000	854.000000	590.000000	36.000000	857.907069	572.273537	2.000000	1.489702
11.000000	2.000000	2.000000	1011.000000	434.000000	27.000000	1011.697124	440.089425	2.000000	2.394749
11.000000	3.000000	3.000000	1131.000000	438.000000	28.000000	1126.584319	444.343568	2.000000	2.962969
11.000000	4.000000	4.000000	1126.000000	249.000000	18.000000	1120.516852	255.980450	1.000000	3.690469
11.000000	5.000000	5.000000	1298.000000	252.000000	19.000000	1285.512974	258.853653	1.000000	4.570346
11.000000	6.000000	6.000000	1426.000000	255.000000	20.000000	1421.007963	263.564180	1.000000	5.243040
11.000000	7.000000	7.000000	1407.000000	209.000000	10.000000	1397.689947	203.766990	2.000000	5.722504
11.000000	8.000000	8.000000	1168.000000	138.000000	8.000000	1158.476352	124.164409	2.000000	6.803270
11.000000	9.000000	9.000000	997.000000	134.000000	7.000000	984.230704	129.092422	2.000000	7.537732
11.000000	10.000000	10.000000	613.000000	126.000000	4.000000	620.091231	117.859851	2.000000	8.602857
11.000000	11.000000	11.000000	591.000000	278.000000	14.000000	594.346754	293.318994	1.000000	9.265651
11.000000	12.000000	12.000000	201.000000	161.000000	1.000000	206.180723	162.463885	2.000000	10.449635
11.000000	13.000000	0.000000	243.000000	278.000000	11.000000	247.565448	303.806926	1.000000	11.057525
11.000000	14.000000	13.000000	332.000000	300.000000	12.000000	334.804308	311.928439	1.000000	11.826238
11.000000	15.000000	14.000000	248.000000	298.000000	11.000000	247.565448	303.806926	1.000000	12.259100
11.000000	16.000000	0.000000	207.000000	401.000000	21.000000	238.216559	382.388813	1.000000	12.691011
11.000000	17.000000	15.000000	232.000000	392.000000	21.000000	238.216559	382.388813	1.000000	13.515449
11.000000	18.000000	16.000000	349.000000	430.000000	22.000000	348.977470	445.678763	1.000000	14.273902
11.000000	19.000000	17.000000	182.000000	519.000000	31.000000	183.084273	529.929385	2.000000	15.146084
11.000000	20.000000	0.000000	375.000000	534.000000	32.000000	349.472431	546.070074	1.000000	15.810935
11.000000	21.000000	18.000000	360.000000	541.000000	32.000000	349.472431	546.070074	1.000000	16.217420
11.000000	22.000000	19.000000	616.000000	522.000000	34.000000	617.509974	516.120204	2.000000	17.034325
11.000000	23.000000	20.000000	610.000000	633.000000	44.000000	611.232393	642.834049	2.000000	17.827327
11.000000	24.000000	21.000000	235.000000	630.000000	41.000000	223.327304	620.542639	1.000000	18.738734
11.000000	25.000000	22.000000	437.000000	768.000000	53.000000	441.115869	769.133420	1.000000	19.482060
11.000000	26.000000	23.000000	227.000000	799.000000	51.000000	223.552778	811.350896	1.000000	20.145647
11.000000	27.000000	24.000000	319.000000	907.000000	62.000000	314.612039	896.880903	1.000000	20.875834
11.000000	28.000000	25.000000	228.000000	931.000000	61.000000	226.230045	952.234909	1.000000	21.531471
11.000000	29.000000	26.000000	454.000000	997.000000	73.000000	455.191331	994.477222	2.000000	22.594265
11.000000	30.000000	27.000000	605.000000	941.000000	64.000000	603.680887	932.897347	1.000000	23.537644
11.000000	31.000000	28.000000	625.000000	809.000000	54.000000	623.641220	824.103250	2.000000	24.267128
11.000000	32.000000	29.000000	756.000000	932.000000	65.000000	752.507950	926.126058	2.000000	25.241609
11.000000	33.000000	30.000000	697.000000	754.000000	55.000000	703.084255	746.733855	1.000000	25.978334
11.000000	34.000000	31.000000	854.000000	776.000000	56.000000	843.073985	772.819876	2.000000	26.498465
11.000000	35.000000	32.000000	986.000000	893.000000	67.000000	993.890119	911.856840	1.000000	27.402292
11.000000	36.000000	33.000000	899.000000	1090.000000	76.000000	891.095134	1079.878856	1.000000	28.441821
11.000000	37.000000	34.000000	1164.000000	1014.000000	78.000000	1152.157411	1013.335667	2.000000	29.394454
11.000000	38.000000	35.000000	1273.000000	1021.000000	79.000000	1258.943245	1034.774029	1.000000	29.995663
11.000000	39.000000	36.000000	1239.000000	905.000000	69.000000	1230.772199	907.262327	2.000000	30.442909
11.000000	40.000000	37.000000	1162.000000	898.000000	68.000000	1161.624771	888.928641	2.000000	30.953903
11.000000	41.000000	38.000000	1389.000000	710.000000	50.000000	1386.529469	704.379713	2.000000	32.355258
11.000000	42.000000	39.000000	1092.000000	626.000000	48.000000	1099.892080	628.160777	2.000000	33.331469
11.000000	43.000000	40.000000	1256.000000	743.000000	59.000000	1246.527955	754.630365	1.000000	34.146962
12.000000	1.000000	1.000000	761.000000	677.000000	45.000000	760.339392	664.718925	2.000000	0.824016
12.000000	2.000000	2.000000	862.000000	515.000000	36.000000	853.814969	511.161703	1.000000	1.663209
12.000000	3.000000	3.000000	745.000000	422.000000	25.000000	741.376169	426.825235	1.000000	2.327211
12.000000	4.000000	4.000000	861.000000	311.000000	16.000000	856.771260	323.588015	1.000000	3.824097
12.000000	5.000000	5.000000	595.000000	431.000000	24.000000	598.100165	427.950232	1.000000	4.623078
12.000000	6.000000	6.000000	698.000000	256.000000	15.000000	703.877587	248.538970	2.000000	5.622486
12.000000	7.000000	7.000000	750.000000	167.000000	5.000000	750.698144	163.762707	2.000000	6.103949
12.000000	8.000000	8.000000	1027.000000	161.000000	7.000000	1024.165849	163.043082	1.000000	7.046252
12.000000	9.000000	9.000000	1103.000000	125.000000	8.000000	1100.795365	138.224707	1.000000	7.527794
12.000000	10.000000	10.000000	1269.000000	113.000000	9.000000	1261.662688	124.222289	2.000000	8.711573
12.000000	11.000000	11.000000	1357.000000	134.000000	10.000000	1353.400367	141.148414	2.000000	9.487131
12.000000	12.000000	12.000000	1418.000000	322.000000	20.000000	1415.936333	303.684940	2.000000	10.287671
12.000000	13.000000	13.000000	1241.000000	291.000000	19.000000	1228.198697	270.126236	2.000000	10.967829
12.000000	14.000000	14.000000	1129.000000	309.000000	18.000000	1139.937777	317.586593	2.000000	11.846457
12.000000	15.000000	15.000000	1135.000000	393.000000	28.000000	1143.562257	379.620968	2.000000	12.311380
12.000000	16.000000	16.000000	1283.000000	567.000000	39.000000	1288.192296	570.644509	1.000000	13.168480
12.000000	17.000000	17.000000	1221.000000	660.000000	49.000000	1228.794713	672.150581	1.000000	13.774468
12.000000	18.000000	18.000000	1278.000000	815.000000	59.000000	1281.559873	810.309539	1.000000	14.415719
12.000000	19.000000	19.000000	1261.000000	869.000000	69.000000	1263.706120	878.687154	1.000000	14.855948
12.000000	20.000000	20.000000	1410.000000	869.000000	70.000000	1414.953934	870.770021	1.000000	15.544117
12.000000	21.000000	21.000000	1424.000000	706.000000	50.000000	1422.498300	703.023319	1.000000	16.382979
12.000000	22.000000	22.000000	973.000000	989.000000	77.000000	975.481174	993.295773	1.000000	17.495596
12.000000	23.000000	23.000000	1096.000000	793.000000	58.000000	1092.697418	785.906889	2.000000	18.030956
12.000000	24.000000	24.000000	887.000000	787.000000	56.000000	876.981587	778.894860	2.000000	18.590683
12.000000	25.000000	25.000000	595.000000	761.000000	54.000000	590.190571	749.719093	2.000000	20.311587
12.000000	26.000000	26.000000	501.000000	756.000000	53.000000	487.615167	746.153098	1.000000	20.942640
12.000000	27.000000	27.000000	463.000000	600.000000	43.000000	472.240089	622.532034	2.000000	21.632438
12.000000	28.000000	28.000000	310.000000	617.000000	42.000000	324.494706	623.350652	2.000000	22.566455
12.000000	29.000000	29.000000	328.000000	361.000000	22.000000	325.179100	383.081233	2.000000	23.350460
12.000000	30.000000	30.000000	216.000000	408.000000	21.000000	205.604284	421.297817	2.000000	24.695499
12.000000	31.000000	31.000000	316.000000	170.000000	2.000000	307.818987	171.722661	2.000000	25.456031
12.000000	32.000000	32.000000	490.000000	178.000000	3.000000	484.716644	189.019599	2.000000	26.086383
12.000000	33.000000	33.000000	604.000000	127.000000	4.000000	604.969315	136.150123	1.000000	26.608377
12.000000	34.000000	34.000000	499.000000	286.000000	13.000000	496.208187	291.568037	1.000000	27.135152
12.000000	35.000000	35.000000	348.000000	276.000000	12.000000	351.677511	261.918420	1.000000	27.624386
12.000000	36.000000	36.000000	196.000000	258.000000	11.000000	185.764873	260.266553	1.000000	28.496340
12.000000	37.000000	37.000000	454.000000	524.000000	33.000000	449.220561	518.039639	1.000000	29.495972
12.000000	38.000000	38.000000	188.000000	794.000000	51.000000	188.948821	781.618751	1.000000	30.488161
12.000000	39.000000	39.000000	464.000000	1015.000000	73.000000	468.743596	1011.624210	2.000000	31.574888
12.000000	40.000000	40.000000	632.000000	1045.000000	74.000000	635.221468	1045.715273	2.000000	32.168366
13.000000	1.000000	1.000000	873.000000	557.000000	36.000000	872.140764	572.655689	2.000000	1.280081
13.000000	2.000000	2.000000	858.000000	272.000000	16.000000	859.925803	265.951418	2.000000	2.080922
13.000000	3.000000	3.000000	874.000000	176.000000	6.000000	872.921532	193.730879	2.000000	2.855221
13.000000	4.000000	4.000000	1031.000000	130.000000	7.000000	1026.422342	124.265162	2.000000	3.519253
13.000000	5.000000	5.000000	1129.000000	135.000000	8.000000	1124.664254	131.143626	2.000000	4.063110
13.000000	6.000000	6.000000	1230.000000	190.000000	9.000000	1230.268017	199.567927	1.000000	4.840464
13.000000	7.000000	7.000000	1394.000000	235.000000	20.000000	1391.708409	250.399184	1.000000	5.574914
13.000000	8.000000	8.000000	1022.000000	266.000000	17.000000	1028.222465	262.894300	1.000000	6.671080
13.000000	9.000000	9.000000	1233.000000	425.000000	29.000000	1245.993858	420.309329	2.000000	7.440863
13.000000	10.000000	10.000000	1367.000000	550.000000	40.000000	1366.526210	561.781080	2.000000	8.688091
13.000000	11.000000	11.000000	1243.000000	549.000000	39.000000	1229.812127	535.552095	2.000000	9.287322
13.000000	12.000000	12.000000	1092.000000	527.000000	38.000000	1091.999925	516.176898	2.000000	9.992588
13.000000	13.000000	13.000000	1281.000000	859.000000	69.000000	1280.874930	870.043362	2.000000	11.039349
13.000000	14.000000	14.000000	1381.000000	899.000000	70.000000	1371.569492	916.169533	2.000000	11.512926
13.000000	15.000000	15.000000	1009.000000	681.000000	47.000000	996.347792	682.818243	2.000000	12.295847
13.000000	16.000000	16.000000	1154.000000	929.000000	68.000000	1155.922368	911.116171	1.000000	13.190869
13.000000	17.000000	17.000000	1252.000000	1008.000000	79.000000	1254.633024	995.569308	1.000000	13.856640
13.000000	18.000000	18.000000	1404.000000	1021.000000	80.000000	1410.641363	1028.408659	1.000000	14.455440
13.000000	19.000000	19.000000	1148.000000	639.000000	48.000000	1153.158565	645.114211	1.000000	15.279349
13.000000	20.000000	20.000000	864.000000	806.000000	56.000000	871.983448	806.439003	1.000000	15.999275
13.000000	21.000000	21.000000	881.000000	925.000000	66.000000	874.824570	916.244330	1.000000	16.496578
13.000000	22.000000	22.000000	1038.000000	1026.000000	77.000000	1027.007846	1029.274568	1.000000	17.144208
13.000000	23.000000	23.000000	1001.000000	885.000000	67.000000	993.649930	886.083958	2.000000	17.655704
13.000000	24.000000	24.000000	988.000000	785.000000	57.000000	973.354137	786.630837	2.000000	18.031418
13.000000	25.000000	25.000000	841.000000	1031.000000	76.000000	836.858111	1049.344716	1.000000	18.807930
13.000000	26.000000	26.000000	642.000000	796.000000	54.000000	634.071979	810.061251	2.000000	19.720842
13.000000	27.000000	27.000000	593.000000	867.000000	64.000000	603.953316	869.435723	1.000000	20.127072
13.000000	28.000000	28.000000	445.000000	774.000000	53.000000	449.412072	769.121413	1.000000	20.944543
13.000000	29.000000	29.000000	231.000000	812.000000	51.000000	232.699747	809.547025	1.000000	21.456171
13.000000	30.000000	30.000000	474.000000	1081.000000	73.000000	466.041865	1082.163305	1.000000	22.263947
13.000000	31.000000	31.000000	254.000000	1071.000000	71.000000	243.355709	1058.579992	2.000000	23.000289
13.000000	32.000000	32.000000	220.000000	570.000000	31.000000	217.959317	574.466190	2.000000	23.903373
13.000000	33.000000	33.000000	189.000000	380.000000	21.000000	190.504597	395.383746	2.000000	24.423413
13.000000	34.000000	34.000000	194.000000	177.000000	1.000000	196.076871	164.538221	2.000000	25.368618
13.000000	35.000000	35.000000	310.000000	238.000000	12.000000	313.911115	255.543675	1.000000	25.928925
13.000000	36.000000	36.000000	348.000000	492.000000	32.000000	346.550550	499.262554	1.000000	26.680122
13.000000	37.000000	37.000000	607.000000	431.000000	24.000000	595.044651	438.354517	2.000000	27.368390
13.000000	38.000000	38.000000	623.000000	278.000000	14.000000	607.945107	294.204834	1.000000	27.833193
13.000000	39.000000	39.000000	622.000000	160.000000	4.000000	619.415905	179.852604	1.000000	28.326827
13.000000	40.000000	40.000000	726.000000	293.000000	15.000000	726.720619	304.375434	1.000000	28.862845
14.000000	1.000000	1.000000	858.000000	690.000000	46.000000	864.967891	701.587996	1.000000	0.731099
14.000000	2.000000	2.000000	952.000000	721.000000	47.000000	965.602742	707.158878	1.000000	1.321981
14.000000	3.000000	0.000000	960.000000	788.000000	57.000000	957.549429	759.765754	1.000000	1.699306
14.000000	4.000000	3.000000	956.000000	770.000000	57.000000	957.549429	759.765754	1.000000	2.347647
14.000000	5.000000	4.000000	1106.000000	713.000000	48.000000	1098.205985	697.857137	2.000000	2.969506
14.000000	6.000000	5.000000	1135.000000	575.000000	38.000000	1137.767091	578.463257	2.000000	3.689533
14.000000	7.000000	6.000000	1238.000000	542.000000	39.000000	1244.723542	529.112478	2.000000	4.795375
14.000000	8.000000	7.000000	1262.000000	404.000000	29.000000	1257.761858	413.747210	2.000000	5.690958
14.000000	9.000000	8.000000	1419.000000	523.000000	40.000000	1408.591426	528.147641	2.000000	6.393485
14.000000	10.000000	9.000000	1407.000000	404.000000	30.000000	1407.750398	397.408385	1.000000	7.129949
14.000000	11.000000	10.000000	1144.000000	333.000000	18.000000	1142.864845	328.708728	1.000000	7.970986
14.000000	12.000000	11.000000	1010.000000	288.000000	17.000000	1013.848897	278.872073	1.000000	8.514934
14.000000	13.000000	12.000000	957.000000	186.000000	7.000000	962.803244	167.187010	1.000000	9.017632
14.000000	14.000000	13.000000	916.000000	177.000000	6.000000	901.539103	162.134405	1.000000	9.713500
14.000000	15.000000	14.000000	866.000000	260.000000	16.000000	865.424633	248.234267	1.000000	10.363560
14.000000	16.000000	15.000000	994.000000	441.000000	27.000000	1000.424560	440.023006	2.000000	11.321602
14.000000	17.000000	16.000000	1370.000000	252.000000	20.000000	1377.537711	251.207046	2.000000	12.434323
14.000000	18.000000	17.000000	484.000000	172.000000	3.000000	489.681769	164.687190	2.000000	13.867633
14.000000	19.000000	18.000000	335.000000	274.000000	12.000000	329.326407	290.680693	2.000000	14.507616
14.000000	20.000000	19.000000	194.000000	155.000000	1.000000	188.984869	163.127829	1.000000	15.377706
14.000000	21.000000	20.000000	489.000000	303.000000	13.000000	490.888636	299.294772	1.000000	16.370520
14.000000	22.000000	21.000000	492.000000	504.000000	33.000000	501.314422	504.869503	2.000000	17.595169
14.000000	23.000000	22.000000	219.000000	514.000000	31.000000	220.630732	503.683715	1.000000	18.251724
14.000000	24.000000	23.000000	372.000000	752.000000	52.000000	373.786170	761.032023	2.000000	18.802613
14.000000	25.000000	24.000000	600.000000	633.000000	44.000000	601.223433	621.222040	2.000000	19.570483
14.000000	26.000000	25.000000	776.000000	531.000000	35.000000	760.043016	544.792292	2.000000	20.171580
14.000000	27.000000	26.000000	508.000000	902.000000	63.000000	503.001974	903.750936	1.000000	21.211185
14.000000	28.000000	27.000000	498.000000	1073.000000	73.000000	501.695387	1069.085828	1.000000	21.707330
14.000000	29.000000	28.000000	374.000000	1049.000000	72.000000	366.701579	1027.357966	1.000000	22.243393
14.000000	30.000000	29.000000	214.000000	1023.000000	71.000000	205.945602	1006.280240	1.000000	22.857497
14.000000	31.000000	30.000000	624.000000	1031.000000	74.000000	629.325773	1027.796687	2.000000	23.691356
14.000000	32.000000	31.000000	759.000000	1034.000000	75.000000	759.874338	1032.536825	2.000000	24.322682
14.000000	33.000000	32.000000	970.000000	1022.000000	77.000000	962.133574	1021.235543	2.000000	25.610507
14.000000	34.000000	33.000000	1106.000000	882.000000	68.000000	1096.644737	882.247008	2.000000	26.227602
14.000000	35.000000	34.000000	1254.000000	872.000000	69.000000	1247.753598	869.387422	2.000000	26.643514
14.000000	36.000000	35.000000	1252.000000	790.000000	59.000000	1249.489387	774.544277	2.000000	27.090161
14.000000	37.000000	36.000000	1283.000000	995.000000	79.000000	1287.049058	999.995480	2.000000	27.882735
14.000000	38.000000	37.000000	1143.000000	811.000000	58.000000	1145.130869	818.161199	1.000000	28.538022
14.000000	39.000000	38.000000	946.000000	889.000000	67.000000	959.385478	886.137796	1.000000	29.250805
14.000000	40.000000	39.000000	885.000000	953.000000	66.000000	886.233073	939.421560	1.000000	29.859128
14.000000	41.000000	40.000000	760.000000	941.000000	65.000000	748.990071	926.410284	1.000000	30.801534
15.000000	1.000000	1.000000	580.000000	575.000000	34.000000	583.406197	575.276284	1.000000	1.432555
15.000000	2.000000	2.000000	520.000000	568.000000	33.000000	506.802705	558.536074	1.000000	1.895754
15.000000	3.000000	3.000000	631.000000	378.000000	24.000000	626.864369	387.099439	2.000000	2.959787
15.000000	4.000000	4.000000	592.000000	292.000000	14.000000	601.067936	301.798712	2.000000	3.374989
15.000000	5.000000	5.000000	510.000000	267.000000	13.000000	501.015861	269.170274	2.000000	3.791157
15.000000	6.000000	6.000000	365.000000	264.000000	12.000000	358.769936	265.966208	1.000000	4.320340
15.000000	7.000000	7.000000	386.000000	116.000000	2.000000	380.932378	129.761868	1.000000	5.271218
15.000000	8.000000	8.000000	454.000000	119.000000	3.000000	445.309140	135.990981	1.000000	5.745102
15.000000	9.000000	9.000000	225.000000	267.000000	11.000000	204.282823	263.668185	2.000000	6.713066
15.000000	10.000000	10.000000	330.000000	401.000000	22.000000	326.433386	391.439695	2.000000	7.624674
15.000000	11.000000	11.000000	228.000000	426.000000	21.000000	220.581792	446.144937	1.000000	8.111217
15.000000	12.000000	12.000000	374.000000	555.000000	32.000000	374.573420	565.912882	1.000000	8.792366
15.000000	13.000000	13.000000	267.000000	539.000000	31.000000	243.598737	547.514036	2.000000	9.247772
15.000000	14.000000	14.000000	368.000000	656.000000	42.000000	366.276349	640.210309	2.000000	9.743169
15.000000	15.000000	15.000000	471.000000	658.000000	43.000000	463.019043	669.577624	1.000000	10.183063
15.000000	16.000000	16.000000	368.000000	775.000000	52.000000	359.578840	779.055969	1.000000	10.767871
15.000000	17.000000	0.000000	214.000000	717.000000	41.000000	204.303166	689.502316	1.000000	11.480417
15.000000	18.000000	17.000000	211.000000	702.000000	41.000000	204.303166	689.502316	1.000000	12.255923
15.000000	19.000000	18.000000	345.000000	937.000000	62.000000	345.434161	934.436275	1.000000	13.288213
15.000000	20.000000	19.000000	332.000000	1021.000000	72.000000	325.228869	1035.978640	1.000000	13.936048
15.000000	21.000000	20.000000	214.000000	1055.000000	71.000000	217.293123	1057.780784	2.000000	14.560395
15.000000	22.000000	21.000000	593.000000	922.000000	64.000000	570.204810	931.805322	1.000000	15.600607
15.000000	23.000000	22.000000	514.000000	940.000000	63.000000	511.413861	955.899774	1.000000	16.398896
15.000000	24.000000	23.000000	641.000000	1029.000000	74.000000	636.955616	1027.100520	2.000000	16.952948
15.000000	25.000000	24.000000	706.000000	894.000000	65.000000	704.558174	891.015372	2.000000	17.495385
15.000000	26.000000	25.000000	700.000000	1074.000000	75.000000	699.298453	1081.006983	1.000000	18.039999
15.000000	27.000000	26.000000	844.000000	924.000000	66.000000	835.982393	923.941905	2.000000	18.608544
15.000000	28.000000	27.000000	959.000000	1085.000000	77.000000	959.403649	1078.392791	1.000000	19.424613
15.000000	29.000000	28.000000	976.000000	962.000000	67.000000	972.877054	954.451701	2.000000	20.041108
15.000000	30.000000	29.000000	1245.000000	988.000000	79.000000	1238.669680	996.550039	2.000000	21.255932
15.000000	31.000000	30.000000	1283.000000	880.000000	69.000000	1281.808405	895.694472	2.000000	21.879976
15.000000	32.000000	31.000000	1139.000000	667.000000	48.000000	1133.439129	663.134515	2.000000	23.161022
15.000000	33.000000	32.000000	1147.000000	592.000000	38.000000	1144.350412	582.322816	1.000000	23.576129
15.000000	34.000000	33.000000	1420.000000	760.000000	60.000000	1416.453682	769.932393	1.000000	24.425056
15.000000	35.000000	34.000000	1396.000000	524.000000	40.000000	1379.130350	536.955820	2.000000	25.017040
15.000000	36.000000	35.000000	1277.000000	453.000000	29.000000	1279.714522	456.375446	1.000000	26.025108
15.000000	37.000000	36.000000	1413.000000	317.000000	20.000000	1419.811052	321.303245	1.000000	26.663495
15.000000	38.000000	37.000000	1291.000000	318.000000	19.000000	1276.544447	309.129715	2.000000	27.175025
15.000000	39.000000	38.000000	1122.000000	316.000000	18.000000	1118.743344	312.304335	2.000000	27.815871
15.000000	40.000000	39.000000	850.000000	516.000000	36.000000	849.220891	515.175548	2.000000	29.319585
15.000000	41.000000	40.000000	726.000000	204.000000	5.000000	738.227420	194.868548	2.000000	30.144498
16.000000	1.000000	1.000000	865.000000	579.000000	36.000000	850.969752	575.046226	2.000000	1.193208
16.000000	2.000000	2.000000	870.000000	685.000000	46.000000	872.467497	667.678490	2.000000	2.065058
16.000000	3.000000	3.000000	976.000000	506.000000	37.000000	961.626573	507.189896	1.000000	2.681311
16.000000	4.000000	4.000000	849.000000	467.000000	26.000000	837.801143	450.413323	1.000000	3.319148
16.000000	5.000000	5.000000	783.000000	544.000000	35.000000	770.920427	549.420794	2.000000	4.224634
16.000000	6.000000	6.000000	629.000000	618.000000	44.000000	629.288516	626.260660	2.000000	4.952305
16.000000	7.000000	7.000000	578.000000	575.000000	34.000000	570.232159	558.988249	2.000000	5.769350
16.000000	8.000000	8.000000	598.000000	383.000000	24.000000	603.200664	386.459629	1.000000	6.976412
16.000000	9.000000	9.000000	463.000000	588.000000	33.000000	461.448576	571.760957	1.000000	7.793210
16.000000	10.000000	10.000000	348.000000	536.000000	32.000000	348.039673	524.449998	1.000000	8.352238
16.000000	11.000000	11.000000	350.000000	634.000000	42.000000	340.323148	635.913053	2.000000	8.968044
16.000000	12.000000	12.000000	192.000000	565.000000	31.000000	180.982904	554.574932	1.000000	9.689026
16.000000	13.000000	0.000000	345.000000	348.000000	22.000000	353.846904	371.440228	2.000000	10.568716
16.000000	14.000000	13.000000	342.000000	363.000000	22.000000	353.846904	371.440228	2.000000	11.304818
16.000000	15.000000	0.000000	471.000000	225.000000	13.000000	470.325029	255.232679	1.000000	12.031125
16.000000	16.000000	14.000000	478.000000	239.000000	13.000000	470.325029	255.232679	1.000000	12.585081
16.000000	17.000000	15.000000	635.000000	178.000000	4.000000	621.424954	161.183828	2.000000	13.119721
16.000000	18.000000	16.000000	709.000000	171.000000	5.000000	716.017805	183.771096	1.000000	13.639808
16.000000	19.000000	17.000000	739.000000	288.000000	15.000000	740.846464	284.003530	1.000000	14.247263
16.000000	20.000000	18.000000	1113.000000	263.000000	18.000000	1110.723990	275.554490	2.000000	15.336451
16.000000	21.000000	19.000000	1363.000000	199.000000	10.000000	1359.601774	203.495021	2.000000	16.072145
16.000000	22.000000	20.000000	1394.000000	249.000000	20.000000	1394.830760	257.513877	2.000000	16.623361
16.000000	23.000000	21.000000	1277.000000	415.000000	29.000000	1263.753512	417.111654	2.000000	17.271752
16.000000	24.000000	22.000000	1270.000000	589.000000	39.000000	1274.616482	579.847959	2.000000	17.768898
16.000000	25.000000	23.000000	1254.000000	625.000000	49.000000	1253.723395	631.052807	2.000000	18.087601
16.000000	26.000000	24.000000	1409.000000	796.000000	60.000000	1404.506222	817.512285	2.000000	18.849480
16.000000	27.000000	25.000000	1267.000000	1039.000000	79.000000	1257.080569	1029.871019	2.000000	19.832926
16.000000	28.000000	26.000000	1415.000000	1044.000000	80.000000	1412.344173	1043.354347	1.000000	20.448901
16.000000	29.000000	27.000000	1157.000000	827.000000	58.000000	1145.454741	825.568678	1.000000	21.247926
16.000000	30.000000	28.000000	1107.000000	685.000000	48.000000	1108.213818	677.466512	1.000000	21.744274
16.000000	31.000000	29.000000	1005.000000	668.000000	47.000000	1005.414528	677.107749	2.000000	22.519170
16.000000	32.000000	30.000000	1418.000000	381.000000	30.000000	1412.537481	382.232248	1.000000	23.583345
16.000000	33.000000	31.000000	879.000000	791.000000	56.000000	876.064195	790.841414	1.000000	24.927126
16.000000	34.000000	32.000000	757.000000	804.000000	55.000000	738.465261	819.415842	2.000000	25.648553
16.000000	35.000000	33.000000	730.000000	874.000000	65.000000	732.709133	870.352521	1.000000	26.176678
16.000000	36.000000	34.000000	961.000000	1001.000000	77.000000	965.590897	998.976544	1.000000	27.264182
16.000000	37.000000	35.000000	742.000000	1032.000000	75.000000	735.539656	1028.639180	1.000000	28.223387
16.000000	38.000000	36.000000	507.000000	938.000000	63.000000	502.024539	932.304804	2.000000	29.743625
16.000000	39.000000	37.000000	343.000000	807.000000	52.000000	347.989620	798.554075	2.000000	30.313182
16.000000	40.000000	38.000000	351.000000	921.000000	62.000000	354.568751	929.213123	1.000000	30.856486
16.000000	41.000000	39.000000	236.000000	903.000000	61.000000	233.492730	898.780446	1.000000	31.271304
16.000000	42.000000	40.000000	240.000000	1085.000000	71.000000	239.022941	1071.835096	1.000000	31.855184
17.000000	1.000000	1.000000	727.000000	633.000000	45.000000	722.703851	632.819222	2.000000	0.786853
17.000000	2.000000	2.000000	746.000000	512.000000	35.000000	742.453749	497.683124	1.000000	1.764139
17.000000	3.000000	3.000000	871.000000	522.000000	36.000000	869.093515	530.935032	1.000000	2.282670
17.000000	4.000000	4.000000	884.000000	350.000000	26.000000	876.846010	370.040287	2.000000	2.706300
17.000000	5.000000	5.000000	1127.000000	319.000000	18.000000	1135.997709	319.974120	1.000000	3.451637
17.000000	6.000000	6.000000	1230.000000	209.000000	9.000000	1252.818324	202.123298	2.000000	3.994833
17.000000	7.000000	7.000000	1222.000000	233.000000	19.000000	1218.418050	243.346334	1.000000	4.602283
17.000000	8.000000	8.000000	1140.000000	172.000000	8.000000	1135.136339	163.671702	2.000000	5.082136
17.000000	9.000000	9.000000	1403.000000	573.000000	40.000000	1394.776552	551.592297	1.000000	6.059590
17.000000	10.000000	10.000000	1393.000000	637.000000	50.000000	1376.040119	630.048183	1.000000	6.458429
17.000000	11.000000	11.000000	1385.000000	922.000000	70.000000	1381.641632	931.383817	1.000000	7.154222
17.000000	12.000000	12.000000	1393.000000	1043.000000	80.000000	1393.506705	1036.256259	2.000000	7.580003
17.000000	13.000000	13.000000	1241.000000	901.000000	69.000000	1244.138496	894.923320	2.000000	8.243202
17.000000	14.000000	14.000000	1106.000000	1042.000000	78.000000	1102.371822	1018.766551	1.000000	8.786273
17.000000	15.000000	15.000000	960.000000	1031.000000	77.000000	960.125589	1012.719881	2.000000	9.658000
17.000000	16.000000	16.000000	861.000000	1018.000000	76.000000	867.308876	1016.720743	1.000000	10.507790
17.000000	17.000000	17.000000	756.000000	1020.000000	75.000000	755.428678	1028.426758	1.000000	10.884087
17.000000	18.000000	18.000000	880.000000	906.000000	66.000000	888.795089	902.454541	2.000000	11.498365
17.000000	19.000000	19.000000	837.000000	798.000000	56.000000	843.245597	808.749787	1.000000	12.186558
17.000000	20.000000	20.000000	761.000000	777.000000	55.000000	767.704990	763.139892	2.000000	12.635103
17.000000	21.000000	21.000000	897.000000	663.000000	46.000000	897.361845	663.022910	2.000000	13.235744
17.000000	22.000000	22.000000	1130.000000	556.000000	38.000000	1127.721787	561.208181	1.000000	13.946161
17.000000	23.000000	23.000000	619.000000	758.000000	54.000000	622.954209	758.885434	1.000000	14.730106
17.000000	24.000000	24.000000	602.000000	646.000000	44.000000	608.627632	652.411210	1.000000	15.434389
17.000000	25.000000	25.000000	610.000000	538.000000	34.000000	608.653599	526.609039	1.000000	15.892200
17.000000	26.000000	26.000000	563.000000	368.000000	24.000000	570.764150	382.746477	1.000000	16.282568
17.000000	27.000000	27.000000	503.000000	328.000000	13.000000	493.762460	326.244220	2.000000	17.059190
17.000000	28.000000	28.000000	688.000000	262.000000	15.000000	698.887659	256.770112	2.000000	17.691175
17.000000	29.000000	29.000000	622.000000	200.000000	4.000000	618.666531	188.729644	2.000000	18.115796
17.000000	30.000000	30.000000	460.000000	161.000000	3.000000	457.072723	154.538251	2.000000	19.235134
17.000000	31.000000	31.000000	193.000000	141.000000	1.000000	181.637590	142.988597	2.000000	20.443237
17.000000	32.000000	32.000000	322.000000	337.000000	12.000000	327.784075	320.965078	1.000000	21.299954
17.000000	33.000000	33.000000	221.000000	403.000000	21.000000	223.786188	396.766134	2.000000	21.682625
17.000000	34.000000	34.000000	515.000000	548.000000	33.000000	500.377733	546.476447	2.000000	22.331332
17.000000	35.000000	35.000000	365.000000	513.000000	32.000000	360.545529	493.833198	1.000000	22.923408
17.000000	36.000000	36.000000	194.000000	566.000000	31.000000	190.595121	563.163133	2.000000	23.619173
17.000000	37.000000	37.000000	458.000000	660.000000	43.000000	453.907685	664.676242	1.000000	24.290631
17.000000	38.000000	38.000000	582.000000	911.000000	64.000000	588.037642	909.995254	2.000000	25.218730
17.000000	39.000000	39.000000	510.000000	920.000000	63.000000	507.895040	921.796886	1.000000	25.578596
17.000000	40.000000	40.000000	356.000000	1011.000000	72.000000	347.436194	998.014031	2.000000	26.747476
18.000000	1.000000	1.000000	700.000000	818.000000	55.000000	711.576102	813.029558	2.000000	1.646742
18.000000	2.000000	2.000000	622.000000	800.000000	54.000000	616.834377	788.315187	2.000000	2.134807
18.000000	3.000000	3.000000	499.000000	818.000000	53.000000	489.057160	820.556566	1.000000	3.008782
18.000000	4.000000	4.000000	328.000000	647.000000	42.000000	317.625033	651.373635	1.000000	3.630537
18.000000	5.000000	5.000000	243.000000	497.000000	31.000000	245.720373	509.211090	1.000000	4.238711
18.000000	6.000000	6.000000	199.000000	390.000000	21.000000	187.936422	394.335739	1.000000	5.023511
18.000000	7.000000	7.000000	186.000000	312.000000	11.000000	190.827715	302.513021	2.000000	5.454576
18.000000	8.000000	8.000000	343.000000	178.000000	2.000000	356.871769	168.117835	2.000000	6.256039
18.000000	9.000000	9.000000	625.000000	194.000000	4.000000	624.526638	205.550572	2.000000	7.111217
18.000000	10.000000	10.000000	377.000000	253.000000	12.000000	373.997446	257.645740	1.000000	7.984612
18.000000	11.000000	11.000000	855.000000	149.000000	6.000000	844.633246	139.748469	2.000000	8.592048
18.000000	12.000000	12.000000	964.000000	141.000000	7.000000	961.579776	137.649737	1.000000	9.063996
18.000000	13.000000	13.000000	991.000000	302.000000	17.000000	997.421699	304.734677	2.000000	9.919197
18.000000	14.000000	14.000000	1371.000000	193.000000	10.000000	1360.201548	185.836004	1.000000	10.838777
18.000000	15.000000	15.000000	1392.000000	242.000000	20.000000	1384.460109	243.379889	1.000000	11.463644
18.000000	16.000000	16.000000	1291.000000	388.000000	29.000000	1275.666057	387.366823	1.000000	12.214602
18.000000	17.000000	17.000000	1270.000000	520.000000	39.000000	1274.403805	504.735055	1.000000	12.958766
18.000000	18.000000	18.000000	1148.000000	525.000000	38.000000	1143.663016	510.591482	2.000000	13.543320
18.000000	19.000000	19.000000	1096.000000	633.000000	48.000000	1091.434753	629.572278	2.000000	14.070631
18.000000	20.000000	20.000000	992.000000	657.000000	47.000000	997.192101	653.060178	2.000000	14.463362
18.000000	21.000000	21.000000	1000.000000	528.000000	37.000000	1000.811557	520.533403	2.000000	15.032004
18.000000	22.000000	22.000000	1368.000000	691.000000	50.000000	1361.996321	703.777393	1.000000	16.152380
18.000000	23.000000	23.000000	1411.000000	811.000000	60.000000	1412.257140	827.180227	2.000000	16.664214
18.000000	24.000000	24.000000	1404.000000	1023.000000	80.000000	1412.522879	1016.430246	1.000000	17.272544
18.000000	25.000000	25.000000	1240.000000	938.000000	69.000000	1244.157897	937.538084	2.000000	17.950604
18.000000	26.000000	26.000000	1090.000000	897.000000	68.000000	1087.578694	901.857662	1.000000	18.422454
18.000000	27.000000	0.000000	1097.000000	803.000000	58.000000	1098.201141	831.442439	1.000000	18.784204
18.000000	28.000000	27.000000	1089.000000	820.000000	58.000000	1098.201141	831.442439	1.000000	19.582832
18.000000	29.000000	28.000000	970.000000	893.000000	67.000000	963.215317	900.359701	2.000000	20.264384
18.000000	30.000000	29.000000	1008.000000	988.000000	77.000000	1009.670706	995.249427	1.000000	20.791281
18.000000	31.000000	30.000000	831.000000	900.000000	66.000000	832.242227	889.039733	2.000000	21.534485
18.000000	32.000000	31.000000	575.000000	1043.000000	74.000000	572.947617	1051.932641	2.000000	22.431426
18.000000	33.000000	32.000000	746.000000	1050.000000	75.000000	733.966524	1054.021485	1.000000	22.894729
18.000000	34.000000	33.000000	601.000000	946.000000	64.000000	594.690131	954.624587	2.000000	23.543882
18.000000	35.000000	34.000000	502.000000	1077.000000	73.000000	507.370647	1072.818776	1.000000	24.087001
18.000000	36.000000	35.000000	453.000000	945.000000	63.000000	454.166122	941.743295	1.000000	24.663635
18.000000	37.000000	36.000000	314.000000	1020.000000	72.000000	318.046634	1016.899389	1.000000	25.238998
18.000000	38.000000	37.000000	184.000000	1026.000000	71.000000	190.035506	1024.825033	1.000000	25.880702
18.000000	39.000000	38.000000	254.000000	931.000000	61.000000	248.686533	918.807699	2.000000	26.799845
18.000000	40.000000	39.000000	457.000000	532.000000	33.000000	465.729961	523.488570	2.000000	28.095461
18.000000	41.000000	40.000000	622.000000	411.000000	24.000000	620.166193	424.558126	2.000000	28.886365
19.000000	1.000000	1.000000	737.000000	595.000000	45.000000	734.325353	617.547688	2.000000	1.219630
19.000000	2.000000	2.000000	773.000000	429.000000	25.000000	766.544481	426.128390	2.000000	1.841830
19.000000	3.000000	3.000000	900.000000	489.000000	36.000000	897.858164	506.401299	1.000000	2.378434
19.000000	4.000000	4.000000	984.000000	492.000000	37.000000	967.919525	497.434447	1.000000	2.825498
19.000000	5.000000	5.000000	998.000000	418.000000	27.000000	995.973248	403.234521	1.000000	3.267148
19.000000	6.000000	6.000000	1147.000000	318.000000	18.000000	1146.145759	306.369712	2.000000	3.833881
19.000000	7.000000	7.000000	1147.000000	131.000000	8.000000	1138.443226	142.839068	2.000000	4.425752
19.000000	8.000000	8.000000	885.000000	136.000000	6.000000	887.747901	144.973769	2.000000	5.105748
19.000000	9.000000	9.000000	737.000000	168.000000	5.000000	741.926228	178.634509	1.000000	5.930449
19.000000	10.000000	10.000000	622.000000	145.000000	4.000000	629.236019	155.609110	1.000000	6.323297
19.000000	11.000000	11.000000	379.000000	153.000000	2.000000	364.575453	160.103969	1.000000	6.851248
19.000000	12.000000	12.000000	236.000000	192.000000	1.000000	250.848668	189.081656	2.000000	7.314376
19.000000	13.000000	0.000000	218.000000	432.000000	21.000000	228.682555	455.447148	2.000000	8.122228
19.000000	14.000000	13.000000	235.000000	444.000000	21.000000	228.682555	455.447148	2.000000	8.674147
19.000000	15.000000	14.000000	356.000000	423.000000	22.000000	337.269743	415.260209	2.000000	9.130092
19.000000	16.000000	15.000000	462.000000	411.000000	23.000000	473.575768	405.894280	1.000000	9.698879
19.000000	17.000000	16.000000	637.000000	393.000000	24.000000	639.594389	388.159401	2.000000	10.418651
19.000000	18.000000	17.000000	580.000000	562.000000	34.000000	577.854377	558.379091	1.000000	11.065773
19.000000	19.000000	18.000000	226.000000	669.000000	41.000000	222.167472	661.609772	2.000000	11.889725
19.000000	20.000000	19.000000	245.000000	866.000000	61.000000	242.538606	883.037168	2.000000	12.650034
19.000000	21.000000	20.000000	485.000000	873.000000	63.000000	466.137714	871.322536	2.000000	13.402295
19.000000	22.000000	0.000000	337.000000	746.000000	52.000000	318.158101	765.399671	1.000000	14.379657
19.000000	23.000000	21.000000	316.000000	764.000000	52.000000	318.158101	765.399671	1.000000	14.665563
19.000000	24.000000	22.000000	207.000000	1033.000000	71.000000	212.592518	1014.380531	1.000000	15.737926
19.000000	25.000000	23.000000	488.000000	745.000000	53.000000	484.626842	752.668113	1.000000	16.707188
19.000000	26.000000	24.000000	588.000000	919.000000	64.000000	587.668800	917.845051	1.000000	18.114226
19.000000	27.000000	25.000000	621.000000	1061.000000	74.000000	618.848322	1063.376223	2.000000	18.883691
19.000000	28.000000	26.000000	711.000000	1060.000000	75.000000	710.859024	1054.836764	1.000000	19.506588
19.000000	29.000000	27.000000	750.000000	784.000000	55.000000	746.207029	803.599279	1.000000	20.570934
19.000000	30.000000	28.000000	846.000000	698.000000	46.000000	844.530948	690.726847	2.000000	21.011017
19.000000	31.000000	29.000000	1010.000000	618.000000	47.000000	1015.281777	630.125904	2.000000	21.610123
19.000000	32.000000	30.000000	1148.000000	478.000000	38.000000	1148.776670	492.785619	2.000000	22.394020
19.000000	33.000000	31.000000	1395.000000	317.000000	20.000000	1395.551735	306.566362	2.000000	23.442282
19.000000	34.000000	32.000000	1130.000000	642.000000	48.000000	1130.699419	618.981033	1.000000	24.338890
19.000000	35.000000	33.000000	1234.000000	638.000000	49.000000	1237.479739	630.368560	1.000000	24.987680
19.000000	36.000000	34.000000	1159.000000	795.000000	58.000000	1154.866005	807.914958	1.000000	25.585587
19.000000	37.000000	35.000000	1257.000000	911.000000	69.000000	1248.821555	909.469449	1.000000	26.234254
19.000000	38.000000	36.000000	1370.000000	921.000000	70.000000	1372.494819	933.370955	2.000000	26.898657
19.000000	39.000000	37.000000	1281.000000	825.000000	59.000000	1275.762971	812.312449	2.000000	27.530458
19.000000	40.000000	38.000000	999.000000	898.000000	67.000000	1001.500014	907.591549	2.000000	28.290124
19.000000	41.000000	39.000000	1115.000000	987.000000	78.000000	1117.411384	997.325172	1.000000	28.891189
19.000000	42.000000	0.000000	852.000000	1107.000000	76.000000	877.913482	1075.909136	1.000000	29.410423
19.000000	43.000000	40.000000	873.000000	1094.000000	76.000000	877.913482	1075.909136	1.000000	29.803726
20.000000	1.000000	1.000000	768.000000	649.000000	45.000000	768.509503	642.610320	1.000000	1.264466
20.000000	2.000000	2.000000	714.000000	511.000000	35.000000	715.554160	525.670333	1.000000	1.950986
20.000000	3.000000	3.000000	485.000000	510.000000	33.000000	493.927798	524.013990	1.000000	2.616916
20.000000	4.000000	4.000000	465.000000	389.000000	23.000000	460.746567	396.708437	1.000000	3.791329
20.000000	5.000000	5.000000	483.000000	304.000000	13.000000	490.394095	296.994230	2.000000	4.504849
20.000000	6.000000	6.000000	469.000000	105.000000	3.000000	475.333776	117.939477	2.000000	4.999308
20.000000	7.000000	7.000000	190.000000	240.000000	11.000000	189.096396	252.163091	1.000000	6.047934
20.000000	8.000000	8.000000	239.000000	376.000000	21.000000	231.479226	397.670319	2.000000	6.688179
20.000000	9.000000	0.000000	171.000000	584.000000	31.000000	193.692656	557.122516	2.000000	7.183664
20.000000	10.000000	9.000000	186.000000	571.000000	31.000000	193.692656	557.122516	2.000000	7.575679
20.000000	11.000000	10.000000	360.000000	608.000000	42.000000	356.118788	621.084960	1.000000	8.167829
20.000000	12.000000	11.000000	448.000000	684.000000	43.000000	440.129408	695.834760	2.000000	8.857167
20.000000	13.000000	12.000000	319.000000	743.000000	52.000000	313.178670	755.785027	1.000000	9.416852
20.000000	14.000000	13.000000	334.000000	875.000000	62.000000	337.948759	879.406560	2.000000	10.041043
20.000000	15.000000	14.000000	507.000000	881.000000	63.000000	506.663524	886.818275	2.000000	10.711331
20.000000	16.000000	15.000000	581.000000	912.000000	64.000000	586.106616	930.780956	2.000000	11.287446
20.000000	17.000000	0.000000	552.000000	1052.000000	74.000000	581.475896	1080.822433	2.000000	11.767089
20.000000	18.000000	16.000000	509.000000	1047.000000	73.000000	511.062731	1037.467108	2.000000	12.359339
20.000000	19.000000	17.000000	568.000000	1085.000000	74.000000	581.475896	1080.822433	2.000000	12.911882
20.000000	20.000000	18.000000	696.000000	820.000000	55.000000	701.266530	829.654693	1.000000	13.792431
20.000000	21.000000	19.000000	607.000000	790.000000	54.000000	604.202049	774.387145	1.000000	14.399502
20.000000	22.000000	20.000000	719.000000	392.000000	25.000000	709.066974	391.286603	2.000000	15.455258
20.000000	23.000000	21.000000	733.000000	213.000000	5.000000	736.437829	198.664136	2.000000	16.167824
20.000000	24.000000	22.000000	855.000000	131.000000	6.000000	847.833850	143.124185	2.000000	16.736991
20.000000	25.000000	23.000000	836.000000	438.000000	26.000000	835.356455	447.713283	1.000000	17.689096
20.000000	26.000000	24.000000	618.000000	305.000000	14.000000	631.675111	308.532043	1.000000	18.640958
20.000000	27.000000	25.000000	956.000000	429.000000	27.000000	962.744768	441.512215	1.000000	19.385124
20.000000	28.000000	0.000000	1139.000000	420.000000	28.000000	1127.125041	395.905079	1.000000	20.072518
20.000000	29.000000	26.000000	1135.000000	374.000000	28.000000	1127.125041	395.905079	1.000000	20.335008
20.000000	30.000000	27.000000	1120.000000	206.000000	8.000000	1121.819560	206.291425	2.000000	21.296420
20.000000	31.000000	28.000000	1410.000000	126.000000	10.000000	1415.858404	137.788706	2.000000	22.239610
20.000000	32.000000	29.000000	1383.000000	318.000000	20.000000	1375.658443	320.000494	1.000000	23.048320
20.000000	33.000000	30.000000	1134.000000	519.000000	38.000000	1126.487236	500.571625	1.000000	24.103307
20.000000	34.000000	31.000000	1233.000000	510.000000	39.000000	1240.426064	511.660635	2.000000	24.655562
20.000000	35.000000	32.000000	1395.000000	786.000000	60.000000	1399.608130	795.747092	1.000000	25.527011
20.000000	36.000000	33.000000	1390.000000	928.000000	70.000000	1383.412664	927.119752	2.000000	26.032130
20.000000	37.000000	34.000000	1391.000000	1055.000000	80.000000	1377.521189	1069.368577	2.000000	26.464387
20.000000	38.000000	35.000000	1248.000000	923.000000	69.000000	1246.740286	915.917106	1.000000	27.303201
20.000000	39.000000	36.000000	1144.000000	1025.000000	78.000000	1149.801456	1039.624104	1.000000	27.704484
20.000000	40.000000	37.000000	1103.000000	873.000000	68.000000	1098.604740	882.784228	1.000000	28.232244
20.000000	41.000000	38.000000	1009.000000	828.000000	57.000000	1002.318361	819.023051	2.000000	28.887185
20.000000	42.000000	0.000000	1128.000000	644.000000	48.000000	1125.031816	675.231801	2.000000	29.328787
20.000000	43.000000	39.000000	1128.000000	654.000000	48.000000	1125.031816	675.231801	2.000000	29.665051
20.000000	44.000000	40.000000	868.000000	792.000000	56.000000	861.040552	798.573916	1.000000	30.368941
