MultiTargForag_2	Participant_Code = 37a
Search_Type = 1	CB_Targets = 2
Trial	Click_Num	Target_Click_Order	Click_X	Click_y	Item_selected	Item_X	Item_Y	Target_Set	RT
1.000000	1.000000	1.000000	750.000000	561.000000	46.000000	752.747060	568.400371	2.000000	1.582058
1.000000	2.000000	2.000000	959.000000	654.000000	58.000000	954.991507	667.506074	1.000000	2.682651
1.000000	3.000000	3.000000	990.000000	604.000000	48.000000	996.774271	595.843760	2.000000	3.578445
1.000000	4.000000	4.000000	1056.000000	554.000000	49.000000	1060.612795	554.105918	2.000000	4.162434
1.000000	5.000000	5.000000	1000.000000	495.000000	38.000000	992.423575	491.861469	2.000000	4.804179
1.000000	6.000000	6.000000	1106.000000	374.000000	29.000000	1096.379262	379.670054	1.000000	6.460586
1.000000	7.000000	7.000000	900.000000	383.000000	27.000000	887.398409	384.927178	2.000000	7.339113
1.000000	8.000000	8.000000	887.000000	442.000000	37.000000	888.709742	444.091009	2.000000	7.835801
1.000000	9.000000	9.000000	627.000000	675.000000	55.000000	620.503554	674.254829	2.000000	9.235243
1.000000	10.000000	10.000000	554.000000	783.000000	64.000000	547.312552	786.412458	2.000000	10.611955
1.000000	11.000000	11.000000	724.000000	714.000000	56.000000	727.844537	717.844813	1.000000	11.659673
1.000000	12.000000	12.000000	656.000000	807.000000	65.000000	645.756254	816.989191	1.000000	12.218867
1.000000	13.000000	13.000000	742.000000	809.000000	66.000000	745.541490	819.717171	1.000000	12.811756
1.000000	14.000000	14.000000	545.000000	870.000000	74.000000	539.450643	876.098481	1.000000	13.626767
1.000000	15.000000	15.000000	430.000000	912.000000	73.000000	422.161513	921.744018	2.000000	14.420173
1.000000	16.000000	16.000000	843.000000	908.000000	77.000000	845.850635	918.102198	2.000000	15.515773
1.000000	17.000000	17.000000	979.000000	917.000000	78.000000	985.416061	932.104624	2.000000	16.156059
1.000000	18.000000	18.000000	1076.000000	868.000000	79.000000	1086.269551	868.636211	2.000000	16.803367
1.000000	19.000000	19.000000	1166.000000	818.000000	70.000000	1172.919738	818.043826	1.000000	17.419210
1.000000	20.000000	20.000000	1208.000000	881.000000	80.000000	1206.077349	901.037321	2.000000	18.122835
1.000000	21.000000	21.000000	1212.000000	608.000000	50.000000	1207.245984	602.043951	1.000000	19.468052
1.000000	22.000000	22.000000	1079.000000	675.000000	59.000000	1082.756815	680.787084	2.000000	20.323847
1.000000	23.000000	23.000000	1169.000000	332.000000	30.000000	1169.265275	348.807476	2.000000	21.788299
1.000000	24.000000	24.000000	1199.000000	277.000000	20.000000	1201.415271	282.974641	1.000000	22.340617
1.000000	25.000000	25.000000	968.000000	292.000000	18.000000	961.273922	287.509586	1.000000	23.547694
1.000000	26.000000	26.000000	1185.000000	154.000000	10.000000	1190.691560	152.675231	2.000000	25.004529
1.000000	27.000000	27.000000	727.000000	326.000000	26.000000	737.491487	333.809882	2.000000	26.386887
1.000000	28.000000	28.000000	746.000000	269.000000	16.000000	746.673294	263.784556	1.000000	26.899647
1.000000	29.000000	29.000000	845.000000	173.000000	7.000000	852.196454	174.081465	1.000000	28.012550
1.000000	30.000000	30.000000	628.000000	140.000000	5.000000	618.485784	135.531754	1.000000	29.020293
1.000000	31.000000	31.000000	542.000000	169.000000	4.000000	539.055392	178.067106	1.000000	29.548272
1.000000	32.000000	32.000000	535.000000	220.000000	14.000000	524.302046	226.092068	2.000000	30.058472
1.000000	33.000000	33.000000	425.000000	355.000000	23.000000	434.415219	359.309797	1.000000	31.194564
1.000000	34.000000	34.000000	328.000000	364.000000	22.000000	318.356491	361.771605	1.000000	32.100249
1.000000	35.000000	35.000000	194.000000	466.000000	31.000000	191.207904	477.298102	2.000000	33.556606
1.000000	36.000000	36.000000	199.000000	526.000000	41.000000	196.133660	543.210659	1.000000	34.291532
1.000000	37.000000	37.000000	333.000000	499.000000	32.000000	330.015567	507.457977	2.000000	35.028640
1.000000	38.000000	38.000000	517.000000	640.000000	54.000000	515.637088	652.811416	1.000000	36.116549
1.000000	39.000000	39.000000	444.000000	693.000000	53.000000	429.842031	705.544849	1.000000	36.820348
1.000000	40.000000	40.000000	221.000000	881.000000	71.000000	214.035621	883.289846	1.000000	38.171321
1.000000	1.000000	1.000000	515.000000	548.000000	44.000000	512.617781	552.356710	2.000000	1.083640
1.000000	2.000000	2.000000	540.000000	459.000000	34.000000	535.030033	441.027608	2.000000	1.723628
1.000000	3.000000	3.000000	412.000000	443.000000	33.000000	412.174317	445.361257	2.000000	2.435277
1.000000	4.000000	4.000000	551.000000	373.000000	24.000000	538.855896	372.722758	2.000000	3.201734
1.000000	5.000000	5.000000	661.000000	490.000000	35.000000	669.172097	501.971913	1.000000	3.882409
1.000000	6.000000	6.000000	739.000000	452.000000	36.000000	742.725895	455.208534	1.000000	4.394972
1.000000	7.000000	7.000000	763.000000	364.000000	26.000000	745.854691	366.617122	2.000000	5.243439
1.000000	8.000000	8.000000	777.000000	287.000000	16.000000	774.655204	285.861625	2.000000	5.905978
1.000000	9.000000	9.000000	889.000000	452.000000	37.000000	884.186039	450.996469	1.000000	6.555408
1.000000	10.000000	10.000000	770.000000	601.000000	46.000000	771.509324	599.261644	1.000000	7.514426
1.000000	11.000000	11.000000	763.000000	120.000000	6.000000	759.009956	126.890579	1.000000	8.371760
1.000000	12.000000	12.000000	642.000000	242.000000	15.000000	643.764398	244.237742	1.000000	9.219938
1.000000	13.000000	13.000000	534.000000	158.000000	4.000000	524.020468	161.329839	1.000000	9.756123
1.000000	14.000000	14.000000	440.000000	141.000000	3.000000	431.158652	142.801674	2.000000	10.338281
1.000000	15.000000	15.000000	416.000000	247.000000	13.000000	423.538952	257.832867	2.000000	11.187202
1.000000	16.000000	16.000000	855.000000	111.000000	7.000000	861.552106	121.677665	1.000000	12.483049
1.000000	17.000000	17.000000	977.000000	219.000000	18.000000	967.302889	224.521774	2.000000	13.657702
1.000000	18.000000	18.000000	1058.000000	267.000000	19.000000	1061.166002	275.853869	2.000000	14.362947
1.000000	19.000000	19.000000	1097.000000	179.000000	9.000000	1093.315356	179.985248	1.000000	15.714073
1.000000	20.000000	20.000000	978.000000	345.000000	28.000000	982.967187	354.202637	1.000000	16.466562
1.000000	21.000000	21.000000	1181.000000	446.000000	40.000000	1179.227705	454.039735	1.000000	17.395482
1.000000	22.000000	22.000000	1206.000000	858.000000	80.000000	1194.898737	864.487424	2.000000	18.467777
1.000000	23.000000	23.000000	1112.000000	912.000000	79.000000	1105.170199	905.224048	2.000000	19.131919
1.000000	24.000000	24.000000	1072.000000	770.000000	69.000000	1068.149996	764.823665	2.000000	19.923904
1.000000	25.000000	25.000000	975.000000	880.000000	78.000000	974.829138	885.172189	2.000000	20.603582
1.000000	26.000000	26.000000	886.000000	896.000000	77.000000	882.452297	901.491544	2.000000	21.098786
1.000000	27.000000	27.000000	744.000000	832.000000	66.000000	743.536297	823.515149	1.000000	21.915865
1.000000	28.000000	28.000000	542.000000	803.000000	64.000000	535.040330	801.363853	1.000000	23.074368
1.000000	29.000000	29.000000	551.000000	690.000000	54.000000	543.449811	705.873749	1.000000	23.963551
1.000000	30.000000	30.000000	611.000000	679.000000	55.000000	622.148841	687.885002	2.000000	24.579959
1.000000	31.000000	31.000000	340.000000	707.000000	52.000000	329.814257	719.659438	1.000000	25.898946
1.000000	32.000000	32.000000	451.000000	796.000000	63.000000	449.616557	819.341643	2.000000	26.723435
1.000000	33.000000	33.000000	343.000000	881.000000	72.000000	340.393548	890.569102	2.000000	27.635121
1.000000	34.000000	34.000000	221.000000	799.000000	61.000000	211.057807	795.283235	1.000000	28.561832
1.000000	35.000000	35.000000	218.000000	685.000000	51.000000	218.785994	671.989845	2.000000	29.041683
1.000000	36.000000	36.000000	206.000000	606.000000	41.000000	214.954907	596.308309	2.000000	29.690153
1.000000	37.000000	37.000000	285.000000	581.000000	42.000000	289.006412	567.778031	1.000000	30.227097
1.000000	38.000000	38.000000	214.000000	488.000000	31.000000	220.691042	477.784863	1.000000	30.882303
1.000000	39.000000	39.000000	296.000000	364.000000	22.000000	289.794603	377.331400	1.000000	31.578696
1.000000	40.000000	40.000000	308.000000	274.000000	12.000000	310.072243	264.708023	1.000000	32.370352
2.000000	1.000000	1.000000	861.000000	159.000000	7.000000	841.488826	160.821857	1.000000	1.206357
2.000000	2.000000	2.000000	849.000000	228.000000	17.000000	842.350158	248.524078	1.000000	1.775812
2.000000	3.000000	3.000000	1114.000000	154.000000	9.000000	1097.283386	151.945971	2.000000	2.904199
2.000000	4.000000	4.000000	1168.000000	171.000000	10.000000	1170.066305	177.564419	1.000000	3.494400
2.000000	5.000000	5.000000	1214.000000	272.000000	20.000000	1206.459428	291.092650	2.000000	4.126102
2.000000	6.000000	6.000000	1070.000000	282.000000	19.000000	1062.171143	294.481714	2.000000	4.735278
2.000000	7.000000	7.000000	1186.000000	487.000000	40.000000	1187.585185	495.430919	2.000000	5.847340
2.000000	8.000000	8.000000	1117.000000	365.000000	29.000000	1108.680649	363.769039	1.000000	6.695936
2.000000	9.000000	9.000000	984.000000	438.000000	38.000000	974.946326	447.175021	1.000000	7.376234
2.000000	10.000000	10.000000	1111.000000	538.000000	49.000000	1107.251185	548.434916	1.000000	8.086950
2.000000	11.000000	11.000000	1093.000000	667.000000	59.000000	1082.906374	662.602194	2.000000	8.928041
2.000000	12.000000	12.000000	1110.000000	827.000000	69.000000	1104.611250	820.717871	1.000000	9.807395
2.000000	13.000000	13.000000	1194.000000	881.000000	80.000000	1187.927764	887.103607	2.000000	10.319287
2.000000	14.000000	0.000000	1103.000000	908.000000	79.000000	1084.455275	927.317217	2.000000	10.894967
2.000000	15.000000	14.000000	1095.000000	913.000000	79.000000	1084.455275	927.317217	2.000000	11.191518
2.000000	16.000000	15.000000	991.000000	923.000000	78.000000	999.045866	927.216780	1.000000	11.904220
2.000000	17.000000	16.000000	969.000000	775.000000	68.000000	959.910858	762.026638	1.000000	12.726278
2.000000	18.000000	0.000000	822.000000	672.000000	57.000000	841.855046	688.275045	2.000000	13.328325
2.000000	19.000000	17.000000	829.000000	677.000000	57.000000	841.855046	688.275045	2.000000	13.686514
2.000000	20.000000	18.000000	868.000000	584.000000	47.000000	872.969893	588.348139	2.000000	14.696302
2.000000	21.000000	19.000000	783.000000	782.000000	66.000000	761.690231	791.095572	1.000000	15.606891
2.000000	22.000000	20.000000	740.000000	858.000000	76.000000	735.250510	869.740286	1.000000	16.360434
2.000000	23.000000	21.000000	635.000000	761.000000	65.000000	625.311641	764.518609	2.000000	17.374898
2.000000	24.000000	22.000000	548.000000	769.000000	64.000000	550.345142	767.510030	2.000000	18.870077
2.000000	25.000000	23.000000	542.000000	859.000000	74.000000	547.927028	863.535891	1.000000	20.023415
2.000000	26.000000	24.000000	664.000000	666.000000	55.000000	671.355736	667.571040	1.000000	20.974768
2.000000	27.000000	25.000000	743.000000	559.000000	46.000000	735.554181	566.407139	1.000000	21.935550
2.000000	28.000000	26.000000	645.000000	484.000000	35.000000	641.277799	485.659775	1.000000	22.742774
2.000000	29.000000	27.000000	562.000000	458.000000	34.000000	552.649347	455.652090	2.000000	23.432233
2.000000	30.000000	28.000000	881.000000	923.000000	77.000000	878.755165	930.455111	2.000000	24.664097
2.000000	31.000000	29.000000	442.000000	912.000000	73.000000	451.335929	912.536589	2.000000	25.896319
2.000000	32.000000	30.000000	309.000000	872.000000	72.000000	296.328051	871.663242	2.000000	27.022893
2.000000	33.000000	31.000000	192.000000	782.000000	61.000000	181.139811	774.736303	1.000000	27.896325
2.000000	34.000000	32.000000	436.000000	675.000000	53.000000	430.688920	682.970766	2.000000	29.143034
2.000000	35.000000	33.000000	356.000000	568.000000	42.000000	340.468758	575.542731	2.000000	30.270282
2.000000	36.000000	34.000000	403.000000	562.000000	43.000000	409.269832	561.963987	1.000000	31.222364
2.000000	37.000000	35.000000	302.000000	451.000000	32.000000	299.570234	461.797937	1.000000	32.166932
2.000000	38.000000	36.000000	227.000000	503.000000	31.000000	218.441269	506.302748	2.000000	33.111658
2.000000	39.000000	37.000000	183.000000	347.000000	21.000000	190.143450	349.085598	1.000000	34.207213
2.000000	40.000000	38.000000	431.000000	339.000000	23.000000	430.806788	343.358944	1.000000	35.384267
2.000000	41.000000	39.000000	213.000000	223.000000	11.000000	220.828472	227.853546	2.000000	36.535124
2.000000	42.000000	40.000000	420.000000	163.000000	3.000000	409.182221	175.810709	2.000000	37.662756
3.000000	1.000000	1.000000	645.000000	441.000000	35.000000	648.164116	443.600245	1.000000	1.079335
3.000000	2.000000	2.000000	633.000000	557.000000	45.000000	619.833634	569.131298	2.000000	1.759119
3.000000	3.000000	3.000000	766.000000	585.000000	46.000000	763.875147	595.399565	2.000000	2.422067
3.000000	4.000000	4.000000	742.000000	700.000000	56.000000	732.531259	706.417845	2.000000	3.662781
3.000000	5.000000	5.000000	755.000000	765.000000	66.000000	755.828654	769.656156	2.000000	4.311155
3.000000	6.000000	6.000000	968.000000	816.000000	68.000000	963.388725	823.241677	1.000000	5.173866
3.000000	7.000000	7.000000	1077.000000	782.000000	69.000000	1075.319720	788.321063	1.000000	5.791497
3.000000	8.000000	8.000000	1066.000000	698.000000	59.000000	1061.484763	691.594060	1.000000	6.534400
3.000000	9.000000	9.000000	1065.000000	599.000000	49.000000	1061.127070	608.757657	1.000000	7.279636
3.000000	10.000000	10.000000	993.000000	583.000000	48.000000	981.958313	592.720804	2.000000	7.920058
3.000000	11.000000	11.000000	1186.000000	552.000000	50.000000	1187.034619	555.886856	2.000000	8.822819
3.000000	12.000000	12.000000	1094.000000	431.000000	39.000000	1091.269366	437.962435	1.000000	9.909926
3.000000	13.000000	13.000000	1188.000000	432.000000	40.000000	1189.715384	441.349749	2.000000	10.583856
3.000000	14.000000	14.000000	868.000000	500.000000	37.000000	870.105992	501.918025	1.000000	11.616001
3.000000	15.000000	15.000000	1227.000000	690.000000	60.000000	1217.537885	694.942242	2.000000	13.062415
3.000000	16.000000	16.000000	1202.000000	886.000000	80.000000	1195.297603	901.647206	2.000000	14.085844
3.000000	17.000000	17.000000	955.000000	921.000000	78.000000	951.711792	930.571656	2.000000	15.310795
3.000000	18.000000	18.000000	733.000000	892.000000	76.000000	737.137281	894.936955	1.000000	16.095280
3.000000	19.000000	19.000000	545.000000	881.000000	74.000000	544.525714	884.244865	1.000000	16.757837
3.000000	20.000000	20.000000	509.000000	815.000000	64.000000	508.926221	817.657706	1.000000	17.591459
3.000000	21.000000	21.000000	625.000000	798.000000	65.000000	628.585514	807.420665	1.000000	18.287797
3.000000	22.000000	22.000000	624.000000	700.000000	55.000000	626.631672	712.757184	1.000000	19.190584
3.000000	23.000000	23.000000	553.000000	643.000000	54.000000	551.256033	653.280483	1.000000	20.103312
3.000000	24.000000	24.000000	423.000000	782.000000	63.000000	421.240082	788.668112	1.000000	20.983758
3.000000	25.000000	25.000000	323.000000	873.000000	72.000000	321.513780	878.470937	2.000000	22.351757
3.000000	26.000000	26.000000	210.000000	717.000000	51.000000	204.114986	719.987467	1.000000	23.167649
3.000000	27.000000	27.000000	196.000000	586.000000	41.000000	197.338845	594.179663	1.000000	23.911005
3.000000	28.000000	28.000000	328.000000	550.000000	42.000000	325.284631	552.455173	2.000000	24.559049
3.000000	29.000000	29.000000	414.000000	465.000000	33.000000	409.543206	475.239806	1.000000	25.686743
3.000000	30.000000	30.000000	406.000000	334.000000	23.000000	407.801592	342.328408	2.000000	26.486275
3.000000	31.000000	31.000000	334.000000	358.000000	22.000000	330.813868	356.761422	1.000000	27.023917
3.000000	32.000000	32.000000	429.000000	285.000000	13.000000	425.207245	286.108755	1.000000	27.647386
3.000000	33.000000	33.000000	180.000000	337.000000	21.000000	200.226676	342.150994	2.000000	28.271477
3.000000	34.000000	34.000000	289.000000	253.000000	12.000000	298.406568	254.666290	2.000000	29.247184
3.000000	35.000000	35.000000	335.000000	175.000000	2.000000	336.800521	179.433319	2.000000	29.909808
3.000000	36.000000	36.000000	632.000000	248.000000	15.000000	642.011699	251.271837	2.000000	31.015521
3.000000	37.000000	37.000000	849.000000	241.000000	17.000000	841.049352	243.431127	2.000000	32.503281
3.000000	38.000000	38.000000	550.000000	172.000000	4.000000	546.370173	171.990817	1.000000	33.190304
3.000000	39.000000	39.000000	1108.000000	241.000000	19.000000	1099.770894	248.508814	2.000000	34.199869
3.000000	40.000000	40.000000	1198.000000	243.000000	20.000000	1186.944106	238.670946	2.000000	34.791908
4.000000	1.000000	1.000000	859.000000	178.000000	7.000000	856.621276	178.301169	1.000000	1.965038
4.000000	2.000000	2.000000	991.000000	129.000000	8.000000	998.262132	133.981682	1.000000	2.924316
4.000000	3.000000	3.000000	726.000000	177.000000	6.000000	728.119875	172.971859	1.000000	3.707763
4.000000	4.000000	4.000000	738.000000	261.000000	16.000000	737.503498	270.567427	2.000000	4.253070
4.000000	5.000000	5.000000	655.000000	279.000000	15.000000	647.702270	287.964097	1.000000	4.796435
4.000000	6.000000	6.000000	620.000000	339.000000	25.000000	618.542940	351.082381	1.000000	5.515337
4.000000	7.000000	7.000000	862.000000	291.000000	17.000000	854.339629	290.202603	1.000000	6.195795
4.000000	8.000000	8.000000	883.000000	331.000000	27.000000	888.629982	339.429051	1.000000	6.683900
4.000000	9.000000	9.000000	972.000000	278.000000	18.000000	980.258911	274.042435	2.000000	7.229158
4.000000	10.000000	10.000000	971.000000	391.000000	28.000000	966.228468	394.081755	1.000000	7.747924
4.000000	11.000000	11.000000	990.000000	451.000000	38.000000	982.594981	455.645440	1.000000	8.301329
4.000000	12.000000	12.000000	1187.000000	385.000000	30.000000	1182.877869	391.829771	2.000000	9.131335
4.000000	13.000000	13.000000	1173.000000	426.000000	40.000000	1167.545790	443.292740	1.000000	9.565026
4.000000	14.000000	14.000000	953.000000	551.000000	48.000000	950.960270	550.865136	2.000000	10.467473
4.000000	15.000000	15.000000	890.000000	505.000000	37.000000	883.432135	506.696858	2.000000	11.411897
4.000000	16.000000	16.000000	760.000000	475.000000	36.000000	765.366555	481.741933	2.000000	12.411164
4.000000	17.000000	17.000000	768.000000	561.000000	46.000000	772.671956	572.775311	2.000000	13.341199
4.000000	18.000000	18.000000	993.000000	767.000000	68.000000	987.779991	775.055102	1.000000	14.763499
4.000000	19.000000	19.000000	1101.000000	680.000000	59.000000	1089.720467	679.039483	2.000000	15.493202
4.000000	20.000000	20.000000	1077.000000	793.000000	69.000000	1073.958290	795.126014	2.000000	16.131015
4.000000	21.000000	21.000000	1094.000000	882.000000	79.000000	1088.655291	895.001772	2.000000	16.787252
4.000000	22.000000	22.000000	849.000000	925.000000	77.000000	845.995954	926.273359	2.000000	17.789060
4.000000	23.000000	23.000000	759.000000	795.000000	66.000000	748.530011	796.913468	2.000000	18.491370
4.000000	24.000000	24.000000	645.000000	752.000000	65.000000	651.138591	762.201970	2.000000	19.194983
4.000000	25.000000	25.000000	660.000000	689.000000	55.000000	666.049970	681.467875	1.000000	19.756181
4.000000	26.000000	26.000000	562.000000	541.000000	44.000000	559.586852	546.191430	1.000000	20.461176
4.000000	27.000000	27.000000	417.000000	561.000000	43.000000	415.581699	564.962109	1.000000	21.227101
4.000000	28.000000	28.000000	427.000000	649.000000	53.000000	423.529758	653.903177	2.000000	21.748009
4.000000	29.000000	29.000000	336.000000	601.000000	42.000000	335.470593	602.616256	2.000000	22.435485
4.000000	30.000000	30.000000	541.000000	709.000000	54.000000	535.259970	717.838516	2.000000	23.508285
4.000000	31.000000	31.000000	309.000000	657.000000	52.000000	309.991833	660.625726	1.000000	24.243345
4.000000	32.000000	32.000000	293.000000	757.000000	62.000000	298.385550	764.601215	1.000000	25.171785
4.000000	33.000000	33.000000	335.000000	881.000000	72.000000	336.229402	897.205919	2.000000	26.027946
4.000000	34.000000	34.000000	545.000000	893.000000	74.000000	538.818633	896.899411	1.000000	26.803473
4.000000	35.000000	35.000000	327.000000	239.000000	12.000000	340.705158	244.104383	2.000000	29.170942
4.000000	36.000000	36.000000	335.000000	120.000000	2.000000	336.437873	125.201001	1.000000	29.819988
4.000000	37.000000	37.000000	237.000000	164.000000	1.000000	232.305633	177.062559	2.000000	30.348951
4.000000	38.000000	38.000000	233.000000	257.000000	11.000000	232.168357	270.952485	2.000000	30.909094
4.000000	39.000000	39.000000	319.000000	394.000000	22.000000	327.767876	395.549826	1.000000	31.580838
4.000000	40.000000	0.000000	326.000000	431.000000	32.000000	323.962566	459.288001	1.000000	32.083687
4.000000	41.000000	40.000000	331.000000	440.000000	32.000000	323.962566	459.288001	1.000000	32.396128
5.000000	1.000000	1.000000	523.000000	353.000000	24.000000	510.594038	353.245951	1.000000	1.695836
5.000000	2.000000	2.000000	526.000000	257.000000	14.000000	526.692120	263.378197	2.000000	2.336889
5.000000	3.000000	3.000000	438.000000	223.000000	13.000000	433.934853	224.377061	1.000000	2.977225
5.000000	4.000000	4.000000	519.000000	443.000000	34.000000	521.969722	447.180109	1.000000	3.583783
5.000000	5.000000	5.000000	611.000000	442.000000	35.000000	618.455338	446.191088	2.000000	4.231501
5.000000	6.000000	6.000000	530.000000	558.000000	44.000000	525.252953	562.275204	2.000000	4.784489
5.000000	7.000000	7.000000	444.000000	590.000000	43.000000	448.753787	584.734578	2.000000	5.737006
5.000000	8.000000	8.000000	353.000000	592.000000	42.000000	341.433248	596.578270	2.000000	6.425669
5.000000	9.000000	9.000000	399.000000	698.000000	53.000000	406.451032	695.513726	1.000000	7.257577
5.000000	10.000000	10.000000	324.000000	667.000000	52.000000	313.122125	669.351219	1.000000	7.825328
5.000000	11.000000	11.000000	194.000000	686.000000	51.000000	188.560294	690.953992	1.000000	8.536143
5.000000	12.000000	12.000000	221.000000	816.000000	61.000000	224.783649	821.105615	2.000000	9.432767
5.000000	13.000000	13.000000	328.000000	806.000000	62.000000	320.187111	817.802161	1.000000	9.985233
5.000000	14.000000	14.000000	397.000000	807.000000	63.000000	401.152156	816.897931	1.000000	10.529550
5.000000	15.000000	15.000000	449.000000	851.000000	73.000000	449.347339	867.119132	2.000000	11.017506
5.000000	16.000000	16.000000	551.000000	866.000000	74.000000	557.574385	870.626118	2.000000	11.656794
5.000000	17.000000	17.000000	745.000000	816.000000	66.000000	732.575613	818.127010	1.000000	12.553786
5.000000	18.000000	18.000000	772.000000	682.000000	56.000000	777.475443	674.130900	2.000000	13.793292
5.000000	19.000000	19.000000	855.000000	772.000000	67.000000	862.360681	773.119818	2.000000	14.447659
5.000000	20.000000	20.000000	860.000000	871.000000	77.000000	854.711206	883.722319	2.000000	15.088412
5.000000	21.000000	21.000000	878.000000	674.000000	57.000000	868.965555	675.297521	1.000000	15.993646
5.000000	22.000000	22.000000	759.000000	549.000000	46.000000	760.579381	546.736222	1.000000	16.689369
5.000000	23.000000	23.000000	965.000000	473.000000	38.000000	956.685124	486.329460	2.000000	17.512073
5.000000	24.000000	24.000000	1059.000000	337.000000	29.000000	1061.933376	347.372596	2.000000	18.136510
5.000000	25.000000	25.000000	1124.000000	261.000000	19.000000	1110.077378	269.815209	2.000000	19.233428
5.000000	26.000000	26.000000	1105.000000	453.000000	39.000000	1094.762975	468.030303	1.000000	19.937919
5.000000	27.000000	27.000000	1168.000000	458.000000	40.000000	1176.003943	462.862204	1.000000	20.537597
5.000000	28.000000	28.000000	1178.000000	271.000000	20.000000	1170.840204	266.237607	2.000000	21.137332
5.000000	29.000000	29.000000	959.000000	270.000000	18.000000	958.570494	272.443326	1.000000	21.952115
5.000000	30.000000	30.000000	871.000000	253.000000	17.000000	875.821034	251.671054	1.000000	22.440573
5.000000	31.000000	31.000000	734.000000	245.000000	16.000000	736.129431	243.562359	1.000000	23.064266
5.000000	32.000000	32.000000	751.000000	340.000000	26.000000	750.950402	341.859195	1.000000	23.632762
5.000000	33.000000	33.000000	833.000000	178.000000	7.000000	840.198653	171.317794	2.000000	24.345899
5.000000	34.000000	34.000000	563.000000	127.000000	4.000000	560.561455	121.942628	1.000000	25.089106
5.000000	35.000000	35.000000	209.000000	180.000000	1.000000	204.637253	181.490349	2.000000	25.768275
5.000000	36.000000	36.000000	174.000000	221.000000	11.000000	186.924485	235.689670	2.000000	26.369653
5.000000	37.000000	37.000000	309.000000	282.000000	12.000000	296.880142	287.037112	2.000000	27.151826
5.000000	38.000000	38.000000	1183.000000	117.000000	10.000000	1179.864172	124.487055	2.000000	28.657597
5.000000	39.000000	39.000000	1182.000000	767.000000	70.000000	1187.850442	762.537530	1.000000	30.193017
5.000000	40.000000	40.000000	1203.000000	924.000000	80.000000	1206.326356	932.330375	1.000000	30.921770
6.000000	1.000000	1.000000	650.000000	566.000000	45.000000	648.785427	569.636324	1.000000	0.875762
6.000000	2.000000	2.000000	643.000000	480.000000	35.000000	643.218590	478.108421	1.000000	1.307809
6.000000	3.000000	3.000000	644.000000	364.000000	25.000000	643.051894	378.062573	2.000000	2.108748
6.000000	4.000000	4.000000	569.000000	350.000000	24.000000	550.405161	348.358585	1.000000	2.915577
6.000000	5.000000	5.000000	520.000000	484.000000	34.000000	513.243320	488.807193	2.000000	3.795935
6.000000	6.000000	6.000000	757.000000	353.000000	26.000000	749.889787	362.323908	2.000000	4.634923
6.000000	7.000000	7.000000	827.000000	581.000000	47.000000	838.538197	591.569729	2.000000	5.540609
6.000000	8.000000	8.000000	738.000000	557.000000	46.000000	747.026334	556.398575	1.000000	6.003447
6.000000	9.000000	9.000000	422.000000	472.000000	33.000000	406.026095	472.118443	1.000000	6.795959
6.000000	10.000000	10.000000	322.000000	469.000000	32.000000	333.543499	470.257235	1.000000	7.412386
6.000000	11.000000	11.000000	331.000000	552.000000	42.000000	332.046347	562.967514	2.000000	7.972099
6.000000	12.000000	12.000000	448.000000	553.000000	43.000000	442.252081	566.436597	2.000000	8.547043
6.000000	13.000000	13.000000	196.000000	464.000000	31.000000	188.509784	462.630942	2.000000	9.180501
6.000000	14.000000	14.000000	211.000000	287.000000	11.000000	221.808670	280.178079	2.000000	9.844557
6.000000	15.000000	15.000000	412.000000	766.000000	63.000000	407.219898	774.592229	2.000000	12.316747
6.000000	16.000000	16.000000	325.000000	920.000000	72.000000	326.546584	911.059127	2.000000	13.036990
6.000000	17.000000	17.000000	213.000000	723.000000	51.000000	215.269440	717.662032	1.000000	13.883619
6.000000	18.000000	18.000000	530.000000	874.000000	74.000000	532.154906	875.531855	2.000000	14.907518
6.000000	19.000000	19.000000	660.000000	789.000000	65.000000	647.858202	788.407877	1.000000	15.530652
6.000000	20.000000	20.000000	783.000000	771.000000	66.000000	782.341399	783.420693	1.000000	16.082714
6.000000	21.000000	21.000000	867.000000	770.000000	67.000000	860.248223	770.310192	2.000000	16.468447
6.000000	22.000000	22.000000	959.000000	871.000000	78.000000	961.370340	874.094327	2.000000	17.163505
6.000000	23.000000	23.000000	982.000000	822.000000	68.000000	988.645850	821.269036	1.000000	17.596202
6.000000	24.000000	24.000000	1056.000000	889.000000	79.000000	1058.769750	893.525767	1.000000	18.162497
6.000000	25.000000	25.000000	1073.000000	810.000000	69.000000	1077.509623	816.166134	2.000000	18.619219
6.000000	26.000000	26.000000	1200.000000	934.000000	80.000000	1206.806540	926.185628	1.000000	19.308675
6.000000	27.000000	27.000000	1223.000000	818.000000	70.000000	1220.205955	824.200059	1.000000	20.068419
6.000000	28.000000	28.000000	988.000000	607.000000	48.000000	986.398429	603.288182	2.000000	21.778747
6.000000	29.000000	29.000000	1070.000000	435.000000	39.000000	1075.236297	452.200952	1.000000	22.611958
6.000000	30.000000	30.000000	1211.000000	456.000000	40.000000	1208.149448	470.090708	1.000000	23.370982
6.000000	31.000000	31.000000	1063.000000	369.000000	29.000000	1061.409205	365.112359	2.000000	24.172308
6.000000	32.000000	32.000000	1194.000000	255.000000	20.000000	1192.013209	266.953179	1.000000	25.044793
6.000000	33.000000	33.000000	1173.000000	162.000000	10.000000	1180.904833	171.839827	2.000000	25.738878
6.000000	34.000000	34.000000	902.000000	242.000000	17.000000	892.007729	252.852686	1.000000	26.756665
6.000000	35.000000	35.000000	894.000000	179.000000	7.000000	891.259295	183.010979	2.000000	27.091808
6.000000	36.000000	36.000000	769.000000	180.000000	6.000000	773.647311	187.172476	2.000000	27.931921
6.000000	37.000000	37.000000	408.000000	291.000000	13.000000	415.274409	292.374359	2.000000	28.547350
6.000000	38.000000	38.000000	322.000000	265.000000	12.000000	313.172370	261.783281	1.000000	29.091347
6.000000	39.000000	0.000000	415.000000	158.000000	3.000000	440.471176	151.208443	1.000000	29.771837
6.000000	40.000000	39.000000	426.000000	156.000000	3.000000	440.471176	151.208443	1.000000	30.011107
6.000000	41.000000	40.000000	233.000000	131.000000	1.000000	224.009396	124.382699	1.000000	30.747303
7.000000	1.000000	1.000000	621.000000	556.000000	45.000000	637.311378	561.123231	1.000000	1.181833
7.000000	2.000000	2.000000	784.000000	460.000000	36.000000	779.955993	459.907117	1.000000	1.928036
7.000000	3.000000	3.000000	439.000000	583.000000	43.000000	432.016215	586.369226	2.000000	3.111175
7.000000	4.000000	4.000000	322.000000	569.000000	42.000000	326.535976	567.806232	2.000000	3.480035
7.000000	5.000000	5.000000	215.000000	582.000000	41.000000	221.011212	592.997192	2.000000	4.151980
7.000000	6.000000	6.000000	282.000000	464.000000	32.000000	297.644134	457.400347	1.000000	4.615924
7.000000	7.000000	7.000000	432.000000	494.000000	33.000000	444.734954	496.981664	1.000000	5.270533
7.000000	8.000000	8.000000	531.000000	659.000000	54.000000	528.365814	665.307660	2.000000	6.015588
7.000000	9.000000	9.000000	551.000000	743.000000	64.000000	542.646871	757.020759	2.000000	6.485761
7.000000	10.000000	10.000000	562.000000	903.000000	74.000000	551.157401	899.644570	1.000000	7.119297
7.000000	11.000000	11.000000	649.000000	936.000000	75.000000	639.499581	932.340807	1.000000	7.536027
7.000000	12.000000	12.000000	440.000000	899.000000	73.000000	419.113111	886.420066	1.000000	8.198685
7.000000	13.000000	13.000000	318.000000	804.000000	62.000000	320.831615	790.942371	2.000000	8.815492
7.000000	14.000000	14.000000	312.000000	726.000000	52.000000	333.246890	716.514977	1.000000	9.359967
7.000000	15.000000	15.000000	196.000000	655.000000	51.000000	194.123012	667.357473	1.000000	9.912038
7.000000	16.000000	16.000000	208.000000	758.000000	61.000000	207.004534	759.596701	2.000000	10.358039
7.000000	17.000000	17.000000	167.000000	885.000000	71.000000	177.543533	890.233461	2.000000	10.991792
7.000000	18.000000	18.000000	739.000000	772.000000	66.000000	744.276267	776.492599	2.000000	11.934042
7.000000	19.000000	19.000000	875.000000	712.000000	57.000000	881.624920	707.807313	1.000000	12.615374
7.000000	20.000000	0.000000	880.000000	710.000000	58.000000	962.793179	683.499010	4.000000	12.719777
7.000000	21.000000	20.000000	894.000000	914.000000	77.000000	892.486746	926.693751	1.000000	13.670632
7.000000	22.000000	21.000000	1084.000000	767.000000	69.000000	1079.370015	777.434057	2.000000	14.718675
7.000000	23.000000	22.000000	1123.000000	866.000000	79.000000	1109.019340	875.595767	1.000000	15.263142
7.000000	24.000000	23.000000	1204.000000	905.000000	80.000000	1197.312333	914.396561	2.000000	15.983757
7.000000	25.000000	24.000000	1083.000000	604.000000	49.000000	1077.227719	601.935559	1.000000	16.902341
7.000000	26.000000	25.000000	1002.000000	425.000000	38.000000	1002.496046	437.741946	2.000000	17.503387
7.000000	27.000000	26.000000	954.000000	534.000000	48.000000	953.266888	547.631225	2.000000	18.007134
7.000000	28.000000	27.000000	980.000000	336.000000	28.000000	990.993593	340.220113	2.000000	18.557974
7.000000	29.000000	0.000000	1001.000000	297.000000	18.000000	996.993400	269.469129	2.000000	18.983033
7.000000	30.000000	28.000000	998.000000	288.000000	18.000000	996.993400	269.469129	2.000000	19.248004
7.000000	31.000000	29.000000	1070.000000	360.000000	29.000000	1065.233729	359.469841	1.000000	19.975905
7.000000	32.000000	30.000000	746.000000	275.000000	16.000000	731.521453	276.770916	1.000000	21.263312
7.000000	33.000000	31.000000	857.000000	280.000000	17.000000	841.179225	288.675308	2.000000	21.927016
7.000000	34.000000	32.000000	884.000000	145.000000	7.000000	879.249206	160.111575	2.000000	22.671801
7.000000	35.000000	33.000000	1084.000000	124.000000	9.000000	1074.077225	139.415089	2.000000	23.359967
7.000000	36.000000	34.000000	1225.000000	116.000000	10.000000	1219.529006	127.105698	1.000000	24.006304
7.000000	37.000000	35.000000	655.000000	362.000000	25.000000	644.044620	366.997556	1.000000	25.167315
7.000000	38.000000	36.000000	605.000000	271.000000	15.000000	618.036923	250.113186	2.000000	25.694044
7.000000	39.000000	37.000000	551.000000	260.000000	14.000000	535.150768	251.866641	2.000000	26.327109
7.000000	40.000000	38.000000	427.000000	139.000000	3.000000	430.360207	135.340252	1.000000	27.054773
7.000000	41.000000	39.000000	224.000000	144.000000	1.000000	210.445553	147.581562	1.000000	27.751306
7.000000	42.000000	40.000000	196.000000	227.000000	11.000000	204.704257	237.817965	1.000000	28.414338
8.000000	1.000000	1.000000	537.000000	463.000000	34.000000	531.046493	469.098873	1.000000	0.715930
8.000000	2.000000	2.000000	619.000000	396.000000	25.000000	620.972178	391.305428	1.000000	1.107750
8.000000	3.000000	3.000000	553.000000	362.000000	24.000000	552.235472	374.500320	2.000000	1.539243
8.000000	4.000000	4.000000	513.000000	279.000000	14.000000	515.752688	290.672194	2.000000	1.971218
8.000000	5.000000	5.000000	418.000000	479.000000	33.000000	428.916607	492.427635	1.000000	2.578248
8.000000	6.000000	6.000000	518.000000	540.000000	44.000000	518.195143	549.528010	2.000000	3.114565
8.000000	7.000000	7.000000	513.000000	697.000000	54.000000	523.110816	694.624151	2.000000	3.963917
8.000000	8.000000	0.000000	378.000000	798.000000	63.000000	405.613625	777.933809	2.000000	4.802673
8.000000	9.000000	8.000000	397.000000	788.000000	63.000000	405.613625	777.933809	2.000000	5.370900
8.000000	10.000000	9.000000	341.000000	789.000000	62.000000	332.060236	792.065764	1.000000	5.988216
8.000000	11.000000	10.000000	324.000000	713.000000	52.000000	312.757617	715.404021	2.000000	6.506279
8.000000	12.000000	11.000000	215.000000	887.000000	71.000000	222.407971	881.549883	1.000000	7.444123
8.000000	13.000000	12.000000	281.000000	921.000000	72.000000	288.160174	927.491971	1.000000	7.962530
8.000000	14.000000	13.000000	443.000000	877.000000	73.000000	441.054833	890.876081	1.000000	8.458960
8.000000	15.000000	14.000000	515.000000	878.000000	74.000000	516.795814	882.574283	1.000000	8.946354
8.000000	16.000000	15.000000	949.000000	854.000000	78.000000	954.106851	862.335454	2.000000	10.387422
8.000000	17.000000	16.000000	879.000000	803.000000	67.000000	874.150976	807.535844	1.000000	10.948129
8.000000	18.000000	17.000000	867.000000	698.000000	57.000000	863.437188	712.076435	1.000000	11.459854
8.000000	19.000000	18.000000	766.000000	654.000000	56.000000	773.464332	656.455751	2.000000	11.962176
8.000000	20.000000	19.000000	974.000000	661.000000	58.000000	961.743759	668.262649	2.000000	12.634049
8.000000	21.000000	20.000000	1103.000000	799.000000	69.000000	1089.818180	796.889431	1.000000	13.482575
8.000000	22.000000	21.000000	1084.000000	859.000000	79.000000	1061.176123	867.958981	1.000000	13.995478
8.000000	23.000000	22.000000	1109.000000	644.000000	59.000000	1099.227713	653.438041	1.000000	15.002398
8.000000	24.000000	23.000000	1177.000000	672.000000	60.000000	1177.749038	685.400307	1.000000	15.515797
8.000000	25.000000	24.000000	1182.000000	892.000000	80.000000	1171.048333	896.166861	1.000000	16.458157
8.000000	26.000000	25.000000	1083.000000	510.000000	39.000000	1073.767569	507.141822	1.000000	17.410107
8.000000	27.000000	26.000000	1076.000000	554.000000	49.000000	1073.160323	556.113998	2.000000	17.755826
8.000000	28.000000	27.000000	1215.000000	541.000000	50.000000	1198.787070	543.546584	2.000000	18.331930
8.000000	29.000000	28.000000	1197.000000	447.000000	40.000000	1191.805251	440.707525	1.000000	19.115222
8.000000	30.000000	29.000000	834.000000	437.000000	37.000000	839.628344	443.744317	1.000000	20.571200
8.000000	31.000000	30.000000	857.000000	359.000000	27.000000	862.999205	362.615930	2.000000	21.107960
8.000000	32.000000	31.000000	1052.000000	341.000000	29.000000	1058.317000	344.524019	2.000000	22.220130
8.000000	33.000000	32.000000	986.000000	253.000000	18.000000	979.083008	250.664808	2.000000	22.923255
8.000000	34.000000	33.000000	797.000000	269.000000	16.000000	779.954307	274.494244	2.000000	23.612228
8.000000	35.000000	34.000000	618.000000	264.000000	15.000000	626.530285	264.871147	1.000000	24.635377
8.000000	36.000000	35.000000	671.000000	138.000000	5.000000	658.508119	140.210674	1.000000	25.315426
8.000000	37.000000	36.000000	316.000000	335.000000	22.000000	304.889125	343.532905	2.000000	26.812130
8.000000	38.000000	37.000000	226.000000	352.000000	21.000000	217.325145	354.316060	2.000000	27.595532
8.000000	39.000000	38.000000	303.000000	191.000000	2.000000	306.673335	186.346506	2.000000	28.234886
8.000000	40.000000	39.000000	407.000000	125.000000	3.000000	415.742763	129.196474	2.000000	28.844063
8.000000	41.000000	40.000000	1095.000000	147.000000	9.000000	1074.383284	152.867314	2.000000	31.058101
9.000000	1.000000	1.000000	578.000000	430.000000	34.000000	561.715285	445.766094	2.000000	1.041702
9.000000	2.000000	2.000000	556.000000	339.000000	24.000000	553.492315	330.986516	2.000000	1.512702
9.000000	3.000000	3.000000	556.000000	251.000000	14.000000	546.018338	238.218375	1.000000	1.895910
9.000000	4.000000	4.000000	647.000000	160.000000	5.000000	660.539367	154.471872	1.000000	2.575848
9.000000	5.000000	5.000000	754.000000	135.000000	6.000000	752.491591	121.897151	1.000000	3.208686
9.000000	6.000000	6.000000	675.000000	233.000000	15.000000	664.080163	239.743457	2.000000	3.912704
9.000000	7.000000	7.000000	882.000000	248.000000	17.000000	862.338181	256.317240	2.000000	4.576816
9.000000	8.000000	8.000000	858.000000	359.000000	27.000000	849.443348	364.108744	2.000000	5.112432
9.000000	9.000000	9.000000	727.000000	376.000000	26.000000	738.702040	374.742770	1.000000	6.111968
9.000000	10.000000	10.000000	645.000000	473.000000	35.000000	628.283234	474.053752	2.000000	6.752942
9.000000	11.000000	11.000000	1008.000000	161.000000	8.000000	997.936955	167.232400	2.000000	7.921860
9.000000	12.000000	12.000000	1202.000000	140.000000	10.000000	1188.242933	150.310759	2.000000	8.937850
9.000000	13.000000	13.000000	1200.000000	385.000000	30.000000	1192.388294	382.184747	1.000000	9.671924
9.000000	14.000000	14.000000	1198.000000	511.000000	40.000000	1197.239636	501.450482	1.000000	10.272038
9.000000	15.000000	15.000000	1179.000000	537.000000	50.000000	1170.750540	546.726105	1.000000	10.624642
9.000000	16.000000	16.000000	1077.000000	609.000000	49.000000	1081.424276	601.386758	2.000000	11.104881
9.000000	17.000000	17.000000	1061.000000	476.000000	39.000000	1061.401644	467.144633	2.000000	11.680068
9.000000	18.000000	18.000000	970.000000	599.000000	48.000000	959.331626	609.598339	1.000000	12.265313
9.000000	19.000000	19.000000	1052.000000	676.000000	59.000000	1059.941102	682.104667	1.000000	12.839664
9.000000	20.000000	20.000000	1180.000000	774.000000	70.000000	1178.264363	773.674044	1.000000	13.512101
9.000000	21.000000	21.000000	1215.000000	710.000000	60.000000	1217.738732	713.140608	1.000000	13.904515
9.000000	22.000000	22.000000	1116.000000	787.000000	69.000000	1106.577465	796.359585	2.000000	14.792869
9.000000	23.000000	23.000000	1190.000000	906.000000	80.000000	1191.464899	913.658848	2.000000	15.505857
9.000000	24.000000	24.000000	990.000000	804.000000	68.000000	989.550338	803.384489	1.000000	16.281286
9.000000	25.000000	25.000000	869.000000	923.000000	77.000000	873.529829	931.275767	2.000000	17.296482
9.000000	26.000000	26.000000	758.000000	820.000000	66.000000	751.145296	820.448383	2.000000	17.889819
9.000000	27.000000	27.000000	654.000000	914.000000	75.000000	660.608882	918.637591	2.000000	18.512597
9.000000	28.000000	0.000000	476.000000	870.000000	74.000000	513.822488	864.209090	2.000000	19.280412
9.000000	29.000000	28.000000	505.000000	863.000000	74.000000	513.822488	864.209090	2.000000	19.785379
9.000000	30.000000	29.000000	415.000000	863.000000	73.000000	410.235592	865.346241	1.000000	20.808231
9.000000	31.000000	30.000000	545.000000	767.000000	64.000000	550.248934	766.221089	1.000000	21.432012
9.000000	32.000000	31.000000	332.000000	766.000000	62.000000	332.244308	772.376808	2.000000	22.488501
9.000000	33.000000	32.000000	216.000000	761.000000	61.000000	209.861214	767.025291	1.000000	23.416155
9.000000	34.000000	33.000000	234.000000	688.000000	51.000000	222.854528	690.348395	1.000000	23.921977
9.000000	35.000000	34.000000	212.000000	555.000000	41.000000	211.838178	557.330919	1.000000	24.697102
9.000000	36.000000	35.000000	560.000000	540.000000	44.000000	557.509741	548.514092	1.000000	25.592904
9.000000	37.000000	36.000000	211.000000	271.000000	11.000000	208.889519	281.130025	2.000000	26.441121
9.000000	38.000000	37.000000	187.000000	112.000000	1.000000	193.506811	125.591580	1.000000	27.055719
9.000000	39.000000	38.000000	337.000000	118.000000	2.000000	337.522322	126.092211	2.000000	27.857226
9.000000	40.000000	39.000000	408.000000	141.000000	3.000000	397.847702	146.645183	1.000000	28.521319
9.000000	41.000000	40.000000	421.000000	572.000000	43.000000	414.930260	582.118707	2.000000	30.489134
10.000000	1.000000	1.000000	570.000000	578.000000	44.000000	560.829057	577.205927	2.000000	0.759831
10.000000	2.000000	2.000000	620.000000	554.000000	45.000000	624.374323	557.612683	1.000000	1.141917
10.000000	3.000000	3.000000	521.000000	686.000000	54.000000	522.860942	685.788324	1.000000	1.799807
10.000000	4.000000	4.000000	655.000000	476.000000	35.000000	658.141661	474.058615	2.000000	2.407569
10.000000	5.000000	5.000000	432.000000	697.000000	53.000000	421.768262	712.172081	2.000000	3.141867
10.000000	6.000000	6.000000	298.000000	685.000000	52.000000	312.483426	684.725321	2.000000	3.863007
10.000000	7.000000	7.000000	330.000000	585.000000	42.000000	330.780899	578.397355	1.000000	4.407272
10.000000	8.000000	8.000000	192.000000	714.000000	51.000000	188.106995	719.918025	1.000000	5.119399
10.000000	9.000000	9.000000	293.000000	762.000000	62.000000	301.264730	774.363898	2.000000	6.023440
10.000000	10.000000	10.000000	335.000000	880.000000	72.000000	334.172124	891.359623	2.000000	6.734064
10.000000	11.000000	11.000000	449.000000	884.000000	73.000000	452.292280	886.075212	2.000000	7.374513
10.000000	12.000000	12.000000	564.000000	919.000000	74.000000	554.319498	922.632204	2.000000	8.734684
10.000000	13.000000	13.000000	445.000000	764.000000	63.000000	444.134445	777.111642	1.000000	9.671138
10.000000	14.000000	14.000000	330.000000	265.000000	12.000000	325.918507	274.592362	1.000000	10.830894
10.000000	15.000000	15.000000	196.000000	215.000000	11.000000	200.875124	230.568847	1.000000	11.519587
10.000000	16.000000	16.000000	196.000000	110.000000	1.000000	207.467798	126.706047	1.000000	12.133982
10.000000	17.000000	17.000000	314.000000	170.000000	2.000000	321.593598	178.255730	2.000000	12.735979
10.000000	18.000000	18.000000	442.000000	143.000000	3.000000	433.500993	147.634735	2.000000	13.350046
10.000000	19.000000	19.000000	657.000000	339.000000	25.000000	665.876934	342.238662	2.000000	14.590018
10.000000	20.000000	20.000000	451.000000	340.000000	23.000000	447.058998	339.290168	2.000000	15.359225
10.000000	21.000000	21.000000	768.000000	287.000000	16.000000	763.795807	291.148352	2.000000	16.311165
10.000000	22.000000	22.000000	999.000000	461.000000	38.000000	1000.640415	465.540313	2.000000	17.654341
10.000000	23.000000	23.000000	1105.000000	224.000000	19.000000	1103.852809	233.931139	2.000000	18.479856
10.000000	24.000000	24.000000	855.000000	353.000000	27.000000	846.273594	361.273383	1.000000	19.270304
10.000000	25.000000	25.000000	969.000000	218.000000	18.000000	970.714306	225.806976	1.000000	19.814386
10.000000	26.000000	26.000000	882.000000	155.000000	7.000000	872.000317	149.017669	1.000000	20.471406
10.000000	27.000000	27.000000	1080.000000	123.000000	9.000000	1077.523854	125.829107	1.000000	21.223758
10.000000	28.000000	28.000000	1193.000000	178.000000	10.000000	1186.192667	178.483818	1.000000	21.758480
10.000000	29.000000	29.000000	1195.000000	361.000000	30.000000	1200.086756	369.734647	1.000000	22.407175
10.000000	30.000000	30.000000	878.000000	600.000000	47.000000	877.931011	597.216727	1.000000	23.383296
10.000000	31.000000	31.000000	1084.000000	574.000000	49.000000	1093.147208	582.279777	2.000000	24.047075
10.000000	32.000000	32.000000	1214.000000	692.000000	60.000000	1203.608253	690.739751	2.000000	25.199312
10.000000	33.000000	33.000000	1111.000000	763.000000	69.000000	1100.581713	766.829922	2.000000	25.774072
10.000000	34.000000	34.000000	1067.000000	873.000000	79.000000	1062.811830	872.631044	2.000000	26.255172
10.000000	35.000000	35.000000	977.000000	900.000000	78.000000	963.490876	899.826591	1.000000	26.695139
10.000000	36.000000	36.000000	978.000000	801.000000	68.000000	976.603628	781.952322	1.000000	27.286349
10.000000	37.000000	37.000000	981.000000	735.000000	58.000000	975.030542	713.645527	1.000000	27.632063
10.000000	38.000000	38.000000	866.000000	785.000000	67.000000	870.382619	777.785244	1.000000	28.254781
10.000000	39.000000	39.000000	739.000000	659.000000	56.000000	748.330838	658.919234	1.000000	28.832098
10.000000	40.000000	40.000000	771.000000	893.000000	76.000000	769.327643	889.100808	2.000000	29.511250
11.000000	1.000000	1.000000	663.000000	662.000000	55.000000	658.123018	662.766426	2.000000	0.757639
11.000000	2.000000	2.000000	765.000000	554.000000	46.000000	751.104205	547.040441	1.000000	1.317104
11.000000	3.000000	3.000000	727.000000	453.000000	36.000000	735.567741	453.996358	1.000000	1.886031
11.000000	4.000000	4.000000	631.000000	485.000000	35.000000	620.417881	489.432000	1.000000	2.390264
11.000000	5.000000	5.000000	841.000000	460.000000	37.000000	844.836303	465.812504	1.000000	3.093185
11.000000	6.000000	6.000000	759.000000	346.000000	26.000000	748.525360	345.536936	2.000000	3.836398
11.000000	7.000000	7.000000	773.000000	299.000000	16.000000	778.067479	292.796503	2.000000	4.446288
11.000000	8.000000	8.000000	1012.000000	360.000000	28.000000	997.051936	368.430010	2.000000	5.374423
11.000000	9.000000	9.000000	879.000000	124.000000	7.000000	885.198308	130.250429	1.000000	6.525057
11.000000	10.000000	10.000000	639.000000	167.000000	5.000000	645.266225	169.254965	1.000000	7.470127
11.000000	11.000000	11.000000	542.000000	137.000000	4.000000	547.070647	133.570554	2.000000	7.973320
11.000000	12.000000	12.000000	452.000000	142.000000	3.000000	448.244476	148.696691	2.000000	8.468166
11.000000	13.000000	13.000000	320.000000	247.000000	12.000000	315.994858	248.869966	2.000000	8.965042
11.000000	14.000000	14.000000	181.000000	119.000000	1.000000	180.485941	126.855367	2.000000	9.565108
11.000000	15.000000	15.000000	200.000000	269.000000	11.000000	198.117388	280.776011	1.000000	10.116999
11.000000	16.000000	16.000000	178.000000	392.000000	21.000000	184.551865	389.270111	1.000000	10.733291
11.000000	17.000000	17.000000	298.000000	399.000000	22.000000	297.310840	398.260643	1.000000	11.204943
11.000000	18.000000	18.000000	233.000000	440.000000	31.000000	215.480121	449.397047	2.000000	11.661770
11.000000	19.000000	19.000000	324.000000	479.000000	32.000000	332.922379	485.321509	1.000000	12.205122
11.000000	20.000000	20.000000	334.000000	574.000000	42.000000	335.651971	568.668388	1.000000	12.780460
11.000000	21.000000	21.000000	406.000000	558.000000	43.000000	411.730331	551.350250	2.000000	13.364459
11.000000	22.000000	22.000000	351.000000	796.000000	62.000000	336.307021	799.639014	2.000000	14.622092
11.000000	23.000000	23.000000	443.000000	700.000000	53.000000	450.162478	702.080865	2.000000	15.309755
11.000000	24.000000	24.000000	193.000000	797.000000	61.000000	191.611852	797.695805	2.000000	15.862357
11.000000	25.000000	25.000000	397.000000	892.000000	73.000000	398.434415	899.296183	2.000000	17.092780
11.000000	26.000000	26.000000	550.000000	895.000000	74.000000	555.771577	898.992237	2.000000	18.214165
11.000000	27.000000	27.000000	757.000000	931.000000	76.000000	749.915086	924.300041	2.000000	19.252809
11.000000	28.000000	28.000000	896.000000	900.000000	77.000000	882.258817	907.260239	1.000000	20.221301
11.000000	29.000000	29.000000	980.000000	791.000000	68.000000	992.514487	792.959819	1.000000	20.846401
11.000000	30.000000	30.000000	1086.000000	802.000000	69.000000	1094.680943	807.411653	2.000000	21.797229
11.000000	31.000000	31.000000	1187.000000	795.000000	70.000000	1193.634545	802.975645	1.000000	22.886364
11.000000	32.000000	32.000000	1182.000000	675.000000	60.000000	1173.487440	687.397208	2.000000	23.708885
11.000000	33.000000	33.000000	1191.000000	547.000000	50.000000	1180.880189	549.973277	2.000000	24.381802
11.000000	34.000000	34.000000	1105.000000	487.000000	39.000000	1112.190935	490.662382	1.000000	25.229631
11.000000	35.000000	35.000000	970.000000	561.000000	48.000000	963.191023	564.187021	1.000000	26.100895
11.000000	36.000000	36.000000	1209.000000	284.000000	20.000000	1204.121066	283.811827	1.000000	27.053611
11.000000	37.000000	37.000000	1108.000000	230.000000	19.000000	1096.569298	226.825355	1.000000	27.581691
11.000000	38.000000	38.000000	1109.000000	127.000000	9.000000	1106.897104	120.097865	1.000000	28.477685
11.000000	39.000000	39.000000	843.000000	697.000000	57.000000	844.248143	688.263269	2.000000	30.510481
11.000000	40.000000	40.000000	538.000000	345.000000	24.000000	538.575852	341.359955	1.000000	31.981835
12.000000	1.000000	1.000000	417.000000	489.000000	33.000000	415.831594	500.829833	1.000000	1.061854
12.000000	2.000000	2.000000	429.000000	391.000000	23.000000	426.861817	391.861561	1.000000	1.453122
12.000000	3.000000	3.000000	425.000000	293.000000	13.000000	425.771935	294.530762	2.000000	1.926670
12.000000	4.000000	4.000000	525.000000	385.000000	24.000000	520.795040	377.689104	2.000000	2.366621
12.000000	5.000000	5.000000	303.000000	356.000000	22.000000	294.938318	355.116753	1.000000	2.806898
12.000000	6.000000	6.000000	284.000000	445.000000	32.000000	289.219984	457.032559	2.000000	3.156812
12.000000	7.000000	7.000000	205.000000	467.000000	31.000000	203.765077	473.578136	2.000000	3.637918
12.000000	8.000000	8.000000	199.000000	376.000000	21.000000	189.924085	367.430027	2.000000	3.988935
12.000000	9.000000	9.000000	299.000000	566.000000	42.000000	296.230593	582.815011	2.000000	4.804840
12.000000	10.000000	10.000000	333.000000	665.000000	52.000000	341.065932	683.643366	2.000000	5.429362
12.000000	11.000000	11.000000	325.000000	750.000000	62.000000	327.003135	755.771878	2.000000	5.828898
12.000000	12.000000	12.000000	430.000000	766.000000	63.000000	416.710563	767.823563	1.000000	6.812896
12.000000	13.000000	13.000000	504.000000	659.000000	54.000000	509.708536	654.126150	2.000000	7.325607
12.000000	14.000000	14.000000	224.000000	799.000000	61.000000	224.991402	808.093333	1.000000	8.061169
12.000000	15.000000	15.000000	221.000000	875.000000	71.000000	220.610681	877.506416	1.000000	8.686384
12.000000	16.000000	16.000000	639.000000	862.000000	75.000000	634.327159	865.517923	1.000000	9.660870
12.000000	17.000000	17.000000	640.000000	813.000000	65.000000	630.861697	818.452996	2.000000	9.965046
12.000000	18.000000	18.000000	746.000000	800.000000	66.000000	742.197662	797.702556	1.000000	10.470707
12.000000	19.000000	19.000000	781.000000	857.000000	76.000000	777.260634	869.050368	1.000000	10.822129
12.000000	20.000000	20.000000	848.000000	903.000000	77.000000	854.061243	919.367748	1.000000	11.285745
12.000000	21.000000	21.000000	851.000000	814.000000	67.000000	844.374118	808.407982	1.000000	11.853893
12.000000	22.000000	22.000000	1069.000000	889.000000	79.000000	1066.086285	892.728666	2.000000	12.421910
12.000000	23.000000	23.000000	1230.000000	899.000000	80.000000	1216.110887	901.380604	2.000000	12.902759
12.000000	24.000000	24.000000	1213.000000	683.000000	60.000000	1210.786679	680.835227	2.000000	13.621392
12.000000	25.000000	25.000000	1178.000000	575.000000	50.000000	1185.603511	586.464229	1.000000	14.525516
12.000000	26.000000	26.000000	1104.000000	571.000000	49.000000	1098.264526	579.166228	1.000000	15.005330
12.000000	27.000000	27.000000	970.000000	671.000000	58.000000	971.199240	675.202150	1.000000	15.886238
12.000000	28.000000	28.000000	1104.000000	490.000000	39.000000	1106.675140	489.410286	2.000000	16.821932
12.000000	29.000000	29.000000	980.000000	494.000000	38.000000	963.405689	498.021270	2.000000	17.326257
12.000000	30.000000	30.000000	724.000000	489.000000	36.000000	735.413026	492.178337	2.000000	18.366723
12.000000	31.000000	31.000000	645.000000	274.000000	15.000000	635.234044	277.883043	1.000000	19.356941
12.000000	32.000000	32.000000	397.000000	150.000000	3.000000	406.946566	155.790509	2.000000	19.870763
12.000000	33.000000	33.000000	854.000000	379.000000	27.000000	859.689957	392.562513	1.000000	20.877987
12.000000	34.000000	34.000000	854.000000	275.000000	17.000000	852.920681	281.176595	1.000000	21.373640
12.000000	35.000000	35.000000	863.000000	127.000000	7.000000	857.301911	132.345487	1.000000	22.406270
12.000000	36.000000	36.000000	1121.000000	278.000000	19.000000	1105.755172	283.636358	2.000000	23.541023
12.000000	37.000000	37.000000	1098.000000	352.000000	29.000000	1087.975851	350.832010	1.000000	23.918197
12.000000	38.000000	38.000000	1230.000000	353.000000	30.000000	1220.683571	358.570582	1.000000	24.390232
12.000000	39.000000	39.000000	981.000000	397.000000	28.000000	966.677259	387.812175	2.000000	25.005916
12.000000	40.000000	40.000000	730.000000	132.000000	6.000000	728.682640	120.783121	2.000000	27.260740
13.000000	1.000000	1.000000	656.000000	330.000000	25.000000	644.502353	332.648262	2.000000	0.779614
13.000000	2.000000	2.000000	964.000000	326.000000	28.000000	967.613306	332.598711	2.000000	1.795528
13.000000	3.000000	3.000000	1078.000000	330.000000	29.000000	1070.611260	341.269055	2.000000	2.283258
13.000000	4.000000	4.000000	1205.000000	229.000000	20.000000	1199.306843	232.850241	2.000000	3.635505
13.000000	5.000000	5.000000	853.000000	249.000000	17.000000	850.784336	248.480870	1.000000	4.603606
13.000000	6.000000	6.000000	642.000000	146.000000	5.000000	622.171437	144.094789	1.000000	5.211744
13.000000	7.000000	7.000000	402.000000	180.000000	3.000000	400.217422	184.853300	1.000000	5.947927
13.000000	8.000000	8.000000	435.000000	237.000000	13.000000	445.194016	247.455325	1.000000	6.785655
13.000000	9.000000	9.000000	331.000000	249.000000	12.000000	325.312149	253.614034	2.000000	7.313589
13.000000	10.000000	10.000000	299.000000	371.000000	22.000000	298.714616	384.843342	2.000000	7.802063
13.000000	11.000000	11.000000	314.000000	454.000000	32.000000	306.991659	459.233856	2.000000	8.250999
13.000000	12.000000	12.000000	430.000000	439.000000	33.000000	435.862432	445.159244	1.000000	8.809683
13.000000	13.000000	13.000000	452.000000	385.000000	23.000000	452.496448	381.226398	1.000000	9.203721
13.000000	14.000000	14.000000	227.000000	341.000000	21.000000	228.285883	343.422473	1.000000	10.043699
13.000000	15.000000	15.000000	203.000000	469.000000	31.000000	208.029094	474.610745	2.000000	10.658450
13.000000	16.000000	16.000000	286.000000	574.000000	42.000000	291.972631	587.812090	2.000000	11.243239
13.000000	17.000000	17.000000	201.000000	700.000000	51.000000	182.280533	714.123144	2.000000	12.339606
13.000000	18.000000	18.000000	238.000000	758.000000	61.000000	231.550877	763.479282	2.000000	13.362662
13.000000	19.000000	19.000000	193.000000	888.000000	71.000000	181.283560	889.937339	1.000000	14.001563
13.000000	20.000000	20.000000	328.000000	906.000000	72.000000	322.151837	916.692719	1.000000	14.602697
13.000000	21.000000	21.000000	408.000000	610.000000	43.000000	408.597950	613.556162	1.000000	15.321778
13.000000	22.000000	22.000000	407.000000	703.000000	53.000000	401.148710	717.542658	2.000000	15.881956
13.000000	23.000000	23.000000	544.000000	718.000000	54.000000	542.773619	719.902432	2.000000	16.450245
13.000000	24.000000	24.000000	653.000000	716.000000	55.000000	664.098290	715.941631	1.000000	17.065630
13.000000	25.000000	25.000000	753.000000	669.000000	56.000000	735.176911	670.483995	1.000000	17.882930
13.000000	26.000000	26.000000	757.000000	571.000000	46.000000	753.739793	576.294294	1.000000	18.354823
13.000000	27.000000	27.000000	727.000000	498.000000	36.000000	733.628004	499.477901	1.000000	19.162616
13.000000	28.000000	28.000000	683.000000	553.000000	45.000000	668.850257	556.539838	2.000000	19.955251
13.000000	29.000000	29.000000	637.000000	781.000000	65.000000	628.874817	791.606738	2.000000	20.835615
13.000000	30.000000	30.000000	878.000000	551.000000	47.000000	886.932735	556.706957	2.000000	21.755710
13.000000	31.000000	31.000000	1074.000000	582.000000	49.000000	1066.668897	581.464675	2.000000	23.275665
13.000000	32.000000	32.000000	1092.000000	668.000000	59.000000	1096.072734	666.332779	2.000000	23.882478
13.000000	33.000000	33.000000	1183.000000	811.000000	70.000000	1179.294682	817.039165	2.000000	24.978115
13.000000	34.000000	34.000000	1211.000000	907.000000	80.000000	1210.257986	925.117537	1.000000	25.482780
13.000000	35.000000	35.000000	1219.000000	590.000000	50.000000	1214.058710	594.406053	1.000000	26.241577
13.000000	36.000000	36.000000	1109.000000	483.000000	39.000000	1104.360863	496.301588	1.000000	27.003189
13.000000	37.000000	37.000000	1106.000000	882.000000	79.000000	1103.411105	887.769658	1.000000	28.075438
13.000000	38.000000	38.000000	966.000000	915.000000	78.000000	967.511784	916.503933	1.000000	29.130462
13.000000	39.000000	39.000000	784.000000	814.000000	66.000000	778.888732	817.054303	1.000000	29.955660
13.000000	40.000000	40.000000	879.000000	909.000000	77.000000	871.267764	913.084179	2.000000	31.097906
14.000000	1.000000	1.000000	653.000000	574.000000	45.000000	649.836126	572.823968	2.000000	0.629391
14.000000	2.000000	2.000000	646.000000	453.000000	35.000000	630.286932	441.370735	2.000000	1.076458
14.000000	3.000000	3.000000	662.000000	410.000000	25.000000	660.843196	399.501838	2.000000	1.573695
14.000000	4.000000	4.000000	552.000000	566.000000	44.000000	553.935058	580.170825	1.000000	2.110225
14.000000	5.000000	5.000000	535.000000	451.000000	34.000000	525.959928	459.674856	1.000000	2.734104
14.000000	6.000000	6.000000	508.000000	381.000000	24.000000	517.969476	379.941471	1.000000	3.284708
14.000000	7.000000	7.000000	324.000000	255.000000	12.000000	315.229914	253.533830	2.000000	4.324088
14.000000	8.000000	8.000000	181.000000	246.000000	11.000000	184.024598	242.743391	1.000000	4.764483
14.000000	9.000000	9.000000	197.000000	163.000000	1.000000	196.194408	162.295002	1.000000	5.237480
14.000000	10.000000	10.000000	505.000000	215.000000	14.000000	510.191020	224.066410	2.000000	6.365741
14.000000	11.000000	11.000000	652.000000	272.000000	15.000000	645.562442	275.834419	2.000000	7.174277
14.000000	12.000000	12.000000	895.000000	147.000000	7.000000	891.461917	152.083397	1.000000	9.181988
14.000000	13.000000	13.000000	1083.000000	133.000000	9.000000	1075.638401	136.648409	2.000000	10.339907
14.000000	14.000000	14.000000	996.000000	369.000000	28.000000	992.328782	377.346092	1.000000	11.589083
14.000000	15.000000	15.000000	1045.000000	379.000000	29.000000	1058.441764	385.093757	1.000000	12.261022
14.000000	16.000000	16.000000	874.000000	366.000000	27.000000	881.269416	369.839129	2.000000	12.924428
14.000000	17.000000	17.000000	879.000000	444.000000	37.000000	881.296100	446.900833	2.000000	13.782172
14.000000	18.000000	18.000000	1194.000000	375.000000	30.000000	1191.695563	381.703405	1.000000	15.044168
14.000000	19.000000	19.000000	1107.000000	584.000000	49.000000	1100.651377	586.757701	2.000000	16.005449
14.000000	20.000000	20.000000	948.000000	599.000000	48.000000	954.280502	603.032774	2.000000	17.036080
14.000000	21.000000	21.000000	876.000000	585.000000	47.000000	865.856203	579.453257	2.000000	17.756714
14.000000	22.000000	22.000000	763.000000	602.000000	46.000000	767.994383	609.822582	1.000000	18.236165
14.000000	23.000000	23.000000	1073.000000	662.000000	59.000000	1076.599776	666.275356	1.000000	19.332684
14.000000	24.000000	24.000000	1186.000000	660.000000	60.000000	1182.345899	663.733836	2.000000	20.029606
14.000000	25.000000	25.000000	1180.000000	768.000000	70.000000	1175.450014	765.456500	2.000000	20.557825
14.000000	26.000000	26.000000	954.000000	787.000000	68.000000	954.531701	786.552772	1.000000	22.100825
14.000000	27.000000	27.000000	870.000000	881.000000	77.000000	865.296190	885.273335	1.000000	22.956163
14.000000	28.000000	28.000000	736.000000	915.000000	76.000000	739.443416	916.674055	2.000000	23.612176
14.000000	29.000000	29.000000	628.000000	823.000000	65.000000	627.946218	823.952926	1.000000	24.388420
14.000000	30.000000	30.000000	564.000000	748.000000	64.000000	561.316556	756.180366	1.000000	25.157309
14.000000	31.000000	31.000000	506.000000	891.000000	74.000000	509.352348	896.957516	1.000000	26.045311
14.000000	32.000000	32.000000	769.000000	697.000000	56.000000	763.397232	702.412299	2.000000	27.502010
14.000000	33.000000	33.000000	407.000000	452.000000	33.000000	402.390313	454.232366	2.000000	28.757848
14.000000	34.000000	34.000000	184.000000	394.000000	21.000000	188.941055	400.283136	1.000000	29.597333
14.000000	35.000000	35.000000	177.000000	444.000000	31.000000	178.117712	454.577067	2.000000	30.133134
14.000000	36.000000	36.000000	189.000000	558.000000	41.000000	197.181506	559.394596	1.000000	30.870004
14.000000	37.000000	37.000000	316.000000	594.000000	42.000000	320.487053	605.080480	2.000000	31.622129
14.000000	38.000000	38.000000	217.000000	641.000000	51.000000	208.413503	651.055045	1.000000	32.205300
14.000000	39.000000	39.000000	307.000000	800.000000	62.000000	306.033215	806.932195	2.000000	33.036516
14.000000	40.000000	40.000000	224.000000	819.000000	61.000000	227.650466	822.865858	1.000000	33.597470
15.000000	1.000000	1.000000	671.000000	622.000000	45.000000	662.654656	601.585367	2.000000	0.945536
15.000000	2.000000	2.000000	642.000000	449.000000	35.000000	636.674061	448.272518	2.000000	1.634747
15.000000	3.000000	3.000000	680.000000	349.000000	25.000000	672.128485	365.830566	2.000000	2.482137
15.000000	4.000000	4.000000	757.000000	383.000000	26.000000	752.535832	391.579174	2.000000	3.057630
15.000000	5.000000	5.000000	745.000000	253.000000	16.000000	747.996078	240.858081	1.000000	3.594221
15.000000	6.000000	6.000000	737.000000	140.000000	6.000000	737.821459	135.598135	1.000000	4.139089
15.000000	7.000000	7.000000	623.000000	122.000000	5.000000	625.938019	123.267207	2.000000	4.810806
15.000000	8.000000	8.000000	567.000000	130.000000	4.000000	556.824148	139.350998	2.000000	5.289538
15.000000	9.000000	9.000000	546.000000	254.000000	14.000000	551.543391	263.913181	1.000000	5.867300
15.000000	10.000000	10.000000	554.000000	338.000000	24.000000	559.191396	347.068695	1.000000	6.322593
15.000000	11.000000	11.000000	519.000000	491.000000	34.000000	507.799967	498.243278	1.000000	7.073939
15.000000	12.000000	12.000000	405.000000	540.000000	43.000000	402.627077	559.869993	1.000000	7.706206
15.000000	13.000000	13.000000	230.000000	584.000000	41.000000	231.186784	583.588889	2.000000	8.442108
15.000000	14.000000	14.000000	194.000000	485.000000	31.000000	191.434486	489.210479	2.000000	8.969377
15.000000	15.000000	15.000000	190.000000	336.000000	21.000000	184.565003	341.702524	2.000000	9.481184
15.000000	16.000000	16.000000	294.000000	362.000000	22.000000	303.800642	366.919844	2.000000	10.098909
15.000000	17.000000	17.000000	215.000000	247.000000	11.000000	200.499879	244.295108	1.000000	10.707264
15.000000	18.000000	18.000000	337.000000	703.000000	52.000000	326.105090	709.316589	1.000000	11.905885
15.000000	19.000000	19.000000	396.000000	706.000000	53.000000	404.489198	708.298304	1.000000	12.315266
15.000000	20.000000	20.000000	517.000000	779.000000	64.000000	513.922070	777.875142	1.000000	13.098431
15.000000	21.000000	21.000000	426.000000	809.000000	63.000000	417.518988	821.255895	2.000000	13.553566
15.000000	22.000000	22.000000	304.000000	886.000000	72.000000	296.608980	882.953374	1.000000	14.241385
15.000000	23.000000	23.000000	193.000000	928.000000	71.000000	212.013376	927.686602	2.000000	14.690710
15.000000	24.000000	24.000000	651.000000	902.000000	75.000000	643.379611	899.617438	1.000000	15.857854
15.000000	25.000000	25.000000	648.000000	806.000000	65.000000	641.485122	804.703389	1.000000	16.442487
15.000000	26.000000	26.000000	624.000000	706.000000	55.000000	624.664395	699.403470	2.000000	17.010808
15.000000	27.000000	27.000000	968.000000	641.000000	58.000000	953.324100	654.351651	2.000000	17.866749
15.000000	28.000000	28.000000	900.000000	609.000000	47.000000	886.945296	603.415068	1.000000	18.419062
15.000000	29.000000	29.000000	752.000000	565.000000	46.000000	754.406042	551.921669	1.000000	18.939382
15.000000	30.000000	30.000000	1069.000000	665.000000	59.000000	1072.831712	674.261082	2.000000	19.970498
15.000000	31.000000	31.000000	1074.000000	496.000000	39.000000	1079.174237	475.093885	2.000000	20.603177
15.000000	32.000000	32.000000	981.000000	256.000000	18.000000	980.247266	267.828854	2.000000	21.225664
15.000000	33.000000	33.000000	1085.000000	269.000000	19.000000	1076.240657	270.280670	2.000000	21.657186
15.000000	34.000000	34.000000	872.000000	162.000000	7.000000	866.859724	171.394296	1.000000	22.290245
15.000000	35.000000	35.000000	844.000000	263.000000	17.000000	842.387151	263.708815	1.000000	22.714838
15.000000	36.000000	36.000000	963.000000	121.000000	8.000000	956.959039	124.812022	2.000000	23.153228
15.000000	37.000000	37.000000	1193.000000	255.000000	20.000000	1189.243003	258.921058	1.000000	24.409408
15.000000	38.000000	38.000000	1192.000000	813.000000	70.000000	1177.384577	825.573265	1.000000	25.411139
15.000000	39.000000	39.000000	1075.000000	901.000000	79.000000	1075.979547	890.751102	1.000000	26.378984
15.000000	40.000000	40.000000	1201.000000	915.000000	80.000000	1198.162174	921.667454	2.000000	26.929939
16.000000	1.000000	1.000000	734.000000	446.000000	36.000000	750.816680	449.178954	2.000000	1.120901
16.000000	2.000000	2.000000	753.000000	382.000000	26.000000	766.973710	387.171041	2.000000	1.784912
16.000000	3.000000	3.000000	774.000000	266.000000	16.000000	777.769594	283.637413	2.000000	2.225261
16.000000	4.000000	4.000000	756.000000	132.000000	6.000000	746.228508	140.859894	2.000000	2.776369
16.000000	5.000000	5.000000	657.000000	279.000000	15.000000	649.594964	293.329283	2.000000	3.673378
16.000000	6.000000	6.000000	553.000000	350.000000	24.000000	540.472152	362.509219	2.000000	4.601023
16.000000	7.000000	7.000000	550.000000	454.000000	34.000000	546.004995	455.824225	1.000000	5.208514
16.000000	8.000000	8.000000	536.000000	589.000000	44.000000	531.505524	585.667802	1.000000	5.672769
16.000000	9.000000	9.000000	682.000000	586.000000	45.000000	670.151201	593.505465	1.000000	6.151719
16.000000	10.000000	10.000000	723.000000	568.000000	46.000000	737.865321	572.021767	1.000000	6.505349
16.000000	11.000000	11.000000	832.000000	497.000000	37.000000	840.750516	493.971022	2.000000	7.071528
16.000000	12.000000	0.000000	759.000000	678.000000	56.000000	736.724681	690.255944	2.000000	7.641248
16.000000	13.000000	12.000000	733.000000	686.000000	56.000000	736.724681	690.255944	2.000000	7.999433
16.000000	14.000000	13.000000	663.000000	676.000000	55.000000	653.024783	675.996936	2.000000	8.544850
16.000000	15.000000	14.000000	547.000000	678.000000	54.000000	556.194914	684.674620	1.000000	9.399438
16.000000	16.000000	15.000000	441.000000	684.000000	53.000000	452.193912	680.477436	1.000000	10.041127
16.000000	17.000000	16.000000	306.000000	670.000000	52.000000	304.517433	664.671764	1.000000	10.687687
16.000000	18.000000	17.000000	312.000000	375.000000	22.000000	316.560552	368.348811	1.000000	11.591503
16.000000	19.000000	18.000000	231.000000	372.000000	21.000000	227.145991	380.927872	1.000000	12.359298
16.000000	20.000000	19.000000	207.000000	255.000000	11.000000	203.601621	265.784580	2.000000	13.008328
16.000000	21.000000	20.000000	206.000000	109.000000	1.000000	193.900711	123.874943	1.000000	13.647514
16.000000	22.000000	21.000000	448.000000	152.000000	3.000000	436.420129	160.822430	2.000000	14.304867
16.000000	23.000000	22.000000	888.000000	231.000000	17.000000	888.150365	229.889485	2.000000	15.264025
16.000000	24.000000	23.000000	985.000000	257.000000	18.000000	975.071380	263.754180	1.000000	15.945332
16.000000	25.000000	24.000000	1110.000000	284.000000	19.000000	1102.371439	290.852027	1.000000	16.536306
16.000000	26.000000	25.000000	1167.000000	341.000000	30.000000	1171.851517	349.215176	1.000000	17.167465
16.000000	27.000000	26.000000	882.000000	562.000000	47.000000	870.824453	563.821966	1.000000	18.431124
16.000000	28.000000	27.000000	842.000000	690.000000	57.000000	847.056705	697.224776	1.000000	19.023620
16.000000	29.000000	28.000000	850.000000	817.000000	67.000000	850.788118	819.190097	1.000000	19.552832
16.000000	30.000000	29.000000	1080.000000	780.000000	69.000000	1072.677331	788.978783	1.000000	20.560500
16.000000	31.000000	30.000000	1073.000000	912.000000	79.000000	1064.584151	928.661650	2.000000	21.231395
16.000000	32.000000	31.000000	1177.000000	574.000000	50.000000	1179.448244	580.770265	2.000000	22.263457
16.000000	33.000000	32.000000	1099.000000	562.000000	49.000000	1102.345975	560.872414	2.000000	22.704378
16.000000	34.000000	33.000000	984.000000	549.000000	48.000000	978.795397	548.441668	2.000000	23.447642
16.000000	35.000000	34.000000	959.000000	354.000000	28.000000	967.675363	355.815674	2.000000	24.409300
16.000000	36.000000	35.000000	1195.000000	119.000000	10.000000	1185.195897	129.255922	2.000000	25.432624
16.000000	37.000000	36.000000	395.000000	886.000000	73.000000	400.766319	885.134103	1.000000	26.471582
16.000000	38.000000	37.000000	518.000000	885.000000	74.000000	524.577796	888.812481	1.000000	27.383525
16.000000	39.000000	38.000000	346.000000	921.000000	72.000000	338.280473	925.519535	1.000000	28.160180
16.000000	40.000000	39.000000	287.000000	795.000000	62.000000	292.582015	797.732893	2.000000	28.671904
16.000000	41.000000	40.000000	200.000000	578.000000	41.000000	192.802458	582.596478	2.000000	29.407522
17.000000	1.000000	1.000000	560.000000	604.000000	44.000000	555.989478	600.720063	2.000000	0.880238
17.000000	2.000000	2.000000	625.000000	563.000000	45.000000	628.982134	568.852131	1.000000	1.415624
17.000000	3.000000	3.000000	623.000000	437.000000	35.000000	628.961363	446.653644	2.000000	2.017331
17.000000	4.000000	4.000000	644.000000	393.000000	25.000000	646.720216	378.303092	2.000000	2.601436
17.000000	5.000000	5.000000	527.000000	363.000000	24.000000	528.097912	356.945458	2.000000	3.169490
17.000000	6.000000	6.000000	451.000000	438.000000	33.000000	450.190470	437.417864	1.000000	3.664972
17.000000	7.000000	7.000000	418.000000	337.000000	23.000000	417.821571	347.227443	2.000000	4.063991
17.000000	8.000000	8.000000	514.000000	258.000000	14.000000	513.740363	262.491437	1.000000	4.872749
17.000000	9.000000	9.000000	553.000000	152.000000	4.000000	545.200125	160.502935	1.000000	5.671792
17.000000	10.000000	10.000000	643.000000	140.000000	5.000000	647.909386	150.097334	2.000000	6.241422
17.000000	11.000000	11.000000	410.000000	177.000000	3.000000	408.392098	182.488486	1.000000	6.815697
17.000000	12.000000	12.000000	297.000000	123.000000	2.000000	292.716804	123.547528	1.000000	7.265021
17.000000	13.000000	13.000000	197.000000	269.000000	11.000000	202.646980	275.450395	1.000000	7.983568
17.000000	14.000000	14.000000	178.000000	393.000000	21.000000	185.818000	398.796697	1.000000	8.944959
17.000000	15.000000	15.000000	182.000000	470.000000	31.000000	178.510705	479.728900	2.000000	9.416499
17.000000	16.000000	16.000000	305.000000	497.000000	32.000000	307.157610	499.556353	2.000000	9.912309
17.000000	17.000000	17.000000	240.000000	674.000000	51.000000	229.660147	681.568235	2.000000	10.825177
17.000000	18.000000	18.000000	433.000000	606.000000	43.000000	415.984336	605.026472	2.000000	11.455595
17.000000	19.000000	19.000000	422.000000	671.000000	53.000000	425.293233	663.770151	2.000000	12.137515
17.000000	20.000000	20.000000	304.000000	690.000000	52.000000	293.769215	699.749949	1.000000	12.584326
17.000000	21.000000	21.000000	217.000000	800.000000	61.000000	210.110015	807.664795	2.000000	13.167514
17.000000	22.000000	22.000000	446.000000	796.000000	63.000000	436.447430	794.174164	2.000000	13.848187
17.000000	23.000000	23.000000	317.000000	872.000000	72.000000	308.533689	878.432302	1.000000	14.849319
17.000000	24.000000	24.000000	220.000000	938.000000	71.000000	225.742574	929.206396	1.000000	15.727550
17.000000	25.000000	25.000000	536.000000	891.000000	74.000000	537.294834	903.266149	2.000000	16.681463
17.000000	26.000000	26.000000	660.000000	886.000000	75.000000	660.558570	880.577183	1.000000	18.183842
17.000000	27.000000	27.000000	858.000000	707.000000	57.000000	860.343489	710.444066	2.000000	19.344070
17.000000	28.000000	28.000000	875.000000	795.000000	67.000000	863.159402	801.504188	2.000000	20.153140
17.000000	29.000000	29.000000	963.000000	704.000000	58.000000	959.520449	703.931746	1.000000	21.168133
17.000000	30.000000	30.000000	1079.000000	790.000000	69.000000	1076.182907	794.286128	1.000000	21.775368
17.000000	31.000000	31.000000	986.000000	805.000000	68.000000	977.928015	812.904297	2.000000	22.433304
17.000000	32.000000	32.000000	1191.000000	891.000000	80.000000	1192.175624	899.328207	2.000000	23.272779
17.000000	33.000000	33.000000	1190.000000	659.000000	60.000000	1181.527522	656.130799	2.000000	24.367974
17.000000	34.000000	34.000000	1084.000000	592.000000	49.000000	1078.250680	587.268294	1.000000	24.945438
17.000000	35.000000	35.000000	1184.000000	384.000000	30.000000	1201.174258	380.691656	1.000000	25.969374
17.000000	36.000000	36.000000	876.000000	370.000000	27.000000	879.569362	374.587853	1.000000	27.001514
17.000000	37.000000	37.000000	742.000000	372.000000	26.000000	741.127552	374.164251	1.000000	27.545076
17.000000	38.000000	38.000000	764.000000	247.000000	16.000000	769.846255	253.339416	1.000000	28.296572
17.000000	39.000000	39.000000	884.000000	141.000000	7.000000	876.245053	139.397726	1.000000	29.719583
17.000000	40.000000	40.000000	1116.000000	234.000000	19.000000	1102.972313	242.362652	2.000000	30.327935
18.000000	1.000000	0.000000	719.000000	576.000000	46.000000	747.239437	570.114505	2.000000	0.886855
18.000000	2.000000	1.000000	732.000000	573.000000	46.000000	747.239437	570.114505	2.000000	1.222422
18.000000	3.000000	2.000000	843.000000	473.000000	37.000000	854.474600	475.263503	1.000000	1.886488
18.000000	4.000000	3.000000	788.000000	359.000000	26.000000	777.397240	354.010124	1.000000	2.455797
18.000000	5.000000	4.000000	766.000000	217.000000	16.000000	760.841663	227.206708	2.000000	3.200635
18.000000	6.000000	5.000000	777.000000	133.000000	6.000000	782.196680	127.611473	2.000000	3.630813
18.000000	7.000000	6.000000	679.000000	173.000000	5.000000	667.745515	181.184809	1.000000	4.159705
18.000000	8.000000	7.000000	872.000000	341.000000	27.000000	870.270611	339.567538	2.000000	4.943736
18.000000	9.000000	8.000000	975.000000	380.000000	28.000000	973.269084	389.970233	2.000000	5.328393
18.000000	10.000000	9.000000	1076.000000	389.000000	29.000000	1065.674920	379.962500	2.000000	5.726814
18.000000	11.000000	10.000000	983.000000	459.000000	38.000000	983.422554	462.612829	1.000000	6.222392
18.000000	12.000000	11.000000	1115.000000	450.000000	39.000000	1105.604640	447.570376	1.000000	6.936221
18.000000	13.000000	12.000000	1179.000000	290.000000	20.000000	1185.675618	289.147994	1.000000	7.519967
18.000000	14.000000	13.000000	1100.000000	137.000000	9.000000	1095.497854	150.426148	1.000000	8.143222
18.000000	15.000000	14.000000	1229.000000	142.000000	10.000000	1222.174419	155.320786	1.000000	8.983241
18.000000	16.000000	15.000000	1218.000000	553.000000	50.000000	1212.547679	560.139381	2.000000	10.974514
18.000000	17.000000	16.000000	1068.000000	561.000000	49.000000	1067.397649	564.210284	2.000000	11.766616
18.000000	18.000000	17.000000	953.000000	570.000000	48.000000	957.197735	577.112068	2.000000	12.519258
18.000000	19.000000	18.000000	1195.000000	691.000000	60.000000	1195.607451	701.997892	1.000000	13.734874
18.000000	20.000000	19.000000	1116.000000	770.000000	69.000000	1110.722983	767.076145	2.000000	14.312027
18.000000	21.000000	20.000000	1111.000000	870.000000	79.000000	1104.076792	874.964793	1.000000	14.943693
18.000000	22.000000	21.000000	1197.000000	915.000000	80.000000	1200.835383	926.588923	1.000000	15.408488
18.000000	23.000000	22.000000	956.000000	927.000000	78.000000	954.138110	928.569454	1.000000	16.367244
18.000000	24.000000	23.000000	895.000000	925.000000	77.000000	887.368443	927.096463	2.000000	16.880118
18.000000	25.000000	24.000000	751.000000	870.000000	76.000000	761.064028	873.371743	1.000000	17.600704
18.000000	26.000000	25.000000	738.000000	826.000000	66.000000	733.879213	823.752973	2.000000	18.352468
18.000000	27.000000	26.000000	662.000000	873.000000	75.000000	662.695140	878.389074	2.000000	18.968558
18.000000	28.000000	27.000000	653.000000	768.000000	65.000000	644.967790	767.398359	2.000000	19.455616
18.000000	29.000000	28.000000	638.000000	688.000000	55.000000	641.452733	695.642043	2.000000	19.919397
18.000000	30.000000	29.000000	558.000000	481.000000	34.000000	559.929348	482.913845	2.000000	20.872023
18.000000	31.000000	30.000000	650.000000	440.000000	35.000000	642.377519	448.147276	1.000000	21.431175
18.000000	32.000000	31.000000	423.000000	588.000000	43.000000	418.614126	592.335209	2.000000	22.287870
18.000000	33.000000	32.000000	330.000000	586.000000	42.000000	324.139298	593.764036	2.000000	23.047046
18.000000	34.000000	33.000000	204.000000	648.000000	51.000000	213.992222	656.543741	1.000000	24.055390
18.000000	35.000000	34.000000	332.000000	684.000000	52.000000	330.446246	687.896956	1.000000	24.599113
18.000000	36.000000	35.000000	207.000000	782.000000	61.000000	196.023692	788.093366	1.000000	25.142506
18.000000	37.000000	36.000000	323.000000	891.000000	72.000000	320.091186	895.366768	2.000000	25.976422
18.000000	38.000000	37.000000	339.000000	433.000000	32.000000	333.247281	439.697315	1.000000	27.174556
18.000000	39.000000	38.000000	206.000000	362.000000	21.000000	209.101333	369.222795	1.000000	27.958969
18.000000	40.000000	39.000000	401.000000	225.000000	13.000000	400.599272	230.475776	1.000000	29.007525
18.000000	41.000000	40.000000	339.000000	174.000000	2.000000	332.673653	183.473039	2.000000	29.536018
19.000000	1.000000	1.000000	669.000000	474.000000	35.000000	663.535605	478.269840	1.000000	2.062451
19.000000	2.000000	2.000000	556.000000	354.000000	24.000000	541.206624	354.673012	1.000000	2.854755
19.000000	3.000000	3.000000	540.000000	259.000000	14.000000	545.558451	250.952739	2.000000	3.397308
19.000000	4.000000	4.000000	679.000000	279.000000	15.000000	661.764807	279.395784	2.000000	4.103164
19.000000	5.000000	5.000000	751.000000	277.000000	16.000000	758.316389	273.601261	2.000000	4.437699
19.000000	6.000000	6.000000	723.000000	189.000000	6.000000	729.333715	185.559465	1.000000	4.998460
19.000000	7.000000	7.000000	884.000000	226.000000	17.000000	874.284564	229.642048	2.000000	6.247573
19.000000	8.000000	8.000000	994.000000	247.000000	18.000000	989.646378	250.500587	2.000000	6.733897
19.000000	9.000000	9.000000	979.000000	187.000000	8.000000	978.369203	184.470402	2.000000	7.278835
19.000000	10.000000	10.000000	1189.000000	114.000000	10.000000	1191.154909	121.164846	1.000000	8.062812
19.000000	11.000000	11.000000	1110.000000	325.000000	29.000000	1106.753013	334.257503	2.000000	9.045710
19.000000	12.000000	12.000000	1204.000000	380.000000	30.000000	1203.098771	390.100123	2.000000	9.599389
19.000000	13.000000	13.000000	1069.000000	472.000000	39.000000	1076.156883	469.990505	1.000000	10.543342
19.000000	14.000000	14.000000	980.000000	467.000000	38.000000	981.994588	464.931984	2.000000	10.941682
19.000000	15.000000	15.000000	849.000000	451.000000	37.000000	845.060202	441.204172	2.000000	11.559310
19.000000	16.000000	16.000000	433.000000	471.000000	33.000000	428.326588	480.394936	1.000000	12.582167
19.000000	17.000000	17.000000	426.000000	408.000000	23.000000	425.912765	398.925949	2.000000	13.054730
19.000000	18.000000	18.000000	494.000000	559.000000	44.000000	507.886975	566.399426	2.000000	13.685605
19.000000	19.000000	19.000000	426.000000	284.000000	13.000000	418.351021	282.483047	1.000000	14.519047
19.000000	20.000000	20.000000	180.000000	167.000000	1.000000	187.698607	169.142821	2.000000	15.325256
19.000000	21.000000	21.000000	177.000000	370.000000	21.000000	177.872821	377.635055	1.000000	16.221455
19.000000	22.000000	22.000000	202.000000	462.000000	31.000000	209.650079	480.793388	1.000000	16.725758
19.000000	23.000000	23.000000	212.000000	547.000000	41.000000	210.508535	558.953823	1.000000	17.149832
19.000000	24.000000	24.000000	219.000000	706.000000	51.000000	211.457679	719.734201	1.000000	17.958868
19.000000	25.000000	25.000000	320.000000	701.000000	52.000000	311.952706	697.577573	2.000000	18.543382
19.000000	26.000000	26.000000	451.000000	652.000000	53.000000	435.006674	650.231906	2.000000	19.405170
19.000000	27.000000	27.000000	510.000000	786.000000	64.000000	507.578390	793.712205	2.000000	20.134501
19.000000	28.000000	28.000000	515.000000	902.000000	74.000000	513.419997	902.978406	2.000000	20.582107
19.000000	29.000000	29.000000	333.000000	879.000000	72.000000	315.086902	879.294762	1.000000	21.279370
19.000000	30.000000	30.000000	597.000000	712.000000	55.000000	619.851741	711.023143	1.000000	22.133321
19.000000	31.000000	31.000000	726.000000	639.000000	56.000000	728.525095	649.378805	1.000000	22.798047
19.000000	32.000000	32.000000	762.000000	799.000000	66.000000	764.055546	805.953463	1.000000	23.446499
19.000000	33.000000	33.000000	856.000000	772.000000	67.000000	840.268779	772.700407	1.000000	24.094237
19.000000	34.000000	34.000000	631.000000	918.000000	75.000000	630.663530	926.143883	1.000000	25.141573
19.000000	35.000000	35.000000	725.000000	915.000000	76.000000	738.841553	925.930083	2.000000	25.703151
19.000000	36.000000	36.000000	869.000000	911.000000	77.000000	869.457961	916.023677	2.000000	26.502525
19.000000	37.000000	37.000000	951.000000	867.000000	78.000000	951.482107	866.500661	1.000000	27.199397
19.000000	38.000000	38.000000	1083.000000	679.000000	59.000000	1073.677662	678.946733	1.000000	28.031397
19.000000	39.000000	39.000000	1204.000000	786.000000	70.000000	1214.539968	790.098581	1.000000	28.837347
19.000000	40.000000	40.000000	848.000000	702.000000	57.000000	848.328481	696.082038	2.000000	29.799318
20.000000	1.000000	1.000000	667.000000	510.000000	35.000000	667.329885	505.980282	1.000000	1.085494
20.000000	2.000000	2.000000	630.000000	588.000000	45.000000	633.612577	602.901962	2.000000	1.574665
20.000000	3.000000	3.000000	667.000000	682.000000	55.000000	671.480695	677.789855	2.000000	2.023429
20.000000	4.000000	4.000000	720.000000	681.000000	56.000000	734.058349	688.880709	1.000000	2.567589
20.000000	5.000000	5.000000	739.000000	776.000000	66.000000	749.072278	780.809203	1.000000	2.998312
20.000000	6.000000	6.000000	668.000000	759.000000	65.000000	662.562339	766.071509	1.000000	3.510481
20.000000	7.000000	7.000000	556.000000	661.000000	54.000000	560.940929	672.206516	1.000000	4.015196
20.000000	8.000000	8.000000	528.000000	451.000000	34.000000	529.355013	468.433558	2.000000	4.567337
20.000000	9.000000	9.000000	540.000000	337.000000	24.000000	551.483162	340.359603	2.000000	5.005171
20.000000	10.000000	10.000000	662.000000	398.000000	25.000000	662.885830	392.515650	2.000000	5.502980
20.000000	11.000000	11.000000	425.000000	386.000000	23.000000	431.985068	379.520888	1.000000	6.038793
20.000000	12.000000	12.000000	428.000000	474.000000	33.000000	437.565810	483.886601	1.000000	6.517903
20.000000	13.000000	13.000000	430.000000	596.000000	43.000000	426.829858	601.806093	1.000000	6.989713
20.000000	14.000000	14.000000	409.000000	709.000000	53.000000	402.520082	718.125342	1.000000	8.229957
20.000000	15.000000	15.000000	320.000000	801.000000	62.000000	306.665135	812.566494	2.000000	8.958670
20.000000	16.000000	16.000000	321.000000	884.000000	72.000000	327.427404	890.515255	2.000000	9.494371
20.000000	17.000000	17.000000	410.000000	915.000000	73.000000	402.201894	923.694811	1.000000	10.214532
20.000000	18.000000	18.000000	548.000000	890.000000	74.000000	545.175932	891.046197	1.000000	10.654319
20.000000	19.000000	19.000000	633.000000	922.000000	75.000000	629.679761	925.909448	2.000000	11.103079
20.000000	20.000000	20.000000	950.000000	912.000000	78.000000	954.762579	912.750698	1.000000	11.887582
20.000000	21.000000	21.000000	1085.000000	881.000000	79.000000	1093.489562	886.062295	1.000000	12.501555
20.000000	22.000000	22.000000	968.000000	696.000000	58.000000	964.948959	700.999673	1.000000	13.398859
20.000000	23.000000	23.000000	1219.000000	597.000000	50.000000	1215.678572	598.162112	1.000000	14.141560
20.000000	24.000000	24.000000	1203.000000	674.000000	60.000000	1206.439112	674.149603	2.000000	14.534835
20.000000	25.000000	25.000000	1216.000000	786.000000	70.000000	1219.726310	795.677989	2.000000	15.055254
20.000000	26.000000	26.000000	1106.000000	811.000000	69.000000	1106.000638	822.409017	2.000000	15.566436
20.000000	27.000000	27.000000	1087.000000	605.000000	49.000000	1085.320798	602.270630	2.000000	16.486645
20.000000	28.000000	28.000000	887.000000	375.000000	27.000000	886.044777	380.525568	2.000000	17.263174
20.000000	29.000000	29.000000	996.000000	332.000000	28.000000	989.891941	346.984359	2.000000	17.647596
20.000000	30.000000	30.000000	1108.000000	342.000000	29.000000	1103.666368	341.213833	2.000000	18.094178
20.000000	31.000000	31.000000	1165.000000	348.000000	30.000000	1170.789312	346.009858	2.000000	18.463473
20.000000	32.000000	32.000000	861.000000	170.000000	7.000000	862.261595	173.715494	1.000000	19.567416
20.000000	33.000000	33.000000	747.000000	149.000000	6.000000	753.634893	149.686974	1.000000	20.174907
20.000000	34.000000	0.000000	669.000000	173.000000	5.000000	644.024154	182.305379	1.000000	20.590893
20.000000	35.000000	34.000000	649.000000	177.000000	5.000000	644.024154	182.305379	1.000000	20.853810
20.000000	36.000000	35.000000	560.000000	115.000000	4.000000	561.004821	126.508946	2.000000	21.358427
20.000000	37.000000	36.000000	446.000000	250.000000	13.000000	439.146978	255.021924	2.000000	22.302468
20.000000	38.000000	37.000000	228.000000	258.000000	11.000000	222.625766	259.798442	2.000000	22.886103
20.000000	39.000000	38.000000	228.000000	373.000000	21.000000	223.857530	381.569615	1.000000	23.678418
20.000000	40.000000	39.000000	222.000000	456.000000	31.000000	230.792037	474.256852	1.000000	24.214536
20.000000	41.000000	40.000000	293.000000	398.000000	22.000000	302.774104	397.151509	2.000000	24.933747
