AdaptChoice	Code = 52	Session = 2	Starting Dist Col = 1
Targ 1 = 	255.000000	0.000000	0.000000	
Targ 2 = 	0.000000	0.000000	255.000000	
SubNo	Trial	Block_trial	Block_num	Plateau_cond	Transition_cond	Run_number	Targ1_position	Targ2_position	FixationCheck	Red_targ_digit	Blue_targ_digit	Response	Targ_Choice	Acc	RT	Optimal_Choice	StarEndOptimal	Repeat_Switch
52	1	1	0	1	0	1	18	40	0	4	2	2	2	1	3564	1	1	NaN
52	2	2	0	1	0	2	9	5	0	5	2	2	2	1	1817	1	1	1
52	3	3	0	1	0	3	37	14	0	5	3	3	2	1	1375	1	1	1
52	4	4	0	1	0	4	8	9	0	5	4	4	2	1	2053	1	1	1
52	5	5	0	1	0	5	20	21	0	4	5	5	2	1	7052	1	1	1
52	6	6	0	0	1	6	35	50	0	4	3	3	2	1	2521	1	1	1
52	7	7	0	0	1	7	18	19	0	5	4	4	2	1	2753	1	1	1
52	8	8	0	0	1	8	1	12	0	4	3	3	2	1	1431	1	1	1
52	9	9	0	0	1	9	1	54	0	4	3	3	2	1	4658	NaN	1	1
52	10	10	0	0	1	10	25	10	0	3	2	2	2	1	1222	0	1	1
52	1	1	1	1	0	1	49	41	0	3	5	5	2	1	3515	1	1	NaN
52	2	2	1	1	0	2	21	12	0	2	3	3	2	1	1196	1	1	1
52	3	3	1	1	0	3	44	30	0	5	4	4	2	1	1642	1	1	1
52	4	4	1	1	0	4	28	33	0	4	5	5	2	1	4045	1	1	1
52	5	5	1	1	0	5	30	5	0	3	5	5	2	1	2164	1	1	1
52	6	6	1	0	1	6	15	23	0	4	5	5	2	1	2818	1	1	1
52	7	7	1	0	1	7	16	28	0	5	2	2	2	1	3124	1	1	1
52	8	8	1	0	1	8	13	8	0	5	3	3	2	1	2201	1	1	1
52	9	9	1	0	1	9	12	16	0	4	5	5	2	1	1283	NaN	1	1
52	10	10	1	0	1	10	27	42	0	2	5	5	2	1	3399	0	1	1
52	11	11	1	0	1	11	9	38	0	3	2	2	2	1	2806	0	1	1
52	12	12	1	0	1	12	14	13	0	2	5	5	2	1	5360	0	1	1
52	13	13	1	2	0	1	1	23	0	4	2	2	2	1	5210	0	2	1
52	14	14	1	2	0	2	53	40	0	5	2	2	2	1	3973	0	2	1
52	15	15	1	2	0	3	13	50	0	5	4	4	2	1	2535	0	2	1
52	16	16	1	2	0	4	22	1	0	2	4	4	2	1	740	0	2	1
52	17	17	1	2	0	5	48	7	0	2	3	5	0	0	1453	NaN	NaN	2
52	18	18	1	0	2	6	27	14	0	2	4	4	2	1	2347	0	2	NaN
52	19	19	1	0	2	7	8	18	0	4	2	2	2	1	3972	0	2	1
52	20	20	1	0	2	8	1	2	0	4	5	5	2	1	4962	0	2	1
52	21	21	1	0	2	9	23	35	0	2	5	5	2	1	3460	NaN	2	1
52	22	22	1	0	2	10	7	25	0	2	5	5	2	1	3320	1	2	1
52	23	23	1	0	2	11	45	14	0	2	5	5	2	1	1465	1	2	1
52	24	24	1	0	2	12	31	14	0	2	5	5	2	1	1340	1	2	1
52	25	25	1	1	0	1	4	47	0	5	2	2	2	1	2421	1	1	1
52	26	26	1	1	0	2	49	20	0	4	3	3	2	1	1956	1	1	1
52	27	27	1	1	0	3	45	7	0	4	5	5	2	1	2289	1	1	1
52	28	28	1	1	0	4	7	37	0	2	4	4	2	1	2825	1	1	1
52	29	29	1	1	0	5	23	42	0	2	4	4	2	1	3544	1	1	1
52	30	30	1	0	1	6	42	53	0	4	2	2	2	1	3017	1	1	1
52	31	31	1	0	1	7	9	21	0	2	4	4	2	1	2052	1	1	1
52	32	32	1	0	1	8	43	15	0	3	2	2	2	1	1475	1	1	1
52	33	33	1	0	1	9	51	49	0	3	5	5	2	1	2510	NaN	1	1
52	34	34	1	0	1	10	11	38	0	5	3	3	2	1	3907	0	1	1
52	35	35	1	0	1	11	24	21	0	3	2	2	2	1	2455	0	1	1
52	36	36	1	0	1	12	49	42	0	4	3	3	2	1	4187	0	1	1
52	37	37	1	2	0	1	38	31	0	4	3	3	2	1	1309	0	2	1
52	38	38	1	2	0	2	52	21	0	2	3	3	2	1	3657	0	2	1
52	39	39	1	2	0	3	36	45	0	4	3	2	0	0	2689	NaN	NaN	2
52	40	40	1	2	0	4	3	8	0	3	5	3	1	1	14312	1	1	NaN
52	41	41	1	2	0	5	35	29	0	4	2	2	2	1	1020	0	2	2
52	42	42	1	0	2	6	4	10	0	3	5	3	1	1	1298	1	1	2
52	43	43	1	0	2	7	28	32	0	2	4	2	1	1	2226	1	1	1
52	44	44	1	0	2	8	32	37	0	5	3	5	1	1	1729	1	1	1
52	45	45	1	0	2	9	37	1	0	5	2	5	1	1	2326	NaN	1	1
52	46	46	1	0	2	10	17	36	0	3	4	3	1	1	1010	0	1	1
52	47	47	1	0	2	11	37	19	0	3	2	3	1	1	2040	0	1	1
52	48	48	1	0	2	12	23	9	0	5	3	5	1	1	1579	0	1	1
52	49	49	1	1	0	1	53	6	0	5	4	5	1	1	2729	0	2	1
52	50	50	1	1	0	2	40	16	0	5	2	2	2	1	1850	1	1	2
52	51	51	1	1	0	3	5	1	0	5	4	4	2	1	4385	1	1	1
52	52	52	1	1	0	4	18	13	0	5	3	5	1	1	1443	0	2	2
52	53	53	1	1	0	5	45	17	0	5	4	3	0	0	1214	NaN	NaN	2
52	54	54	1	0	1	6	15	29	0	4	2	4	1	1	4991	0	2	NaN
52	55	55	1	0	1	7	53	52	0	5	2	2	2	1	3418	1	1	2
52	56	56	1	0	1	8	11	44	0	2	5	4	0	0	4489	NaN	NaN	2
52	57	57	1	0	1	9	49	38	0	4	3	3	2	1	4401	NaN	1	NaN
52	58	58	1	0	1	10	5	33	0	5	3	3	2	1	1443	0	1	1
52	59	59	1	0	1	11	37	10	0	5	4	4	2	1	4058	0	1	1
52	60	60	1	0	1	12	45	18	0	2	3	2	1	1	5510	1	2	2
52	61	61	1	2	0	1	50	14	0	3	2	3	1	1	2995	1	1	1
52	62	62	1	2	0	2	21	34	0	4	3	4	1	1	2994	1	1	1
52	63	63	1	2	0	3	35	52	0	4	5	4	1	1	2964	1	1	1
52	64	64	1	2	0	4	13	34	0	4	2	4	1	1	1270	1	1	1
52	65	65	1	2	0	5	39	25	0	3	4	4	2	1	4325	0	2	2
52	66	66	1	0	2	6	1	20	0	3	2	3	1	1	2450	1	1	2
52	67	67	1	0	2	7	12	30	0	2	3	2	1	1	866	1	1	1
52	68	68	1	0	2	8	19	12	0	3	4	4	2	1	1029	0	2	2
52	69	69	1	0	2	9	53	19	0	2	4	2	1	1	2579	NaN	1	2
52	70	70	1	0	2	10	44	7	0	3	4	3	1	1	4713	0	1	1
52	71	71	1	0	2	11	54	37	0	5	2	5	1	1	1690	0	1	1
52	72	72	1	0	2	12	14	7	0	5	3	5	1	1	1106	0	1	1
52	73	73	1	1	0	1	1	49	0	3	4	3	1	1	918	0	2	1
52	74	74	1	1	0	2	46	21	0	2	5	2	1	1	7150	0	2	1
52	75	75	1	1	0	3	40	7	0	4	2	2	2	1	3485	1	1	2
52	76	76	1	1	0	4	23	10	0	3	4	4	2	1	1385	1	1	1
52	77	77	1	1	0	5	22	41	0	4	2	4	1	1	4819	0	2	2
52	78	78	1	0	1	6	26	42	0	3	4	4	2	1	3362	1	1	2
52	79	79	1	0	1	7	50	51	0	4	5	4	1	1	2988	0	2	2
52	80	80	1	0	1	8	26	41	0	5	4	4	2	1	7438	1	1	2
52	81	81	1	0	1	9	1	6	0	3	5	3	1	1	1930	NaN	2	2
52	82	82	1	0	1	10	17	21	0	2	3	2	1	1	4751	1	2	1
52	83	83	1	0	1	11	25	32	0	2	4	2	1	1	1565	1	2	1
52	84	84	1	0	1	12	6	10	0	4	3	4	1	1	1942	1	2	1
52	85	85	1	2	0	1	53	44	0	3	5	3	1	1	3607	1	1	1
52	86	86	1	2	0	2	1	47	0	2	3	2	1	1	738	1	1	1
52	87	87	1	2	0	3	51	37	0	3	2	3	1	1	2639	1	1	1
52	88	88	1	2	0	4	29	21	0	4	3	4	1	1	1410	1	1	1
52	89	89	1	2	0	5	6	30	0	3	5	3	1	1	2316	1	1	1
52	90	90	1	0	2	6	27	22	0	3	2	3	1	1	2772	1	1	1
52	91	91	1	0	2	7	27	44	0	2	3	2	1	1	1634	1	1	1
52	92	92	1	0	2	8	52	2	0	3	4	3	1	1	1585	1	1	1
52	93	93	1	0	2	9	44	53	0	4	5	4	1	1	1683	NaN	1	1
52	94	94	1	0	2	10	40	20	0	5	4	5	1	1	2351	0	1	1
52	95	95	1	0	2	11	48	46	0	5	2	5	1	1	2324	0	1	1
52	96	96	1	0	2	12	22	8	0	5	3	5	1	1	2148	0	1	1
52	97	1	2	1	0	1	14	48	0	3	5	3	1	1	2338	0	2	NaN
52	98	2	2	1	0	2	41	52	0	2	5	2	1	1	5403	0	2	1
52	99	3	2	1	0	3	31	45	0	3	4	4	2	1	3570	1	1	2
52	100	4	2	1	0	4	26	50	0	5	3	3	2	1	2596	1	1	1
52	101	5	2	1	0	5	14	39	0	4	5	5	2	1	8754	1	1	1
52	102	6	2	0	1	6	4	36	0	4	2	4	1	1	3409	0	2	2
52	103	7	2	0	1	7	30	15	0	3	2	3	1	1	1292	0	2	1
52	104	8	2	0	1	8	11	25	0	4	5	4	1	1	2444	0	2	1
52	105	9	2	0	1	9	44	53	0	3	4	4	2	1	1755	NaN	1	2
52	106	10	2	0	1	10	7	54	0	5	4	4	2	1	1392	0	1	1
52	107	11	2	0	1	11	1	54	0	3	5	5	2	1	822	0	1	1
52	108	12	2	0	1	12	8	39	0	2	5	5	2	1	5676	0	1	1
52	109	13	2	2	0	1	51	34	0	4	2	2	2	1	2177	0	2	1
52	110	14	2	2	0	2	10	33	0	5	3	3	2	1	2175	0	2	1
52	111	15	2	2	0	3	4	31	0	2	4	4	2	1	1725	0	2	1
52	112	16	2	2	0	4	33	3	0	2	4	2	1	1	1517	1	1	2
52	113	17	2	2	0	5	27	42	0	3	2	3	1	1	4837	1	1	1
52	114	18	2	0	2	6	20	54	0	2	4	3	0	0	4265	NaN	NaN	2
52	115	19	2	0	2	7	9	7	0	3	2	3	1	1	6432	1	1	NaN
52	116	20	2	0	2	8	45	20	0	3	5	3	1	1	3868	1	1	1
52	117	21	2	0	2	9	10	47	0	5	2	2	2	1	3460	NaN	2	2
52	118	22	2	0	2	10	39	11	0	3	4	4	2	1	3096	1	2	1
52	119	23	2	0	2	11	51	12	0	3	5	5	2	1	1088	1	2	1
52	120	24	2	0	2	12	6	14	0	5	3	3	2	1	1124	1	2	1
52	121	25	2	1	0	1	31	18	0	2	3	2	1	1	1964	0	2	2
52	122	26	2	1	0	2	22	38	0	5	4	4	2	1	13982	1	1	2
52	123	27	2	1	0	3	43	41	0	2	3	3	2	1	3195	1	1	1
52	124	28	2	1	0	4	26	36	0	3	4	3	1	1	6529	0	2	2
52	125	29	2	1	0	5	31	32	0	5	2	5	1	1	1963	0	2	1
52	126	30	2	0	1	6	28	34	0	3	4	3	1	1	2100	0	2	1
52	127	31	2	0	1	7	8	14	0	4	2	4	1	1	2328	0	2	1
52	128	32	2	0	1	8	10	22	0	2	3	2	1	1	1677	0	2	1
52	129	33	2	0	1	9	40	19	0	5	4	5	1	1	2428	NaN	2	1
52	130	34	2	0	1	10	27	50	0	4	3	4	1	1	1523	1	2	1
52	131	35	2	0	1	11	39	52	0	2	5	2	1	1	2251	1	2	1
52	132	36	2	0	1	12	2	13	0	4	5	4	1	1	906	1	2	1
52	133	37	2	2	0	1	5	6	0	5	3	5	1	1	2559	1	1	1
52	134	38	2	2	0	2	47	33	0	4	2	4	1	1	3560	1	1	1
52	135	39	2	2	0	3	35	6	0	2	4	2	1	1	3050	1	1	1
52	136	40	2	2	0	4	15	18	0	4	2	5	0	0	1941	NaN	NaN	2
52	137	41	2	2	0	5	21	17	0	5	2	5	1	1	2597	1	1	NaN
52	138	42	2	0	2	6	3	40	0	4	3	4	1	1	1091	1	1	1
52	139	43	2	0	2	7	38	43	0	2	3	2	1	1	2351	1	1	1
52	140	44	2	0	2	8	6	13	0	2	5	2	1	1	2332	1	1	1
52	141	45	2	0	2	9	16	42	0	2	3	2	1	1	1297	NaN	1	1
52	142	46	2	0	2	10	23	24	0	4	2	4	1	1	2561	0	1	1
52	143	47	2	0	2	11	33	46	0	2	3	2	1	1	1011	0	1	1
52	144	48	2	0	2	12	42	17	0	5	2	5	1	1	2896	0	1	1
52	145	49	2	1	0	1	18	51	0	5	3	5	1	1	2161	0	2	1
52	146	50	2	1	0	2	48	36	0	4	5	4	1	1	4578	0	2	1
52	147	51	2	1	0	3	11	26	0	5	2	5	1	1	4952	0	2	1
52	148	52	2	1	0	4	3	7	0	4	5	4	1	1	1494	0	2	1
52	149	53	2	1	0	5	53	8	0	4	5	4	1	1	4558	0	2	1
52	150	54	2	0	1	6	34	38	0	4	3	3	2	1	3364	1	1	2
52	151	55	2	0	1	7	32	50	0	4	5	4	1	1	1350	0	2	2
52	152	56	2	0	1	8	51	53	0	3	4	3	1	1	1355	0	2	1
52	153	57	2	0	1	9	30	32	0	3	4	3	1	1	1192	NaN	2	1
52	154	58	2	0	1	10	42	28	0	2	5	2	1	1	3042	1	2	1
52	155	59	2	0	1	11	10	13	0	5	2	5	1	1	3081	1	2	1
52	156	60	2	0	1	12	39	40	0	2	5	2	1	1	1765	1	2	1
52	157	61	2	2	0	1	36	18	0	4	3	4	1	1	3527	1	1	1
52	158	62	2	2	0	2	2	11	0	3	5	3	1	1	1156	1	1	1
52	159	63	2	2	0	3	23	36	0	4	2	4	1	1	2777	1	1	1
52	160	64	2	2	0	4	29	21	0	5	2	5	1	1	3447	1	1	1
52	161	65	2	2	0	5	39	34	0	3	2	3	1	1	2870	1	1	1
52	162	66	2	0	2	6	30	43	0	3	2	3	1	1	910	1	1	1
52	163	67	2	0	2	7	18	33	0	2	3	2	1	1	1726	1	1	1
52	164	68	2	0	2	8	13	29	0	2	4	2	1	1	987	1	1	1
52	165	69	2	0	2	9	12	40	0	5	4	5	1	1	1068	NaN	1	1
52	166	70	2	0	2	10	19	18	0	5	4	5	1	1	3052	0	1	1
52	167	71	2	0	2	11	14	11	0	5	3	5	1	1	987	0	1	1
52	168	72	2	0	2	12	41	2	0	2	5	2	1	1	2265	0	1	1
52	169	73	2	1	0	1	48	40	0	3	5	4	0	0	2684	NaN	NaN	2
52	170	74	2	1	0	2	51	10	0	3	5	3	1	1	3703	0	2	NaN
52	171	75	2	1	0	3	36	5	0	3	5	3	1	1	2420	0	2	1
52	172	76	2	1	0	4	36	30	0	2	5	2	1	1	1194	0	2	1
52	173	77	2	1	0	5	23	54	0	2	4	5	0	0	2996	NaN	NaN	2
52	174	78	2	0	1	6	26	10	0	3	4	3	1	1	3258	0	2	NaN
52	175	79	2	0	1	7	39	14	0	3	2	2	2	1	813	1	1	2
52	176	80	2	0	1	8	38	49	0	5	4	4	2	1	2048	1	1	1
52	177	81	2	0	1	9	18	36	0	5	2	2	2	1	2287	NaN	1	1
52	178	82	2	0	1	10	10	1	0	4	5	5	2	1	947	0	1	1
52	179	83	2	0	1	11	13	25	0	2	4	5	0	0	2971	NaN	NaN	2
52	180	84	2	0	1	12	8	5	0	4	3	3	2	1	3800	0	1	NaN
52	181	85	2	2	0	1	46	13	0	5	3	3	2	1	2303	0	2	1
52	182	86	2	2	0	2	31	44	0	4	3	3	2	1	4691	0	2	1
52	183	87	2	2	0	3	34	14	0	3	2	3	1	1	2284	1	1	2
52	184	88	2	2	0	4	23	25	0	5	3	5	1	1	2512	1	1	1
52	185	89	2	2	0	5	46	40	0	2	3	2	1	1	1588	1	1	1
52	186	90	2	0	2	6	27	40	0	5	4	5	1	1	2630	1	1	1
52	187	91	2	0	2	7	19	18	0	4	2	4	1	1	2669	1	1	1
52	188	92	2	0	2	8	37	4	0	3	2	3	1	1	2988	1	1	1
52	189	93	2	0	2	9	46	50	0	4	3	4	1	1	3639	NaN	1	1
52	190	94	2	0	2	10	25	27	0	5	4	5	1	1	1962	0	1	1
52	191	95	2	0	2	11	43	27	0	4	3	4	1	1	2675	0	1	1
52	192	96	2	0	2	12	5	47	0	2	4	2	1	1	2303	0	1	1
52	193	1	3	1	0	1	13	41	0	5	4	5	1	1	1657	0	2	NaN
52	194	2	3	1	0	2	27	20	0	4	3	4	1	1	2132	0	2	1
52	195	3	3	1	0	3	12	50	0	2	3	3	2	1	4161	1	1	2
52	196	4	3	1	0	4	1	37	0	5	2	5	1	1	1155	0	2	2
52	197	5	3	1	0	5	23	44	0	3	4	4	2	1	4112	1	1	2
52	198	6	3	0	1	6	27	8	0	5	2	5	1	1	3029	0	2	2
52	199	7	3	0	1	7	44	6	0	4	5	4	1	1	2415	0	2	1
52	200	8	3	0	1	8	5	24	0	5	3	5	1	1	3874	0	2	1
52	201	9	3	0	1	9	37	47	0	2	5	2	1	1	1970	NaN	2	1
52	202	10	3	0	1	10	37	4	0	5	4	5	1	1	2907	1	2	1
52	203	11	3	0	1	11	7	53	0	2	4	2	1	1	2536	1	2	1
52	204	12	3	0	1	12	28	5	0	5	3	5	1	1	3605	1	2	1
52	205	13	3	2	0	1	36	4	0	3	5	3	1	1	3107	1	1	1
52	206	14	3	2	0	2	36	40	0	3	5	3	1	1	1800	1	1	1
52	207	15	3	2	0	3	13	32	0	4	3	4	1	1	866	1	1	1
52	208	16	3	2	0	4	46	54	0	5	2	2	2	1	1760	0	2	2
52	209	17	3	2	0	5	38	17	0	4	2	2	2	1	3042	0	2	1
52	210	18	3	0	2	6	25	39	0	4	5	4	1	1	2553	1	1	2
52	211	19	3	0	2	7	3	42	0	3	2	4	0	0	863	NaN	NaN	2
52	212	20	3	0	2	8	49	51	0	3	5	5	2	1	4705	0	2	NaN
52	213	21	3	0	2	9	47	51	0	3	2	3	1	1	3926	NaN	1	2
52	214	22	3	0	2	10	24	40	0	3	4	3	1	1	3627	0	1	1
52	215	23	3	0	2	11	26	8	0	2	4	2	1	1	1754	0	1	1
52	216	24	3	0	2	12	22	52	0	4	3	4	1	1	3383	0	1	1
52	217	25	3	1	0	1	3	27	0	2	4	2	1	1	930	0	2	1
52	218	26	3	1	0	2	4	26	0	5	3	3	2	1	2326	1	1	2
52	219	27	3	1	0	3	51	28	0	5	3	3	2	1	4787	1	1	1
52	220	28	3	1	0	4	9	44	0	5	3	3	2	1	3869	1	1	1
52	221	29	3	1	0	5	34	24	0	2	3	3	2	1	1678	1	1	1
52	222	30	3	0	1	6	51	41	0	5	4	4	2	1	2825	1	1	1
52	223	31	3	0	1	7	13	4	0	5	4	4	2	1	1080	1	1	1
52	224	32	3	0	1	8	15	21	0	4	2	4	1	1	1655	0	2	2
52	225	33	3	0	1	9	43	52	0	4	2	2	2	1	3563	NaN	1	2
52	226	34	3	0	1	10	5	17	0	5	4	5	1	1	5805	1	2	2
52	227	35	3	0	1	11	2	1	0	5	4	5	1	1	812	1	2	1
52	228	36	3	0	1	12	52	28	0	5	3	5	1	1	2494	1	2	1
52	229	37	3	2	0	1	10	52	0	4	2	3	0	0	1598	NaN	NaN	2
52	230	38	3	2	0	2	51	42	0	4	3	4	1	1	3387	1	1	NaN
52	231	39	3	2	0	3	26	10	0	5	2	5	1	1	2014	1	1	1
52	232	40	3	2	0	4	4	16	0	4	5	4	1	1	1144	1	1	1
52	233	41	3	2	0	5	8	11	0	3	2	3	1	1	3161	1	1	1
52	234	42	3	0	2	6	36	10	0	4	5	3	0	0	1570	NaN	NaN	2
52	235	43	3	0	2	7	21	45	0	4	5	4	1	1	1835	1	1	NaN
52	236	44	3	0	2	8	40	35	0	3	4	3	1	1	2790	1	1	1
52	237	45	3	0	2	9	50	32	0	3	4	3	1	1	1384	NaN	1	1
52	238	46	3	0	2	10	41	6	0	5	4	5	1	1	3218	0	1	1
52	239	47	3	0	2	11	24	44	0	3	4	3	1	1	2428	0	1	1
52	240	48	3	0	2	12	37	18	0	4	2	4	1	1	1347	0	1	1
52	241	49	3	1	0	1	48	23	0	3	5	3	1	1	3228	0	2	1
52	242	50	3	1	0	2	41	33	0	2	5	5	2	1	1691	1	1	2
52	243	51	3	1	0	3	22	51	0	4	3	4	1	1	5811	0	2	2
52	244	52	3	1	0	4	33	36	0	4	3	3	2	1	1310	1	1	2
52	245	53	3	1	0	5	38	21	0	2	3	3	2	1	2322	1	1	1
52	246	54	3	0	1	6	11	52	0	4	5	5	2	1	1219	1	1	1
52	247	55	3	0	1	7	5	8	0	2	5	5	2	1	3242	1	1	1
52	248	56	3	0	1	8	43	7	0	2	4	4	2	1	1321	1	1	1
52	249	57	3	0	1	9	47	19	0	5	2	2	2	1	2273	NaN	1	1
52	250	58	3	0	1	10	1	20	0	3	4	3	1	1	1145	1	2	2
52	251	59	3	0	1	11	42	47	0	2	4	2	1	1	2802	1	2	1
52	252	60	3	0	1	12	41	49	0	2	4	2	1	1	3008	1	2	1
52	253	61	3	2	0	1	1	43	0	2	3	2	1	1	651	1	1	1
52	254	62	3	2	0	2	32	50	0	2	3	2	1	1	2634	1	1	1
52	255	63	3	2	0	3	37	17	0	2	5	2	1	1	1285	1	1	1
52	256	64	3	2	0	4	15	5	0	4	2	4	1	1	904	1	1	1
52	257	65	3	2	0	5	32	1	0	3	2	3	1	1	2540	1	1	1
52	258	66	3	0	2	6	17	4	0	4	2	4	1	1	1829	1	1	1
52	259	67	3	0	2	7	25	23	0	5	2	5	1	1	3140	1	1	1
52	260	68	3	0	2	8	14	34	0	3	5	3	1	1	1381	1	1	1
52	261	69	3	0	2	9	14	2	0	2	3	2	1	1	891	NaN	1	1
52	262	70	3	0	2	10	39	24	0	5	3	5	1	1	3283	0	1	1
52	263	71	3	0	2	11	35	3	0	3	2	3	1	1	1703	0	1	1
52	264	72	3	0	2	12	54	11	0	4	5	4	1	1	1515	0	1	1
52	265	73	3	1	0	1	47	21	0	5	3	5	1	1	4867	0	2	1
52	266	74	3	1	0	2	26	11	0	3	2	2	2	1	2004	1	1	2
52	267	75	3	1	0	3	20	36	0	3	4	3	1	1	1442	0	2	2
52	268	76	3	1	0	4	34	27	0	3	5	3	1	1	1981	0	2	1
52	269	77	3	1	0	5	25	23	0	2	5	5	2	1	2426	1	1	2
52	270	78	3	0	1	6	43	30	0	4	3	3	2	1	1105	1	1	1
52	271	79	3	0	1	7	18	44	0	3	4	4	2	1	2653	1	1	1
52	272	80	3	0	1	8	44	14	0	3	2	2	2	1	980	1	1	1
52	273	81	3	0	1	9	41	8	0	3	2	3	1	1	4086	NaN	2	2
52	274	82	3	0	1	10	11	13	0	2	5	2	1	1	962	1	2	1
52	275	83	3	0	1	11	3	7	0	4	5	4	1	1	1335	1	2	1
52	276	84	3	0	1	12	34	21	0	3	5	3	1	1	1307	1	2	1
52	277	85	3	2	0	1	19	8	0	2	5	2	1	1	3032	1	1	1
52	278	86	3	2	0	2	8	32	0	4	3	4	1	1	2987	1	1	1
52	279	87	3	2	0	3	25	54	0	5	4	5	1	1	2893	1	1	1
52	280	88	3	2	0	4	21	12	0	2	3	2	1	1	1901	1	1	1
52	281	89	3	2	0	5	26	54	0	2	3	2	1	1	1765	1	1	1
52	282	90	3	0	2	6	31	1	0	3	5	3	1	1	2951	1	1	1
52	283	91	3	0	2	7	35	3	0	4	2	4	1	1	3748	1	1	1
52	284	92	3	0	2	8	25	37	0	2	5	2	1	1	2458	1	1	1
52	285	93	3	0	2	9	15	47	0	2	4	2	1	1	813	NaN	1	1
52	286	94	3	0	2	10	48	7	0	5	2	2	2	1	3063	1	2	2
52	287	95	3	0	2	11	22	6	0	2	4	3	0	0	2043	NaN	NaN	2
52	288	96	3	0	2	12	16	6	0	5	2	2	2	1	2345	1	2	NaN
