MultiTargForag_2	Participant_Code = 44
Search_Type = 1	CB_Targets = 1
Trial	Click_Num	Target_Click_Order	Click_X	Click_y	Item_selected	Item_X	Item_Y	Target_Set	RT
1.000000	1.000000	1.000000	429.000000	160.000000	3.000000	424.530919	165.454774	1.000000	2.525295
1.000000	2.000000	2.000000	746.000000	140.000000	6.000000	735.002554	140.989713	1.000000	3.362603
1.000000	3.000000	3.000000	889.000000	230.000000	17.000000	886.390837	245.244722	1.000000	4.370231
1.000000	4.000000	4.000000	783.000000	233.000000	16.000000	771.846667	238.105800	1.000000	5.017969
1.000000	5.000000	5.000000	554.000000	230.000000	14.000000	550.474523	231.403504	1.000000	5.531978
1.000000	6.000000	6.000000	637.000000	345.000000	25.000000	632.259768	335.302998	1.000000	6.234553
1.000000	7.000000	7.000000	854.000000	338.000000	27.000000	844.382002	340.174031	1.000000	7.153951
1.000000	8.000000	8.000000	1070.000000	339.000000	29.000000	1068.229018	346.443865	1.000000	7.810348
1.000000	9.000000	9.000000	1102.000000	460.000000	39.000000	1085.398382	466.328091	1.000000	8.283433
1.000000	10.000000	10.000000	971.000000	469.000000	38.000000	965.420693	479.491828	1.000000	8.795843
1.000000	11.000000	11.000000	513.000000	589.000000	44.000000	507.755319	591.503197	1.000000	9.523132
1.000000	12.000000	12.000000	441.000000	573.000000	43.000000	427.766561	576.897478	1.000000	10.074178
1.000000	13.000000	13.000000	634.000000	677.000000	55.000000	619.196511	678.545598	1.000000	10.738630
1.000000	14.000000	14.000000	759.000000	638.000000	56.000000	752.861174	649.042868	1.000000	11.338886
1.000000	15.000000	15.000000	974.000000	798.000000	68.000000	967.265495	811.886021	1.000000	11.931085
1.000000	16.000000	16.000000	655.000000	781.000000	65.000000	641.131598	780.210175	1.000000	12.555377
1.000000	17.000000	17.000000	773.000000	898.000000	76.000000	773.387513	904.208094	1.000000	13.170757
1.000000	18.000000	18.000000	398.000000	885.000000	73.000000	406.184364	887.349474	1.000000	13.939096
1.000000	19.000000	19.000000	327.000000	824.000000	62.000000	312.613210	825.629222	1.000000	14.467227
1.000000	20.000000	20.000000	230.000000	906.000000	71.000000	221.248867	922.768311	1.000000	15.242662
1.000000	21.000000	21.000000	1188.000000	884.000000	80.000000	1198.370573	889.571375	2.000000	16.337792
1.000000	22.000000	22.000000	1108.000000	883.000000	79.000000	1104.243797	885.822581	2.000000	16.834804
1.000000	23.000000	23.000000	1205.000000	818.000000	70.000000	1207.959961	815.659988	2.000000	17.395486
1.000000	24.000000	24.000000	1075.000000	799.000000	69.000000	1064.515427	800.535819	2.000000	17.914275
1.000000	25.000000	0.000000	244.000000	742.000000	61.000000	224.230896	759.338958	2.000000	18.890450
1.000000	26.000000	25.000000	235.000000	758.000000	61.000000	224.230896	759.338958	2.000000	19.659632
1.000000	27.000000	26.000000	300.000000	669.000000	52.000000	300.334644	669.133889	2.000000	20.249988
1.000000	28.000000	27.000000	413.000000	664.000000	53.000000	408.037089	672.770085	2.000000	20.842708
1.000000	29.000000	28.000000	1080.000000	570.000000	49.000000	1066.356907	579.479940	2.000000	21.866215
1.000000	30.000000	29.000000	1219.000000	504.000000	40.000000	1220.802521	500.017481	2.000000	22.467081
1.000000	31.000000	30.000000	642.000000	535.000000	45.000000	642.031964	545.498913	2.000000	23.164004
1.000000	32.000000	31.000000	644.000000	478.000000	35.000000	628.059410	478.300083	2.000000	23.643862
1.000000	33.000000	32.000000	551.000000	451.000000	34.000000	546.054062	449.907482	2.000000	24.171614
1.000000	34.000000	33.000000	445.000000	467.000000	33.000000	447.297474	472.230538	2.000000	24.674533
1.000000	35.000000	34.000000	227.000000	492.000000	31.000000	230.222602	506.577341	2.000000	25.331800
1.000000	36.000000	35.000000	407.000000	320.000000	23.000000	398.211734	332.446648	2.000000	26.323667
1.000000	37.000000	36.000000	1071.000000	249.000000	19.000000	1059.987197	255.510109	2.000000	27.148200
1.000000	38.000000	37.000000	994.000000	239.000000	18.000000	980.324272	232.648600	2.000000	27.570606
1.000000	39.000000	38.000000	1084.000000	187.000000	9.000000	1079.937176	188.496065	2.000000	28.212015
1.000000	40.000000	39.000000	300.000000	230.000000	12.000000	297.555635	239.850792	2.000000	29.378116
1.000000	41.000000	40.000000	191.000000	165.000000	1.000000	184.773844	162.987779	2.000000	30.033943
1.000000	1.000000	1.000000	326.000000	223.000000	12.000000	316.342522	229.156335	1.000000	1.205149
1.000000	2.000000	2.000000	443.000000	163.000000	3.000000	438.761032	159.573695	1.000000	1.799222
1.000000	3.000000	3.000000	992.000000	138.000000	8.000000	995.394030	136.800903	1.000000	2.709706
1.000000	4.000000	4.000000	446.000000	267.000000	13.000000	445.048316	274.994129	1.000000	3.637122
1.000000	5.000000	5.000000	555.000000	271.000000	14.000000	551.734500	278.304131	1.000000	4.268907
1.000000	6.000000	6.000000	672.000000	257.000000	15.000000	665.226670	254.893058	1.000000	4.815089
1.000000	7.000000	7.000000	1185.000000	386.000000	30.000000	1182.036565	375.941277	1.000000	5.597561
1.000000	8.000000	8.000000	1073.000000	380.000000	29.000000	1090.753796	385.759133	1.000000	6.028790
1.000000	9.000000	9.000000	653.000000	362.000000	25.000000	649.530500	363.318617	1.000000	6.805267
1.000000	10.000000	10.000000	547.000000	356.000000	24.000000	535.956289	364.620758	1.000000	7.357254
1.000000	11.000000	11.000000	329.000000	334.000000	22.000000	326.063025	340.169645	1.000000	7.933758
1.000000	12.000000	12.000000	661.000000	446.000000	35.000000	654.445776	450.269401	1.000000	8.637431
1.000000	13.000000	13.000000	1177.000000	658.000000	60.000000	1187.858826	661.889809	1.000000	9.341703
1.000000	14.000000	14.000000	1089.000000	694.000000	59.000000	1083.687369	708.151934	1.000000	10.021869
1.000000	15.000000	15.000000	549.000000	694.000000	54.000000	544.148362	690.096187	1.000000	10.645968
1.000000	16.000000	16.000000	293.000000	810.000000	62.000000	290.484933	821.519483	1.000000	11.253816
1.000000	17.000000	17.000000	630.000000	777.000000	65.000000	636.523977	771.343794	1.000000	11.917587
1.000000	18.000000	18.000000	1179.000000	767.000000	70.000000	1176.500768	763.303120	1.000000	12.646148
1.000000	19.000000	19.000000	1084.000000	899.000000	79.000000	1084.093527	913.882740	1.000000	13.255066
1.000000	20.000000	20.000000	429.000000	908.000000	73.000000	424.314880	914.572491	1.000000	14.262661
1.000000	21.000000	21.000000	337.000000	903.000000	72.000000	337.874264	895.385103	2.000000	14.998148
1.000000	22.000000	22.000000	752.000000	919.000000	76.000000	755.552338	919.152708	2.000000	15.686956
1.000000	23.000000	23.000000	850.000000	927.000000	77.000000	856.201262	932.094432	2.000000	16.270373
1.000000	24.000000	24.000000	983.000000	888.000000	78.000000	962.064883	899.937663	2.000000	16.822278
1.000000	25.000000	25.000000	870.000000	696.000000	57.000000	850.455648	696.063605	2.000000	17.414342
1.000000	26.000000	26.000000	635.000000	709.000000	55.000000	634.988446	712.286555	2.000000	18.046714
1.000000	27.000000	27.000000	419.000000	754.000000	63.000000	416.077033	767.544969	2.000000	18.685187
1.000000	28.000000	28.000000	421.000000	695.000000	53.000000	418.264411	689.425099	2.000000	19.141273
1.000000	29.000000	29.000000	200.000000	650.000000	51.000000	190.872800	649.867724	2.000000	21.605412
1.000000	30.000000	30.000000	760.000000	661.000000	56.000000	749.645570	659.290256	2.000000	22.644932
1.000000	31.000000	31.000000	954.000000	567.000000	48.000000	948.213024	562.629294	2.000000	23.293348
1.000000	32.000000	32.000000	884.000000	573.000000	47.000000	882.416916	577.950214	2.000000	23.869998
1.000000	33.000000	33.000000	541.000000	594.000000	44.000000	532.365407	599.404048	2.000000	25.429193
1.000000	34.000000	34.000000	192.000000	543.000000	41.000000	207.328617	547.465849	2.000000	27.678968
1.000000	35.000000	35.000000	412.000000	440.000000	33.000000	412.940711	443.227747	2.000000	28.487165
1.000000	36.000000	36.000000	765.000000	380.000000	26.000000	767.606807	372.982822	2.000000	29.190041
1.000000	37.000000	37.000000	951.000000	355.000000	28.000000	950.953670	354.335280	2.000000	29.885793
1.000000	38.000000	38.000000	880.000000	242.000000	17.000000	878.366512	248.708014	2.000000	30.468978
1.000000	39.000000	39.000000	1087.000000	166.000000	9.000000	1064.774369	162.783400	2.000000	31.102449
1.000000	40.000000	40.000000	305.000000	141.000000	2.000000	306.102915	139.992533	2.000000	32.141690
2.000000	1.000000	1.000000	176.000000	160.000000	1.000000	186.561858	161.202813	1.000000	1.359037
2.000000	2.000000	2.000000	754.000000	249.000000	16.000000	757.613177	249.113698	1.000000	2.280153
2.000000	3.000000	3.000000	210.000000	369.000000	21.000000	205.919829	370.417805	1.000000	3.065009
2.000000	4.000000	4.000000	311.000000	347.000000	22.000000	320.002682	343.962484	1.000000	3.711377
2.000000	5.000000	5.000000	543.000000	357.000000	24.000000	537.440377	356.451112	1.000000	4.439045
2.000000	6.000000	6.000000	993.000000	386.000000	28.000000	976.853461	387.116860	1.000000	5.288205
2.000000	7.000000	7.000000	1110.000000	446.000000	39.000000	1102.826654	454.214027	1.000000	5.903508
2.000000	8.000000	8.000000	781.000000	457.000000	36.000000	771.424597	468.075225	1.000000	6.664557
2.000000	9.000000	9.000000	643.000000	473.000000	35.000000	632.949026	480.458585	1.000000	7.248522
2.000000	10.000000	10.000000	451.000000	555.000000	43.000000	446.825890	549.581638	1.000000	8.063565
2.000000	11.000000	11.000000	977.000000	586.000000	48.000000	988.792079	595.109757	1.000000	8.823914
2.000000	12.000000	12.000000	1096.000000	654.000000	59.000000	1082.367651	649.154839	1.000000	9.472480
2.000000	13.000000	13.000000	888.000000	671.000000	57.000000	884.654244	675.070537	1.000000	10.327166
2.000000	14.000000	14.000000	439.000000	698.000000	53.000000	428.317619	701.175077	1.000000	11.016212
2.000000	15.000000	15.000000	310.000000	694.000000	52.000000	313.494849	693.681436	1.000000	11.542843
2.000000	16.000000	16.000000	207.000000	820.000000	61.000000	218.184110	814.821921	1.000000	12.431899
2.000000	17.000000	17.000000	996.000000	801.000000	68.000000	993.607847	799.387246	1.000000	13.311069
2.000000	18.000000	18.000000	1208.000000	873.000000	80.000000	1191.880946	882.153886	1.000000	13.896184
2.000000	19.000000	19.000000	999.000000	875.000000	78.000000	991.942431	881.394025	1.000000	14.519192
2.000000	20.000000	20.000000	308.000000	885.000000	72.000000	288.196198	896.353284	1.000000	15.399305
2.000000	21.000000	21.000000	300.000000	809.000000	62.000000	293.567516	807.516693	2.000000	15.991599
2.000000	22.000000	22.000000	519.000000	868.000000	74.000000	521.841004	870.031095	2.000000	16.800562
2.000000	23.000000	23.000000	520.000000	786.000000	64.000000	513.113244	786.706812	2.000000	17.409213
2.000000	24.000000	24.000000	214.000000	661.000000	51.000000	219.447548	670.813762	2.000000	18.224561
2.000000	25.000000	25.000000	555.000000	667.000000	54.000000	552.908394	675.297817	2.000000	18.959165
2.000000	26.000000	26.000000	771.000000	591.000000	46.000000	760.719522	597.276304	2.000000	19.664260
2.000000	27.000000	27.000000	1089.000000	559.000000	49.000000	1104.515742	552.092455	2.000000	20.390851
2.000000	28.000000	28.000000	218.000000	602.000000	41.000000	217.911281	608.225190	2.000000	21.319865
2.000000	29.000000	29.000000	453.000000	402.000000	23.000000	441.674767	388.721884	2.000000	21.999139
2.000000	30.000000	30.000000	765.000000	362.000000	26.000000	770.252445	364.735319	2.000000	22.752064
2.000000	31.000000	31.000000	1056.000000	382.000000	29.000000	1064.744532	393.962606	2.000000	23.408064
2.000000	32.000000	32.000000	1089.000000	265.000000	19.000000	1093.200627	260.795135	2.000000	23.958998
2.000000	33.000000	33.000000	990.000000	263.000000	18.000000	993.640759	268.644640	2.000000	24.400936
2.000000	34.000000	34.000000	643.000000	249.000000	15.000000	640.416789	253.003117	2.000000	24.982913
2.000000	35.000000	35.000000	549.000000	281.000000	14.000000	555.502826	285.167301	2.000000	25.416849
2.000000	36.000000	36.000000	306.000000	253.000000	12.000000	311.850752	247.501693	2.000000	25.927764
2.000000	37.000000	37.000000	205.000000	232.000000	11.000000	196.073717	239.778508	2.000000	26.303586
2.000000	38.000000	38.000000	1001.000000	135.000000	8.000000	989.065568	130.071104	2.000000	27.111135
2.000000	39.000000	0.000000	1046.000000	148.000000	9.000000	1069.342710	161.090310	2.000000	27.703495
2.000000	40.000000	39.000000	1077.000000	150.000000	9.000000	1069.342710	161.090310	2.000000	28.056553
2.000000	41.000000	40.000000	1205.000000	126.000000	10.000000	1197.276385	122.754417	2.000000	28.632917
3.000000	1.000000	1.000000	234.000000	166.000000	1.000000	225.738739	157.951341	1.000000	1.111612
3.000000	2.000000	2.000000	541.000000	154.000000	4.000000	527.994652	159.741322	1.000000	1.792931
3.000000	3.000000	3.000000	956.000000	125.000000	8.000000	954.995516	129.726734	1.000000	2.542852
3.000000	4.000000	4.000000	1065.000000	279.000000	19.000000	1066.338656	284.882736	1.000000	3.167887
3.000000	5.000000	5.000000	655.000000	241.000000	15.000000	657.999617	246.595577	1.000000	3.767568
3.000000	6.000000	6.000000	551.000000	242.000000	14.000000	544.350488	260.693350	1.000000	4.168001
3.000000	7.000000	7.000000	535.000000	314.000000	24.000000	535.592147	335.873395	1.000000	4.656304
3.000000	8.000000	8.000000	1095.000000	361.000000	29.000000	1093.558296	377.244169	1.000000	5.409041
3.000000	9.000000	9.000000	228.000000	585.000000	41.000000	224.866103	578.638054	1.000000	6.327398
3.000000	10.000000	10.000000	514.000000	582.000000	44.000000	517.383051	581.176339	1.000000	6.944708
3.000000	11.000000	11.000000	994.000000	591.000000	48.000000	996.314453	599.422701	1.000000	7.871775
3.000000	12.000000	12.000000	302.000000	703.000000	52.000000	304.820351	704.106883	1.000000	8.705102
3.000000	13.000000	13.000000	522.000000	675.000000	54.000000	526.767767	683.128794	1.000000	9.312014
3.000000	14.000000	14.000000	338.000000	800.000000	62.000000	335.980746	798.862861	1.000000	9.951715
3.000000	15.000000	15.000000	537.000000	800.000000	64.000000	522.340206	798.968308	1.000000	10.527236
3.000000	16.000000	16.000000	437.000000	873.000000	73.000000	419.167859	884.782627	1.000000	11.943094
3.000000	17.000000	17.000000	663.000000	876.000000	75.000000	644.772875	875.590000	1.000000	12.584522
3.000000	18.000000	18.000000	737.000000	872.000000	76.000000	745.610875	877.685529	1.000000	13.231342
3.000000	19.000000	19.000000	860.000000	911.000000	77.000000	851.121918	916.729347	1.000000	13.960211
3.000000	20.000000	20.000000	1015.000000	854.000000	78.000000	999.139138	867.365772	1.000000	14.584583
3.000000	21.000000	21.000000	1091.000000	864.000000	79.000000	1096.031618	872.106471	2.000000	15.304144
3.000000	22.000000	22.000000	1093.000000	815.000000	69.000000	1093.482024	805.275070	2.000000	15.862985
3.000000	23.000000	23.000000	546.000000	898.000000	74.000000	553.328947	902.630336	2.000000	16.687729
3.000000	24.000000	24.000000	334.000000	908.000000	72.000000	335.660586	913.557235	2.000000	17.448983
3.000000	25.000000	25.000000	399.000000	793.000000	63.000000	397.770722	810.511345	2.000000	17.943034
3.000000	26.000000	26.000000	185.000000	782.000000	61.000000	203.082464	781.946983	2.000000	18.519825
3.000000	27.000000	27.000000	651.000000	656.000000	55.000000	653.488314	661.587069	2.000000	19.401028
3.000000	28.000000	28.000000	986.000000	653.000000	58.000000	973.809071	659.210421	2.000000	20.079610
3.000000	29.000000	29.000000	432.000000	613.000000	43.000000	434.966441	605.449547	2.000000	20.807768
3.000000	30.000000	30.000000	341.000000	597.000000	42.000000	336.519616	600.339333	2.000000	21.536776
3.000000	31.000000	31.000000	217.000000	475.000000	31.000000	216.335730	485.598106	2.000000	22.024226
3.000000	32.000000	32.000000	624.000000	554.000000	45.000000	634.797033	567.342881	2.000000	22.824659
3.000000	33.000000	33.000000	798.000000	492.000000	36.000000	775.908386	498.762895	2.000000	23.456964
3.000000	34.000000	34.000000	561.000000	487.000000	34.000000	555.553058	487.336639	2.000000	24.064463
3.000000	35.000000	35.000000	979.000000	340.000000	28.000000	997.486330	341.233340	2.000000	24.760961
3.000000	36.000000	36.000000	1013.000000	259.000000	18.000000	1001.844216	267.151562	2.000000	25.271024
3.000000	37.000000	37.000000	1178.000000	122.000000	10.000000	1171.443200	130.940162	2.000000	26.088907
3.000000	38.000000	38.000000	900.000000	117.000000	7.000000	887.336194	124.092492	2.000000	26.663554
3.000000	39.000000	39.000000	412.000000	172.000000	3.000000	405.469663	186.990599	2.000000	27.457028
3.000000	40.000000	40.000000	319.000000	161.000000	2.000000	312.042742	170.168155	2.000000	27.943276
4.000000	1.000000	1.000000	636.000000	155.000000	5.000000	630.425757	158.457551	1.000000	1.081704
4.000000	2.000000	2.000000	724.000000	174.000000	6.000000	730.081385	180.928817	1.000000	1.481483
4.000000	3.000000	3.000000	1163.000000	156.000000	10.000000	1171.097788	154.878720	1.000000	2.210918
4.000000	4.000000	4.000000	855.000000	246.000000	17.000000	859.203697	237.540652	1.000000	2.859669
4.000000	5.000000	5.000000	1177.000000	356.000000	30.000000	1174.122675	375.778711	1.000000	3.570276
4.000000	6.000000	6.000000	1068.000000	331.000000	29.000000	1070.753483	333.719661	1.000000	4.241950
4.000000	7.000000	7.000000	886.000000	336.000000	27.000000	871.184051	341.700511	1.000000	4.801428
4.000000	8.000000	8.000000	187.000000	557.000000	41.000000	197.439142	558.117039	1.000000	5.561237
4.000000	9.000000	9.000000	297.000000	513.000000	32.000000	301.820659	507.488793	1.000000	6.147061
4.000000	10.000000	10.000000	316.000000	544.000000	42.000000	316.564236	550.530160	1.000000	6.562155
4.000000	11.000000	11.000000	430.000000	496.000000	33.000000	425.243504	489.183260	1.000000	7.089300
4.000000	12.000000	12.000000	561.000000	458.000000	34.000000	560.558820	450.209966	1.000000	7.666166
4.000000	13.000000	13.000000	778.000000	453.000000	36.000000	774.133824	452.034411	1.000000	8.306846
4.000000	14.000000	14.000000	903.000000	568.000000	47.000000	891.452348	561.091168	1.000000	8.995382
4.000000	15.000000	15.000000	1173.000000	563.000000	50.000000	1179.749318	565.889300	1.000000	9.746801
4.000000	16.000000	16.000000	1203.000000	761.000000	70.000000	1189.125807	755.878275	1.000000	10.307359
4.000000	17.000000	17.000000	982.000000	694.000000	58.000000	960.175520	695.572828	1.000000	10.897457
4.000000	18.000000	18.000000	533.000000	656.000000	54.000000	526.152909	654.960744	1.000000	11.634184
4.000000	19.000000	19.000000	435.000000	654.000000	53.000000	435.050116	671.058739	1.000000	12.057694
4.000000	20.000000	20.000000	574.000000	799.000000	64.000000	562.140899	790.613494	1.000000	12.601926
4.000000	21.000000	21.000000	194.000000	100.000000	1.000000	201.711582	120.763412	2.000000	14.001987
4.000000	22.000000	22.000000	302.000000	116.000000	2.000000	296.244241	121.544903	2.000000	14.467432
4.000000	23.000000	23.000000	524.000000	146.000000	4.000000	532.653349	154.653610	2.000000	15.129443
4.000000	24.000000	24.000000	995.000000	173.000000	8.000000	989.116590	187.938399	2.000000	15.890680
4.000000	25.000000	25.000000	965.000000	213.000000	18.000000	965.311789	224.161213	2.000000	16.267394
4.000000	26.000000	26.000000	1214.000000	254.000000	20.000000	1215.501305	260.216296	2.000000	16.953198
4.000000	27.000000	27.000000	1011.000000	319.000000	28.000000	998.495349	330.412616	2.000000	17.562755
4.000000	28.000000	28.000000	440.000000	349.000000	23.000000	438.926844	335.863004	2.000000	18.345376
4.000000	29.000000	29.000000	172.000000	509.000000	31.000000	183.123149	504.458072	2.000000	19.209348
4.000000	30.000000	30.000000	678.000000	664.000000	55.000000	672.072572	669.719259	2.000000	19.993776
4.000000	31.000000	31.000000	741.000000	671.000000	56.000000	741.006609	671.066416	2.000000	20.545608
4.000000	32.000000	32.000000	879.000000	711.000000	57.000000	864.665055	716.013864	2.000000	21.083424
4.000000	33.000000	33.000000	1176.000000	663.000000	60.000000	1187.309772	661.739592	2.000000	21.769334
4.000000	34.000000	34.000000	1176.000000	485.000000	40.000000	1171.030855	480.274593	2.000000	22.314461
4.000000	35.000000	35.000000	1215.000000	885.000000	80.000000	1215.062170	904.403958	2.000000	23.114837
4.000000	36.000000	36.000000	880.000000	927.000000	77.000000	869.240740	913.892449	2.000000	23.857996
4.000000	37.000000	37.000000	660.000000	769.000000	65.000000	662.878508	775.988796	2.000000	24.441870
4.000000	38.000000	38.000000	295.000000	871.000000	72.000000	292.439100	883.753477	2.000000	25.154556
4.000000	39.000000	39.000000	238.000000	870.000000	71.000000	224.489671	879.364286	2.000000	25.746219
4.000000	40.000000	40.000000	207.000000	825.000000	61.000000	203.972931	823.620592	2.000000	26.162138
5.000000	1.000000	0.000000	431.000000	94.000000	3.000000	421.715073	129.702339	1.000000	0.913616
5.000000	2.000000	1.000000	411.000000	133.000000	3.000000	421.715073	129.702339	1.000000	1.545383
5.000000	3.000000	2.000000	192.000000	246.000000	11.000000	190.750402	253.770744	1.000000	2.224319
5.000000	4.000000	3.000000	539.000000	267.000000	14.000000	544.558401	262.767682	1.000000	2.904547
5.000000	5.000000	4.000000	664.000000	281.000000	15.000000	645.951331	272.416465	1.000000	3.337002
5.000000	6.000000	5.000000	850.000000	281.000000	17.000000	843.101031	281.363969	1.000000	3.905049
5.000000	7.000000	6.000000	1176.000000	346.000000	30.000000	1173.504097	349.878255	1.000000	4.673159
5.000000	8.000000	7.000000	851.000000	367.000000	27.000000	842.832655	377.153705	1.000000	5.336958
5.000000	9.000000	8.000000	429.000000	337.000000	23.000000	436.713681	339.672095	1.000000	6.082144
5.000000	10.000000	9.000000	222.000000	349.000000	21.000000	224.870805	354.714938	1.000000	6.880702
5.000000	11.000000	10.000000	657.000000	497.000000	35.000000	650.660555	505.271746	1.000000	7.728316
5.000000	12.000000	11.000000	984.000000	445.000000	38.000000	999.878953	436.655644	1.000000	8.472920
5.000000	13.000000	12.000000	1108.000000	463.000000	39.000000	1094.236846	467.556696	1.000000	9.201897
5.000000	14.000000	13.000000	217.000000	565.000000	41.000000	227.743416	571.127727	1.000000	10.216993
5.000000	15.000000	14.000000	312.000000	572.000000	42.000000	304.441208	572.581438	1.000000	10.833106
5.000000	16.000000	15.000000	731.000000	690.000000	56.000000	738.024856	690.062197	1.000000	11.848940
5.000000	17.000000	16.000000	972.000000	786.000000	68.000000	965.986865	784.350158	1.000000	12.553377
5.000000	18.000000	17.000000	891.000000	787.000000	67.000000	877.682692	789.349804	1.000000	12.954048
5.000000	19.000000	18.000000	1110.000000	811.000000	69.000000	1110.923220	821.391531	1.000000	13.626390
5.000000	20.000000	19.000000	987.000000	923.000000	78.000000	975.121747	919.034173	1.000000	14.289241
5.000000	21.000000	20.000000	445.000000	882.000000	73.000000	431.065675	874.623039	1.000000	15.168197
5.000000	22.000000	21.000000	404.000000	804.000000	63.000000	412.341018	799.692676	2.000000	16.049481
5.000000	23.000000	22.000000	315.000000	810.000000	62.000000	307.831419	816.216041	2.000000	16.680948
5.000000	24.000000	23.000000	516.000000	814.000000	64.000000	514.917985	818.357662	2.000000	17.264847
5.000000	25.000000	24.000000	555.000000	897.000000	74.000000	555.131954	893.970501	2.000000	17.728634
5.000000	26.000000	25.000000	637.000000	879.000000	75.000000	632.949570	878.466826	2.000000	18.200950
5.000000	27.000000	26.000000	787.000000	814.000000	66.000000	767.249081	815.713534	2.000000	18.722229
5.000000	28.000000	27.000000	1098.000000	609.000000	49.000000	1090.004468	607.953532	2.000000	19.552963
5.000000	29.000000	0.000000	780.000000	603.000000	46.000000	751.063807	592.886388	2.000000	20.321365
5.000000	30.000000	28.000000	754.000000	595.000000	46.000000	751.063807	592.886388	2.000000	21.090450
5.000000	31.000000	29.000000	524.000000	602.000000	44.000000	520.736601	611.284603	2.000000	21.577827
5.000000	32.000000	30.000000	513.000000	654.000000	54.000000	510.780483	661.463270	2.000000	21.969411
5.000000	33.000000	31.000000	748.000000	476.000000	36.000000	750.124453	466.900122	2.000000	22.601200
5.000000	34.000000	32.000000	396.000000	446.000000	33.000000	407.247328	451.553433	2.000000	23.153175
5.000000	35.000000	33.000000	188.000000	444.000000	31.000000	202.092158	445.817357	2.000000	23.642524
5.000000	36.000000	34.000000	558.000000	394.000000	24.000000	555.406867	395.884540	2.000000	24.400769
5.000000	37.000000	35.000000	615.000000	359.000000	25.000000	618.682383	371.515814	2.000000	24.880430
5.000000	38.000000	36.000000	778.000000	351.000000	26.000000	773.073125	348.356323	2.000000	25.408290
5.000000	39.000000	37.000000	965.000000	334.000000	28.000000	957.043356	336.509127	2.000000	26.104206
5.000000	40.000000	38.000000	971.000000	286.000000	18.000000	967.875425	281.726505	2.000000	26.505713
5.000000	41.000000	39.000000	445.000000	278.000000	13.000000	432.841189	278.319195	2.000000	27.184289
5.000000	42.000000	40.000000	233.000000	154.000000	1.000000	222.662224	154.526828	2.000000	27.738479
6.000000	1.000000	1.000000	182.000000	146.000000	1.000000	178.515179	152.821714	1.000000	1.464557
6.000000	2.000000	2.000000	320.000000	136.000000	2.000000	319.460016	133.528230	1.000000	1.919653
6.000000	3.000000	3.000000	538.000000	144.000000	4.000000	546.331149	143.591464	1.000000	2.534594
6.000000	4.000000	4.000000	635.000000	176.000000	5.000000	619.048316	186.739377	1.000000	2.984474
6.000000	5.000000	5.000000	873.000000	162.000000	7.000000	864.496271	160.220261	1.000000	3.647110
6.000000	6.000000	6.000000	1167.000000	240.000000	20.000000	1179.532505	252.272415	1.000000	4.398809
6.000000	7.000000	7.000000	861.000000	271.000000	17.000000	869.430395	263.266546	1.000000	5.071509
6.000000	8.000000	8.000000	314.000000	254.000000	12.000000	318.525850	265.458162	1.000000	5.695053
6.000000	9.000000	9.000000	218.000000	251.000000	11.000000	200.238885	264.269331	1.000000	6.120816
6.000000	10.000000	10.000000	217.000000	393.000000	21.000000	221.419825	379.455174	1.000000	6.872462
6.000000	11.000000	11.000000	1183.000000	462.000000	40.000000	1187.448645	461.319129	1.000000	7.790602
6.000000	12.000000	12.000000	1082.000000	485.000000	39.000000	1085.710203	503.467778	1.000000	8.279250
6.000000	13.000000	13.000000	1086.000000	522.000000	49.000000	1092.984908	543.064054	1.000000	8.872077
6.000000	14.000000	14.000000	541.000000	579.000000	44.000000	524.516395	585.914767	1.000000	10.079204
6.000000	15.000000	15.000000	532.000000	687.000000	54.000000	534.353701	699.278339	1.000000	10.702738
6.000000	16.000000	16.000000	875.000000	761.000000	67.000000	861.761427	758.476063	1.000000	11.504667
6.000000	17.000000	17.000000	997.000000	705.000000	58.000000	995.068616	696.505171	1.000000	12.118750
6.000000	18.000000	18.000000	1085.000000	660.000000	59.000000	1084.776364	668.863856	1.000000	12.568736
6.000000	19.000000	19.000000	532.000000	803.000000	64.000000	524.520864	813.188595	1.000000	13.367212
6.000000	20.000000	20.000000	876.000000	914.000000	77.000000	890.134798	926.797729	1.000000	14.078768
6.000000	21.000000	21.000000	944.000000	791.000000	68.000000	948.521895	805.561142	2.000000	14.712870
6.000000	22.000000	0.000000	685.000000	790.000000	65.000000	656.723185	791.798583	2.000000	15.360716
6.000000	23.000000	22.000000	669.000000	788.000000	65.000000	656.723185	791.798583	2.000000	15.927471
6.000000	24.000000	23.000000	415.000000	900.000000	73.000000	409.780530	908.549367	2.000000	16.695491
6.000000	25.000000	24.000000	438.000000	777.000000	63.000000	431.939046	777.173352	2.000000	17.263393
6.000000	26.000000	25.000000	228.000000	775.000000	61.000000	220.918335	781.607736	2.000000	17.848756
6.000000	27.000000	26.000000	183.000000	701.000000	51.000000	181.086375	698.350348	2.000000	18.334774
6.000000	28.000000	27.000000	409.000000	667.000000	53.000000	403.896351	657.072272	2.000000	18.992547
6.000000	29.000000	28.000000	437.000000	606.000000	43.000000	440.150449	605.614945	2.000000	19.558502
6.000000	30.000000	29.000000	875.000000	699.000000	57.000000	887.781864	703.236961	2.000000	20.344540
6.000000	31.000000	30.000000	1192.000000	706.000000	60.000000	1194.502523	702.826970	2.000000	21.055762
6.000000	32.000000	31.000000	1221.000000	750.000000	70.000000	1218.843226	755.946239	2.000000	21.471227
6.000000	33.000000	32.000000	864.000000	462.000000	37.000000	849.994110	466.313566	2.000000	22.223064
6.000000	34.000000	33.000000	443.000000	451.000000	33.000000	425.187191	452.430427	2.000000	22.951734
6.000000	35.000000	34.000000	318.000000	471.000000	32.000000	310.972945	476.626840	2.000000	23.656660
6.000000	36.000000	35.000000	557.000000	387.000000	24.000000	550.647293	380.122483	2.000000	24.304440
6.000000	37.000000	36.000000	646.000000	375.000000	25.000000	642.070208	381.726889	2.000000	24.856109
6.000000	38.000000	37.000000	856.000000	357.000000	27.000000	859.857556	357.495461	2.000000	25.416183
6.000000	39.000000	38.000000	1103.000000	346.000000	29.000000	1091.126611	354.182821	2.000000	26.024336
6.000000	40.000000	39.000000	639.000000	289.000000	15.000000	638.475547	286.147605	2.000000	26.712833
6.000000	41.000000	40.000000	542.000000	280.000000	14.000000	524.718325	281.414522	2.000000	27.182824
7.000000	1.000000	1.000000	344.000000	115.000000	2.000000	326.659731	125.682363	1.000000	1.525787
7.000000	2.000000	2.000000	1185.000000	182.000000	10.000000	1184.552635	179.071456	1.000000	2.422110
7.000000	3.000000	3.000000	1232.000000	222.000000	20.000000	1220.081275	227.036717	1.000000	3.862368
7.000000	4.000000	4.000000	1094.000000	246.000000	19.000000	1084.666566	254.954456	1.000000	4.671087
7.000000	5.000000	5.000000	999.000000	231.000000	18.000000	996.675201	238.998234	1.000000	5.119334
7.000000	6.000000	6.000000	223.000000	236.000000	11.000000	230.357996	232.579258	1.000000	6.094331
7.000000	7.000000	7.000000	234.000000	328.000000	21.000000	223.380927	335.367546	1.000000	6.630605
7.000000	8.000000	8.000000	737.000000	468.000000	36.000000	740.661680	476.823004	1.000000	7.567746
7.000000	9.000000	9.000000	332.000000	479.000000	32.000000	320.371467	478.851962	1.000000	8.312004
7.000000	10.000000	10.000000	232.000000	428.000000	31.000000	230.023863	438.872739	1.000000	8.759235
7.000000	11.000000	11.000000	335.000000	573.000000	42.000000	342.276677	561.909567	1.000000	9.461951
7.000000	12.000000	12.000000	739.000000	580.000000	46.000000	736.541150	584.362605	1.000000	10.510009
7.000000	13.000000	13.000000	1115.000000	566.000000	49.000000	1106.254700	570.369019	1.000000	11.190321
7.000000	14.000000	14.000000	1070.000000	768.000000	69.000000	1063.275649	768.756744	1.000000	11.853943
7.000000	15.000000	15.000000	466.000000	770.000000	63.000000	446.688092	777.698017	1.000000	12.583620
7.000000	16.000000	16.000000	210.000000	661.000000	51.000000	202.052778	662.286150	1.000000	13.286448
7.000000	17.000000	17.000000	176.000000	898.000000	71.000000	180.236031	906.488165	1.000000	13.998799
7.000000	18.000000	18.000000	880.000000	879.000000	77.000000	873.840008	875.932657	1.000000	14.830438
7.000000	19.000000	19.000000	968.000000	919.000000	78.000000	959.512957	926.557875	1.000000	15.271622
7.000000	20.000000	20.000000	1058.000000	925.000000	79.000000	1070.073175	928.590067	1.000000	15.766853
7.000000	21.000000	21.000000	471.000000	917.000000	73.000000	449.510302	919.662273	2.000000	16.479966
7.000000	22.000000	22.000000	311.000000	916.000000	72.000000	321.430953	921.199366	2.000000	17.023839
7.000000	23.000000	23.000000	1201.000000	766.000000	70.000000	1184.633485	774.426574	2.000000	18.023186
7.000000	24.000000	24.000000	1198.000000	690.000000	60.000000	1189.927756	701.801543	2.000000	18.448032
7.000000	25.000000	25.000000	1003.000000	693.000000	58.000000	993.645816	697.758628	2.000000	19.862680
7.000000	26.000000	26.000000	530.000000	597.000000	44.000000	530.884056	599.162072	2.000000	20.918475
7.000000	27.000000	27.000000	326.000000	658.000000	52.000000	326.685807	662.695492	2.000000	21.774086
7.000000	28.000000	28.000000	199.000000	547.000000	41.000000	202.018607	553.834279	2.000000	22.703958
7.000000	29.000000	29.000000	412.000000	471.000000	33.000000	415.060959	486.135419	2.000000	23.463640
7.000000	30.000000	30.000000	947.000000	541.000000	48.000000	950.976742	548.180862	2.000000	24.558877
7.000000	31.000000	31.000000	977.000000	497.000000	38.000000	979.533198	494.155877	2.000000	25.014306
7.000000	32.000000	32.000000	1204.000000	536.000000	50.000000	1207.586968	549.730969	2.000000	25.686557
7.000000	33.000000	33.000000	1219.000000	486.000000	40.000000	1211.745104	488.180688	2.000000	26.143855
7.000000	34.000000	34.000000	896.000000	368.000000	27.000000	890.146394	376.787029	2.000000	27.231526
7.000000	35.000000	35.000000	732.000000	330.000000	26.000000	732.053154	336.996727	2.000000	28.461893
7.000000	36.000000	36.000000	627.000000	385.000000	25.000000	625.658516	389.086186	2.000000	29.045873
7.000000	37.000000	37.000000	526.000000	250.000000	14.000000	527.044026	255.360911	2.000000	29.727036
7.000000	38.000000	38.000000	745.000000	246.000000	16.000000	741.950889	251.640796	2.000000	30.566595
7.000000	39.000000	39.000000	840.000000	246.000000	17.000000	841.301945	255.288545	2.000000	31.102603
7.000000	40.000000	40.000000	557.000000	167.000000	4.000000	551.247494	167.123795	2.000000	32.399194
8.000000	1.000000	1.000000	414.000000	156.000000	3.000000	416.777846	150.123747	1.000000	0.952492
8.000000	2.000000	2.000000	626.000000	150.000000	5.000000	626.921420	160.584590	1.000000	1.768450
8.000000	3.000000	3.000000	878.000000	178.000000	7.000000	854.260999	174.909065	1.000000	2.434192
8.000000	4.000000	4.000000	1213.000000	122.000000	10.000000	1198.906912	125.907242	1.000000	3.202577
8.000000	5.000000	5.000000	1117.000000	276.000000	19.000000	1107.330726	265.827266	1.000000	3.976552
8.000000	6.000000	6.000000	557.000000	264.000000	14.000000	542.811343	264.652615	1.000000	4.680408
8.000000	7.000000	7.000000	306.000000	327.000000	22.000000	299.090074	333.259558	1.000000	5.321554
8.000000	8.000000	8.000000	179.000000	390.000000	21.000000	186.548510	391.333010	1.000000	6.057587
8.000000	9.000000	9.000000	198.000000	429.000000	31.000000	195.844993	443.445446	1.000000	6.529740
8.000000	10.000000	10.000000	638.000000	378.000000	25.000000	633.994654	372.395169	1.000000	7.266377
8.000000	11.000000	11.000000	823.000000	334.000000	27.000000	838.375796	333.284299	1.000000	7.865425
8.000000	12.000000	12.000000	1073.000000	688.000000	59.000000	1072.426973	697.180761	1.000000	8.770104
8.000000	13.000000	13.000000	654.000000	649.000000	55.000000	653.476594	649.560331	1.000000	9.442729
8.000000	14.000000	14.000000	213.000000	654.000000	51.000000	212.493303	661.023932	1.000000	10.096429
8.000000	15.000000	15.000000	221.000000	790.000000	61.000000	224.154979	787.604194	1.000000	10.858723
8.000000	16.000000	16.000000	310.000000	788.000000	62.000000	312.055985	789.791201	1.000000	11.488933
8.000000	17.000000	17.000000	623.000000	815.000000	65.000000	625.913572	817.603917	1.000000	12.153811
8.000000	18.000000	18.000000	669.000000	859.000000	75.000000	670.278005	862.681831	1.000000	12.690123
8.000000	19.000000	19.000000	1176.000000	877.000000	80.000000	1174.348907	882.162808	1.000000	13.537923
8.000000	20.000000	20.000000	413.000000	907.000000	73.000000	412.632069	914.533139	1.000000	14.456985
8.000000	21.000000	21.000000	781.000000	908.000000	76.000000	769.677267	913.137628	2.000000	15.257270
8.000000	22.000000	22.000000	857.000000	890.000000	77.000000	855.194055	890.034489	2.000000	15.673308
8.000000	23.000000	23.000000	742.000000	778.000000	66.000000	748.219962	794.063504	2.000000	16.121269
8.000000	24.000000	24.000000	1097.000000	776.000000	69.000000	1096.381869	777.016003	2.000000	16.938558
8.000000	25.000000	25.000000	516.000000	771.000000	64.000000	518.192375	775.254584	2.000000	17.649010
8.000000	26.000000	26.000000	420.000000	710.000000	53.000000	421.691920	714.909926	2.000000	18.104909
8.000000	27.000000	27.000000	445.000000	555.000000	43.000000	448.108309	558.840326	2.000000	19.026670
8.000000	28.000000	28.000000	290.000000	504.000000	32.000000	294.036504	506.390573	2.000000	19.810440
8.000000	29.000000	29.000000	652.000000	542.000000	45.000000	641.356324	548.173378	2.000000	20.641347
8.000000	30.000000	30.000000	637.000000	512.000000	35.000000	636.807916	505.638210	2.000000	21.073379
8.000000	31.000000	31.000000	993.000000	502.000000	38.000000	995.540004	497.193420	2.000000	22.081513
8.000000	32.000000	32.000000	1093.000000	370.000000	29.000000	1091.099863	378.949381	2.000000	22.977837
8.000000	33.000000	33.000000	1199.000000	324.000000	30.000000	1195.746402	331.207802	2.000000	25.258633
8.000000	34.000000	34.000000	1196.000000	242.000000	20.000000	1188.177245	242.779696	2.000000	25.882394
8.000000	35.000000	35.000000	845.000000	296.000000	17.000000	840.948884	293.867530	2.000000	26.570047
8.000000	36.000000	36.000000	429.000000	325.000000	23.000000	429.276999	338.191584	2.000000	27.392689
8.000000	37.000000	37.000000	446.000000	236.000000	13.000000	438.706913	233.147823	2.000000	27.865496
8.000000	38.000000	38.000000	337.000000	142.000000	2.000000	329.205186	141.745196	2.000000	28.409528
8.000000	39.000000	39.000000	750.000000	130.000000	6.000000	741.242076	129.197109	2.000000	29.034009
8.000000	40.000000	40.000000	1099.000000	151.000000	9.000000	1100.057563	151.773625	2.000000	30.104688
9.000000	1.000000	1.000000	223.000000	167.000000	1.000000	226.449995	151.805074	1.000000	1.649904
9.000000	2.000000	2.000000	319.000000	173.000000	2.000000	306.942201	165.127383	1.000000	2.346711
9.000000	3.000000	3.000000	445.000000	151.000000	3.000000	434.312426	150.785449	1.000000	2.939412
9.000000	4.000000	4.000000	530.000000	163.000000	4.000000	519.931886	160.482409	1.000000	3.331401
9.000000	5.000000	5.000000	1100.000000	262.000000	19.000000	1094.657135	271.196950	1.000000	4.107285
9.000000	6.000000	6.000000	310.000000	245.000000	12.000000	306.519183	253.588942	1.000000	5.425718
9.000000	7.000000	7.000000	199.000000	510.000000	31.000000	205.200754	505.559871	1.000000	6.353888
9.000000	8.000000	8.000000	428.000000	491.000000	33.000000	424.714349	499.314966	1.000000	7.010299
9.000000	9.000000	9.000000	752.000000	401.000000	26.000000	745.028396	392.245744	1.000000	7.651611
9.000000	10.000000	10.000000	762.000000	546.000000	46.000000	764.615041	552.021198	1.000000	8.267355
9.000000	11.000000	0.000000	1136.000000	472.000000	39.000000	1110.953498	471.779663	1.000000	8.995421
9.000000	12.000000	11.000000	1122.000000	467.000000	39.000000	1110.953498	471.779663	1.000000	9.506163
9.000000	13.000000	12.000000	987.000000	708.000000	58.000000	974.939689	715.434866	1.000000	10.155021
9.000000	14.000000	13.000000	770.000000	711.000000	56.000000	778.747953	710.971726	1.000000	10.651820
9.000000	15.000000	14.000000	556.000000	804.000000	64.000000	561.733626	806.610598	1.000000	11.434615
9.000000	16.000000	15.000000	426.000000	825.000000	63.000000	426.275740	824.879921	1.000000	12.002675
9.000000	17.000000	16.000000	307.000000	883.000000	72.000000	318.206538	887.152526	1.000000	12.561922
9.000000	18.000000	17.000000	845.000000	879.000000	77.000000	839.327501	880.565166	1.000000	13.465909
9.000000	19.000000	18.000000	994.000000	919.000000	78.000000	989.861084	930.232062	1.000000	14.267608
9.000000	20.000000	19.000000	1125.000000	892.000000	79.000000	1107.737182	896.867665	1.000000	14.817977
9.000000	21.000000	20.000000	1101.000000	761.000000	69.000000	1097.525831	763.762828	1.000000	15.370875
9.000000	22.000000	21.000000	881.000000	808.000000	67.000000	880.813647	813.986980	2.000000	16.675573
9.000000	23.000000	22.000000	781.000000	795.000000	66.000000	772.276208	787.171958	2.000000	17.121710
9.000000	24.000000	23.000000	753.000000	900.000000	76.000000	737.387463	902.757685	2.000000	17.779124
9.000000	25.000000	24.000000	662.000000	917.000000	75.000000	661.128534	924.565799	2.000000	18.539321
9.000000	26.000000	25.000000	664.000000	789.000000	65.000000	663.159544	782.687292	2.000000	19.113873
9.000000	27.000000	26.000000	558.000000	664.000000	54.000000	552.875808	654.560261	2.000000	19.625613
9.000000	28.000000	27.000000	1094.000000	680.000000	59.000000	1085.844839	680.443255	2.000000	20.346155
9.000000	29.000000	28.000000	1074.000000	566.000000	49.000000	1071.907527	576.377725	2.000000	21.026256
9.000000	30.000000	29.000000	977.000000	548.000000	48.000000	970.295844	551.398074	2.000000	21.547865
9.000000	31.000000	30.000000	430.000000	576.000000	43.000000	438.435674	579.494596	2.000000	22.363077
9.000000	32.000000	31.000000	335.000000	442.000000	32.000000	328.613721	437.774710	2.000000	22.834269
9.000000	33.000000	32.000000	434.000000	339.000000	23.000000	429.023453	355.062742	2.000000	23.313960
9.000000	34.000000	33.000000	528.000000	380.000000	24.000000	533.770520	378.915306	2.000000	23.826231
9.000000	35.000000	34.000000	646.000000	357.000000	25.000000	648.606731	354.447580	2.000000	24.363069
9.000000	36.000000	35.000000	733.000000	447.000000	36.000000	731.725635	458.694601	2.000000	24.962312
9.000000	37.000000	36.000000	840.000000	455.000000	37.000000	850.885997	459.434347	2.000000	25.577890
9.000000	38.000000	37.000000	1226.000000	336.000000	30.000000	1215.486982	330.393133	2.000000	26.266708
9.000000	39.000000	38.000000	1219.000000	248.000000	20.000000	1214.615850	251.829798	2.000000	26.778735
9.000000	40.000000	39.000000	1120.000000	125.000000	9.000000	1108.202958	127.019988	2.000000	27.283861
9.000000	41.000000	40.000000	657.000000	191.000000	5.000000	645.988419	187.549063	2.000000	28.019533
10.000000	1.000000	1.000000	330.000000	230.000000	12.000000	328.925230	239.768222	1.000000	1.461505
10.000000	2.000000	2.000000	443.000000	182.000000	3.000000	439.271801	187.278158	1.000000	2.023580
10.000000	3.000000	3.000000	870.000000	146.000000	7.000000	860.746496	148.855305	1.000000	2.942759
10.000000	4.000000	4.000000	1065.000000	244.000000	19.000000	1064.529599	247.549823	1.000000	3.767615
10.000000	5.000000	5.000000	1217.000000	265.000000	20.000000	1212.320989	275.264334	1.000000	4.415485
10.000000	6.000000	6.000000	1178.000000	331.000000	30.000000	1171.123383	330.728238	1.000000	5.015694
10.000000	7.000000	7.000000	966.000000	349.000000	28.000000	954.617896	348.852797	1.000000	5.846908
10.000000	8.000000	8.000000	556.000000	453.000000	34.000000	556.309666	444.301800	1.000000	8.366607
10.000000	9.000000	9.000000	645.000000	593.000000	45.000000	637.791275	585.448773	1.000000	9.614166
10.000000	10.000000	10.000000	299.000000	593.000000	42.000000	295.372640	598.204293	1.000000	10.223314
10.000000	11.000000	11.000000	217.000000	559.000000	41.000000	220.465940	558.065295	1.000000	10.654312
10.000000	12.000000	12.000000	557.000000	653.000000	54.000000	554.436076	659.334573	1.000000	11.383586
10.000000	13.000000	13.000000	1173.000000	461.000000	40.000000	1170.355893	462.957210	1.000000	12.413516
10.000000	14.000000	14.000000	1190.000000	588.000000	50.000000	1189.639739	587.479551	1.000000	13.031584
10.000000	15.000000	15.000000	1221.000000	819.000000	70.000000	1209.213175	824.593752	1.000000	13.798262
10.000000	16.000000	16.000000	994.000000	774.000000	68.000000	975.456853	782.998826	1.000000	14.511023
10.000000	17.000000	17.000000	652.000000	808.000000	65.000000	637.506609	820.433266	1.000000	15.431645
10.000000	18.000000	18.000000	628.000000	873.000000	75.000000	623.537514	870.413629	1.000000	16.038365
10.000000	19.000000	19.000000	1001.000000	863.000000	78.000000	993.258320	863.630220	1.000000	16.813795
10.000000	20.000000	20.000000	1202.000000	897.000000	80.000000	1194.990122	904.940739	1.000000	17.406330
10.000000	21.000000	21.000000	1065.000000	880.000000	79.000000	1066.870332	884.445983	2.000000	17.829717
10.000000	22.000000	22.000000	853.000000	909.000000	77.000000	847.437219	924.703701	2.000000	18.453914
10.000000	23.000000	23.000000	1078.000000	812.000000	69.000000	1080.851670	816.192122	2.000000	19.166142
10.000000	24.000000	24.000000	326.000000	876.000000	72.000000	318.565962	883.414609	2.000000	19.942379
10.000000	25.000000	25.000000	199.000000	932.000000	71.000000	205.713220	928.984271	2.000000	20.477528
10.000000	26.000000	26.000000	348.000000	776.000000	62.000000	338.843522	779.288799	2.000000	21.255154
10.000000	27.000000	27.000000	428.000000	774.000000	63.000000	428.458717	780.422587	2.000000	21.645779
10.000000	28.000000	28.000000	289.000000	683.000000	52.000000	289.735656	681.190133	2.000000	22.149866
10.000000	29.000000	29.000000	550.000000	752.000000	64.000000	553.125463	755.211306	2.000000	22.845798
10.000000	30.000000	30.000000	743.000000	706.000000	56.000000	741.970393	713.974587	2.000000	23.677503
10.000000	31.000000	0.000000	978.000000	591.000000	48.000000	959.243518	607.768880	2.000000	24.406687
10.000000	32.000000	31.000000	957.000000	598.000000	48.000000	959.243518	607.768880	2.000000	25.382876
10.000000	33.000000	32.000000	852.000000	480.000000	37.000000	843.835460	481.750628	2.000000	25.894059
10.000000	34.000000	33.000000	618.000000	465.000000	35.000000	624.907034	471.103769	2.000000	26.661643
10.000000	35.000000	34.000000	427.000000	384.000000	23.000000	422.207258	389.228583	2.000000	27.469819
10.000000	36.000000	35.000000	188.000000	359.000000	21.000000	193.977590	361.761861	2.000000	28.279242
10.000000	37.000000	36.000000	556.000000	376.000000	24.000000	551.784372	373.684265	2.000000	28.958401
10.000000	38.000000	37.000000	1107.000000	355.000000	29.000000	1105.488395	351.038920	2.000000	29.719371
10.000000	39.000000	38.000000	756.000000	290.000000	16.000000	742.850707	287.035917	2.000000	30.286698
10.000000	40.000000	39.000000	658.000000	145.000000	5.000000	654.508738	157.535096	2.000000	31.181523
10.000000	41.000000	40.000000	444.000000	278.000000	13.000000	431.103467	289.194678	2.000000	31.887267
11.000000	1.000000	1.000000	416.000000	230.000000	13.000000	417.857206	232.366435	1.000000	1.115620
11.000000	2.000000	2.000000	541.000000	184.000000	4.000000	540.244383	187.226248	1.000000	1.883498
11.000000	3.000000	3.000000	752.000000	127.000000	6.000000	739.606647	129.109605	1.000000	2.482970
11.000000	4.000000	4.000000	958.000000	171.000000	8.000000	962.891489	179.884149	1.000000	3.194832
11.000000	5.000000	5.000000	834.000000	240.000000	17.000000	841.318910	242.562737	1.000000	3.802545
11.000000	6.000000	6.000000	526.000000	279.000000	14.000000	514.623343	285.440332	1.000000	4.522988
11.000000	7.000000	7.000000	778.000000	402.000000	26.000000	780.301899	395.891799	1.000000	5.194683
11.000000	8.000000	8.000000	866.000000	387.000000	27.000000	864.217994	385.781544	1.000000	5.914701
11.000000	9.000000	9.000000	524.000000	434.000000	34.000000	515.259467	447.090118	1.000000	6.643380
11.000000	10.000000	10.000000	1048.000000	467.000000	39.000000	1058.095606	469.060852	1.000000	7.442187
11.000000	11.000000	11.000000	1211.000000	482.000000	40.000000	1217.711201	487.462401	1.000000	8.242440
11.000000	12.000000	12.000000	1182.000000	554.000000	50.000000	1170.344975	554.046569	1.000000	8.876347
11.000000	13.000000	13.000000	1130.000000	551.000000	49.000000	1111.801320	548.900976	1.000000	9.356395
11.000000	14.000000	14.000000	862.000000	548.000000	47.000000	858.157236	549.414649	1.000000	10.090524
11.000000	15.000000	15.000000	548.000000	554.000000	44.000000	541.142237	558.914316	1.000000	10.738736
11.000000	16.000000	16.000000	197.000000	816.000000	61.000000	191.289728	825.152202	1.000000	11.900052
11.000000	17.000000	17.000000	330.000000	914.000000	72.000000	326.048583	914.513395	1.000000	12.674302
11.000000	18.000000	18.000000	953.000000	818.000000	68.000000	949.631333	818.024406	1.000000	13.690441
11.000000	19.000000	19.000000	1081.000000	779.000000	69.000000	1073.020814	778.460323	1.000000	14.388369
11.000000	20.000000	20.000000	1192.000000	895.000000	80.000000	1193.237440	890.941584	1.000000	15.019051
11.000000	21.000000	21.000000	1001.000000	888.000000	78.000000	996.058326	889.370248	2.000000	15.531946
11.000000	22.000000	22.000000	879.000000	912.000000	77.000000	879.405713	922.355758	2.000000	16.219255
11.000000	23.000000	23.000000	883.000000	818.000000	67.000000	875.661862	802.004582	2.000000	16.667404
11.000000	24.000000	24.000000	655.000000	898.000000	75.000000	640.216884	910.437946	2.000000	17.539885
11.000000	25.000000	25.000000	644.000000	812.000000	65.000000	640.171327	813.943919	2.000000	18.058422
11.000000	26.000000	26.000000	666.000000	707.000000	55.000000	663.305153	692.112837	2.000000	18.724338
11.000000	27.000000	27.000000	327.000000	698.000000	52.000000	320.522236	705.104912	2.000000	19.372173
11.000000	28.000000	28.000000	320.000000	790.000000	62.000000	324.681571	788.236504	2.000000	19.963655
11.000000	29.000000	29.000000	181.000000	677.000000	51.000000	197.339405	680.187363	2.000000	20.538357
11.000000	30.000000	30.000000	403.000000	572.000000	43.000000	401.394119	587.649230	2.000000	21.227614
11.000000	31.000000	31.000000	1202.000000	663.000000	60.000000	1194.734103	673.485494	2.000000	22.130859
11.000000	32.000000	32.000000	1001.000000	453.000000	38.000000	990.885047	450.574907	2.000000	22.770744
11.000000	33.000000	33.000000	433.000000	409.000000	23.000000	415.993427	400.349493	2.000000	23.451889
11.000000	34.000000	34.000000	196.000000	322.000000	21.000000	192.816469	330.233196	2.000000	24.099974
11.000000	35.000000	35.000000	539.000000	343.000000	24.000000	540.025867	340.815957	2.000000	24.788121
11.000000	36.000000	36.000000	1089.000000	355.000000	29.000000	1085.828121	370.229934	2.000000	25.499897
11.000000	37.000000	37.000000	1195.000000	333.000000	30.000000	1176.287884	336.904403	2.000000	25.923419
11.000000	38.000000	38.000000	745.000000	254.000000	16.000000	731.803607	248.316455	2.000000	26.642278
11.000000	39.000000	39.000000	654.000000	243.000000	15.000000	672.023478	241.614537	2.000000	27.019848
11.000000	40.000000	40.000000	310.000000	155.000000	2.000000	298.355847	146.409923	2.000000	27.962846
12.000000	1.000000	1.000000	221.000000	234.000000	11.000000	197.930043	230.959913	1.000000	1.217620
12.000000	2.000000	2.000000	771.000000	135.000000	6.000000	776.428738	132.945251	1.000000	2.322985
12.000000	3.000000	3.000000	1093.000000	165.000000	9.000000	1083.900808	165.466540	1.000000	3.232725
12.000000	4.000000	4.000000	414.000000	365.000000	23.000000	414.389747	374.036234	1.000000	4.290923
12.000000	5.000000	5.000000	643.000000	385.000000	25.000000	647.391193	383.247523	1.000000	4.946012
12.000000	6.000000	6.000000	869.000000	479.000000	37.000000	855.114893	475.513044	1.000000	5.545116
12.000000	7.000000	7.000000	1124.000000	562.000000	49.000000	1101.204164	566.064946	1.000000	6.265935
12.000000	8.000000	8.000000	783.000000	583.000000	46.000000	770.241634	595.102362	1.000000	6.865531
12.000000	9.000000	9.000000	526.000000	577.000000	44.000000	516.499579	585.087000	1.000000	7.472821
12.000000	10.000000	10.000000	318.000000	572.000000	42.000000	305.139650	581.075133	1.000000	8.057387
12.000000	11.000000	11.000000	295.000000	712.000000	52.000000	291.698792	713.620768	1.000000	8.795031
12.000000	12.000000	12.000000	976.000000	685.000000	58.000000	965.597929	680.532477	1.000000	9.745857
12.000000	13.000000	13.000000	1184.000000	668.000000	60.000000	1172.882146	662.283197	1.000000	10.273127
12.000000	14.000000	14.000000	751.000000	762.000000	66.000000	749.169995	764.865859	1.000000	11.113101
12.000000	15.000000	15.000000	674.000000	803.000000	65.000000	667.664281	808.688055	1.000000	11.610168
12.000000	16.000000	16.000000	616.000000	870.000000	75.000000	619.701991	880.213967	1.000000	12.137157
12.000000	17.000000	17.000000	536.000000	922.000000	74.000000	546.893651	925.199651	1.000000	12.641558
12.000000	18.000000	18.000000	442.000000	887.000000	73.000000	435.909828	890.311113	1.000000	13.074047
12.000000	19.000000	19.000000	867.000000	887.000000	77.000000	867.471133	895.858147	1.000000	13.721041
12.000000	20.000000	20.000000	1188.000000	918.000000	80.000000	1195.827703	931.493634	1.000000	14.418676
12.000000	21.000000	21.000000	954.000000	907.000000	78.000000	955.405735	913.205271	2.000000	15.258487
12.000000	22.000000	22.000000	395.000000	759.000000	63.000000	398.672813	761.117457	2.000000	15.914085
12.000000	23.000000	23.000000	431.000000	671.000000	53.000000	428.326744	670.078192	2.000000	16.433553
12.000000	24.000000	24.000000	543.000000	663.000000	54.000000	538.465663	669.109708	2.000000	16.890729
12.000000	25.000000	25.000000	1220.000000	570.000000	50.000000	1212.544548	572.071094	2.000000	17.674150
12.000000	26.000000	26.000000	206.000000	463.000000	31.000000	212.308318	457.634675	2.000000	18.617024
12.000000	27.000000	27.000000	535.000000	458.000000	34.000000	554.656040	459.493392	2.000000	19.234675
12.000000	28.000000	28.000000	651.000000	488.000000	35.000000	648.115962	486.738660	2.000000	20.393432
12.000000	29.000000	29.000000	763.000000	461.000000	36.000000	739.739796	461.711819	2.000000	20.784835
12.000000	30.000000	30.000000	1189.000000	458.000000	40.000000	1201.929693	449.972985	2.000000	21.689044
12.000000	31.000000	31.000000	1200.000000	394.000000	30.000000	1190.568332	396.232905	2.000000	22.209936
12.000000	32.000000	32.000000	1113.000000	377.000000	29.000000	1101.400026	380.029682	2.000000	22.578211
12.000000	33.000000	33.000000	987.000000	382.000000	28.000000	982.385076	399.464163	2.000000	22.960898
12.000000	34.000000	34.000000	1109.000000	268.000000	19.000000	1101.471201	273.471889	2.000000	23.793800
12.000000	35.000000	35.000000	625.000000	267.000000	15.000000	634.341137	269.768251	2.000000	24.634979
12.000000	36.000000	36.000000	446.000000	239.000000	13.000000	434.549784	233.407044	2.000000	25.169678
12.000000	37.000000	37.000000	310.000000	233.000000	12.000000	320.985898	230.078889	2.000000	25.538366
12.000000	38.000000	38.000000	301.000000	145.000000	2.000000	301.664877	161.276279	2.000000	25.938414
12.000000	39.000000	39.000000	880.000000	155.000000	7.000000	872.319247	164.830732	2.000000	26.650274
12.000000	40.000000	40.000000	1206.000000	180.000000	10.000000	1189.954832	180.308988	2.000000	27.338857
13.000000	1.000000	1.000000	420.000000	220.000000	13.000000	428.180913	229.671928	1.000000	1.137278
13.000000	2.000000	2.000000	660.000000	187.000000	5.000000	642.952521	182.420526	1.000000	1.672825
13.000000	3.000000	3.000000	1092.000000	142.000000	9.000000	1091.063504	134.276103	1.000000	2.376844
13.000000	4.000000	4.000000	1174.000000	149.000000	10.000000	1171.549035	146.764462	1.000000	2.703386
13.000000	5.000000	5.000000	1221.000000	387.000000	30.000000	1210.461940	395.102787	1.000000	3.567593
13.000000	6.000000	6.000000	748.000000	396.000000	26.000000	753.191344	393.026992	1.000000	4.144245
13.000000	7.000000	7.000000	341.000000	386.000000	22.000000	337.276028	387.343193	1.000000	4.719605
13.000000	8.000000	8.000000	554.000000	569.000000	44.000000	550.292274	560.577767	1.000000	5.409018
13.000000	9.000000	9.000000	767.000000	497.000000	36.000000	768.136959	491.246785	1.000000	5.977282
13.000000	10.000000	10.000000	978.000000	467.000000	38.000000	964.812002	465.647899	1.000000	6.543445
13.000000	11.000000	11.000000	1201.000000	532.000000	50.000000	1195.194280	545.914384	1.000000	7.096398
13.000000	12.000000	12.000000	1112.000000	589.000000	49.000000	1109.338942	596.802825	1.000000	7.545286
13.000000	13.000000	13.000000	428.000000	665.000000	53.000000	430.841947	656.403067	1.000000	8.352873
13.000000	14.000000	14.000000	681.000000	691.000000	55.000000	670.531646	687.109678	1.000000	8.888364
13.000000	15.000000	15.000000	1118.000000	711.000000	59.000000	1108.542390	714.569227	1.000000	9.520487
13.000000	16.000000	16.000000	1108.000000	794.000000	69.000000	1109.654410	783.229524	1.000000	10.073233
13.000000	17.000000	17.000000	753.000000	780.000000	66.000000	751.093426	779.468526	1.000000	10.720021
13.000000	18.000000	18.000000	307.000000	799.000000	62.000000	287.998794	799.836892	1.000000	11.327946
13.000000	19.000000	19.000000	319.000000	897.000000	72.000000	321.500945	902.054536	1.000000	11.768034
13.000000	20.000000	20.000000	980.000000	894.000000	78.000000	978.661466	894.330950	1.000000	12.639434
13.000000	21.000000	21.000000	784.000000	894.000000	76.000000	771.629057	894.301571	2.000000	14.023973
13.000000	22.000000	22.000000	618.000000	887.000000	75.000000	626.100575	884.626237	2.000000	14.479224
13.000000	23.000000	23.000000	548.000000	887.000000	74.000000	528.643897	890.750615	2.000000	14.871480
13.000000	24.000000	24.000000	450.000000	905.000000	73.000000	448.727550	906.616752	2.000000	15.527857
13.000000	25.000000	25.000000	443.000000	754.000000	63.000000	444.195735	755.279620	2.000000	16.001535
13.000000	26.000000	26.000000	622.000000	770.000000	65.000000	621.090026	770.707555	2.000000	16.512905
13.000000	27.000000	27.000000	975.000000	591.000000	48.000000	972.140040	596.423576	2.000000	17.352008
13.000000	28.000000	28.000000	224.000000	568.000000	41.000000	231.588247	567.489902	2.000000	18.048235
13.000000	29.000000	29.000000	511.000000	460.000000	34.000000	525.763150	466.027254	2.000000	18.688111
13.000000	30.000000	30.000000	673.000000	466.000000	35.000000	668.320909	476.281505	2.000000	19.192876
13.000000	31.000000	31.000000	1008.000000	399.000000	28.000000	998.769543	391.984042	2.000000	19.911070
13.000000	32.000000	32.000000	844.000000	373.000000	27.000000	851.426041	366.745093	2.000000	20.328356
13.000000	33.000000	33.000000	1193.000000	234.000000	20.000000	1188.467412	246.897817	2.000000	21.041056
13.000000	34.000000	34.000000	896.000000	257.000000	17.000000	889.482868	259.876878	2.000000	21.632442
13.000000	35.000000	35.000000	753.000000	292.000000	16.000000	751.365000	293.232828	2.000000	23.072858
13.000000	36.000000	36.000000	290.000000	281.000000	12.000000	299.610529	288.889423	2.000000	23.791162
13.000000	37.000000	37.000000	227.000000	273.000000	11.000000	218.305885	275.827646	2.000000	24.136094
13.000000	38.000000	38.000000	203.000000	337.000000	21.000000	193.038556	340.719428	2.000000	24.672333
13.000000	39.000000	39.000000	559.000000	173.000000	4.000000	547.661782	169.236069	2.000000	25.352441
13.000000	40.000000	40.000000	740.000000	134.000000	6.000000	738.866496	141.947327	2.000000	26.057211
14.000000	1.000000	1.000000	728.000000	144.000000	6.000000	737.754160	143.838778	1.000000	1.088314
14.000000	2.000000	2.000000	897.000000	122.000000	7.000000	881.145682	121.201188	1.000000	1.568142
14.000000	3.000000	3.000000	1197.000000	140.000000	10.000000	1178.002048	139.994522	1.000000	2.144287
14.000000	4.000000	4.000000	949.000000	262.000000	18.000000	950.797851	268.040121	1.000000	2.800175
14.000000	5.000000	5.000000	729.000000	254.000000	16.000000	736.980737	257.595456	1.000000	3.329250
14.000000	6.000000	6.000000	290.000000	433.000000	32.000000	296.230148	441.080276	1.000000	4.249879
14.000000	7.000000	7.000000	668.000000	473.000000	35.000000	669.023306	477.091468	1.000000	4.818144
14.000000	8.000000	8.000000	781.000000	468.000000	36.000000	780.210716	458.115174	1.000000	5.217039
14.000000	9.000000	9.000000	970.000000	392.000000	28.000000	973.209837	396.384974	1.000000	5.809686
14.000000	10.000000	10.000000	1181.000000	486.000000	40.000000	1181.478663	495.991113	1.000000	6.505249
14.000000	11.000000	11.000000	985.000000	596.000000	48.000000	991.173003	597.662513	1.000000	7.200333
14.000000	12.000000	12.000000	657.000000	713.000000	55.000000	651.464535	710.917382	1.000000	8.169828
14.000000	13.000000	13.000000	294.000000	802.000000	62.000000	292.115615	798.718386	1.000000	8.800837
14.000000	14.000000	14.000000	652.000000	799.000000	65.000000	658.600900	795.897139	1.000000	9.354086
14.000000	15.000000	15.000000	1002.000000	711.000000	58.000000	988.524609	708.217095	1.000000	10.032459
14.000000	16.000000	16.000000	1085.000000	822.000000	69.000000	1087.160340	821.086912	1.000000	10.585868
14.000000	17.000000	17.000000	1110.000000	900.000000	79.000000	1106.337321	899.451293	1.000000	11.064777
14.000000	18.000000	18.000000	990.000000	913.000000	78.000000	990.867369	911.165268	1.000000	11.688567
14.000000	19.000000	19.000000	761.000000	871.000000	76.000000	751.919390	868.132979	1.000000	12.320097
14.000000	20.000000	20.000000	232.000000	903.000000	71.000000	226.982475	908.782059	1.000000	13.039917
14.000000	21.000000	21.000000	402.000000	853.000000	73.000000	401.163598	870.475018	2.000000	13.714081
14.000000	22.000000	22.000000	442.000000	697.000000	53.000000	429.375552	706.363411	2.000000	14.186001
14.000000	23.000000	23.000000	735.000000	791.000000	66.000000	736.460921	788.416721	2.000000	14.880271
14.000000	24.000000	24.000000	886.000000	775.000000	67.000000	869.936932	772.549903	2.000000	15.433006
14.000000	25.000000	25.000000	1218.000000	913.000000	80.000000	1209.710355	929.274196	2.000000	17.697985
14.000000	26.000000	26.000000	1173.000000	806.000000	70.000000	1170.014704	808.146364	2.000000	18.271832
14.000000	27.000000	27.000000	551.000000	656.000000	54.000000	540.798339	649.854174	2.000000	19.001257
14.000000	28.000000	28.000000	323.000000	598.000000	42.000000	330.567488	602.264272	2.000000	19.577013
14.000000	29.000000	29.000000	207.000000	653.000000	51.000000	212.126964	655.168176	2.000000	20.057967
14.000000	30.000000	30.000000	189.000000	510.000000	31.000000	177.714109	498.576240	2.000000	20.593950
14.000000	31.000000	31.000000	439.000000	433.000000	33.000000	443.580995	440.188731	2.000000	21.519989
14.000000	32.000000	32.000000	665.000000	394.000000	25.000000	660.819496	392.453939	2.000000	22.040308
14.000000	33.000000	33.000000	970.000000	442.000000	38.000000	975.376327	450.870207	2.000000	22.754108
14.000000	34.000000	34.000000	1084.000000	354.000000	29.000000	1075.383456	365.072422	2.000000	23.312304
14.000000	35.000000	35.000000	888.000000	286.000000	17.000000	887.092571	288.298163	2.000000	23.808015
14.000000	36.000000	36.000000	1113.000000	155.000000	9.000000	1106.286379	151.424570	2.000000	24.745764
14.000000	37.000000	37.000000	1006.000000	154.000000	8.000000	997.714800	156.766351	2.000000	25.136349
14.000000	38.000000	0.000000	606.000000	135.000000	5.000000	633.524866	138.900179	2.000000	25.737777
14.000000	39.000000	38.000000	638.000000	135.000000	5.000000	633.524866	138.900179	2.000000	26.385158
14.000000	40.000000	39.000000	237.000000	168.000000	1.000000	230.205779	171.771880	2.000000	27.194023
14.000000	41.000000	40.000000	228.000000	362.000000	21.000000	228.641192	356.187831	2.000000	27.808027
15.000000	1.000000	0.000000	537.000000	102.000000	4.000000	522.359461	122.376402	1.000000	1.121707
15.000000	2.000000	1.000000	528.000000	116.000000	4.000000	522.359461	122.376402	1.000000	2.064253
15.000000	3.000000	2.000000	834.000000	164.000000	7.000000	840.355071	168.624236	1.000000	3.928507
15.000000	4.000000	3.000000	999.000000	159.000000	8.000000	998.039024	164.589836	1.000000	4.505342
15.000000	5.000000	4.000000	1176.000000	164.000000	10.000000	1173.333836	168.189760	1.000000	5.161773
15.000000	6.000000	5.000000	1202.000000	262.000000	20.000000	1204.641391	265.726117	1.000000	5.817396
15.000000	7.000000	6.000000	661.000000	376.000000	25.000000	655.637168	376.171408	1.000000	6.784769
15.000000	8.000000	7.000000	536.000000	386.000000	24.000000	538.658152	389.684702	1.000000	7.480464
15.000000	9.000000	8.000000	411.000000	435.000000	33.000000	403.148485	442.150834	1.000000	8.175911
15.000000	10.000000	9.000000	202.000000	473.000000	31.000000	196.996896	484.498685	1.000000	8.897705
15.000000	11.000000	10.000000	210.000000	600.000000	41.000000	215.030497	606.499441	1.000000	9.776769
15.000000	12.000000	11.000000	766.000000	594.000000	46.000000	772.521490	600.689439	1.000000	10.631656
15.000000	13.000000	12.000000	861.000000	683.000000	57.000000	867.586017	678.164801	1.000000	11.368122
15.000000	14.000000	13.000000	642.000000	652.000000	55.000000	642.673704	659.802338	1.000000	12.032831
15.000000	15.000000	14.000000	538.000000	647.000000	54.000000	533.150808	662.478336	1.000000	12.560347
15.000000	16.000000	15.000000	1085.000000	756.000000	69.000000	1085.320708	763.608047	1.000000	13.448551
15.000000	17.000000	16.000000	538.000000	774.000000	64.000000	535.854637	781.150522	1.000000	14.385399
15.000000	18.000000	17.000000	774.000000	828.000000	66.000000	773.101448	825.752807	1.000000	15.239776
15.000000	19.000000	18.000000	965.000000	881.000000	78.000000	957.185281	878.338851	1.000000	15.873729
15.000000	20.000000	19.000000	770.000000	875.000000	76.000000	751.906731	880.075122	1.000000	16.504374
15.000000	21.000000	20.000000	417.000000	888.000000	73.000000	410.950010	887.739394	1.000000	17.432149
15.000000	22.000000	21.000000	668.000000	863.000000	75.000000	656.631426	864.850924	2.000000	18.000395
15.000000	23.000000	22.000000	855.000000	879.000000	77.000000	849.029305	880.028490	2.000000	18.615916
15.000000	24.000000	23.000000	1230.000000	897.000000	80.000000	1218.838393	902.118528	2.000000	19.344251
15.000000	25.000000	24.000000	1224.000000	789.000000	70.000000	1214.662900	798.013864	2.000000	19.793268
15.000000	26.000000	25.000000	318.000000	590.000000	42.000000	316.751375	589.898795	2.000000	20.719498
15.000000	27.000000	26.000000	552.000000	605.000000	44.000000	551.809890	611.551562	2.000000	21.304812
15.000000	28.000000	27.000000	1119.000000	652.000000	59.000000	1109.586668	656.735330	2.000000	22.129486
15.000000	29.000000	28.000000	1220.000000	668.000000	60.000000	1213.018085	678.664446	2.000000	22.744667
15.000000	30.000000	29.000000	962.000000	549.000000	48.000000	957.138837	551.175443	2.000000	23.239900
15.000000	31.000000	30.000000	861.000000	545.000000	47.000000	870.706370	551.054360	2.000000	23.936087
15.000000	32.000000	31.000000	935.000000	452.000000	38.000000	947.693913	454.574621	2.000000	24.449289
15.000000	33.000000	32.000000	860.000000	466.000000	37.000000	850.746991	476.484433	2.000000	24.992605
15.000000	34.000000	33.000000	540.000000	460.000000	34.000000	538.850312	470.591569	2.000000	25.544002
15.000000	35.000000	34.000000	871.000000	400.000000	27.000000	866.667048	397.733959	2.000000	26.209367
15.000000	36.000000	35.000000	313.000000	337.000000	22.000000	313.778161	346.976882	2.000000	26.944037
15.000000	37.000000	36.000000	196.000000	283.000000	11.000000	197.142925	283.061028	2.000000	27.560833
15.000000	38.000000	37.000000	735.000000	273.000000	16.000000	731.431270	276.621952	2.000000	28.255525
15.000000	39.000000	38.000000	762.000000	140.000000	6.000000	762.124893	131.887919	2.000000	28.855735
15.000000	40.000000	39.000000	419.000000	176.000000	3.000000	409.946954	187.206153	2.000000	29.503692
15.000000	41.000000	40.000000	220.000000	157.000000	1.000000	222.946252	160.260568	2.000000	30.200753
16.000000	1.000000	1.000000	321.000000	126.000000	2.000000	316.964929	126.988220	1.000000	0.911359
16.000000	2.000000	2.000000	642.000000	142.000000	5.000000	642.221145	141.942230	1.000000	1.559835
16.000000	3.000000	3.000000	1098.000000	151.000000	9.000000	1110.317548	155.461591	1.000000	2.319052
16.000000	4.000000	4.000000	1114.000000	273.000000	19.000000	1108.918816	276.877955	1.000000	2.936650
16.000000	5.000000	5.000000	1016.000000	234.000000	18.000000	993.749188	229.921409	1.000000	3.359179
16.000000	6.000000	6.000000	764.000000	264.000000	16.000000	759.185204	270.071871	1.000000	3.982929
16.000000	7.000000	7.000000	781.000000	327.000000	26.000000	781.011011	332.683159	1.000000	4.519679
16.000000	8.000000	8.000000	657.000000	279.000000	15.000000	652.920090	279.703728	1.000000	5.136235
16.000000	9.000000	9.000000	633.000000	336.000000	25.000000	629.590842	345.283078	1.000000	5.704216
16.000000	10.000000	10.000000	193.000000	253.000000	11.000000	198.200307	255.540722	1.000000	6.584197
16.000000	11.000000	11.000000	336.000000	575.000000	42.000000	329.422123	583.563725	1.000000	7.744852
16.000000	12.000000	12.000000	505.000000	591.000000	44.000000	511.628478	599.627768	1.000000	8.343153
16.000000	13.000000	13.000000	1204.000000	725.000000	60.000000	1194.767137	717.974762	1.000000	9.343690
16.000000	14.000000	14.000000	998.000000	809.000000	68.000000	982.591238	823.107882	1.000000	9.928874
16.000000	15.000000	15.000000	560.000000	809.000000	64.000000	554.368835	821.320102	1.000000	10.672483
16.000000	16.000000	0.000000	237.000000	878.000000	71.000000	226.994883	905.077105	1.000000	11.296115
16.000000	17.000000	16.000000	225.000000	894.000000	71.000000	226.994883	905.077105	1.000000	12.047735
16.000000	18.000000	17.000000	429.000000	888.000000	73.000000	417.574354	888.481222	1.000000	12.608826
16.000000	19.000000	18.000000	557.000000	912.000000	74.000000	548.785862	910.336959	1.000000	13.231703
16.000000	20.000000	19.000000	741.000000	878.000000	76.000000	734.101970	877.898930	1.000000	13.878888
16.000000	21.000000	20.000000	882.000000	913.000000	77.000000	869.459137	918.250843	1.000000	14.577073
16.000000	22.000000	21.000000	1075.000000	879.000000	79.000000	1076.503227	876.080013	2.000000	15.439244
16.000000	23.000000	22.000000	1109.000000	784.000000	69.000000	1098.591567	783.061590	2.000000	15.928361
16.000000	24.000000	23.000000	837.000000	822.000000	67.000000	843.075524	819.226165	2.000000	16.552848
16.000000	25.000000	24.000000	746.000000	788.000000	66.000000	740.665330	792.482425	2.000000	16.935522
16.000000	26.000000	25.000000	660.000000	791.000000	65.000000	653.547184	791.983752	2.000000	17.327009
16.000000	27.000000	26.000000	439.000000	790.000000	63.000000	432.676123	785.751345	2.000000	17.863850
16.000000	28.000000	27.000000	179.000000	792.000000	61.000000	189.728157	788.730459	2.000000	18.368451
16.000000	29.000000	28.000000	199.000000	695.000000	51.000000	210.262879	694.902785	2.000000	18.935278
16.000000	30.000000	29.000000	847.000000	692.000000	57.000000	845.846810	695.222166	2.000000	19.686918
16.000000	31.000000	30.000000	1107.000000	705.000000	59.000000	1102.349572	695.972830	2.000000	20.272029
16.000000	32.000000	0.000000	986.000000	602.000000	48.000000	957.378254	600.061745	2.000000	20.713057
16.000000	33.000000	31.000000	953.000000	591.000000	48.000000	957.378254	600.061745	2.000000	21.367233
16.000000	34.000000	32.000000	867.000000	537.000000	47.000000	851.569981	544.387108	2.000000	21.919510
16.000000	35.000000	33.000000	627.000000	570.000000	45.000000	629.844495	577.263658	2.000000	22.567429
16.000000	36.000000	34.000000	398.000000	585.000000	43.000000	397.829682	599.648762	2.000000	23.119828
16.000000	37.000000	35.000000	332.000000	489.000000	32.000000	316.816350	477.913589	2.000000	23.583950
16.000000	38.000000	36.000000	513.000000	374.000000	24.000000	521.205206	376.202934	2.000000	24.415654
16.000000	39.000000	37.000000	433.000000	345.000000	23.000000	445.112460	354.484793	2.000000	24.735154
16.000000	40.000000	38.000000	559.000000	185.000000	4.000000	552.266000	184.160880	2.000000	25.736308
16.000000	41.000000	39.000000	887.000000	124.000000	7.000000	887.139793	129.873085	2.000000	26.527948
16.000000	42.000000	40.000000	196.000000	157.000000	1.000000	209.709418	168.038511	2.000000	27.295896
17.000000	1.000000	1.000000	747.000000	190.000000	6.000000	759.375738	187.099472	1.000000	1.409387
17.000000	2.000000	2.000000	1107.000000	132.000000	9.000000	1111.877388	132.262539	1.000000	2.322569
17.000000	3.000000	3.000000	982.000000	261.000000	18.000000	972.330337	266.129782	1.000000	2.904740
17.000000	4.000000	4.000000	411.000000	288.000000	13.000000	400.156270	283.565229	1.000000	3.736682
17.000000	5.000000	5.000000	323.000000	275.000000	12.000000	328.644154	273.962903	1.000000	4.081222
17.000000	6.000000	6.000000	189.000000	338.000000	21.000000	187.039550	350.522570	1.000000	4.681153
17.000000	7.000000	7.000000	559.000000	388.000000	24.000000	550.762181	379.076902	1.000000	5.416960
17.000000	8.000000	8.000000	794.000000	393.000000	26.000000	774.892474	395.161810	1.000000	5.961879
17.000000	9.000000	9.000000	1176.000000	367.000000	30.000000	1179.901090	369.213466	1.000000	6.648510
17.000000	10.000000	10.000000	199.000000	470.000000	31.000000	194.214495	473.533708	1.000000	7.960987
17.000000	11.000000	11.000000	429.000000	594.000000	43.000000	425.013087	601.056135	1.000000	8.601136
17.000000	12.000000	12.000000	554.000000	571.000000	44.000000	531.320666	575.172509	1.000000	9.065846
17.000000	13.000000	13.000000	867.000000	676.000000	57.000000	864.264417	683.997382	1.000000	9.833590
17.000000	14.000000	14.000000	1110.000000	697.000000	59.000000	1102.508067	707.129846	1.000000	10.441446
17.000000	15.000000	15.000000	1184.000000	671.000000	60.000000	1180.156589	663.030596	1.000000	11.090565
17.000000	16.000000	16.000000	439.000000	667.000000	53.000000	435.300575	654.504560	1.000000	11.872614
17.000000	17.000000	17.000000	306.000000	653.000000	52.000000	311.610564	650.485504	1.000000	12.392549
17.000000	18.000000	18.000000	181.000000	715.000000	51.000000	183.151562	719.396541	1.000000	12.904277
17.000000	19.000000	19.000000	293.000000	890.000000	72.000000	296.569316	895.132387	1.000000	13.601917
17.000000	20.000000	20.000000	627.000000	869.000000	75.000000	633.268858	880.554067	1.000000	14.234209
17.000000	21.000000	21.000000	972.000000	867.000000	78.000000	974.393574	875.247473	2.000000	14.985414
17.000000	22.000000	22.000000	1118.000000	870.000000	79.000000	1111.388276	875.796015	2.000000	15.697777
17.000000	23.000000	23.000000	854.000000	767.000000	67.000000	850.366122	773.021255	2.000000	16.362582
17.000000	24.000000	24.000000	732.000000	792.000000	66.000000	733.864566	783.971706	2.000000	16.745325
17.000000	25.000000	25.000000	753.000000	704.000000	56.000000	762.204719	698.427959	2.000000	17.201973
17.000000	26.000000	26.000000	961.000000	691.000000	58.000000	956.456748	694.125461	2.000000	17.842562
17.000000	27.000000	27.000000	326.000000	565.000000	42.000000	323.397206	568.386348	2.000000	18.674500
17.000000	28.000000	28.000000	1105.000000	482.000000	39.000000	1107.415086	479.774847	2.000000	19.713651
17.000000	29.000000	29.000000	521.000000	451.000000	34.000000	525.411071	453.726101	2.000000	20.880565
17.000000	30.000000	30.000000	457.000000	390.000000	23.000000	447.811145	381.393616	2.000000	21.274316
17.000000	31.000000	31.000000	319.000000	380.000000	22.000000	312.884931	385.822062	2.000000	21.649359
17.000000	32.000000	32.000000	635.000000	330.000000	25.000000	636.508432	332.164724	2.000000	22.401070
17.000000	33.000000	33.000000	879.000000	329.000000	27.000000	870.901715	333.659655	2.000000	22.937663
17.000000	34.000000	34.000000	954.000000	341.000000	28.000000	951.756050	348.861621	2.000000	23.273849
17.000000	35.000000	35.000000	1122.000000	343.000000	29.000000	1102.803751	357.471918	2.000000	23.666464
17.000000	36.000000	36.000000	732.000000	268.000000	16.000000	734.744318	271.153482	2.000000	24.353356
17.000000	37.000000	37.000000	525.000000	261.000000	14.000000	519.403636	257.203904	2.000000	24.896772
17.000000	38.000000	38.000000	634.000000	158.000000	5.000000	631.223619	164.456563	2.000000	25.585667
17.000000	39.000000	39.000000	895.000000	142.000000	7.000000	887.661002	137.635480	2.000000	26.169196
17.000000	40.000000	40.000000	200.000000	126.000000	1.000000	195.881577	124.079186	2.000000	26.968905
18.000000	1.000000	1.000000	521.000000	230.000000	14.000000	526.896088	235.054333	1.000000	1.029123
18.000000	2.000000	2.000000	851.000000	180.000000	7.000000	839.798584	172.032269	1.000000	1.803783
18.000000	3.000000	3.000000	1089.000000	165.000000	9.000000	1078.987898	173.282893	1.000000	3.469666
18.000000	4.000000	4.000000	1220.000000	238.000000	20.000000	1220.293052	240.872217	1.000000	4.204193
18.000000	5.000000	5.000000	660.000000	326.000000	25.000000	655.092372	338.532394	1.000000	5.261365
18.000000	6.000000	6.000000	773.000000	465.000000	36.000000	776.755545	469.369504	1.000000	6.012613
18.000000	7.000000	7.000000	228.000000	448.000000	31.000000	231.484896	448.602771	1.000000	6.692938
18.000000	8.000000	8.000000	342.000000	565.000000	42.000000	337.474320	564.967194	1.000000	7.277409
18.000000	9.000000	9.000000	538.000000	719.000000	54.000000	522.353482	712.299586	1.000000	8.021276
18.000000	10.000000	10.000000	744.000000	753.000000	66.000000	737.913467	762.831375	1.000000	8.796884
18.000000	11.000000	11.000000	1081.000000	763.000000	69.000000	1070.633673	767.225969	1.000000	9.531558
18.000000	12.000000	12.000000	1209.000000	677.000000	60.000000	1214.033076	678.715248	1.000000	10.036035
18.000000	13.000000	13.000000	1102.000000	874.000000	79.000000	1097.487076	874.372827	1.000000	10.596987
18.000000	14.000000	14.000000	969.000000	873.000000	78.000000	964.266544	862.364020	1.000000	11.059695
18.000000	15.000000	15.000000	888.000000	874.000000	77.000000	871.739429	881.542767	1.000000	11.452099
18.000000	16.000000	16.000000	683.000000	906.000000	75.000000	671.078058	915.436710	1.000000	12.141661
18.000000	17.000000	17.000000	521.000000	918.000000	74.000000	514.734225	926.525948	1.000000	12.644430
18.000000	18.000000	18.000000	443.000000	898.000000	73.000000	440.474993	894.492546	1.000000	13.060631
18.000000	19.000000	19.000000	347.000000	902.000000	72.000000	338.361090	902.417053	1.000000	13.620850
18.000000	20.000000	20.000000	176.000000	779.000000	61.000000	184.100586	785.472771	1.000000	14.172654
18.000000	21.000000	21.000000	211.000000	722.000000	51.000000	213.222518	715.516529	2.000000	14.635731
18.000000	22.000000	22.000000	403.000000	786.000000	63.000000	398.945687	789.698944	2.000000	15.212250
18.000000	23.000000	23.000000	685.000000	777.000000	65.000000	665.054995	765.822760	2.000000	15.820240
18.000000	24.000000	24.000000	1179.000000	562.000000	50.000000	1189.618346	543.155899	2.000000	16.756227
18.000000	25.000000	25.000000	1074.000000	563.000000	49.000000	1067.258669	567.189679	2.000000	17.428630
18.000000	26.000000	26.000000	910.000000	556.000000	47.000000	892.469497	552.800804	2.000000	17.861477
18.000000	27.000000	27.000000	636.000000	568.000000	45.000000	621.359446	580.085733	2.000000	18.437298
18.000000	28.000000	28.000000	199.000000	573.000000	41.000000	181.100491	579.106072	2.000000	19.125256
18.000000	29.000000	29.000000	350.000000	496.000000	32.000000	339.358867	496.388869	2.000000	19.844938
18.000000	30.000000	30.000000	543.000000	382.000000	24.000000	540.890624	393.154608	2.000000	20.723623
18.000000	31.000000	31.000000	937.000000	456.000000	38.000000	948.164802	459.687296	2.000000	21.437302
18.000000	32.000000	32.000000	1069.000000	458.000000	39.000000	1073.551994	456.905255	2.000000	21.933027
18.000000	33.000000	33.000000	984.000000	337.000000	28.000000	977.338672	355.393335	2.000000	22.588376
18.000000	34.000000	34.000000	1115.000000	252.000000	19.000000	1099.504708	255.455421	2.000000	23.445612
18.000000	35.000000	35.000000	787.000000	150.000000	6.000000	776.120427	147.853810	2.000000	24.069454
18.000000	36.000000	36.000000	1177.000000	119.000000	10.000000	1168.675701	121.231053	2.000000	24.771619
18.000000	37.000000	37.000000	641.000000	145.000000	5.000000	642.483917	153.427018	2.000000	25.412438
18.000000	38.000000	38.000000	429.000000	146.000000	3.000000	423.755304	151.743612	2.000000	26.468207
18.000000	39.000000	39.000000	314.000000	150.000000	2.000000	315.782014	160.681838	2.000000	26.877154
18.000000	40.000000	40.000000	205.000000	139.000000	1.000000	216.137060	136.027126	2.000000	27.325655
19.000000	1.000000	1.000000	425.000000	137.000000	3.000000	412.061251	135.373305	1.000000	0.862042
19.000000	2.000000	2.000000	998.000000	139.000000	8.000000	975.500683	141.910718	1.000000	1.575528
19.000000	3.000000	3.000000	1180.000000	225.000000	20.000000	1176.597437	230.148092	1.000000	2.158049
19.000000	4.000000	4.000000	676.000000	255.000000	15.000000	663.367106	269.321855	1.000000	2.742933
19.000000	5.000000	5.000000	302.000000	277.000000	12.000000	306.355980	277.247770	1.000000	3.335080
19.000000	6.000000	6.000000	553.000000	326.000000	24.000000	544.021198	332.162397	1.000000	3.870722
19.000000	7.000000	7.000000	676.000000	403.000000	25.000000	672.268542	400.482051	1.000000	4.414128
19.000000	8.000000	8.000000	1062.000000	461.000000	39.000000	1059.296203	456.137712	1.000000	5.039693
19.000000	9.000000	9.000000	658.000000	503.000000	35.000000	655.587893	501.974928	1.000000	5.942824
19.000000	10.000000	10.000000	518.000000	480.000000	34.000000	516.262603	478.655804	1.000000	6.423100
19.000000	11.000000	11.000000	233.000000	577.000000	41.000000	228.965131	582.075971	1.000000	7.055475
19.000000	12.000000	12.000000	951.000000	655.000000	58.000000	959.177956	658.864910	1.000000	7.775540
19.000000	13.000000	13.000000	1007.000000	545.000000	48.000000	999.409804	557.771716	1.000000	8.175803
19.000000	14.000000	14.000000	1172.000000	598.000000	50.000000	1170.310310	603.181405	1.000000	8.638144
19.000000	15.000000	15.000000	1088.000000	824.000000	69.000000	1082.866839	816.648235	1.000000	9.175366
19.000000	16.000000	16.000000	1069.000000	917.000000	79.000000	1071.225145	930.927959	1.000000	9.663359
19.000000	17.000000	17.000000	797.000000	910.000000	76.000000	778.755164	905.003426	1.000000	10.286205
19.000000	18.000000	18.000000	653.000000	769.000000	65.000000	640.498629	759.443991	1.000000	10.887895
19.000000	19.000000	19.000000	637.000000	711.000000	55.000000	636.870502	709.043275	1.000000	11.238155
19.000000	20.000000	20.000000	329.000000	713.000000	52.000000	316.292846	708.260991	1.000000	11.830277
19.000000	21.000000	21.000000	341.000000	898.000000	72.000000	340.311761	916.615526	2.000000	12.743762
19.000000	22.000000	22.000000	1188.000000	932.000000	80.000000	1174.517775	929.880463	2.000000	13.861864
19.000000	23.000000	23.000000	1095.000000	725.000000	59.000000	1089.410175	713.502342	2.000000	14.463765
19.000000	24.000000	24.000000	1214.000000	665.000000	60.000000	1208.311754	662.791764	2.000000	15.103774
19.000000	25.000000	25.000000	725.000000	696.000000	56.000000	734.728361	705.044642	2.000000	15.791372
19.000000	26.000000	26.000000	420.000000	647.000000	53.000000	426.380143	649.180260	2.000000	16.389773
19.000000	27.000000	27.000000	581.000000	576.000000	44.000000	560.200756	579.398420	2.000000	17.087100
19.000000	28.000000	28.000000	674.000000	599.000000	45.000000	669.829122	596.327657	2.000000	17.566862
19.000000	29.000000	29.000000	841.000000	475.000000	37.000000	841.295782	487.951015	2.000000	18.175267
19.000000	30.000000	30.000000	983.000000	445.000000	38.000000	973.297686	455.341525	2.000000	18.663719
19.000000	31.000000	31.000000	1174.000000	402.000000	30.000000	1173.925706	401.232363	2.000000	19.319690
19.000000	32.000000	32.000000	984.000000	359.000000	28.000000	974.501492	360.539995	2.000000	19.846439
19.000000	33.000000	33.000000	736.000000	390.000000	26.000000	742.082520	399.555038	2.000000	20.414707
19.000000	34.000000	34.000000	444.000000	372.000000	23.000000	451.508737	373.361543	2.000000	20.943424
19.000000	35.000000	35.000000	302.000000	339.000000	22.000000	298.781467	335.518260	2.000000	21.390065
19.000000	36.000000	36.000000	540.000000	271.000000	14.000000	528.452804	267.592824	2.000000	22.029922
19.000000	37.000000	37.000000	414.000000	246.000000	13.000000	417.259897	236.074655	2.000000	22.439824
19.000000	38.000000	38.000000	334.000000	187.000000	2.000000	324.163147	179.219305	2.000000	22.973791
19.000000	39.000000	39.000000	655.000000	181.000000	5.000000	662.338532	185.077222	2.000000	23.799798
19.000000	40.000000	40.000000	1112.000000	224.000000	19.000000	1096.853889	235.632973	2.000000	24.479905
20.000000	1.000000	1.000000	421.000000	271.000000	13.000000	430.430894	269.292696	1.000000	1.176454
20.000000	2.000000	2.000000	631.000000	265.000000	15.000000	629.250744	265.650167	1.000000	1.784157
20.000000	3.000000	3.000000	775.000000	369.000000	26.000000	781.189161	370.510591	1.000000	2.383724
20.000000	4.000000	4.000000	878.000000	382.000000	27.000000	876.470578	390.022317	1.000000	2.889193
20.000000	5.000000	5.000000	420.000000	368.000000	23.000000	414.045328	378.362422	1.000000	3.529245
20.000000	6.000000	6.000000	194.000000	458.000000	31.000000	191.498930	459.999324	1.000000	4.215797
20.000000	7.000000	7.000000	414.000000	463.000000	33.000000	419.798103	459.560391	1.000000	4.753167
20.000000	8.000000	8.000000	878.000000	446.000000	37.000000	870.031436	444.070196	1.000000	5.471720
20.000000	9.000000	9.000000	1072.000000	456.000000	39.000000	1065.614690	456.871782	1.000000	6.295384
20.000000	10.000000	10.000000	1002.000000	547.000000	48.000000	995.336473	552.092261	1.000000	6.873219
20.000000	11.000000	11.000000	769.000000	579.000000	46.000000	767.102379	588.767281	1.000000	7.545064
20.000000	12.000000	12.000000	642.000000	664.000000	55.000000	638.243735	667.028837	1.000000	8.473295
20.000000	13.000000	13.000000	307.000000	699.000000	52.000000	297.439853	709.330274	1.000000	9.168330
20.000000	14.000000	14.000000	335.000000	810.000000	62.000000	330.509656	801.932042	1.000000	9.921187
20.000000	15.000000	15.000000	966.000000	688.000000	58.000000	960.396391	691.103275	1.000000	10.696603
20.000000	16.000000	16.000000	1085.000000	756.000000	69.000000	1089.158806	768.085240	1.000000	11.159480
20.000000	17.000000	17.000000	1193.000000	817.000000	70.000000	1191.597577	825.666572	1.000000	11.736331
20.000000	18.000000	18.000000	796.000000	914.000000	76.000000	780.552613	907.505932	1.000000	12.529066
20.000000	19.000000	19.000000	671.000000	900.000000	75.000000	671.114684	895.508197	1.000000	12.968373
20.000000	20.000000	20.000000	293.000000	872.000000	72.000000	290.763947	876.747461	1.000000	13.591411
20.000000	21.000000	21.000000	423.000000	886.000000	73.000000	428.664377	886.131342	2.000000	13.968802
20.000000	22.000000	22.000000	546.000000	874.000000	74.000000	532.500262	871.280656	2.000000	14.361080
20.000000	23.000000	23.000000	627.000000	807.000000	65.000000	624.239084	817.681564	2.000000	14.776878
20.000000	24.000000	24.000000	530.000000	694.000000	54.000000	537.693904	710.982843	2.000000	15.183800
20.000000	25.000000	25.000000	1173.000000	862.000000	80.000000	1182.755293	879.664789	2.000000	15.889139
20.000000	26.000000	26.000000	1219.000000	685.000000	60.000000	1210.646197	688.681560	2.000000	16.391503
20.000000	27.000000	27.000000	1196.000000	555.000000	50.000000	1185.279672	554.589845	2.000000	16.864572
20.000000	28.000000	28.000000	528.000000	586.000000	44.000000	520.014670	594.888322	2.000000	17.640009
20.000000	29.000000	29.000000	615.000000	493.000000	35.000000	628.749809	503.264531	2.000000	18.048812
20.000000	30.000000	30.000000	765.000000	489.000000	36.000000	767.847209	493.599161	2.000000	18.529115
20.000000	31.000000	31.000000	1204.000000	460.000000	40.000000	1205.809231	471.477812	2.000000	19.183849
20.000000	32.000000	32.000000	1098.000000	336.000000	29.000000	1084.303919	354.529496	2.000000	19.625339
20.000000	33.000000	0.000000	1240.000000	333.000000	30.000000	1211.405616	336.272172	2.000000	19.999939
20.000000	34.000000	33.000000	342.000000	366.000000	22.000000	333.987147	376.708107	2.000000	20.896358
20.000000	35.000000	34.000000	198.000000	286.000000	11.000000	189.610408	294.526824	2.000000	21.527572
20.000000	36.000000	35.000000	554.000000	262.000000	14.000000	553.667660	260.815047	2.000000	22.144203
20.000000	37.000000	36.000000	835.000000	262.000000	17.000000	849.466338	272.443855	2.000000	22.671002
20.000000	38.000000	37.000000	1210.000000	344.000000	30.000000	1211.405616	336.272172	2.000000	23.440989
20.000000	39.000000	38.000000	1195.000000	272.000000	20.000000	1189.086900	276.421644	2.000000	23.896640
20.000000	40.000000	39.000000	632.000000	179.000000	5.000000	623.292210	173.848161	2.000000	24.537350
20.000000	41.000000	40.000000	552.000000	149.000000	4.000000	558.851587	151.558103	2.000000	24.920831
